ranker|game_season|date_game|game_location|opp_id|game_result|pts|opp_pts|fg|fga|fg_pct|fg3|fg3a|fg3_pct|ft|fta|ft_pct|orb|trb|ast|stl|blk|tov|pf|x|opp_fg|opp_fga|opp_fg_pct|opp_fg3|opp_fg3a|opp_fg3_pct|opp_ft|opp_fta|opp_ft_pct|opp_orb|opp_trb|opp_ast|opp_stl|opp_blk|opp_tov|opp_pf|
1|1|2011-11-09|@|Mississippi State|W|68|58|30|62|.484|2|10|.200|6|8|.750|11|32|6|8|6|15|22||19|55|.345|2|13|.154|18|25|.720|17|39|5|4|5|19|12
2|2|2011-11-12||Hiram|W|95|65|35|71|.493|12|24|.500|13|18|.722|17|46|16|9|1|9|17||23|57|.404|10|24|.417|9|16|.563|9|31|12|4|1|14|20
3|3|2011-11-18|@|Valparaiso|L|59|62|26|60|.433|4|11|.364|3|7|.429|7|26|13|10|7|16|31||19|46|.413|0|14|.000|24|38|.632|10|36|11|8|6|16|14
4|4|2011-11-19|N|Duquesne|L|76|81|28|49|.571|6|13|.462|14|28|.500|7|31|17|6|4|19|23||30|55|.545|4|13|.308|17|24|.708|4|24|18|7|3|11|23
5|5|2011-11-26||Detroit Mercy|W|81|63|32|59|.542|8|16|.500|9|16|.563|10|33|15|10|4|14|17||23|54|.426|4|12|.333|13|15|.867|7|20|10|5|4|16|17
6|6|2011-11-28|@|West Virginia|L|56|77|20|56|.357|2|13|.154|14|21|.667|11|36|7|11|3|20|25||30|63|.476|3|14|.214|14|27|.519|13|38|18|12|3|15|19
7|7|2011-12-04|@|Middle Tennessee|L|53|77|16|56|.286|4|14|.286|17|22|.773|12|31|6|1|1|13|25||28|55|.509|2|9|.222|19|33|.576|14|38|15|7|6|7|22
8|8|2011-12-10|@|Cleveland State|L|66|69|20|47|.426|5|9|.556|21|29|.724|8|23|11|11|2|15|12||26|57|.456|8|19|.421|9|10|.900|7|27|16|8|8|15|18
9|9|2011-12-15||Arkansas-Pine Bluff|W|87|64|32|54|.593|7|13|.538|16|24|.667|6|29|21|8|12|16|24||18|54|.333|4|16|.250|24|35|.686|13|29|7|4|1|19|18
10|10|2011-12-17||Florida A&M|W|91|69|30|64|.469|6|19|.316|25|34|.735|16|45|18|4|4|15|17||25|68|.368|4|14|.286|15|21|.714|13|33|6|7|4|14|24
11|11|2011-12-19||Youngstown State|W|88|62|31|67|.463|9|23|.391|17|22|.773|17|45|17|11|2|16|16||24|59|.407|9|29|.310|5|12|.417|11|30|11|7|6|21|22
12|12|2011-12-21||North Carolina A&T|W|79|52|26|61|.426|8|28|.286|19|28|.679|9|45|19|6|8|9|18||15|53|.283|7|18|.389|15|22|.682|0|24|9|3|3|12|22
13|13|2011-12-29||Virginia Commonwealth|L (1 OT)|75|76|26|56|.464|10|20|.500|13|19|.684|9|32|15|6|8|20|20||25|63|.397|5|19|.263|21|31|.677|11|28|13|12|3|13|21
14|14|2012-01-01|@|Marshall|W|67|51|28|61|.459|6|15|.400|5|10|.500|12|32|16|7|4|8|16||22|58|.379|2|11|.182|5|16|.313|17|39|7|4|4|14|14
15|15|2012-01-07|@|Miami (OH)|W|65|60|22|50|.440|7|12|.583|14|21|.667|5|22|9|5|3|6|13||23|46|.500|5|14|.357|9|10|.900|3|28|6|3|2|14|17
16|16|2012-01-11|@|Bowling Green State|W|56|55|21|48|.438|5|12|.417|9|18|.500|7|30|10|9|0|14|14||23|54|.426|5|13|.385|4|9|.444|10|33|9|3|2|15|16
17|17|2012-01-14||Ohio|W|68|63|18|40|.450|3|11|.273|29|44|.659|10|36|9|4|4|16|21||22|62|.355|5|21|.238|14|21|.667|7|26|10|5|1|9|30
18|18|2012-01-18|@|Buffalo|L|70|82|28|64|.438|5|17|.294|9|13|.692|12|32|15|6|2|17|21||29|59|.492|9|23|.391|15|22|.682|10|33|23|7|8|16|15
19|19|2012-01-21||Kent State|W|84|75|35|63|.556|7|16|.438|7|11|.636|14|37|21|3|5|15|15||28|65|.431|5|14|.357|14|17|.824|7|24|11|10|1|11|14
20|20|2012-01-24|@|Ball State|W|70|58|23|48|.479|9|18|.500|15|18|.833|7|28|13|10|5|16|16||21|58|.362|5|21|.238|11|13|.846|11|27|13|5|3|12|15
21|21|2012-01-28|@|Central Michigan|W|74|64|22|45|.489|8|21|.381|22|36|.611|8|34|14|6|5|12|16||22|66|.333|9|25|.360|11|13|.846|11|30|7|2|0|11|24
22|22|2012-02-01||Toledo|W|86|72|30|50|.600|8|19|.421|18|29|.621|10|29|15|9|5|18|16||28|59|.475|2|9|.222|14|16|.875|10|27|8|7|0|17|21
23|23|2012-02-04||Eastern Michigan|W|77|47|26|58|.448|8|22|.364|17|28|.607|17|41|16|9|5|16|11||17|53|.321|2|13|.154|11|18|.611|9|25|11|10|3|16|23
24|24|2012-02-08|@|Western Michigan|W (1 OT)|69|66|24|65|.369|3|20|.150|18|23|.783|12|36|11|9|4|9|21||20|57|.351|3|17|.176|23|27|.852|13|43|14|7|4|15|23
25|25|2012-02-11||Northern Illinois|W|75|51|25|47|.532|4|13|.308|21|29|.724|4|23|13|11|5|12|18||18|54|.333|3|15|.200|12|17|.706|15|30|4|4|2|19|21
26|26|2012-02-15||Miami (OH)|W|74|59|25|49|.510|4|12|.333|20|26|.769|11|33|14|5|2|10|14||20|48|.417|8|23|.348|11|12|.917|4|20|15|5|0|12|17
27|27|2012-02-18|@|Oral Roberts|L|61|67|24|58|.414|5|22|.227|8|10|.800|6|24|16|8|4|11|20||25|54|.463|2|11|.182|15|21|.714|11|37|12|4|4|15|13
28|28|2012-02-22||Bowling Green State|W|79|68|28|49|.571|4|14|.286|19|22|.864|9|32|19|3|5|13|12||29|66|.439|4|18|.222|6|8|.750|9|20|16|7|2|7|16
29|29|2012-02-26|@|Ohio|L|61|85|16|49|.327|6|16|.375|23|26|.885|10|25|7|9|2|16|17||30|53|.566|9|21|.429|16|19|.842|6|26|22|10|6|14|22
30|30|2012-02-29||Buffalo|L|70|74|24|54|.444|6|19|.316|16|22|.727|10|28|15|6|1|14|20||29|56|.518|5|17|.294|11|16|.688|10|30|18|5|3|14|18
31|31|2012-03-02|@|Kent State|W|61|55|21|52|.404|3|17|.176|16|22|.727|7|28|9|11|6|17|17||21|56|.375|4|15|.267|9|16|.563|11|34|14|8|5|18|17
32|32|2012-03-09|N|Kent State|W|78|74|26|56|.464|8|20|.400|18|28|.643|14|34|16|4|4|11|23||25|49|.510|5|12|.417|19|24|.792|7|26|15|7|2|11|20
33|33|2012-03-10|N|Ohio|L|63|64|20|44|.455|9|12|.750|14|18|.778|11|24|16|8|6|16|13||23|52|.442|9|21|.429|9|16|.563|11|23|12|11|6|11|16
34|34|2012-03-13|@|Northwestern|L|74|76|30|67|.448|6|19|.316|8|11|.727|13|36|20|4|2|12|13||29|62|.468|10|27|.370|8|11|.727|9|29|25|6|5|6|12
