ranker|game_season|date_game|game_location|opp_id|game_result|pts|opp_pts|fg|fga|fg_pct|fg3|fg3a|fg3_pct|ft|fta|ft_pct|orb|trb|ast|stl|blk|tov|pf|x|opp_fg|opp_fga|opp_fg_pct|opp_fg3|opp_fg3a|opp_fg3_pct|opp_ft|opp_fta|opp_ft_pct|opp_orb|opp_trb|opp_ast|opp_stl|opp_blk|opp_tov|opp_pf|
1|1|2011-11-17|@|West Virginia|L|62|97|22|62|.355|6|22|.273|12|23|.522|12|31|7|7|5|19|27||35|72|.486|7|20|.350|20|35|.571|25|55|18|7|6|16|19
2|2|2011-11-19|@|Kent State|L|58|77|17|53|.321|9|28|.321|15|18|.833|15|27|9|7|4|21|20||28|57|.491|7|16|.438|14|18|.778|12|30|19|8|3|16|18
3|3|2011-11-25|@|Tulane|L|41|83|14|50|.280|3|19|.158|10|16|.625|5|26|5|8|8|19|25||27|51|.529|7|11|.636|22|28|.786|5|36|17|9|4|16|16
4|4|2011-11-26|N|San Diego|L|65|66|25|53|.472|7|16|.438|8|11|.727|5|25|16|9|7|12|13||25|54|.463|6|17|.353|10|12|.833|6|27|14|6|3|12|12
5|5|2011-11-27|N|New Orleans|L|56|63|22|62|.355|2|10|.200|10|14|.714|13|37|10|4|8|10|13||29|66|.439|3|12|.250|2|8|.250|10|34|13|8|3|7|12
6|6|2011-11-30|@|Texas A&M|L|44|56|18|55|.327|3|11|.273|5|10|.500|9|27|6|7|5|17|14||25|62|.403|0|17|.000|6|12|.500|17|44|16|8|5|18|15
7|7|2011-12-11|@|South Alabama|L|62|102|22|64|.344|6|18|.333|12|21|.571|10|28|11|7|8|15|20||37|75|.493|5|13|.385|23|28|.821|17|50|21|11|9|10|15
8|8|2011-12-13||Atlanta Christian|W (2 OT)|106|101|36|75|.480|10|20|.500|24|33|.727|19|49|8|4|2|10|28||31|71|.437|12|26|.462|27|38|.711|9|29|6|8|3|17|26
9|9|2011-12-17|@|Nebraska|L|46|60|19|41|.463|3|9|.333|5|9|.556|6|25|4|3|2|17|20||21|53|.396|4|16|.250|14|19|.737|15|31|13|5|3|11|15
10|10|2011-12-20||Rust|W|84|53|36|69|.522|4|14|.286|8|11|.727|9|37|12|6|1|8|15||19|56|.339|5|24|.208|10|16|.625|5|27|2|5|3|9|11
11|11|2011-12-29|@|Southern Mississippi|L|49|80|15|50|.300|1|12|.083|18|23|.783|7|26|6|2|4|11|19||30|70|.429|4|16|.250|16|28|.571|22|52|14|5|6|8|22
12|12|2012-01-03|@|Texas Southern|L|52|87|18|48|.375|5|16|.313|11|16|.688|10|24|11|8|4|28|18||33|64|.516|10|19|.526|11|22|.500|15|38|17|19|3|17|19
13|13|2012-01-05|@|Prairie View|L|47|55|17|58|.293|1|15|.067|12|20|.600|10|28|8|9|3|19|26||18|55|.327|1|13|.077|18|28|.643|12|39|14|10|10|23|19
14|14|2012-01-07||Jackson State|W|63|60|20|50|.400|5|12|.417|18|27|.667|10|26|8|7|2|9|14||20|39|.513|5|14|.357|15|22|.682|3|22|8|7|3|10|22
15|15|2012-01-09||Grambling|L|71|72|29|51|.569|3|7|.429|10|12|.833|5|23|6|4|3|11|22||23|48|.479|5|16|.313|21|30|.700|5|18|4|4|0|6|13
16|16|2012-01-14|@|Mississippi Valley State|L|66|85|17|54|.315|6|17|.353|26|37|.703|8|30|8|9|3|17|20||27|60|.450|12|32|.375|19|27|.704|13|45|18|11|4|23|26
17|17|2012-01-16|@|Arkansas-Pine Bluff|L|68|75|28|54|.519|3|8|.375|9|12|.750|9|28|13|2|1|14|18||25|51|.490|3|13|.231|22|32|.688|7|23|15|10|4|6|13
18|18|2012-01-21||Alabama State|W|61|60|22|49|.449|4|13|.308|13|15|.867|5|19|11|8|2|10|14||21|41|.512|8|14|.571|10|14|.714|6|21|7|9|3|13|19
19|19|2012-01-23||Alabama A&M|L|64|65|25|49|.510|6|11|.545|8|13|.615|7|25|8|4|0|17|20||22|47|.468|6|12|.500|15|22|.682|9|25|8|10|6|12|19
20|20|2012-01-28|@|Southern|L|54|65|15|60|.250|1|14|.071|23|28|.821|9|30|1|9|3|10|18||24|58|.414|5|11|.455|12|20|.600|14|46|11|5|6|17|20
21|21|2012-02-04|@|Jackson State|W|57|46|19|48|.396|4|12|.333|15|21|.714|9|29|14|6|6|12|14||16|55|.291|5|15|.333|9|18|.500|15|33|8|6|5|11|16
22|22|2012-02-06|@|Grambling|W|57|55|19|51|.373|2|11|.182|17|22|.773|6|27|13|9|1|9|18||19|47|.404|6|17|.353|11|21|.524|11|37|11|5|4|20|19
23|23|2012-02-11||Mississippi Valley State|L|63|71|26|51|.510|4|13|.308|7|12|.583|6|23|6|0|2|18|20||26|57|.456|6|23|.261|13|25|.520|12|32|9|12|1|10|18
24|24|2012-02-13||Arkansas-Pine Bluff|W|66|58|22|49|.449|2|13|.154|20|29|.690|5|26|9|6|3|10|23||17|50|.340|5|21|.238|19|27|.704|12|39|8|4|4|14|21
25|25|2012-02-18|@|Alabama State|L|63|78|23|55|.418|4|18|.222|13|15|.867|6|22|10|5|0|15|25||26|56|.464|7|18|.389|19|34|.559|18|41|15|8|7|15|15
26|26|2012-02-20|@|Alabama A&M|L|71|81|26|50|.520|3|9|.333|16|27|.593|3|21|13|7|4|16|22||24|55|.436|5|11|.455|28|32|.875|14|39|13|8|6|13|19
27|27|2012-02-25||Southern|W|60|40|20|44|.455|5|7|.714|15|22|.682|6|25|6|9|1|6|8||13|38|.342|5|14|.357|9|11|.818|3|21|6|4|1|7|17
28|28|2012-03-01||Texas Southern|L|51|54|20|55|.364|3|11|.273|8|12|.667|5|25|10|7|5|12|21||18|52|.346|1|10|.100|17|28|.607|10|39|2|7|8|12|16
29|29|2012-03-03||Prairie View|L|61|64|23|54|.426|4|14|.286|11|18|.611|11|30|7|9|0|14|20||22|51|.431|6|14|.429|14|29|.483|9|27|13|11|2|14|16
30|30|2012-03-08|N|Prairie View|W|103|79|34|54|.630|5|8|.625|30|39|.769|7|43|19|13|2|28|28||28|72|.389|6|23|.261|17|35|.486|14|32|11|10|3|22|30
31|31|2012-03-09|N|Texas Southern|L|55|60|20|51|.392|4|13|.308|11|20|.550|8|30|15|4|5|13|21||17|52|.327|2|14|.143|24|30|.800|10|35|9|8|5|12|17
