ranker|game_season|date_game|game_location|opp_id|game_result|pts|opp_pts|fg|fga|fg_pct|fg3|fg3a|fg3_pct|ft|fta|ft_pct|orb|trb|ast|stl|blk|tov|pf|x|opp_fg|opp_fga|opp_fg_pct|opp_fg3|opp_fg3a|opp_fg3_pct|opp_ft|opp_fta|opp_ft_pct|opp_orb|opp_trb|opp_ast|opp_stl|opp_blk|opp_tov|opp_pf|
1|1|2011-11-11|@|Richmond|L|56|66|19|57|.333|10|24|.417|8|11|.727|13|34|14|2|3|15|21||18|48|.375|3|16|.188|27|33|.818|10|32|8|8|5|6|14
2|2|2011-11-14|@|Maryland-Eastern Shore|L (1 OT)|62|64|20|60|.333|7|26|.269|15|21|.714|11|32|12|3|3|11|21||25|52|.481|6|15|.400|8|16|.500|8|34|12|4|4|19|20
3|3|2011-11-16||Florida Atlantic|W|62|56|20|54|.370|2|11|.182|20|25|.800|5|28|7|8|8|10|17||22|61|.361|4|18|.222|8|14|.571|14|38|9|5|5|15|25
4|4|2011-11-19|@|Columbia|W|66|58|24|50|.480|5|6|.833|13|20|.650|4|25|10|6|3|8|11||23|48|.479|5|10|.500|7|12|.583|6|27|12|4|2|14|13
5|5|2011-11-22||Quinnipiac|W|74|73|17|46|.370|6|10|.600|34|48|.708|5|25|10|5|4|7|25||26|57|.456|3|10|.300|18|32|.563|9|38|12|6|3|13|32
6|6|2011-11-27|@|Cornell|W|65|63|20|48|.417|3|14|.214|22|27|.815|6|28|10|6|4|16|12||24|55|.436|8|21|.381|7|10|.700|8|29|19|10|2|16|24
7|7|2011-11-29||Howard|W|77|66|18|46|.391|6|15|.400|35|44|.795|10|32|14|6|6|13|26||17|54|.315|4|15|.267|28|40|.700|16|34|8|10|2|14|33
8|8|2011-12-01||Maryland-Baltimore County|W|69|58|21|49|.429|7|26|.269|20|32|.625|7|34|13|3|4|9|17||22|60|.367|2|16|.125|12|17|.706|9|36|8|3|0|10|25
9|9|2011-12-04||Saint Joseph's|W|66|60|22|51|.431|8|18|.444|14|16|.875|8|29|9|5|2|10|15||25|59|.424|3|17|.176|7|15|.467|13|32|12|6|8|9|18
10|10|2011-12-07||Hampton|W|74|72|23|47|.489|11|23|.478|17|29|.586|10|30|16|9|3|20|17||30|59|.508|7|19|.368|5|9|.556|6|22|15|12|2|15|24
11|11|2011-12-10|@|Saint Francis (PA)|L|61|66|20|45|.444|10|23|.435|11|15|.733|4|24|13|4|1|13|21||22|45|.489|5|10|.500|17|26|.654|6|28|10|4|0|13|14
12|12|2011-12-17|@|Georgetown|L|55|81|22|54|.407|6|23|.261|5|8|.625|7|19|12|5|2|15|20||30|51|.588|6|16|.375|15|20|.750|5|31|18|8|3|12|18
13|13|2011-12-22|@|Villanova|L|52|73|20|58|.345|7|21|.333|5|9|.556|11|33|12|3|3|10|13||26|60|.433|10|25|.400|11|17|.647|12|35|16|8|4|5|13
14|14|2011-12-29|@|Mount St. Mary's|L|42|49|15|45|.333|4|19|.211|8|15|.533|6|22|8|4|2|8|14||19|52|.365|3|16|.188|8|11|.727|17|39|4|2|2|10|14
15|15|2012-01-02|@|Brown|W|70|61|24|43|.558|6|9|.667|16|17|.941|3|28|13|4|0|12|9||25|61|.410|9|29|.310|2|5|.400|7|22|13|7|2|8|19
16|16|2012-01-07||Colgate|W|82|54|31|58|.534|9|20|.450|11|14|.786|7|33|17|2|2|6|21||18|51|.353|3|14|.214|15|23|.652|7|27|11|2|2|8|18
17|17|2012-01-11|@|Lehigh|L|60|71|24|59|.407|10|27|.370|2|6|.333|12|31|18|4|4|16|19||23|60|.383|10|21|.476|15|17|.882|7|31|13|9|1|11|13
18|18|2012-01-14||Holy Cross|W|67|54|24|48|.500|2|13|.154|17|20|.850|4|32|14|5|0|9|17||15|49|.306|4|17|.235|20|25|.800|6|26|4|3|2|6|20
19|19|2012-01-18|@|Navy|W|67|60|21|41|.512|10|15|.667|15|19|.789|6|29|14|3|0|15|18||22|52|.423|4|20|.200|12|15|.800|6|21|12|10|3|9|18
20|20|2012-01-21||Army|W|67|55|25|53|.472|9|18|.500|8|10|.800|9|33|16|5|3|13|15||18|51|.353|11|24|.458|8|13|.615|8|25|12|8|2|11|14
21|21|2012-01-25|@|Bucknell|L|61|67|20|53|.377|6|16|.375|15|18|.833|7|30|10|2|4|10|19||23|45|.511|5|11|.455|16|23|.696|3|25|12|1|6|8|18
22|22|2012-01-28|@|Lafayette|W|69|61|24|46|.522|9|18|.500|12|18|.667|4|27|14|2|0|11|15||23|52|.442|6|22|.273|9|12|.750|2|24|12|5|1|9|20
23|23|2012-02-04|@|Colgate|W|59|58|25|57|.439|7|13|.538|2|4|.500|6|27|9|4|2|4|14||19|46|.413|4|14|.286|16|19|.842|6|29|6|4|3|5|10
24|24|2012-02-09||Lehigh|W|71|62|27|58|.466|8|17|.471|9|16|.563|13|40|14|3|7|16|13||24|63|.381|7|21|.333|7|10|.700|8|23|11|8|3|7|15
25|25|2012-02-11|@|Holy Cross|L|52|59|19|59|.322|9|25|.360|5|6|.833|4|30|12|5|5|6|20||22|51|.431|6|16|.375|9|19|.474|8|40|13|5|5|11|11
26|26|2012-02-15||Navy|W|69|47|26|53|.491|8|17|.471|9|11|.818|12|33|12|5|0|6|16||14|44|.318|3|16|.188|16|19|.842|8|23|4|2|4|10|13
27|27|2012-02-18|@|Army|W|74|50|32|53|.604|7|14|.500|3|6|.500|7|32|19|4|1|17|17||16|49|.327|3|21|.143|15|19|.789|6|21|8|6|0|14|14
28|28|2012-02-23||Bucknell|L|50|55|19|52|.365|4|9|.444|8|12|.667|6|32|9|0|1|7|17||18|54|.333|7|15|.467|12|18|.667|9|34|13|4|3|5|13
29|29|2012-02-25||Lafayette|W|76|69|26|55|.473|10|17|.588|14|25|.560|7|27|14|9|4|7|22||23|62|.371|7|28|.250|16|21|.762|11|40|10|2|0|11|22
30|30|2012-02-29||Army|W|57|40|18|46|.391|6|17|.353|15|20|.750|6|40|14|5|3|14|17||15|57|.263|4|26|.154|6|10|.600|9|34|12|6|2|13|18
31|31|2012-03-03|@|Lehigh|L|66|85|23|63|.365|8|25|.320|12|15|.800|4|22|12|7|2|6|14||32|59|.542|10|23|.435|11|17|.647|7|37|17|4|3|13|16
32|32|2012-03-14||Buffalo|L|61|78|24|71|.338|7|27|.259|6|10|.600|12|27|13|8|6|11|11||32|62|.516|9|21|.429|5|9|.556|9|36|19|10|4|12|12
