ranker|game_season|date_game|game_location|opp_id|game_result|pts|opp_pts|fg|fga|fg_pct|fg3|fg3a|fg3_pct|ft|fta|ft_pct|orb|trb|ast|stl|blk|tov|pf|x|opp_fg|opp_fga|opp_fg_pct|opp_fg3|opp_fg3a|opp_fg3_pct|opp_ft|opp_fta|opp_ft_pct|opp_orb|opp_trb|opp_ast|opp_stl|opp_blk|opp_tov|opp_pf|
1|1|2011-11-07||Valparaiso|W|73|64|23|48|.479|4|11|.364|23|32|.719|6|33|12|10|2|15|21||21|52|.404|5|20|.250|17|24|.708|7|31|15|4|1|18|23
2|2|2011-11-09||Duquesne|W|67|59|19|44|.432|6|17|.353|23|34|.676|9|39|13|4|3|20|19||19|58|.328|4|25|.160|17|26|.654|11|27|9|8|1|9|26
3|3|2011-11-13||Ball State|W|73|63|17|43|.395|8|20|.400|31|43|.721|7|36|10|2|4|12|15||24|59|.407|9|28|.321|6|13|.462|5|25|13|3|2|9|28
4|4|2011-11-17|N|St. John's (NY)|W|81|72|25|60|.417|14|29|.483|17|21|.810|15|33|18|7|3|10|25||24|47|.511|3|8|.375|21|30|.700|11|29|9|5|3|17|20
5|5|2011-11-18|N|Mississippi State|L|57|67|23|57|.404|6|20|.300|5|9|.556|7|31|9|6|6|10|17||26|57|.456|4|16|.250|11|17|.647|9|35|11|4|2|9|13
6|6|2011-11-23||San Diego State|L|57|61|19|57|.333|5|26|.192|14|17|.824|10|38|8|7|2|13|16||24|53|.453|8|12|.667|5|15|.333|6|33|12|3|1|14|19
7|7|2011-11-29|@|New Mexico State|W|83|76|30|58|.517|9|21|.429|14|19|.737|7|37|19|3|0|11|19||28|73|.384|4|21|.190|16|23|.696|18|38|9|4|3|9|17
8|8|2011-12-03||Northern Arizona|W|53|39|19|45|.422|9|26|.346|6|12|.500|9|27|15|2|4|7|9||16|43|.372|5|14|.357|2|5|.400|4|24|13|5|0|8|11
9|9|2011-12-07|@|Florida|L (1 OT)|72|78|26|55|.473|9|24|.375|11|15|.733|7|31|14|6|5|17|26||28|68|.412|7|26|.269|15|32|.469|17|39|15|10|3|10|15
10|10|2011-12-10||Clemson|W|63|47|25|49|.510|5|15|.333|8|14|.571|6|31|14|7|5|13|11||19|60|.317|4|19|.211|5|5|1.000|8|26|9|5|2|12|18
11|11|2011-12-17|N|Gonzaga|L|60|71|23|56|.411|6|20|.300|8|9|.889|7|22|12|3|4|8|21||24|56|.429|3|20|.150|20|32|.625|13|36|14|2|5|5|10
12|12|2011-12-20||Oakland|W|85|73|30|54|.556|8|18|.444|17|24|.708|10|34|18|7|4|16|14||26|62|.419|9|32|.281|12|15|.800|8|26|10|4|1|13|20
13|13|2011-12-22||Bryant|W|100|60|34|66|.515|13|23|.565|19|22|.864|13|39|23|9|2|7|13||23|52|.442|8|24|.333|6|11|.545|4|20|11|4|3|16|17
14|14|2011-12-31||Arizona State|W|68|51|21|47|.447|8|20|.400|18|23|.783|7|29|16|10|2|15|16||18|50|.360|4|15|.267|11|15|.733|10|27|12|7|3|19|19
15|15|2012-01-05|N|UCLA|L|58|65|21|58|.362|3|17|.176|13|19|.684|13|35|10|2|0|16|18||24|55|.436|1|9|.111|16|22|.727|8|34|12|10|5|9|19
16|16|2012-01-08|@|Southern California|W|57|46|21|48|.438|2|15|.133|13|18|.722|6|35|12|6|3|17|19||17|58|.293|1|15|.067|11|13|.846|9|30|6|7|1|9|14
17|17|2012-01-12||Oregon State|W (1 OT)|81|73|24|51|.471|12|22|.545|21|34|.618|8|32|17|7|2|13|19||23|58|.397|7|20|.350|20|28|.714|9|36|14|8|2|11|27
18|18|2012-01-14||Oregon|L|57|59|19|46|.413|7|17|.412|12|20|.600|8|29|12|5|5|15|15||24|53|.453|6|15|.400|5|10|.500|7|25|15|8|4|11|18
19|19|2012-01-19|@|Utah|W|77|51|27|58|.466|12|24|.500|11|16|.688|8|36|17|10|5|9|15||19|47|.404|4|16|.250|9|18|.500|3|25|8|5|4|16|16
20|20|2012-01-21|@|Colorado|L|63|64|19|55|.345|3|20|.150|22|30|.733|15|38|11|2|2|10|19||22|54|.407|4|17|.235|16|26|.615|7|32|9|5|5|6|20
21|21|2012-01-26||Washington State|W|85|61|30|59|.508|15|26|.577|10|20|.500|9|31|23|9|0|9|20||18|52|.346|4|21|.190|21|25|.840|7|29|11|0|1|16|18
22|22|2012-01-28||Washington|L|67|69|21|50|.420|4|13|.308|21|29|.724|12|35|9|6|4|15|13||28|63|.444|6|14|.429|7|16|.438|16|36|14|5|4|13|22
23|23|2012-02-02|@|California|W|78|74|28|51|.549|7|11|.636|15|29|.517|6|23|19|4|5|11|20||29|65|.446|1|8|.125|15|16|.938|13|32|15|4|4|13|21
24|24|2012-02-04|@|Stanford|W|56|43|18|47|.383|5|16|.313|15|25|.600|6|36|9|6|8|10|16||16|63|.254|3|12|.250|8|12|.667|15|34|6|4|5|9|19
25|25|2012-02-09||Colorado|W|71|57|21|48|.438|3|16|.188|26|35|.743|8|40|12|3|5|11|15||22|59|.373|4|19|.211|9|14|.643|6|28|15|4|4|11|23
26|26|2012-02-11||Utah|W|70|61|21|49|.429|11|24|.458|17|22|.773|7|26|18|10|5|8|11||23|46|.500|9|18|.500|6|7|.857|5|26|16|5|3|15|18
27|27|2012-02-16|@|Washington State|W|76|72|26|50|.520|9|19|.474|15|21|.714|9|28|16|2|2|12|18||25|50|.500|7|21|.333|15|24|.625|7|26|11|3|4|12|21
28|28|2012-02-18|@|Washington|L|70|79|22|56|.393|6|21|.286|20|29|.690|17|35|10|0|4|11|19||28|67|.418|3|18|.167|20|30|.667|18|40|9|8|7|5|21
29|29|2012-02-23||Southern California|W|70|54|26|57|.456|8|21|.381|10|15|.667|6|32|17|6|2|10|12||22|57|.386|5|21|.238|5|8|.625|7|30|11|3|1|10|13
30|30|2012-02-25||UCLA|W|65|63|18|47|.383|6|18|.333|23|32|.719|8|31|7|4|3|14|14||25|61|.410|2|7|.286|11|18|.611|11|37|11|7|2|14|24
31|31|2012-03-04|@|Arizona State|L|80|87|25|52|.481|10|21|.476|20|24|.833|8|26|16|8|5|14|18||29|52|.558|7|12|.583|22|24|.917|5|21|20|13|9|10|17
32|32|2012-03-08|N|UCLA|W|66|58|15|43|.349|5|15|.333|31|36|.861|6|37|7|7|6|17|15||23|59|.390|2|12|.167|10|16|.625|6|28|10|13|5|12|24
33|33|2012-03-09|N|Oregon State|W|72|61|24|51|.471|9|18|.500|15|22|.682|9|34|11|7|5|12|17||23|61|.377|5|13|.385|10|15|.667|11|32|9|8|2|13|21
34|34|2012-03-10|N|Colorado|L|51|53|18|49|.367|5|19|.263|10|18|.556|5|23|6|4|2|7|14||19|50|.380|5|13|.385|10|16|.625|8|35|6|6|2|8|15
35|35|2012-03-14||Bucknell|L|54|65|17|48|.354|6|20|.300|14|18|.778|6|28|13|4|3|12|17||20|49|.408|7|15|.467|18|22|.818|9|34|13|4|4|13|19
