ranker|game_season|date_game|game_location|opp_id|game_result|pts|opp_pts|fg|fga|fg_pct|fg3|fg3a|fg3_pct|ft|fta|ft_pct|orb|trb|ast|stl|blk|tov|pf|x|opp_fg|opp_fga|opp_fg_pct|opp_fg3|opp_fg3a|opp_fg3_pct|opp_ft|opp_fta|opp_ft_pct|opp_orb|opp_trb|opp_ast|opp_stl|opp_blk|opp_tov|opp_pf|
1|1|2011-11-11||Montana State|W|78|72|22|49|.449|6|18|.333|28|35|.800|11|42|12|12|3|22|19||22|64|.344|10|30|.333|18|26|.692|16|33|8|13|0|16|25
2|2|2011-11-15||Pepperdine|L|60|66|18|53|.340|7|27|.259|17|23|.739|13|33|12|6|9|14|23||18|47|.383|8|11|.727|22|31|.710|9|33|13|6|3|14|19
3|3|2011-11-18||New Mexico|L|71|76|23|51|.451|7|14|.500|18|25|.720|9|30|10|9|1|19|23||25|50|.500|9|23|.391|17|25|.680|8|28|20|7|2|17|23
4|4|2011-11-24|N|Fairfield|L|44|55|17|43|.395|2|13|.154|8|13|.615|6|32|6|4|5|22|15||20|59|.339|6|15|.400|9|14|.643|10|29|8|13|5|10|15
5|5|2011-11-25|N|Wake Forest|W|84|56|32|54|.593|7|18|.389|13|16|.813|5|35|13|5|5|15|22||18|52|.346|2|15|.133|18|26|.692|5|23|6|5|2|10|16
6|6|2011-11-27|N|DePaul|L|64|68|24|51|.471|3|9|.333|13|21|.619|11|40|10|4|6|19|11||26|68|.382|8|22|.364|8|10|.800|9|26|16|8|4|7|18
7|7|2011-12-03|@|Tulsa|W|67|64|25|41|.610|4|7|.571|13|22|.591|5|27|10|7|5|13|18||23|55|.418|10|19|.526|8|16|.500|11|27|11|4|3|11|18
8|8|2011-12-07||Nevada|L|61|69|22|52|.423|6|20|.300|11|18|.611|10|29|13|9|3|16|26||19|45|.422|6|13|.462|25|33|.758|9|33|13|10|3|16|15
9|9|2011-12-10||North Dakota State|W|60|57|15|44|.341|5|18|.278|25|35|.714|13|42|12|1|3|16|15||21|58|.362|3|21|.143|12|18|.667|8|29|11|9|0|6|27
10|10|2011-12-17||Northern Arizona|L|68|69|27|48|.563|8|16|.500|6|13|.462|6|26|17|1|4|14|17||25|54|.463|9|19|.474|10|15|.667|7|23|19|5|0|9|18
11|11|2011-12-19||Southern Mississippi|L|61|64|20|41|.488|5|12|.417|16|19|.842|5|28|13|3|6|13|22||19|56|.339|8|24|.333|18|27|.667|17|34|9|5|1|10|20
12|12|2011-12-21||Fresno State|L|65|68|22|48|.458|5|12|.417|16|18|.889|6|25|17|4|2|9|16||24|44|.545|7|14|.500|13|21|.619|5|25|13|5|4|9|20
13|13|2011-12-31|@|Arizona|L|51|68|18|50|.360|4|15|.267|11|15|.733|10|27|12|7|3|19|19||21|47|.447|8|20|.400|18|23|.783|7|29|16|10|2|15|16
14|14|2012-01-05|@|Southern California|W|62|53|22|36|.611|7|13|.538|11|16|.688|4|25|11|3|5|15|12||21|55|.382|3|11|.273|8|12|.667|10|18|9|7|0|6|11
15|15|2012-01-07|N|UCLA|L|58|75|20|41|.488|9|18|.500|9|17|.529|6|20|11|4|3|15|16||31|57|.544|4|13|.308|9|17|.529|13|30|18|8|3|8|17
16|16|2012-01-12||Oregon|L|58|67|21|41|.512|6|14|.429|10|14|.714|5|26|15|4|3|16|18||25|47|.532|8|19|.421|9|13|.692|2|19|17|7|4|8|17
17|17|2012-01-14||Oregon State|W|76|66|29|49|.592|9|17|.529|9|17|.529|6|34|22|9|6|21|18||24|64|.375|4|21|.190|14|21|.667|12|28|12|12|5|12|18
18|18|2012-01-19|@|Colorado|L|54|69|20|48|.417|8|22|.364|6|9|.667|5|21|9|6|5|14|19||23|47|.489|3|14|.214|20|25|.800|7|28|11|6|3|13|16
19|19|2012-01-21|@|Utah|L|43|64|17|44|.386|3|15|.200|6|13|.462|9|23|8|2|5|13|19||21|40|.525|9|17|.529|13|19|.684|5|25|15|7|0|6|12
20|20|2012-01-26||Washington|L|54|60|19|51|.373|7|23|.304|9|16|.563|8|31|13|4|2|15|21||20|48|.417|1|8|.125|19|31|.613|9|34|11|7|5|10|18
21|21|2012-01-28||Washington State|W|71|67|24|44|.545|7|15|.467|16|28|.571|7|23|18|8|5|16|17||23|49|.469|7|17|.412|14|17|.824|10|28|16|4|1|18|24
22|22|2012-02-02|@|Stanford|L|44|68|13|38|.342|4|19|.211|14|20|.700|5|22|4|5|1|14|11||27|60|.450|9|25|.360|5|9|.556|15|37|14|6|3|8|21
23|23|2012-02-04|@|California|L|47|68|18|47|.383|2|15|.133|9|14|.643|9|32|11|4|4|20|16||21|48|.438|8|17|.471|18|20|.900|4|23|17|5|1|11|12
24|24|2012-02-09||Utah|W|57|52|19|39|.487|3|10|.300|16|23|.696|7|39|11|3|6|20|16||17|56|.304|7|30|.233|11|11|1.000|5|20|10|7|2|9|23
25|25|2012-02-11||Colorado|L|49|63|19|53|.358|7|21|.333|4|8|.500|8|27|13|6|3|17|18||21|46|.457|6|13|.462|15|22|.682|7|32|11|8|5|14|13
26|26|2012-02-16|@|Washington|L|69|77|25|51|.490|8|20|.400|11|21|.524|9|28|11|8|3|19|11||29|59|.492|8|25|.320|11|15|.733|11|30|18|10|3|15|18
27|27|2012-02-18|@|Washington State|L|50|72|16|42|.381|6|18|.333|12|17|.706|3|21|7|6|1|14|25||21|44|.477|9|21|.429|21|28|.750|6|30|17|4|1|9|16
28|28|2012-02-23||UCLA|L|57|66|20|49|.408|7|17|.412|10|14|.714|9|30|14|4|0|18|13||26|52|.500|5|16|.313|9|13|.692|8|25|12|9|3|13|12
29|29|2012-02-25||Southern California|W|56|52|18|39|.462|5|10|.500|15|21|.714|5|32|12|5|3|15|11||19|48|.396|6|21|.286|8|12|.667|2|19|15|8|3|7|16
30|30|2012-03-04||Arizona|W|87|80|29|52|.558|7|12|.583|22|24|.917|5|21|20|13|9|10|17||25|52|.481|10|21|.476|20|24|.833|8|26|16|8|5|14|18
31|31|2012-03-07|N|Stanford|L|65|85|20|50|.400|7|19|.368|18|29|.621|9|27|10|7|4|13|21||26|55|.473|10|19|.526|23|29|.793|8|32|19|7|4|10|21
