ranker|game_season|date_game|game_location|opp_id|game_result|pts|opp_pts|fg|fga|fg_pct|fg3|fg3a|fg3_pct|ft|fta|ft_pct|orb|trb|ast|stl|blk|tov|pf|x|opp_fg|opp_fga|opp_fg_pct|opp_fg3|opp_fg3a|opp_fg3_pct|opp_ft|opp_fta|opp_ft_pct|opp_orb|opp_trb|opp_ast|opp_stl|opp_blk|opp_tov|opp_pf|
1|1|2011-11-13|@|Arizona|L|63|73|24|59|.407|9|28|.321|6|13|.462|5|25|13|3|2|9|28||17|43|.395|8|20|.400|31|43|.721|7|36|10|2|4|12|15
2|2|2011-11-18|@|Indiana State|L|50|57|16|52|.308|4|21|.190|14|18|.778|10|31|10|7|1|10|20||18|45|.400|6|16|.375|15|18|.833|5|27|11|5|7|13|17
3|3|2011-11-23||IUPUI|W|69|62|23|50|.460|6|13|.462|17|27|.630|14|33|15|4|3|15|14||24|57|.421|6|23|.261|8|9|.889|12|27|12|5|2|14|20
4|4|2011-11-27||Calumet College|W|74|39|27|64|.422|6|26|.231|14|19|.737|21|47|15|6|4|8|10||15|55|.273|4|16|.250|5|10|.500|14|33|8|5|0|11|16
5|5|2011-11-29||Texas Southern|W|64|53|20|50|.400|7|23|.304|17|25|.680|18|38|16|9|3|16|14||18|48|.375|6|20|.300|11|16|.688|10|25|8|7|4|15|19
6|6|2011-12-03|@|Tennessee-Martin|W|71|48|27|52|.519|10|20|.500|7|10|.700|11|34|22|10|6|16|15||19|56|.339|4|20|.200|6|9|.667|9|24|10|9|6|16|16
7|7|2011-12-06|@|Southern Illinois-Edwardsville|W|76|55|23|49|.469|8|22|.364|22|29|.759|9|35|15|4|2|11|16||19|54|.352|4|24|.167|13|17|.765|12|27|12|5|1|12|22
8|8|2011-12-10||Butler|W|58|55|17|45|.378|5|14|.357|19|31|.613|8|37|13|7|4|12|19||20|65|.308|3|22|.136|12|19|.632|16|38|13|2|2|14|24
9|9|2011-12-19|N|IUPUI|L|57|66|19|47|.404|2|10|.200|17|23|.739|9|28|11|6|0|16|19||22|57|.386|6|17|.353|16|20|.800|13|31|11|3|3|11|18
10|10|2011-12-23|@|Morehead State|L|54|62|17|38|.447|8|21|.381|12|20|.600|8|25|13|12|1|24|25||19|49|.388|4|20|.200|20|26|.769|15|31|12|12|0|20|20
11|11|2011-12-31||Chicago State|W|86|58|27|52|.519|6|23|.261|26|38|.684|7|33|18|9|4|10|14||20|53|.377|9|20|.450|9|15|.600|4|24|12|7|3|18|29
12|12|2012-01-04||Florida A&M|W|70|55|25|54|.463|5|16|.313|15|24|.625|6|36|15|2|8|11|9||23|66|.348|7|22|.318|2|3|.667|10|31|15|4|7|12|19
13|13|2012-01-07||Western Michigan|W|78|69|25|55|.455|5|17|.294|23|29|.793|10|34|14|6|2|9|19||25|62|.403|5|20|.250|14|22|.636|16|39|11|3|1|14|21
14|14|2012-01-10|@|Toledo|W|70|68|23|46|.500|10|19|.526|14|22|.636|5|30|16|10|2|17|14||25|56|.446|6|20|.300|12|15|.800|9|31|12|12|1|13|20
15|15|2012-01-14||Eastern Michigan|L|48|51|14|42|.333|3|16|.188|17|27|.630|10|25|10|8|2|13|14||19|40|.475|5|9|.556|8|11|.727|6|24|11|6|1|17|19
16|16|2012-01-18|@|Central Michigan|W|73|52|26|48|.542|9|23|.391|12|18|.667|7|37|18|2|2|12|14||19|56|.339|6|23|.261|8|13|.615|9|23|4|5|2|7|17
17|17|2012-01-21|@|Northern Illinois|W|75|65|27|50|.540|8|20|.400|13|19|.684|4|27|11|6|4|14|13||23|53|.434|8|20|.400|11|19|.579|9|30|9|7|6|12|18
18|18|2012-01-24||Akron|L|58|70|21|58|.362|5|21|.238|11|13|.846|11|27|13|5|3|12|15||23|48|.479|9|18|.500|15|18|.833|7|28|13|10|5|16|16
19|19|2012-01-28|@|Ohio|L|55|59|17|51|.333|6|17|.353|15|17|.882|18|37|8|7|4|20|22||20|50|.400|5|17|.294|14|24|.583|9|26|12|8|2|13|20
20|20|2012-02-01|@|Buffalo|L|57|73|21|57|.368|4|20|.200|11|12|.917|5|20|12|5|2|7|9||27|50|.540|10|19|.526|9|10|.900|6|35|17|3|9|16|15
21|21|2012-02-04||Miami (OH)|L|53|59|20|60|.333|3|21|.143|10|14|.714|13|31|8|5|2|4|14||20|37|.541|9|18|.500|10|15|.667|2|30|10|1|3|18|12
22|22|2012-02-08||Bowling Green State|L|54|61|23|51|.451|4|17|.235|4|6|.667|8|31|14|5|2|18|16||24|52|.462|3|10|.300|10|13|.769|7|27|19|8|2|13|11
23|23|2012-02-11|@|Kent State|L|55|76|19|50|.380|5|14|.357|12|18|.667|7|25|12|4|3|9|12||31|60|.517|8|16|.500|6|8|.750|9|34|21|6|5|7|17
24|24|2012-02-15||Toledo|L|55|63|20|65|.308|9|30|.300|6|13|.462|24|45|13|11|3|13|23||19|36|.528|12|17|.706|13|24|.542|3|26|12|5|2|15|17
25|25|2012-02-18||Southern Illinois|W|71|62|21|46|.457|10|20|.500|19|33|.576|9|32|11|7|3|12|17||22|54|.407|6|20|.300|12|21|.571|13|37|18|6|1|14|27
26|26|2012-02-22|@|Western Michigan|L|61|78|19|53|.358|6|17|.353|17|20|.850|9|25|8|3|0|9|23||26|47|.553|13|21|.619|13|20|.650|7|27|19|5|4|10|20
27|27|2012-02-25|@|Eastern Michigan|L|50|61|20|42|.476|6|13|.462|4|11|.364|5|22|15|4|3|13|20||17|47|.362|7|16|.438|20|23|.870|12|31|11|5|3|9|11
28|28|2012-02-29||Central Michigan|W|71|52|25|43|.581|6|11|.545|15|23|.652|8|34|18|0|3|13|17||21|69|.304|5|21|.238|5|12|.417|22|36|8|5|3|8|21
29|29|2012-03-03||Northern Illinois|W|62|51|21|53|.396|9|25|.360|11|15|.733|15|34|15|9|1|10|11||18|45|.400|10|21|.476|5|6|.833|8|27|13|4|1|15|24
30|30|2012-03-05|@|Western Michigan|L|63|69|20|54|.370|7|23|.304|16|17|.941|8|23|8|6|0|12|25||22|45|.489|4|11|.364|21|30|.700|10|33|12|9|2|13|16
