ranker|game_season|date_game|game_location|opp_id|game_result|pts|opp_pts|fg|fga|fg_pct|fg3|fg3a|fg3_pct|ft|fta|ft_pct|orb|trb|ast|stl|blk|tov|pf|x|opp_fg|opp_fga|opp_fg_pct|opp_fg3|opp_fg3a|opp_fg3_pct|opp_ft|opp_fta|opp_ft_pct|opp_orb|opp_trb|opp_ast|opp_stl|opp_blk|opp_tov|opp_pf|
1|1|2011-11-14||New Hampshire|W|67|64|21|56|.375|8|18|.444|17|31|.548|12|37|7|9|3|14|19||24|62|.387|5|19|.263|11|20|.550|16|46|9|7|3|17|24
2|2|2011-11-18|@|Holy Cross|L|64|86|19|51|.373|8|27|.296|18|26|.692|8|25|10|4|4|9|18||31|58|.534|11|21|.524|13|18|.722|13|36|21|5|3|9|19
3|3|2011-11-21||Massachusetts|L|46|82|14|45|.311|5|22|.227|13|25|.520|8|27|12|4|3|22|14||33|69|.478|10|31|.323|6|7|.857|14|42|18|12|5|11|22
4|4|2011-11-24|N|Saint Louis|L|51|62|19|43|.442|5|17|.294|8|13|.615|7|31|10|2|1|20|11||22|52|.423|6|20|.300|12|16|.750|6|23|13|7|2|7|10
5|5|2011-11-25|N|California-Riverside|W (1 OT)|66|62|19|47|.404|6|22|.273|22|25|.880|4|27|4|0|1|13|17||22|56|.393|2|9|.222|16|18|.889|9|31|7|6|2|15|22
6|6|2011-11-27|N|New Mexico|L|57|75|20|57|.351|9|26|.346|8|10|.800|7|22|13|7|0|14|17||29|51|.569|6|20|.300|11|16|.688|6|33|24|4|2|16|13
7|7|2011-11-30||Penn State|L|54|62|16|44|.364|8|24|.333|14|22|.636|6|28|10|3|5|18|22||21|54|.389|7|24|.292|13|20|.650|10|34|7|7|2|14|23
8|8|2011-12-03||Boston University|L|61|75|24|54|.444|6|17|.353|7|10|.700|4|24|16|6|4|12|16||27|63|.429|13|36|.361|8|11|.727|13|37|18|4|5|11|12
9|9|2011-12-08|@|Providence|L|57|64|17|51|.333|8|20|.400|15|19|.789|9|28|10|4|3|10|16||24|55|.436|6|17|.353|10|14|.714|14|38|10|4|10|13|17
10|10|2011-12-11||Stony Brook|W|66|51|23|48|.479|6|25|.240|14|17|.824|5|36|11|3|7|17|5||19|64|.297|9|28|.321|4|5|.800|7|24|7|7|0|11|14
11|11|2011-12-18||Bryant|W|75|55|28|59|.475|12|29|.414|7|8|.875|9|37|21|2|2|9|13||21|56|.375|5|21|.238|8|14|.571|10|30|9|5|3|9|10
12|12|2011-12-21||Sacred Heart|W|83|73|26|47|.553|11|22|.500|20|29|.690|3|23|16|9|3|13|14||27|53|.509|8|17|.471|11|17|.647|5|23|17|7|3|14|20
13|13|2011-12-29||Harvard|L|46|67|18|44|.409|3|11|.273|7|13|.538|2|19|9|6|2|17|13||22|53|.415|10|20|.500|13|15|.867|10|35|12|12|2|13|14
14|14|2012-01-02||Rhode Island|L (2 OT)|72|78|26|54|.481|9|27|.333|11|16|.688|5|31|16|5|8|16|23||21|68|.309|9|29|.310|27|35|.771|22|46|8|12|2|8|17
15|15|2012-01-07|@|North Carolina|L|60|83|24|57|.421|9|27|.333|3|9|.333|4|27|12|4|2|19|16||31|66|.470|5|14|.357|16|21|.762|11|41|18|9|6|11|13
16|16|2012-01-12||Clemson|W|59|57|20|40|.500|8|19|.421|11|20|.550|1|21|12|3|2|15|15||20|51|.392|5|19|.263|12|19|.632|10|32|7|10|4|14|18
17|17|2012-01-14||Virginia Tech|W|61|59|19|42|.452|4|12|.333|19|28|.679|5|27|7|7|2|17|19||17|47|.362|4|14|.286|21|28|.750|8|29|6|7|2|17|23
18|18|2012-01-19|@|North Carolina State|L|62|76|25|62|.403|9|27|.333|3|7|.429|7|23|15|9|3|17|12||33|64|.516|5|15|.333|5|10|.500|13|40|21|16|5|16|12
19|19|2012-01-21||Wake Forest|L|56|71|19|61|.311|4|21|.190|14|18|.778|10|34|12|2|4|12|18||26|59|.441|4|13|.308|15|20|.750|6|37|15|6|10|11|17
20|20|2012-01-26|@|Virginia|L|49|66|18|45|.400|7|20|.350|6|9|.667|3|24|8|5|4|15|13||27|53|.509|4|10|.400|8|8|1.000|4|29|16|10|2|8|12
21|21|2012-01-29||Miami (FL)|L|54|76|17|43|.395|7|19|.368|13|17|.765|7|31|10|3|2|17|15||27|63|.429|7|21|.333|15|17|.882|11|29|13|10|5|5|14
22|22|2012-02-01||North Carolina State|L|51|56|19|49|.388|5|17|.294|8|13|.615|9|29|7|7|3|11|15||19|45|.422|5|17|.294|13|17|.765|8|27|15|8|2|11|10
23|23|2012-02-04|@|Georgia Tech|L|47|51|17|49|.347|8|27|.296|5|6|.833|6|26|10|5|3|14|15||20|49|.408|3|15|.200|8|10|.800|5|27|12|7|2|9|13
24|24|2012-02-08||Florida State|W|64|60|19|48|.396|10|22|.455|16|23|.696|4|21|14|8|4|10|15||21|53|.396|5|20|.250|13|16|.813|8|32|8|5|5|14|22
25|25|2012-02-12|@|Virginia Tech|L|65|66|24|43|.558|9|22|.409|8|9|.889|4|19|13|6|4|10|10||27|60|.450|6|15|.400|6|10|.600|16|30|11|5|2|10|12
26|26|2012-02-16|@|Maryland|L|65|81|19|58|.328|4|15|.267|23|27|.852|9|29|9|5|2|10|20||28|56|.500|8|16|.500|17|22|.773|7|36|15|6|8|13|20
27|27|2012-02-19||Duke|L|50|75|15|44|.341|6|18|.333|14|21|.667|2|20|9|6|2|14|17||25|57|.439|10|22|.455|15|20|.750|12|42|14|3|2|18|18
28|28|2012-02-25|@|Wake Forest|L|56|85|22|51|.431|5|15|.333|7|15|.467|4|28|13|3|1|15|23||31|56|.554|9|14|.643|14|22|.636|3|32|19|7|2|7|19
29|29|2012-02-29||Georgia Tech|W|56|52|19|45|.422|10|24|.417|8|12|.667|5|25|13|4|2|10|10||23|61|.377|4|18|.222|2|4|.500|12|32|10|4|2|8|14
30|30|2012-03-03|@|Miami (FL)|L|56|77|21|49|.429|9|29|.310|5|11|.455|6|26|10|7|0|17|19||28|56|.500|12|30|.400|9|15|.600|5|28|14|8|2|10|12
31|31|2012-03-08|N|North Carolina State|L|57|78|22|57|.386|7|23|.304|6|11|.545|7|31|15|5|3|19|21||29|67|.433|8|19|.421|12|20|.600|14|41|16|11|3|11|16
