ranker|game_season|date_game|game_location|opp_id|game_result|pts|opp_pts|fg|fga|fg_pct|fg3|fg3a|fg3_pct|ft|fta|ft_pct|orb|trb|ast|stl|blk|tov|pf|x|opp_fg|opp_fga|opp_fg_pct|opp_fg3|opp_fg3a|opp_fg3_pct|opp_ft|opp_fta|opp_ft_pct|opp_orb|opp_trb|opp_ast|opp_stl|opp_blk|opp_tov|opp_pf|
1|1|2011-11-11||Northeastern|L (1 OT)|74|82|28|67|.418|5|28|.179|13|23|.565|8|27|8|9|3|9|24||28|62|.452|4|16|.250|22|27|.815|18|48|14|4|6|17|20
2|2|2011-11-13|@|Texas|L|46|82|17|57|.298|4|25|.160|8|13|.615|15|39|5|4|1|24|14||31|67|.463|11|26|.423|9|12|.750|10|30|23|11|8|10|14
3|3|2011-11-20|@|Cornell|L|66|71|21|54|.389|7|23|.304|17|18|.944|9|32|11|7|3|15|16||25|57|.439|8|26|.308|13|16|.813|8|38|17|7|2|12|16
4|4|2011-11-25|N|Cleveland State|L|62|63|16|40|.400|2|13|.154|28|44|.636|11|32|9|8|6|18|14||22|65|.338|7|23|.304|12|13|.923|19|37|12|11|3|15|30
5|5|2011-11-26|@|Rhode Island|W|70|64|28|56|.500|4|14|.286|10|14|.714|7|30|17|4|4|15|14||24|61|.393|6|21|.286|10|12|.833|14|32|11|7|4|13|17
6|6|2011-11-27|N|Hofstra|W|68|61|24|51|.471|8|21|.381|12|21|.571|8|27|15|6|3|12|18||19|47|.404|5|12|.417|18|23|.783|10|32|11|3|2|16|23
7|7|2011-11-30||Delaware|W|73|67|28|59|.475|8|16|.500|9|12|.750|8|31|17|4|3|10|16||25|61|.410|6|21|.286|11|15|.733|12|33|7|5|9|11|15
8|8|2011-12-03|@|Boston College|W|75|61|27|63|.429|13|36|.361|8|11|.727|13|37|18|4|5|11|12||24|54|.444|6|17|.353|7|10|.700|4|24|16|6|4|12|16
9|9|2011-12-07|@|Saint Joseph's|L|68|75|22|59|.373|7|19|.368|17|22|.773|15|39|8|4|2|14|18||25|50|.500|9|21|.429|16|26|.615|5|23|12|5|6|8|14
10|10|2011-12-10||Harvard|L|52|76|17|55|.309|5|18|.278|13|25|.520|14|24|8|8|4|9|16||27|49|.551|9|15|.600|13|16|.813|8|35|19|4|8|12|21
11|11|2011-12-13|@|Villanova|L|43|68|17|56|.304|5|27|.185|4|11|.364|6|31|8|3|1|13|15||25|67|.373|7|27|.259|11|15|.733|13|49|13|4|2|11|12
12|12|2011-12-22||Bucknell|L|61|75|22|44|.500|6|13|.462|11|20|.550|2|15|9|5|2|9|19||26|48|.542|5|14|.357|18|21|.857|8|30|11|4|2|11|19
13|13|2011-12-29|@|La Salle|L|53|70|20|50|.400|4|14|.286|9|15|.600|6|28|13|6|2|11|20||25|55|.455|8|23|.348|12|22|.545|9|34|13|4|6|7|16
14|14|2011-12-31|@|Quinnipiac|L|53|59|19|54|.352|4|16|.250|11|18|.611|9|36|12|6|3|16|25||17|53|.321|5|16|.313|20|32|.625|12|39|10|6|10|11|21
15|15|2012-01-05|@|Vermont|L|69|83|23|57|.404|6|20|.300|17|23|.739|11|31|11|4|6|10|25||26|57|.456|6|17|.353|25|31|.806|7|35|17|4|0|7|19
16|16|2012-01-08||Binghamton|W|68|49|25|54|.463|9|25|.360|9|15|.600|9|35|17|3|4|5|7||19|52|.365|6|16|.375|5|7|.714|5|22|10|3|0|8|11
17|17|2012-01-11|@|Maine|W|77|68|26|60|.433|12|16|.750|13|20|.650|12|31|18|8|1|12|14||28|54|.519|6|19|.316|6|10|.600|9|29|21|3|4|14|18
18|18|2012-01-14||Stony Brook|W|61|55|23|49|.469|6|22|.273|9|10|.900|6|22|9|8|4|12|13||22|54|.407|7|19|.368|4|5|.800|11|27|6|5|3|15|16
19|19|2012-01-16||Albany (NY)|W|70|57|24|47|.511|9|18|.500|13|20|.650|4|28|14|7|8|12|15||19|62|.306|10|28|.357|9|14|.643|15|34|12|5|0|13|19
20|20|2012-01-19|@|New Hampshire|W|52|50|22|53|.415|3|9|.333|5|7|.714|8|28|5|7|1|15|13||17|42|.405|10|26|.385|6|9|.667|4|24|11|7|3|23|16
21|21|2012-01-22|@|Hartford|W|65|46|22|48|.458|8|20|.400|13|16|.813|8|39|10|0|1|17|15||18|52|.346|4|21|.190|6|9|.667|3|17|10|5|1|11|15
22|22|2012-01-24||Maryland-Baltimore County|W|83|48|29|58|.500|9|26|.346|16|20|.800|13|44|14|6|9|12|17||17|55|.309|3|14|.214|11|19|.579|11|27|8|6|0|12|15
23|23|2012-01-27|@|Stony Brook|L|57|66|20|43|.465|10|19|.526|7|17|.412|6|24|13|7|2|14|19||21|47|.447|5|15|.333|19|28|.679|10|29|10|5|0|12|14
24|24|2012-02-01||Vermont|L|67|68|27|68|.397|5|18|.278|8|15|.533|12|36|8|7|1|12|25||22|50|.440|3|14|.214|21|27|.778|6|35|12|9|1|15|18
25|25|2012-02-04|@|Binghamton|W|68|53|23|46|.500|7|16|.438|15|19|.789|6|23|8|7|0|11|13||22|50|.440|3|11|.273|6|10|.600|9|24|11|6|2|17|16
26|26|2012-02-06|@|Albany (NY)|W|81|78|27|53|.509|9|22|.409|18|24|.750|7|25|9|8|0|15|25||27|59|.458|6|18|.333|18|26|.692|19|36|14|5|3|17|21
27|27|2012-02-09||Maine|W|67|54|23|55|.418|5|19|.263|16|25|.640|12|43|13|5|7|13|12||19|58|.328|7|20|.350|9|15|.600|9|32|11|7|3|13|20
28|28|2012-02-15||New Hampshire|L|54|56|20|50|.400|2|22|.091|12|13|.923|9|33|13|3|3|13|15||23|53|.434|6|17|.353|4|13|.308|7|27|9|4|3|9|13
29|29|2012-02-19|@|Loyola (MD)|L|56|69|21|57|.368|3|17|.176|11|15|.733|14|30|11|10|2|17|17||25|51|.490|6|12|.500|13|20|.650|11|33|12|9|4|15|17
30|30|2012-02-22|@|Maryland-Baltimore County|W|73|52|26|56|.464|7|23|.304|14|18|.778|7|43|15|4|4|16|13||18|61|.295|7|25|.280|9|17|.529|6|30|11|6|0|9|14
31|31|2012-02-25||Hartford|W|64|55|21|45|.467|7|20|.350|15|18|.833|12|32|15|8|1|20|18||20|46|.435|6|25|.240|9|11|.818|4|15|13|8|1|14|18
32|32|2012-03-03|N|Hartford|L|49|53|17|53|.321|3|19|.158|12|21|.571|15|37|10|7|2|14|20||18|45|.400|6|22|.273|11|18|.611|6|30|13|8|3|15|18
