ranker|game_season|date_game|game_location|opp_id|game_result|pts|opp_pts|fg|fga|fg_pct|fg3|fg3a|fg3_pct|ft|fta|ft_pct|orb|trb|ast|stl|blk|tov|pf|x|opp_fg|opp_fga|opp_fg_pct|opp_fg3|opp_fg3a|opp_fg3_pct|opp_ft|opp_fta|opp_ft_pct|opp_orb|opp_trb|opp_ast|opp_stl|opp_blk|opp_tov|opp_pf|
1|1|2011-11-11||Howard|W|63|48|21|49|.429|4|13|.308|17|23|.739|6|26|11|9|2|9|18||17|45|.378|3|7|.429|11|18|.611|10|34|4|1|2|19|27
2|2|2011-11-13|@|Georgia|L|54|63|23|62|.371|2|11|.182|6|13|.462|15|38|10|6|0|17|22||22|45|.489|3|15|.200|16|24|.667|4|26|16|8|4|14|20
3|3|2011-11-21||Austin Peay|W|82|72|32|69|.464|8|13|.615|10|14|.714|15|36|15|8|2|13|20||27|53|.509|4|12|.333|14|27|.519|9|34|14|5|5|19|19
4|4|2011-11-22||Detroit Mercy|W|67|61|24|59|.407|6|14|.429|13|17|.765|14|36|14|7|4|15|25||19|51|.373|4|14|.286|19|25|.760|8|30|10|7|6|21|20
5|5|2011-11-23||George Washington|L|56|77|21|56|.375|5|17|.294|9|11|.818|8|22|8|8|1|10|12||30|49|.612|11|17|.647|6|7|.857|4|30|17|6|3|14|11
6|6|2011-11-27||Temple|W|67|64|29|52|.558|3|9|.333|6|10|.600|9|28|13|3|8|11|15||24|52|.462|6|18|.333|10|14|.714|8|24|15|8|1|9|14
7|7|2011-12-04|@|Western Kentucky|L|53|60|21|63|.333|3|11|.273|8|12|.667|10|32|10|7|3|14|22||18|45|.400|3|18|.167|21|31|.677|8|38|11|7|6|21|16
8|8|2011-12-07||Malone|W|87|44|39|61|.639|3|10|.300|6|9|.667|5|40|25|9|8|10|11||15|62|.242|4|23|.174|10|14|.714|11|29|8|5|3|16|9
9|9|2011-12-10|@|Valparaiso|L|79|82|30|56|.536|2|6|.333|17|26|.654|7|22|16|11|1|10|25||25|46|.543|6|21|.286|26|33|.788|7|28|14|6|3|17|19
10|10|2011-12-17|@|Michigan State|L|60|74|24|64|.375|4|16|.250|8|10|.800|13|31|10|8|2|15|21||25|53|.472|5|11|.455|19|27|.704|11|34|16|6|5|15|16
11|11|2011-12-22|@|Florida International|W|61|53|21|49|.429|3|15|.200|16|21|.762|9|33|14|11|4|16|11||21|52|.404|2|13|.154|9|12|.750|8|28|13|10|1|18|18
12|12|2011-12-28|@|Duquesne|L|76|86|30|56|.536|7|18|.389|9|12|.750|8|34|20|5|3|18|20||31|59|.525|7|20|.350|17|23|.739|8|23|24|8|1|7|10
13|13|2012-01-01|@|Texas-San Antonio|L (1 OT)|79|86|32|74|.432|8|26|.308|7|12|.583|18|46|19|7|3|21|26||26|58|.448|11|17|.647|23|35|.657|6|29|16|10|4|14|15
14|14|2012-01-07||Ohio|W|67|57|24|46|.522|4|8|.500|15|22|.682|9|34|11|10|5|20|14||21|55|.382|4|20|.200|11|16|.688|10|26|10|15|0|18|20
15|15|2012-01-11||Akron|L|55|56|23|54|.426|5|13|.385|4|9|.444|10|33|9|3|2|15|16||21|48|.438|5|12|.417|9|18|.500|7|30|10|9|0|14|14
16|16|2012-01-14|@|Kent State|L|87|92|36|71|.507|10|22|.455|5|11|.455|18|36|20|5|2|16|20||33|63|.524|6|14|.429|20|29|.690|12|27|18|8|5|8|13
17|17|2012-01-18|@|Miami (OH)|W|65|57|25|50|.500|2|8|.250|13|18|.722|7|32|10|10|4|11|14||21|48|.438|6|20|.300|9|15|.600|6|25|15|3|1|16|14
18|18|2012-01-21||Buffalo|L|66|68|23|56|.411|5|17|.294|15|19|.789|9|31|14|7|4|13|17||26|58|.448|9|21|.429|7|16|.438|10|32|14|10|5|12|19
19|19|2012-01-25||Central Michigan|W|71|58|24|47|.511|5|14|.357|18|21|.857|9|28|14|9|5|11|18||23|63|.365|4|17|.235|8|15|.533|23|39|9|7|2|13|17
20|20|2012-01-28|@|Eastern Michigan|L|50|55|16|46|.348|5|12|.417|13|22|.591|10|37|13|4|4|19|18||20|55|.364|6|14|.429|9|15|.600|10|28|14|9|5|11|19
21|21|2012-02-01|@|Western Michigan|W|72|48|28|48|.583|4|8|.500|12|16|.750|5|23|17|12|2|12|15||20|51|.392|3|12|.250|5|12|.417|14|30|12|3|1|22|16
22|22|2012-02-04||Northern Illinois|W|65|40|20|41|.488|4|12|.333|21|34|.618|9|31|11|8|4|9|13||14|48|.292|4|15|.267|8|15|.533|11|29|7|3|0|16|27
23|23|2012-02-08|@|Ball State|W|61|54|24|52|.462|3|10|.300|10|13|.769|7|27|19|8|2|13|11||23|51|.451|4|17|.235|4|6|.667|8|31|14|5|2|18|16
24|24|2012-02-11||Toledo|W|66|63|28|63|.444|4|15|.267|6|20|.300|19|36|8|12|2|11|9||22|46|.478|12|19|.632|7|8|.875|6|27|10|4|3|16|18
25|25|2012-02-15|@|Ohio|L|59|72|21|53|.396|4|18|.222|13|14|.929|6|20|6|10|1|13|17||25|56|.446|4|17|.235|18|28|.643|15|38|12|9|2|15|13
26|26|2012-02-18||Morehead State|W|73|60|28|49|.571|14|26|.538|3|4|.750|6|25|21|8|4|17|16||23|48|.479|5|14|.357|9|14|.643|9|23|11|7|1|12|10
27|27|2012-02-22|@|Akron|L|68|79|29|66|.439|4|18|.222|6|8|.750|9|20|16|7|2|7|16||28|49|.571|4|14|.286|19|22|.864|9|32|19|3|5|13|12
28|28|2012-02-25||Kent State|W|74|58|31|57|.544|9|18|.500|3|8|.375|9|29|18|14|7|19|11||23|50|.460|4|14|.286|8|11|.727|5|23|13|11|2|21|12
29|29|2012-02-29||Miami (OH)|W|56|51|22|50|.440|6|14|.429|6|9|.667|9|27|11|5|0|9|11||21|45|.467|5|20|.250|4|10|.400|5|24|17|8|1|10|11
30|30|2012-03-03|@|Buffalo|L|64|68|27|62|.435|3|9|.333|7|8|.875|10|32|10|8|3|8|18||23|48|.479|5|13|.385|17|25|.680|8|29|15|3|3|11|10
31|31|2012-03-05||Central Michigan|L|53|54|19|55|.345|4|20|.200|11|14|.786|10|32|12|2|2|10|18||20|45|.444|8|12|.667|6|11|.545|6|26|13|5|5|12|14
32|32|2012-03-14|@|Oakland|L|69|86|28|59|.475|3|20|.150|10|14|.714|9|27|13|6|7|9|18||28|59|.475|12|24|.500|18|21|.857|12|37|16|7|0|9|13
