ranker|game_season|date_game|game_location|opp_id|game_result|pts|opp_pts|fg|fga|fg_pct|fg3|fg3a|fg3_pct|ft|fta|ft_pct|orb|trb|ast|stl|blk|tov|pf|x|opp_fg|opp_fga|opp_fg_pct|opp_fg3|opp_fg3a|opp_fg3_pct|opp_ft|opp_fta|opp_ft_pct|opp_orb|opp_trb|opp_ast|opp_stl|opp_blk|opp_tov|opp_pf|
1|1|2011-11-11||Johnson & Wales (CO)|W|86|66|31|67|.463|7|15|.467|17|21|.810|12|39|21|10|7|10|15||22|62|.355|7|18|.389|15|16|.938|12|39|13|3|3|17|21
2|2|2011-11-14|N|Albany (NY)|L|68|77|22|57|.386|12|29|.414|12|17|.706|2|22|18|5|2|14|23||24|49|.490|8|23|.348|21|30|.700|6|39|15|9|6|16|18
3|3|2011-11-15|N|Manhattan|L|52|54|18|42|.429|6|19|.316|10|15|.667|4|31|14|5|4|16|12||19|59|.322|9|35|.257|7|9|.778|13|31|13|7|4|12|13
4|4|2011-11-19||Hartford|W|59|52|18|45|.400|8|18|.444|15|19|.789|8|40|12|5|1|18|15||21|54|.389|7|31|.226|3|6|.500|3|25|14|6|2|13|20
5|5|2011-11-21|@|George Mason|L|48|74|18|54|.333|5|25|.200|7|10|.700|8|29|12|4|0|12|20||28|58|.483|5|13|.385|13|19|.684|12|39|14|11|6|11|14
6|6|2011-11-22|N|Monmouth|W|79|71|30|49|.612|11|22|.500|8|16|.500|4|27|23|7|2|17|15||29|63|.460|5|14|.357|8|17|.471|11|30|18|8|0|14|18
7|7|2011-11-27|@|Sacred Heart|L|64|77|24|52|.462|10|24|.417|6|11|.545|9|26|11|1|0|12|16||30|62|.484|5|14|.357|12|14|.857|12|34|14|2|2|7|13
8|8|2011-11-30||Rhode Island|W|65|56|23|53|.434|10|29|.345|9|16|.563|5|30|16|7|4|11|21||20|58|.345|6|21|.286|10|21|.476|16|42|7|5|3|14|17
9|9|2011-12-03|@|Iowa|L|54|75|21|60|.350|4|22|.182|8|17|.471|9|35|12|5|2|12|20||28|69|.406|2|10|.200|17|24|.708|18|49|15|8|3|9|17
10|10|2011-12-05|@|Providence|L|49|80|16|55|.291|7|23|.304|10|13|.769|9|30|10|4|3|18|12||33|66|.500|9|20|.450|5|10|.500|8|37|18|6|10|11|18
11|11|2011-12-07||New Hampshire|L|56|69|19|52|.365|3|14|.214|15|26|.577|3|23|13|5|3|9|18||23|49|.469|8|18|.444|15|27|.556|5|38|11|3|0|12|22
12|12|2011-12-10||Central Connecticut State|W|90|80|29|50|.580|14|21|.667|18|24|.750|4|33|25|5|3|15|16||30|72|.417|14|29|.483|6|10|.600|14|34|16|6|2|9|20
13|13|2011-12-23||Maine|L|58|71|22|51|.431|3|13|.231|11|22|.500|9|28|13|3|3|7|16||27|61|.443|6|12|.500|11|14|.786|17|40|15|2|1|9|19
14|14|2011-12-29|@|St. Francis (NY)|L|49|66|17|59|.288|5|22|.227|10|17|.588|10|30|11|6|0|15|17||22|50|.440|7|13|.538|15|21|.714|8|36|13|9|6|17|16
15|15|2012-01-02||American|L|61|70|25|61|.410|9|29|.310|2|5|.400|7|22|13|7|2|8|19||24|43|.558|6|9|.667|16|17|.941|3|28|13|4|0|12|9
16|16|2012-01-11||Longwood|L|77|79|26|65|.400|10|27|.370|15|20|.750|7|34|17|9|2|14|17||33|63|.524|8|19|.421|5|11|.455|3|33|13|6|1|13|18
17|17|2012-01-14|@|Yale|L|64|68|23|48|.479|12|23|.522|6|14|.429|7|26|13|4|0|14|25||24|47|.511|5|11|.455|15|22|.682|5|24|16|4|3|9|13
18|18|2012-01-21||Yale|L|60|73|21|60|.350|8|25|.320|10|14|.714|11|27|10|6|5|9|18||25|59|.424|6|14|.429|17|24|.708|17|44|11|3|4|10|19
19|19|2012-01-23|@|Bryant|W|67|60|26|52|.500|7|22|.318|8|14|.571|7|33|12|6|4|10|12||24|61|.393|9|24|.375|3|4|.750|8|29|13|1|0|13|17
20|20|2012-01-27||Dartmouth|W|66|59|22|54|.407|6|17|.353|16|20|.800|12|35|14|7|7|13|17||20|54|.370|3|12|.250|16|19|.842|10|31|10|8|3|13|21
21|21|2012-01-28||Harvard|L|59|68|20|54|.370|8|22|.364|11|20|.550|5|23|13|8|1|7|17||23|47|.489|2|8|.250|20|23|.870|7|38|10|5|5|12|14
22|22|2012-02-03||Princeton|L|63|77|24|56|.429|6|15|.400|9|20|.450|12|30|11|6|3|9|11||32|61|.525|10|22|.455|3|4|.750|10|35|17|4|3|14|17
23|23|2012-02-04||Pennsylvania|L|48|65|20|53|.377|4|20|.200|4|7|.571|8|31|12|4|3|15|10||26|56|.464|9|19|.474|4|5|.800|6|31|15|12|1|11|13
24|24|2012-02-10|@|Columbia|L|60|86|24|62|.387|10|19|.526|2|9|.222|9|29|12|3|3|7|8||32|59|.542|16|29|.552|6|8|.750|6|36|24|3|1|6|11
25|25|2012-02-11|@|Cornell|L|63|72|23|59|.390|8|22|.364|9|14|.643|9|35|15|5|3|14|16||24|51|.471|12|23|.522|12|18|.667|4|31|17|6|6|9|14
26|26|2012-02-17|@|Harvard|L|42|69|18|55|.327|4|9|.444|2|2|1.000|7|21|6|2|3|9|19||25|47|.532|5|16|.313|14|21|.667|8|36|15|2|10|11|11
27|27|2012-02-18|@|Dartmouth|L|53|58|19|45|.422|8|15|.533|7|13|.538|3|21|13|7|0|15|16||19|41|.463|6|14|.429|14|17|.824|5|32|9|8|4|17|14
28|28|2012-02-24||Cornell|L|63|69|22|61|.361|4|22|.182|15|21|.714|14|38|10|6|3|13|16||26|62|.419|7|25|.280|10|15|.667|12|39|12|9|1|12|21
29|29|2012-02-25||Columbia|W|94|78|30|52|.577|14|22|.636|20|25|.800|3|33|18|3|3|11|15||28|61|.459|8|21|.381|14|19|.737|5|23|17|6|2|7|21
30|30|2012-03-02|@|Pennsylvania|L|43|54|16|50|.320|7|24|.292|4|6|.667|11|30|8|4|2|8|14||22|48|.458|5|17|.294|5|8|.625|7|29|13|3|1|8|8
31|31|2012-03-03|@|Princeton|L|47|81|18|62|.290|4|18|.222|7|15|.467|15|37|5|3|1|12|11||32|59|.542|9|18|.500|8|10|.800|6|37|17|7|2|7|10
