ranker|game_season|date_game|game_location|opp_id|game_result|pts|opp_pts|fg|fga|fg_pct|fg3|fg3a|fg3_pct|ft|fta|ft_pct|orb|trb|ast|stl|blk|tov|pf|x|opp_fg|opp_fga|opp_fg_pct|opp_fg3|opp_fg3a|opp_fg3_pct|opp_ft|opp_fta|opp_ft_pct|opp_orb|opp_trb|opp_ast|opp_stl|opp_blk|opp_tov|opp_pf|
1|1|2011-11-11||Gardner-Webb|W|65|44|25|46|.543|7|15|.467|8|12|.667|5|30|17|9|7|17|14||14|45|.311|5|16|.313|11|12|.917|4|20|8|9|0|18|15
2|2|2011-11-16|@|Citadel|W|73|50|29|54|.537|4|9|.444|11|22|.500|9|38|14|6|11|15|19||19|63|.302|5|19|.263|7|13|.538|11|32|7|9|0|15|18
3|3|2011-11-19||College of Charleston|L|69|72|28|64|.438|6|22|.273|7|9|.778|14|32|13|6|3|9|15||30|57|.526|5|17|.294|7|14|.500|10|31|12|6|2|10|8
4|4|2011-11-22||Coastal Carolina|L|59|60|23|57|.404|5|19|.263|8|13|.615|10|29|12|7|2|11|16||22|46|.478|4|9|.444|12|15|.800|7|28|12|6|1|13|17
5|5|2011-11-25||Furman|W|59|49|20|48|.417|4|13|.308|15|20|.750|10|31|11|6|4|10|16||17|41|.415|5|14|.357|10|16|.625|4|22|8|4|1|15|19
6|6|2011-11-29|@|Iowa|W|71|55|28|54|.519|11|21|.524|4|7|.571|7|41|20|2|3|18|21||16|56|.286|3|11|.273|20|22|.909|6|23|5|8|3|10|11
7|7|2011-12-04||South Carolina|L|55|58|19|50|.380|5|18|.278|12|16|.750|11|32|13|3|1|10|15||21|50|.420|5|15|.333|11|17|.647|10|30|8|6|5|7|16
8|8|2011-12-10|@|Arizona|L|47|63|19|60|.317|4|19|.211|5|5|1.000|8|26|9|5|2|12|18||25|49|.510|5|15|.333|8|14|.571|6|31|14|7|5|13|11
9|9|2011-12-17||Winthrop|W|60|40|21|42|.500|7|14|.500|11|19|.579|6|29|15|5|4|12|16||15|47|.319|3|15|.200|7|10|.700|7|22|5|5|1|13|18
10|10|2011-12-19||Alabama State|W|70|45|24|48|.500|4|14|.286|18|25|.720|9|34|16|8|5|16|14||17|52|.327|6|17|.353|5|9|.556|10|25|11|5|2|16|20
11|11|2011-12-22|N|Texas-El Paso|L|48|61|17|56|.304|3|21|.143|11|16|.688|16|29|6|7|2|10|14||22|43|.512|7|20|.350|10|12|.833|3|27|13|4|2|16|15
12|12|2011-12-23|N|Southern Illinois|W (1 OT)|83|75|26|61|.426|5|15|.333|26|34|.765|13|40|11|6|1|14|17||28|66|.424|8|18|.444|11|15|.733|10|31|15|9|4|14|26
13|13|2011-12-25|N|Hawaii|L|68|75|26|64|.406|8|16|.500|8|12|.667|12|26|13|4|6|7|19||26|53|.491|7|15|.467|16|19|.842|7|34|17|6|2|11|13
14|14|2012-01-01||East Tennessee State|W|65|58|22|50|.440|7|18|.389|14|22|.636|8|28|18|14|8|16|16||20|44|.455|4|8|.500|14|23|.609|5|25|9|7|3|20|19
15|15|2012-01-07||Florida State|W|79|59|24|49|.490|3|14|.214|28|33|.848|8|34|14|8|5|12|17||22|62|.355|5|19|.263|10|13|.769|12|30|10|9|1|16|24
16|16|2012-01-12|@|Boston College|L|57|59|20|51|.392|5|19|.263|12|19|.632|10|32|7|10|4|14|18||20|40|.500|8|19|.421|11|20|.550|1|21|12|3|2|15|15
17|17|2012-01-15||Duke|L|66|73|26|66|.394|4|16|.250|10|20|.500|16|38|13|9|2|12|19||25|57|.439|8|23|.348|15|18|.833|12|35|9|5|4|17|15
18|18|2012-01-18|@|Miami (FL)|L|73|76|27|57|.474|6|20|.300|13|20|.650|9|26|12|10|5|11|13||27|52|.519|9|20|.450|13|14|.929|5|28|19|10|3|14|16
19|19|2012-01-21||Georgia Tech|W|64|62|22|47|.468|8|17|.471|12|20|.600|6|24|10|9|3|13|19||21|48|.438|9|18|.500|11|21|.524|11|33|8|5|1|22|19
20|20|2012-01-28||Wake Forest|W|71|60|25|60|.417|6|15|.400|15|22|.682|11|32|16|10|7|8|18||22|54|.407|3|10|.300|13|19|.684|12|39|13|4|5|14|18
21|21|2012-01-31|@|Virginia|L|61|65|22|54|.407|8|21|.381|9|11|.818|4|17|12|5|1|4|13||24|43|.558|6|14|.429|11|15|.733|5|31|15|3|5|11|12
22|22|2012-02-04|@|Virginia Tech|L|65|67|25|66|.379|2|17|.118|13|19|.684|19|40|9|2|6|10|15||24|58|.414|6|20|.300|13|15|.867|11|30|12|4|4|8|19
23|23|2012-02-07||Maryland|L|62|64|22|63|.349|7|20|.350|11|19|.579|14|34|12|5|7|9|18||23|47|.489|8|11|.727|10|17|.588|6|32|14|7|2|15|17
24|24|2012-02-11|@|Wake Forest|W|78|58|32|55|.582|8|18|.444|6|12|.500|10|29|14|11|4|11|22||16|43|.372|2|11|.182|24|29|.828|8|24|9|7|4|14|15
25|25|2012-02-14||Virginia|W|60|48|23|50|.460|5|15|.333|9|13|.692|5|22|13|14|2|9|9||22|44|.500|3|16|.188|1|1|1.000|3|26|12|5|1|18|16
26|26|2012-02-18|@|North Carolina|L|52|74|18|48|.375|6|17|.353|10|16|.625|4|23|10|7|3|15|12||31|63|.492|6|14|.429|6|8|.750|10|37|19|7|7|12|15
27|27|2012-02-21|@|Georgia Tech|W|56|37|23|51|.451|3|13|.231|7|9|.778|9|27|11|8|1|13|15||15|48|.313|3|17|.176|4|11|.364|13|29|5|5|5|18|14
28|28|2012-02-25||North Carolina State|W (1 OT)|72|69|25|57|.439|6|20|.300|16|21|.762|8|26|16|9|2|11|14||30|60|.500|4|16|.250|5|13|.385|10|34|16|6|2|13|20
29|29|2012-03-01||Virginia Tech|W|58|56|22|50|.440|0|10|.000|14|25|.560|10|35|13|13|2|12|13||21|49|.429|8|16|.500|6|11|.545|6|27|11|5|1|14|17
30|30|2012-03-04|@|Florida State|L|72|80|30|73|.411|6|24|.250|6|8|.750|15|35|10|11|2|12|21||26|52|.500|11|19|.579|17|22|.773|9|35|14|3|5|18|15
31|31|2012-03-08|N|Virginia Tech|L|63|68|23|50|.460|8|22|.364|9|15|.600|9|27|12|2|2|11|13||22|53|.415|7|23|.304|17|20|.850|10|28|12|5|1|8|13
