ranker|game_season|date_game|game_location|opp_id|game_result|pts|opp_pts|fg|fga|fg_pct|fg3|fg3a|fg3_pct|ft|fta|ft_pct|orb|trb|ast|stl|blk|tov|pf|x|opp_fg|opp_fga|opp_fg_pct|opp_fg3|opp_fg3a|opp_fg3_pct|opp_ft|opp_fta|opp_ft_pct|opp_orb|opp_trb|opp_ast|opp_stl|opp_blk|opp_tov|opp_pf|
1|1|2011-11-13|@|Vanderbilt|W|71|58|27|54|.500|5|17|.294|12|20|.600|8|33|13|15|4|16|21||18|51|.353|4|17|.235|18|26|.692|13|31|6|10|3|20|15
2|2|2011-11-15||Rio Grande|W|86|57|34|68|.500|5|17|.294|13|23|.565|17|34|17|15|11|12|25||16|51|.314|5|11|.455|20|30|.667|15|36|11|6|1|28|20
3|3|2011-11-18||St. Bonaventure|W|67|64|24|52|.462|7|17|.412|12|18|.667|8|27|17|13|1|13|15||26|46|.565|6|15|.400|6|10|.600|5|23|10|6|7|23|16
4|4|2011-11-22|@|Kent State|W|57|53|20|57|.351|5|17|.294|12|16|.750|9|33|14|7|3|20|22||19|54|.352|1|17|.059|14|24|.583|10|37|11|11|5|22|16
5|5|2011-11-25|N|Boston University|W|63|62|22|65|.338|7|23|.304|12|13|.923|19|37|12|11|3|15|30||16|40|.400|2|13|.154|28|44|.636|11|32|9|8|6|18|14
6|6|2011-11-26|N|Hofstra|L|53|63|21|52|.404|4|19|.211|7|11|.636|4|16|10|4|2|10|29||21|41|.512|1|6|.167|20|31|.645|11|33|8|4|2|16|14
7|7|2011-11-27|@|Rhode Island|W|67|45|29|56|.518|5|18|.278|4|7|.571|10|25|19|12|0|10|15||21|53|.396|0|8|.000|3|10|.300|18|36|10|6|5|20|12
8|8|2011-12-01|@|Wright State|W|45|43|16|40|.400|5|17|.294|8|9|.889|10|27|10|5|0|16|18||16|39|.410|2|9|.222|9|14|.643|6|21|6|9|0|10|15
9|9|2011-12-03|@|Detroit Mercy|W|66|61|24|54|.444|3|12|.250|15|19|.789|12|25|14|10|4|18|19||20|43|.465|1|13|.077|20|22|.909|3|19|10|6|7|18|18
10|10|2011-12-08|@|Robert Morris|W|62|58|16|40|.400|7|19|.368|23|29|.793|7|20|8|10|1|19|24||19|40|.475|7|16|.438|13|23|.565|8|21|10|10|5|21|20
11|11|2011-12-10||Akron|W|69|66|26|57|.456|8|19|.421|9|10|.900|7|27|16|8|8|15|18||20|47|.426|5|9|.556|21|29|.724|8|23|11|11|2|15|12
12|12|2011-12-19|@|South Florida|L|55|70|22|63|.349|7|26|.269|4|6|.667|18|36|12|5|4|13|20||23|48|.479|5|13|.385|19|22|.864|8|32|16|5|7|11|8
13|13|2011-12-22||Sam Houston State|W|63|45|21|53|.396|10|19|.526|11|14|.786|9|24|12|9|1|13|20||14|34|.412|2|9|.222|15|28|.536|9|29|8|6|4|23|10
14|14|2011-12-28|@|Toledo|W|72|64|28|60|.467|7|23|.304|9|11|.818|7|31|17|11|4|10|22||22|48|.458|5|16|.313|15|26|.577|8|34|14|5|2|17|13
15|15|2011-12-31||Youngstown State|L|67|73|24|52|.462|10|21|.476|9|12|.750|6|22|13|4|0|12|18||25|43|.581|8|16|.500|15|23|.652|5|28|17|8|1|15|9
16|16|2012-01-05||Illinois-Chicago|W|73|56|28|61|.459|11|20|.550|6|11|.545|13|35|17|10|8|9|20||17|56|.304|5|17|.294|17|22|.773|20|36|7|4|2|15|11
17|17|2012-01-07||Loyola (IL)|W|69|48|26|46|.565|10|17|.588|7|8|.875|4|26|20|7|6|16|23||13|41|.317|1|9|.111|21|30|.700|8|23|5|7|1|15|9
18|18|2012-01-13|@|Butler|W|76|69|25|52|.481|8|21|.381|18|23|.783|9|31|11|4|2|13|28||17|42|.405|10|21|.476|25|42|.595|6|24|14|7|2|12|16
19|19|2012-01-15|@|Valparaiso|L|66|72|24|60|.400|6|22|.273|12|17|.706|9|28|16|10|1|10|23||27|45|.600|6|17|.353|12|19|.632|4|28|19|4|7|16|13
20|20|2012-01-20||Green Bay|W|78|68|28|55|.509|6|15|.400|16|17|.941|13|39|18|7|3|21|23||23|51|.451|6|17|.353|16|30|.533|10|20|9|10|7|13|16
21|21|2012-01-22||Milwaukee|W|83|57|33|52|.635|7|13|.538|10|14|.714|5|27|22|5|1|14|23||18|51|.353|4|16|.250|17|24|.708|11|26|6|8|0|15|16
22|22|2012-01-28|@|Youngstown State|W|67|47|27|61|.443|8|15|.533|5|10|.500|13|38|19|11|4|13|16||17|55|.309|4|24|.167|9|16|.563|9|27|10|6|6|15|12
23|23|2012-02-03|@|Loyola (IL)|W|65|47|25|37|.676|5|10|.500|10|15|.667|2|22|15|12|6|19|18||19|47|.404|2|10|.200|7|13|.538|11|23|8|8|1|16|12
24|24|2012-02-05|@|Illinois-Chicago|W|70|42|28|50|.560|9|17|.529|5|10|.500|9|31|10|10|7|12|14||15|55|.273|6|21|.286|6|12|.500|15|26|10|6|5|14|7
25|25|2012-02-09||Valparaiso|L|41|59|14|54|.259|1|13|.077|12|18|.667|10|32|3|9|7|10|15||18|43|.419|11|22|.500|12|19|.632|5|34|13|6|5|16|14
26|26|2012-02-11||Butler|L|49|52|18|48|.375|5|19|.263|8|12|.667|8|28|11|6|3|16|16||19|50|.380|0|8|.000|14|20|.700|12|32|8|9|5|14|14
27|27|2012-02-14|@|Milwaukee|L|84|86|28|46|.609|8|17|.471|20|24|.833|5|20|10|9|2|13|27||20|45|.444|13|28|.464|33|40|.825|10|23|16|5|1|13|21
28|28|2012-02-18||Drexel|L|49|69|17|63|.270|7|28|.250|8|12|.667|16|31|9|2|0|6|22||22|45|.489|6|17|.353|19|26|.731|9|38|10|4|4|7|13
29|29|2012-02-21|@|Green Bay|L|67|71|28|62|.452|7|18|.389|4|9|.444|10|33|12|5|4|14|16||27|58|.466|10|21|.476|7|10|.700|8|33|16|7|8|11|11
30|30|2012-02-23||Detroit Mercy|W|77|64|27|59|.458|5|14|.357|18|24|.750|11|35|16|6|3|10|24||16|54|.296|5|15|.333|27|38|.711|13|34|9|6|5|13|20
31|31|2012-02-25||Wright State|W|77|55|29|46|.630|8|20|.400|11|23|.478|4|26|16|13|5|11|16||20|49|.408|7|18|.389|8|15|.533|6|23|7|3|1|15|18
32|32|2012-03-03|N|Detroit Mercy|L|58|63|20|56|.357|3|13|.231|15|18|.833|12|28|8|8|2|14|24||20|50|.400|4|16|.250|19|23|.826|11|31|12|7|5|16|18
33|33|2012-03-13|@|Stanford|L|65|76|25|67|.373|8|23|.348|7|13|.538|13|40|14|6|0|21|28||24|49|.490|4|13|.308|24|39|.615|5|31|12|12|5|12|16
