ranker|game_season|date_game|game_location|opp_id|game_result|pts|opp_pts|fg|fga|fg_pct|fg3|fg3a|fg3_pct|ft|fta|ft_pct|orb|trb|ast|stl|blk|tov|pf|x|opp_fg|opp_fga|opp_fg_pct|opp_fg3|opp_fg3a|opp_fg3_pct|opp_ft|opp_fta|opp_ft_pct|opp_orb|opp_trb|opp_ast|opp_stl|opp_blk|opp_tov|opp_pf|
1|1|2011-11-12|@|Binghamton|W|78|74|24|49|.490|6|18|.333|24|32|.750|6|38|7|4|4|18|24||22|67|.328|4|19|.211|26|37|.703|17|37|11|12|3|10|26
2|2|2011-11-16|@|Wisconsin|L|41|68|16|46|.348|3|11|.273|6|12|.500|4|26|7|1|6|13|17||27|61|.443|10|23|.435|4|14|.286|13|40|8|11|2|5|13
3|3|2011-11-19|@|Syracuse|L|47|92|18|53|.340|8|25|.320|3|6|.500|10|28|10|3|1|24|22||31|63|.492|10|28|.357|20|30|.667|12|36|18|17|8|9|14
4|4|2011-11-23||Saint Francis (PA)|W|74|66|23|49|.469|10|21|.476|18|27|.667|15|41|13|2|2|19|19||22|54|.407|7|22|.318|15|23|.652|9|24|10|10|2|12|20
5|5|2011-11-26|@|Marist|L|73|81|28|64|.438|13|24|.542|4|8|.500|5|28|18|8|1|17|21||26|57|.456|6|17|.353|23|29|.793|10|36|13|8|3|16|14
6|6|2011-11-29|@|Fordham|L|69|79|21|53|.396|11|24|.458|16|24|.667|8|36|12|3|3|20|32||25|54|.463|4|11|.364|25|40|.625|6|29|11|15|5|10|21
7|7|2011-12-01||Eastern Michigan|W|74|70|22|40|.550|6|14|.429|24|30|.800|7|27|18|3|2|18|19||24|63|.381|4|24|.167|18|20|.900|10|25|7|7|1|10|22
8|8|2011-12-07|@|Albany (NY)|L|63|87|25|57|.439|8|21|.381|5|9|.556|8|26|11|3|1|14|17||36|55|.655|4|11|.364|11|14|.786|3|23|16|11|2|9|20
9|9|2011-12-10||St. Francis (NY)|W|65|63|25|48|.521|2|9|.222|13|17|.765|8|30|10|6|2|24|17||28|62|.452|3|20|.150|4|6|.667|7|24|11|6|3|19|19
10|10|2011-12-19||Dartmouth|W (1 OT)|61|55|18|47|.383|2|11|.182|23|34|.676|5|41|6|4|1|14|23||16|59|.271|7|25|.280|16|27|.593|8|33|8|9|2|8|29
11|11|2011-12-22|@|Hofstra|L|59|82|20|54|.370|5|15|.333|14|17|.824|7|28|17|3|3|18|24||28|58|.483|6|18|.333|20|29|.690|10|37|18|13|5|10|16
12|12|2011-12-28||Quinnipiac|L|70|80|23|57|.404|10|19|.526|14|17|.824|9|23|10|5|1|11|24||24|56|.429|4|10|.400|28|31|.903|14|40|9|3|1|15|17
13|13|2011-12-31|@|New Hampshire|L|64|71|26|60|.433|6|17|.353|6|14|.429|10|31|9|6|4|13|23||23|47|.489|8|18|.444|17|27|.630|4|31|11|4|3|11|14
14|14|2012-01-04||Columbia|L|59|66|21|50|.420|4|13|.308|13|16|.813|5|31|13|4|2|17|15||24|55|.436|6|16|.375|12|15|.800|4|26|12|9|2|11|16
15|15|2012-01-07|@|American|L|54|82|18|51|.353|3|14|.214|15|23|.652|7|27|11|2|2|8|18||31|58|.534|9|20|.450|11|14|.786|7|33|17|2|2|6|21
16|16|2012-01-11|@|Bucknell|L|57|70|20|54|.370|6|18|.333|11|14|.786|4|23|10|4|0|8|16||27|51|.529|6|13|.462|10|16|.625|9|37|15|4|4|13|15
17|17|2012-01-14||Lehigh|L|56|78|20|49|.408|10|22|.455|6|6|1.000|3|30|16|3|2|18|13||30|65|.462|13|24|.542|5|9|.556|11|32|14|12|5|11|10
18|18|2012-01-18|@|Army|L|75|91|30|58|.517|9|21|.429|6|9|.667|8|29|18|5|3|17|19||33|62|.532|16|29|.552|9|14|.643|4|24|23|5|1|9|13
19|19|2012-01-21||Navy|W (1 OT)|65|54|23|45|.511|5|15|.333|14|27|.519|7|36|17|4|7|17|16||21|63|.333|7|21|.333|5|14|.357|10|30|13|12|1|12|19
20|20|2012-01-25||Lafayette|L|76|82|31|56|.554|7|18|.389|7|14|.500|4|22|17|6|0|5|20||28|50|.560|8|21|.381|18|22|.818|3|23|12|2|1|9|16
21|21|2012-01-28|@|Holy Cross|L|60|76|22|59|.373|8|22|.364|8|10|.800|8|27|16|2|4|5|18||26|56|.464|8|20|.400|16|21|.762|11|41|18|2|5|6|13
22|22|2012-02-01|@|NJIT|W|76|73|27|48|.563|7|12|.583|15|25|.600|6|29|13|3|3|16|18||23|54|.426|7|20|.350|20|25|.800|8|21|8|6|7|10|22
23|23|2012-02-04||American|L|58|59|19|46|.413|4|14|.286|16|19|.842|6|29|6|4|3|5|10||25|57|.439|7|13|.538|2|4|.500|6|27|9|4|2|4|14
24|24|2012-02-08||Bucknell|L|50|66|14|54|.259|5|19|.263|17|28|.607|5|29|10|7|1|7|22||21|52|.404|3|14|.214|21|24|.875|8|41|5|4|3|13|23
25|25|2012-02-11|@|Lehigh|L|69|89|26|52|.500|11|19|.579|6|9|.667|4|18|13|3|1|13|21||27|53|.509|8|17|.471|27|32|.844|9|31|19|6|0|5|14
26|26|2012-02-15||Army|L|59|79|19|47|.404|2|13|.154|19|24|.792|13|30|12|4|2|15|13||30|58|.517|12|25|.480|7|8|.875|8|22|17|6|0|10|21
27|27|2012-02-18|@|Navy|W|59|57|17|29|.586|6|10|.600|19|24|.792|2|21|10|0|1|17|20||18|46|.391|5|15|.333|16|23|.696|10|19|9|8|1|8|24
28|28|2012-02-22|@|Lafayette|L|67|84|25|57|.439|9|19|.474|8|13|.615|7|30|12|2|1|9|18||28|50|.560|18|33|.545|10|16|.625|2|26|18|6|2|6|14
29|29|2012-02-25||Holy Cross|L|58|65|20|54|.370|7|21|.333|11|19|.579|8|27|9|3|2|7|15||24|50|.480|4|14|.286|13|20|.650|4|29|11|3|3|6|17
30|30|2012-02-29|@|Lehigh|L|57|70|19|46|.413|5|16|.313|14|17|.824|6|32|12|4|3|22|16||24|63|.381|8|25|.320|14|18|.778|10|25|13|13|3|9|14
