ranker|game_season|date_game|game_location|opp_id|game_result|pts|opp_pts|fg|fga|fg_pct|fg3|fg3a|fg3_pct|ft|fta|ft_pct|orb|trb|ast|stl|blk|tov|pf|x|opp_fg|opp_fga|opp_fg_pct|opp_fg3|opp_fg3a|opp_fg3_pct|opp_ft|opp_fta|opp_ft_pct|opp_orb|opp_trb|opp_ast|opp_stl|opp_blk|opp_tov|opp_pf|
1|1|2011-11-11||Holy Cross|W|78|69|22|50|.440|7|16|.438|27|42|.643|11|37|8|6|6|18|20||24|59|.407|2|11|.182|19|23|.826|9|32|8|11|3|18|29
2|2|2011-11-15||Morehead State|W|72|57|27|52|.519|10|24|.417|8|11|.727|11|36|19|5|2|15|16||18|54|.333|6|17|.353|15|20|.750|11|26|9|7|1|12|17
3|3|2011-11-19|@|Clemson|W|72|69|30|57|.526|5|17|.294|7|14|.500|10|31|12|6|2|10|8||28|64|.438|6|22|.273|7|9|.778|14|32|13|6|3|9|15
4|4|2011-11-24|N|Central Florida|L|63|74|21|51|.412|8|23|.348|13|18|.722|4|21|15|4|3|13|21||28|56|.500|5|12|.417|13|27|.481|13|43|16|6|3|14|18
5|5|2011-11-25|N|North Carolina-Asheville|W|68|66|26|58|.448|6|22|.273|10|17|.588|12|32|11|8|3|12|19||25|59|.424|7|21|.333|9|13|.692|14|36|8|3|1|16|17
6|6|2011-11-26|N|Massachusetts|W|85|61|29|57|.509|12|23|.522|15|20|.750|9|32|17|8|3|16|15||25|72|.347|4|28|.143|7|11|.636|23|38|9|9|3|14|15
7|7|2011-12-01||Citadel|W|83|64|37|74|.500|7|28|.250|2|5|.400|8|32|12|11|6|10|11||26|65|.400|3|14|.214|9|10|.900|13|37|13|4|2|21|9
8|8|2011-12-03||Chattanooga|W (2 OT)|87|85|26|68|.382|12|43|.279|23|31|.742|9|41|10|10|4|11|16||30|69|.435|14|26|.538|11|14|.786|6|41|18|6|0|17|26
9|9|2011-12-14||Tennessee|W|71|65|25|51|.490|7|15|.467|14|26|.538|6|24|13|9|2|8|8||26|57|.456|9|29|.310|4|6|.667|10|33|14|6|5|16|20
10|10|2011-12-17||Charleston Southern|W|70|68|24|50|.480|9|20|.450|13|26|.500|8|42|13|4|10|19|13||28|75|.373|10|25|.400|2|8|.250|15|35|13|12|4|5|22
11|11|2011-12-20|@|Louisville|L|62|69|20|52|.385|12|23|.522|10|13|.769|9|33|11|7|2|22|14||27|62|.435|8|22|.364|7|16|.438|17|41|12|15|5|17|15
12|12|2011-12-22|@|Coastal Carolina|W|77|70|24|54|.444|11|24|.458|18|23|.783|7|30|12|2|1|9|10||30|65|.462|6|15|.400|4|5|.800|10|33|15|3|2|10|19
13|13|2011-12-30||George Mason|L|76|84|26|60|.433|5|21|.238|19|28|.679|9|28|14|6|2|13|20||31|60|.517|8|16|.500|14|19|.737|8|33|16|8|6|9|21
14|14|2012-01-05|@|Wofford|L|58|75|21|54|.389|10|25|.400|6|9|.667|5|22|9|4|2|12|13||26|57|.456|11|28|.393|12|15|.800|10|34|16|10|1|9|10
15|15|2012-01-07|@|Furman|W|66|43|24|47|.511|3|15|.200|15|25|.600|7|28|9|12|2|14|18||16|54|.296|4|22|.182|7|12|.583|17|39|10|5|0|22|22
16|16|2012-01-12||North Carolina-Greensboro|L|66|73|22|60|.367|6|26|.231|16|28|.571|8|31|10|10|3|16|20||26|59|.441|7|18|.389|14|22|.636|12|43|11|4|4|22|22
17|17|2012-01-14||Elon|W|63|44|24|60|.400|6|24|.250|9|17|.529|10|53|13|9|10|19|18||16|67|.239|3|22|.136|9|13|.692|9|34|3|4|3|12|18
18|18|2012-01-19|@|Davidson|L|69|87|24|61|.393|7|26|.269|14|24|.583|8|31|9|6|2|9|23||30|66|.455|8|23|.348|19|24|.792|11|44|14|3|5|10|21
19|19|2012-01-21|@|Georgia Southern|L|58|64|20|56|.357|7|24|.292|11|20|.550|8|27|10|8|2|11|15||26|53|.491|6|18|.333|6|10|.600|11|36|19|5|2|14|18
20|20|2012-01-26||Furman|L|63|69|21|60|.350|4|23|.174|17|24|.708|11|32|9|7|3|11|21||25|57|.439|5|11|.455|14|25|.560|14|38|8|3|8|14|20
21|21|2012-01-28||Wofford|L|59|68|22|58|.379|9|28|.321|6|10|.600|10|26|14|6|3|8|14||27|51|.529|6|16|.375|8|11|.727|4|28|16|2|1|10|12
22|22|2012-01-30|@|Samford|W|68|52|23|62|.371|11|32|.344|11|12|.917|16|41|17|7|4|10|8||21|57|.368|6|26|.231|4|6|.667|8|30|12|5|0|13|14
23|23|2012-02-02|@|Elon|L (2 OT)|98|99|35|80|.438|11|30|.367|17|24|.708|14|43|15|11|4|18|27||34|63|.540|9|20|.450|22|31|.710|7|41|17|8|3|20|18
24|24|2012-02-04|@|Appalachian State|W|74|62|23|53|.434|11|26|.423|17|22|.773|7|29|12|7|7|8|11||26|70|.371|3|19|.158|7|8|.875|18|43|15|4|3|13|18
25|25|2012-02-09||Western Carolina|W|62|58|16|59|.271|8|24|.333|22|37|.595|23|46|9|5|10|12|16||23|66|.348|6|20|.300|6|10|.600|18|38|8|7|3|12|25
26|26|2012-02-11||Davidson|W|86|78|27|56|.482|10|20|.500|22|35|.629|9|32|11|6|1|10|25||23|59|.390|7|25|.280|25|33|.758|10|33|13|4|3|11|27
27|27|2012-02-15|@|North Carolina-Greensboro|L|63|78|21|59|.356|5|25|.200|16|21|.762|15|37|10|9|4|22|15||30|62|.484|8|19|.421|10|14|.714|8|29|14|12|5|15|17
28|28|2012-02-18|@|Kent State|W|80|73|22|46|.478|10|18|.556|26|37|.703|7|33|13|6|2|14|15||28|78|.359|6|29|.207|11|17|.647|23|42|14|5|0|11|23
29|29|2012-02-23||Georgia Southern|W|58|53|21|47|.447|7|17|.412|9|20|.450|6|23|14|11|4|12|8||22|48|.458|5|16|.313|4|8|.500|5|29|9|6|2|19|16
30|30|2012-02-25|@|Citadel|W|55|47|18|41|.439|3|19|.158|16|27|.593|5|25|8|11|4|14|21||14|42|.333|2|13|.154|17|22|.773|8|33|10|7|0|17|20
31|31|2012-03-02|N|Appalachian State|L|81|93|33|76|.434|6|24|.250|9|17|.529|12|29|11|8|2|6|18||34|64|.531|8|15|.533|17|24|.708|16|45|13|5|4|16|15
