ranker|game_season|date_game|game_location|opp_id|game_result|pts|opp_pts|fg|fga|fg_pct|fg3|fg3a|fg3_pct|ft|fta|ft_pct|orb|trb|ast|stl|blk|tov|pf|x|opp_fg|opp_fga|opp_fg_pct|opp_fg3|opp_fg3a|opp_fg3_pct|opp_ft|opp_fta|opp_ft_pct|opp_orb|opp_trb|opp_ast|opp_stl|opp_blk|opp_tov|opp_pf|
1|1|2011-11-11||Montana|W|64|58|19|49|.388|4|13|.308|22|29|.759|11|39|4|5|2|13|18||21|52|.404|5|16|.313|11|16|.688|3|21|12|3|3|10|26
2|2|2011-11-14|N|Southern Methodist|W|75|56|26|50|.520|9|17|.529|14|15|.933|10|29|13|2|2|14|23||16|42|.381|7|25|.280|17|27|.630|4|16|8|4|1|9|15
3|3|2011-11-15|@|Stanford|L|52|64|21|62|.339|4|16|.250|6|12|.500|12|35|9|8|1|13|19||21|49|.429|5|17|.294|17|26|.654|9|37|11|5|3|17|15
4|4|2011-11-19||Southern Mississippi|L|58|79|18|43|.419|6|13|.462|16|20|.800|3|16|9|1|4|7|16||31|59|.525|10|18|.556|7|9|.778|13|33|11|2|2|6|18
5|5|2011-11-21||Texas-San Antonio|W|85|75|25|47|.532|11|22|.500|24|34|.706|6|30|17|7|2|11|19||25|54|.463|10|24|.417|15|19|.789|6|25|11|4|2|10|23
6|6|2011-11-22||Manhattan|W (1 OT)|91|86|21|40|.525|6|9|.667|43|54|.796|4|22|10|6|0|13|26||25|51|.490|9|24|.375|27|36|.750|10|29|13|7|5|16|35
7|7|2011-11-30||Colorado|W|65|64|24|52|.462|7|15|.467|10|16|.625|3|27|12|9|2|15|19||21|57|.368|9|20|.450|13|29|.448|13|38|10|7|3|15|16
8|8|2011-12-03|@|Northern Iowa|L|77|83|28|55|.509|10|20|.500|11|13|.846|8|26|10|3|2|13|23||25|42|.595|8|17|.471|25|32|.781|2|20|13|9|3|11|17
9|9|2011-12-07|@|Duke|L|64|87|24|59|.407|4|11|.364|12|17|.706|11|32|11|3|1|14|20||31|55|.564|7|21|.333|18|29|.621|9|34|21|8|9|9|15
10|10|2011-12-19||Texas Southern|W|85|61|29|55|.527|11|24|.458|16|21|.762|9|29|15|9|1|15|21||18|44|.409|4|21|.190|21|26|.808|6|18|4|9|3|19|23
11|11|2011-12-22|@|Northern Colorado|W|92|78|29|49|.592|13|24|.542|21|28|.750|5|20|22|6|2|7|23||22|47|.468|9|24|.375|25|29|.862|10|27|13|3|4|16|23
12|12|2011-12-28|@|Texas-El Paso|W|56|53|21|42|.500|3|11|.273|11|14|.786|8|26|11|7|2|15|19||17|39|.436|7|17|.412|12|19|.632|6|21|11|4|0|14|16
13|13|2011-12-29|N|Jacksonville State|W|79|56|27|45|.600|2|8|.250|23|30|.767|7|34|12|7|4|13|19||17|53|.321|4|20|.200|18|29|.621|13|28|10|3|1|15|23
14|14|2012-01-07||Nebraska-Omaha|W|87|63|31|51|.608|7|15|.467|18|22|.818|6|30|22|7|4|14|18||24|63|.381|7|19|.368|8|12|.667|13|30|7|4|1|18|21
15|15|2012-01-11||Denver|W|79|75|25|47|.532|1|7|.143|28|31|.903|10|23|6|5|1|8|24||22|35|.629|6|11|.545|25|34|.735|4|15|12|5|2|13|27
16|16|2012-01-14||Texas Christian|W (2 OT)|95|89|35|63|.556|4|13|.308|21|31|.677|7|38|20|8|5|18|19||30|70|.429|12|31|.387|17|20|.850|8|29|10|8|1|18|28
17|17|2012-01-17||Boise State|W|66|55|20|42|.476|9|16|.563|17|26|.654|3|31|16|6|2|8|15||22|65|.338|7|24|.292|4|6|.667|11|33|10|5|1|8|21
18|18|2012-01-21|@|Wyoming|L|51|70|17|42|.405|5|17|.294|12|13|.923|3|23|8|5|2|14|19||23|53|.434|8|19|.421|16|20|.800|12|32|15|6|4|9|13
19|19|2012-01-25|@|New Mexico|L|52|85|16|43|.372|3|14|.214|17|23|.739|6|23|5|7|1|20|15||35|67|.522|9|21|.429|6|8|.750|13|36|23|8|7|12|20
20|20|2012-01-28||San Diego State|W|77|60|24|49|.490|6|13|.462|23|23|1.000|4|37|13|1|0|16|20||20|64|.313|3|21|.143|17|20|.850|10|27|7|6|4|8|20
21|21|2012-02-01|@|Nevada-Las Vegas|L|63|82|23|56|.411|6|13|.462|11|14|.786|8|27|10|3|1|12|19||30|60|.500|9|23|.391|13|19|.684|9|36|24|6|5|9|13
22|22|2012-02-04||Air Force|W|67|49|24|57|.421|4|22|.182|15|21|.714|12|39|15|5|4|12|16||17|42|.405|3|14|.214|12|23|.522|2|22|9|7|4|13|17
23|23|2012-02-11|@|Texas Christian|L|71|75|27|51|.529|8|14|.571|9|15|.600|5|26|21|7|1|14|16||25|53|.472|12|27|.444|13|16|.813|6|27|19|4|3|12|16
24|24|2012-02-15|@|Boise State|L|69|70|22|53|.415|6|15|.400|19|30|.633|10|35|11|2|2|12|22||23|54|.426|5|17|.294|19|22|.864|6|24|14|2|3|8|19
25|25|2012-02-18||Wyoming|W|54|46|19|37|.514|2|6|.333|14|16|.875|2|26|11|2|1|11|14||17|44|.386|7|20|.350|5|8|.625|3|19|7|3|3|7|17
26|26|2012-02-21||New Mexico|W|71|63|23|52|.442|5|11|.455|20|23|.870|5|31|13|9|0|13|16||22|60|.367|6|23|.261|13|18|.722|12|33|12|6|3|17|18
27|27|2012-02-25|@|San Diego State|L|66|74|26|66|.394|5|14|.357|9|11|.818|11|31|9|3|3|5|20||24|56|.429|6|16|.375|20|24|.833|10|37|10|2|8|7|14
28|28|2012-02-29||Nevada-Las Vegas|W|66|59|23|53|.434|4|18|.222|16|18|.889|8|32|10|5|5|10|14||22|56|.393|8|21|.381|7|11|.636|8|27|13|5|4|10|15
29|29|2012-03-03|@|Air Force|W|75|65|26|48|.542|9|16|.563|14|20|.700|8|26|12|7|1|9|15||23|46|.500|13|22|.591|6|12|.500|7|24|22|4|4|11|15
30|30|2012-03-08|N|Texas Christian|W|81|60|30|57|.526|4|10|.400|17|23|.739|9|35|16|6|0|11|18||22|57|.386|2|20|.100|14|22|.636|10|26|10|5|1|15|19
31|31|2012-03-09|N|San Diego State|L|69|79|25|58|.431|8|22|.364|11|13|.846|5|23|9|5|1|7|18||27|56|.482|8|18|.444|17|22|.773|10|37|15|5|4|6|15
32|32|2012-03-15|N|Murray State|L|41|58|16|48|.333|3|14|.214|6|9|.667|11|38|7|6|1|21|22||20|51|.392|5|17|.294|13|26|.500|10|32|9|9|5|7|8
