ranker|game_season|date_game|game_location|opp_id|game_result|pts|opp_pts|fg|fga|fg_pct|fg3|fg3a|fg3_pct|ft|fta|ft_pct|orb|trb|ast|stl|blk|tov|pf|x|opp_fg|opp_fga|opp_fg_pct|opp_fg3|opp_fg3a|opp_fg3_pct|opp_ft|opp_fta|opp_ft_pct|opp_orb|opp_trb|opp_ast|opp_stl|opp_blk|opp_tov|opp_pf|
1|1|2011-11-11|@|St. Bonaventure|L|58|79|19|45|.422|8|20|.400|12|19|.632|5|23|12|5|2|18|22||27|54|.500|6|18|.333|19|26|.731|9|32|16|8|4|10|19
2|2|2011-11-14||Binghamton|W|76|61|23|54|.426|10|22|.455|20|26|.769|5|32|17|6|2|15|19||23|63|.365|5|21|.238|10|18|.556|12|38|13|5|3|19|21
3|3|2011-11-16|@|Buffalo|L|59|68|24|64|.375|7|27|.259|4|8|.500|9|25|16|14|4|16|21||23|50|.460|4|16|.250|18|22|.818|8|38|17|7|6|20|16
4|4|2011-11-20||Boston University|W|71|66|25|57|.439|8|26|.308|13|16|.813|8|38|17|7|2|12|16||21|54|.389|7|23|.304|17|18|.944|9|32|11|7|3|15|16
5|5|2011-11-22|@|Delaware|L|64|72|24|64|.375|7|27|.259|9|15|.600|7|29|6|10|4|10|20||24|54|.444|6|19|.316|18|26|.692|7|43|12|4|3|17|15
6|6|2011-11-27||American|L|63|65|24|55|.436|8|21|.381|7|10|.700|8|29|19|10|2|16|24||20|48|.417|3|14|.214|22|27|.815|6|28|10|6|4|16|12
7|7|2011-12-03||Lehigh|W (1 OT)|81|79|25|64|.391|10|28|.357|21|33|.636|13|39|14|7|3|17|26||23|60|.383|3|24|.125|30|36|.833|10|33|6|10|4|17|27
8|8|2011-12-17||Albany (NY)|W (1 OT)|85|82|31|61|.508|10|30|.333|13|23|.565|5|28|25|15|3|17|20||27|58|.466|6|19|.316|22|29|.759|10|39|14|14|0|25|20
9|9|2011-12-19|@|Illinois|L|60|64|22|56|.393|10|23|.435|6|11|.545|8|24|12|7|3|10|16||24|57|.421|7|21|.333|9|13|.692|13|39|17|3|5|14|15
10|10|2011-12-21|@|Penn State|L|67|74|20|53|.377|11|28|.393|16|17|.941|6|28|14|3|4|16|28||21|56|.375|10|24|.417|22|30|.733|15|37|10|9|5|12|13
11|11|2011-12-28|@|Stony Brook|L (1 OT)|59|68|22|52|.423|7|24|.292|8|17|.471|6|29|12|11|2|18|23||21|53|.396|7|21|.333|19|28|.679|12|40|11|6|2|17|17
12|12|2011-12-31|@|Bucknell|L|60|63|18|48|.375|6|18|.333|18|24|.750|6|29|9|5|3|11|24||22|58|.379|3|15|.200|16|24|.667|16|38|10|2|2|11|19
13|13|2012-01-03|@|Maryland|L|62|70|22|52|.423|7|30|.233|11|15|.733|7|27|11|8|1|16|22||24|52|.462|4|19|.211|18|23|.783|10|32|15|4|4|15|14
14|14|2012-01-07||Albright|W|78|60|31|64|.484|10|22|.455|6|12|.500|6|30|22|8|6|14|18||21|62|.339|1|15|.067|17|22|.773|12|37|9|7|4|20|12
15|15|2012-01-13||Princeton|W|67|59|24|61|.393|2|11|.182|17|27|.630|8|36|10|8|5|6|14||21|58|.362|6|27|.222|11|16|.688|9|37|13|4|9|13|20
16|16|2012-01-14||Pennsylvania|L|52|64|18|48|.375|3|17|.176|13|24|.542|6|29|10|10|5|12|14||23|52|.442|10|20|.500|8|15|.533|5|32|12|8|3|14|19
17|17|2012-01-21|@|Columbia|L|56|61|19|56|.339|4|19|.211|14|19|.737|8|26|8|10|4|10|17||21|53|.396|4|14|.286|15|19|.789|11|41|14|5|2|18|16
18|18|2012-01-28||Columbia|W|65|60|22|53|.415|9|26|.346|12|16|.750|6|29|15|8|2|14|18||19|52|.365|4|22|.182|18|25|.720|10|35|10|7|0|14|18
19|19|2012-02-03|@|Harvard|L|60|71|20|53|.377|6|21|.286|14|16|.875|5|24|11|5|4|15|27||18|44|.409|6|20|.300|29|34|.853|7|30|12|5|5|16|17
20|20|2012-02-04|@|Dartmouth|W|68|59|22|53|.415|5|19|.263|19|27|.704|7|39|11|8|1|12|23||19|54|.352|3|17|.176|18|24|.750|7|35|10|4|4|14|21
21|21|2012-02-10||Yale|W (1 OT)|85|84|33|72|.458|12|26|.462|7|13|.538|12|30|20|6|4|11|21||29|55|.527|9|23|.391|17|24|.708|9|31|20|6|6|15|17
22|22|2012-02-11||Brown|W|72|63|24|51|.471|12|23|.522|12|18|.667|4|31|17|6|6|9|14||23|59|.390|8|22|.364|9|14|.643|9|35|15|5|3|14|16
23|23|2012-02-17|@|Pennsylvania|L|66|73|22|49|.449|8|18|.444|14|18|.778|8|27|13|6|1|16|17||24|48|.500|12|22|.545|13|19|.684|6|22|16|9|1|13|13
24|24|2012-02-18|@|Princeton|L|57|75|21|47|.447|8|22|.364|7|11|.636|7|18|10|5|2|17|12||29|52|.558|10|21|.476|7|8|.875|8|26|20|7|2|15|12
25|25|2012-02-24|@|Brown|W|69|63|26|62|.419|7|25|.280|10|15|.667|12|39|12|9|1|12|21||22|61|.361|4|22|.182|15|21|.714|14|38|10|6|3|13|16
26|26|2012-02-25|@|Yale|L|40|71|14|62|.226|4|22|.182|8|10|.800|16|36|7|5|3|13|16||27|57|.474|9|21|.429|8|11|.727|8|37|19|6|4|11|16
27|27|2012-03-02||Dartmouth|W|70|57|22|56|.393|11|23|.478|15|19|.789|9|32|15|8|2|12|25||16|47|.340|3|15|.200|22|35|.629|12|33|8|7|3|16|20
28|28|2012-03-03||Harvard|L|63|67|22|55|.400|7|18|.389|12|15|.800|8|26|14|8|4|9|19||21|43|.488|12|26|.462|13|17|.765|5|29|14|6|1|13|15
