ranker|game_season|date_game|game_location|opp_id|game_result|pts|opp_pts|fg|fga|fg_pct|fg3|fg3a|fg3_pct|ft|fta|ft_pct|orb|trb|ast|stl|blk|tov|pf|x|opp_fg|opp_fga|opp_fg_pct|opp_fg3|opp_fg3a|opp_fg3_pct|opp_ft|opp_fta|opp_ft_pct|opp_orb|opp_trb|opp_ast|opp_stl|opp_blk|opp_tov|opp_pf|
1|1|2011-11-12||Upper Iowa|W|83|58|29|56|.518|5|12|.417|20|32|.625|6|32|9|9|3|12|28||14|44|.318|4|14|.286|26|38|.684|7|34|5|5|2|22|24
2|2|2011-11-15||Iowa State|W|74|65|28|56|.500|6|18|.333|12|14|.857|7|33|13|5|4|16|20||21|57|.368|6|19|.316|17|27|.630|11|33|15|6|2|14|17
3|3|2011-11-18|N|Mississippi|L|59|63|19|50|.380|7|19|.368|14|21|.667|10|36|11|8|2|23|27||20|54|.370|5|16|.313|18|38|.474|13|32|10|11|6|20|20
4|4|2011-11-19|N|Winthrop|W|66|62|20|37|.541|7|17|.412|19|29|.655|6|24|11|6|2|14|20||20|51|.392|6|15|.400|16|22|.727|11|27|12|6|0|12|23
5|5|2011-11-21|N|Virginia|L|52|60|16|41|.390|2|10|.200|18|23|.783|5|20|6|9|1|15|20||20|38|.526|0|5|.000|20|23|.870|4|22|8|10|1|16|21
6|6|2011-11-26||Cal State Northridge|W|73|49|24|51|.471|5|14|.357|20|31|.645|7|35|12|10|7|16|18||20|57|.351|3|17|.176|6|12|.500|7|28|9|4|2|21|25
7|7|2011-11-30|@|Boise State|L|64|108|22|51|.431|8|18|.444|12|26|.462|7|22|9|3|5|15|26||36|59|.610|14|22|.636|22|34|.647|11|37|20|6|3|10|23
8|8|2011-12-03||Air Force|W|62|60|18|45|.400|6|20|.300|20|31|.645|5|30|8|9|4|13|26||16|41|.390|6|15|.400|22|35|.629|4|27|6|9|2|15|24
9|9|2011-12-08||Eastern Michigan|W|66|53|22|49|.449|5|16|.313|17|26|.654|9|29|14|8|3|9|18||18|45|.400|7|14|.500|10|14|.714|5|26|7|2|3|14|24
10|10|2011-12-17|@|Iowa|L|68|82|23|54|.426|5|19|.263|17|23|.739|14|32|7|5|2|19|23||28|56|.500|3|13|.231|23|29|.793|13|31|16|12|6|12|17
11|11|2011-12-21||Central Arkansas|W|87|64|33|63|.524|10|25|.400|11|18|.611|11|36|22|7|4|10|17||19|53|.358|7|17|.412|19|27|.704|7|28|8|3|4|14|15
12|12|2011-12-28||Indiana State|W|79|64|31|55|.564|6|10|.600|11|20|.550|5|32|7|6|1|12|21||23|59|.390|4|18|.222|14|19|.737|10|29|8|6|4|12|18
13|13|2011-12-31|@|Missouri State|L|61|72|23|50|.460|4|11|.364|11|21|.524|5|22|8|4|0|8|16||29|48|.604|5|8|.625|9|17|.529|6|30|9|4|1|8|18
14|14|2012-01-03|@|Creighton|L|59|76|21|57|.368|5|19|.263|12|19|.632|12|26|13|14|1|15|21||27|45|.600|5|11|.455|17|22|.773|5|30|16|5|5|19|18
15|15|2012-01-07||Northern Iowa|L|68|83|23|53|.434|5|18|.278|17|22|.773|8|23|7|7|4|13|27||26|47|.553|4|8|.500|27|34|.794|7|32|9|6|3|14|19
16|16|2012-01-10||Bradley|W|82|74|23|59|.390|8|21|.381|28|40|.700|11|33|7|7|1|7|24||22|46|.478|6|18|.333|24|35|.686|4|31|9|4|3|15|29
17|17|2012-01-13|@|Evansville|W|69|60|27|44|.614|7|12|.583|8|19|.421|4|34|18|5|2|21|22||23|54|.426|2|12|.167|12|19|.632|4|20|13|8|2|10|17
18|18|2012-01-15||Illinois State|W|77|60|27|48|.563|9|21|.429|14|22|.636|7|36|13|6|6|11|18||20|57|.351|9|26|.346|11|15|.733|9|27|13|5|0|10|16
19|19|2012-01-18|@|Southern Illinois|W (1 OT)|75|68|24|51|.471|7|16|.438|20|27|.741|8|28|8|8|2|16|20||23|58|.397|4|17|.235|18|26|.692|18|37|10|4|4|19|20
20|20|2012-01-22|@|Northern Iowa|L|52|66|21|55|.382|6|19|.316|4|7|.571|5|29|7|4|4|10|17||22|51|.431|6|15|.400|16|24|.667|8|35|11|4|3|6|10
21|21|2012-01-25||Creighton|L|69|77|25|56|.446|4|18|.222|15|20|.750|5|23|6|6|2|6|22||25|50|.500|7|15|.467|20|26|.769|9|35|17|5|0|11|19
22|22|2012-01-28||Wichita State|W (3 OT)|93|86|32|73|.438|5|17|.294|24|36|.667|12|43|16|10|6|13|20||31|76|.408|7|25|.280|17|19|.895|10|38|15|11|3|18|29
23|23|2012-02-01|@|Indiana State|L|54|61|18|54|.333|7|20|.350|11|20|.550|7|30|12|7|2|7|20||22|49|.449|2|14|.143|15|18|.833|5|34|12|3|4|12|16
24|24|2012-02-04||Missouri State|L|39|57|12|44|.273|7|20|.350|8|12|.667|7|27|8|7|2|13|14||21|47|.447|5|15|.333|10|14|.714|8|36|11|8|4|11|14
25|25|2012-02-08|@|Illinois State|L|53|64|20|52|.385|6|22|.273|7|13|.538|2|20|8|9|5|8|20||16|46|.348|4|20|.200|28|31|.903|10|43|11|1|2|13|13
26|26|2012-02-12||Evansville|W|78|54|30|56|.536|11|22|.500|7|11|.636|9|37|15|7|6|19|18||21|57|.368|3|11|.273|9|9|1.000|7|24|12|9|1|16|18
27|27|2012-02-15|@|Bradley|W|62|55|23|55|.418|7|15|.467|9|18|.500|8|40|15|5|3|14|19||21|62|.339|0|20|.000|13|22|.591|11|38|8|10|3|8|20
28|28|2012-02-18|@|New Mexico State|L|55|71|18|53|.340|7|22|.318|12|23|.522|9|29|8|5|1|13|18||24|50|.480|7|13|.538|16|24|.667|9|40|13|8|5|14|21
29|29|2012-02-22||Southern Illinois|W|78|63|24|43|.558|5|8|.625|25|37|.676|1|27|12|7|5|11|20||21|61|.344|1|16|.063|20|29|.690|16|34|5|6|3|11|26
30|30|2012-02-25|@|Wichita State|L|58|81|21|59|.356|9|23|.391|7|9|.778|3|26|6|6|2|15|17||29|65|.446|6|25|.240|17|20|.850|10|38|16|8|8|10|10
31|31|2012-03-01|N|Bradley|W|65|49|25|55|.455|4|13|.308|11|15|.733|6|34|12|5|0|9|19||17|50|.340|4|20|.200|11|16|.688|5|28|8|5|3|13|14
32|32|2012-03-02|N|Creighton|L|61|68|24|60|.400|1|15|.067|12|16|.750|6|31|6|4|4|6|17||25|54|.463|5|19|.263|13|19|.684|5|35|13|3|2|9|14
33|33|2012-03-14||North Dakota|W|70|64|21|55|.382|7|16|.438|21|27|.778|8|30|7|10|5|8|15||25|58|.431|5|19|.263|9|17|.529|8|37|11|3|4|16|18
34|34|2012-03-17|@|Rice|L|68|74|21|54|.389|9|19|.474|17|21|.810|5|24|9|8|2|13|17||26|49|.531|6|18|.333|16|22|.727|4|34|21|10|6|17|21
