ranker|game_season|date_game|game_location|opp_id|game_result|pts|opp_pts|fg|fga|fg_pct|fg3|fg3a|fg3_pct|ft|fta|ft_pct|orb|trb|ast|stl|blk|tov|pf|x|opp_fg|opp_fga|opp_fg_pct|opp_fg3|opp_fg3a|opp_fg3_pct|opp_ft|opp_fta|opp_ft_pct|opp_orb|opp_trb|opp_ast|opp_stl|opp_blk|opp_tov|opp_pf|
1|1|2011-11-15|@|Rider|W|80|62|30|61|.492|3|16|.188|17|24|.708|13|40|15|5|4|16|25||21|58|.362|3|18|.167|17|26|.654|10|31|7|7|6|13|19
2|2|2011-11-18|N|Norfolk State|L|56|61|22|57|.386|3|13|.231|9|15|.600|7|29|7|7|2|16|21||22|48|.458|3|13|.231|14|26|.538|8|36|10|5|7|17|14
3|3|2011-11-19|N|Virginia|L|35|49|14|54|.259|3|21|.143|4|6|.667|12|34|6|4|2|13|20||14|39|.359|3|12|.250|18|21|.857|4|26|9|5|4|8|16
4|4|2011-11-21|N|Winthrop|W|68|45|23|48|.479|11|21|.524|11|14|.786|10|36|17|0|0|10|13||17|46|.370|3|16|.188|8|13|.615|6|22|8|4|1|8|14
5|5|2011-11-30|@|Saint Joseph's|L|49|62|20|64|.313|8|19|.421|1|5|.200|14|35|12|6|2|15|18||22|50|.440|3|10|.300|15|23|.652|6|32|12|11|16|11|12
6|6|2011-12-03|@|Delaware|L|60|71|20|54|.370|3|15|.200|17|24|.708|7|31|5|2|4|5|21||23|50|.460|5|14|.357|20|28|.714|7|36|4|1|3|9|24
7|7|2011-12-10||Princeton|W|64|60|20|51|.392|4|10|.400|20|24|.833|8|31|11|1|1|8|14||22|47|.468|4|14|.286|12|15|.800|3|24|11|3|4|9|20
8|8|2011-12-13|@|Niagara|W|71|58|23|46|.500|11|26|.423|14|19|.737|5|30|18|3|2|13|17||18|52|.346|9|27|.333|13|18|.722|8|25|11|6|2|11|17
9|9|2011-12-17||Bradley|W|73|68|25|54|.463|8|21|.381|15|24|.625|6|31|19|6|6|14|19||27|57|.474|2|11|.182|12|17|.706|6|33|11|7|1|15|22
10|10|2011-12-22|@|Binghamton|W|68|44|26|47|.553|2|9|.222|14|20|.700|7|28|12|8|1|9|19||14|39|.359|2|8|.250|14|22|.636|5|21|7|5|0|14|18
11|11|2011-12-28||Fairfield|W|77|69|25|47|.532|5|11|.455|22|27|.815|6|27|15|8|2|8|16||25|50|.500|9|18|.500|10|13|.769|4|19|14|6|4|10|21
12|12|2011-12-31||Saint Francis (PA)|W|63|42|22|50|.440|8|19|.421|11|14|.786|13|34|15|5|3|15|17||16|43|.372|2|14|.143|8|12|.667|5|14|6|7|0|13|17
13|13|2012-01-02|@|Georgia State|L|44|58|15|47|.319|5|20|.250|9|14|.643|12|34|5|8|3|24|22||15|45|.333|1|12|.083|27|31|.871|4|24|6|13|5|13|15
14|14|2012-01-04||Towson|W|60|27|20|43|.465|6|12|.500|14|19|.737|8|35|15|6|3|13|16||8|37|.216|3|13|.231|8|12|.667|3|16|4|5|6|14|17
15|15|2012-01-08||Virginia Commonwealth|W|64|58|16|39|.410|5|11|.455|27|35|.771|7|33|7|5|6|11|22||21|58|.362|7|24|.292|9|20|.450|13|33|12|3|5|9|24
16|16|2012-01-12||George Mason|W|60|53|21|58|.362|6|17|.353|12|16|.750|14|36|12|5|3|9|11||20|50|.400|5|13|.385|8|12|.667|7|27|10|5|10|10|18
17|17|2012-01-14|@|North Carolina-Wilmington|W|79|57|29|55|.527|7|15|.467|14|16|.875|9|33|14|4|4|10|20||21|48|.438|4|13|.308|11|20|.550|6|24|8|6|0|14|14
18|18|2012-01-18|@|Hofstra|W|56|50|18|48|.375|3|12|.250|17|28|.607|8|36|13|5|3|13|23||20|51|.392|1|13|.077|9|19|.474|6|32|9|5|6|10|24
19|19|2012-01-21||Northeastern|W|71|53|21|35|.600|9|14|.643|20|30|.667|3|26|16|7|2|14|19||17|44|.386|2|10|.200|17|23|.739|4|19|4|8|1|13|21
20|20|2012-01-23|@|William & Mary|W|64|48|24|48|.500|6|14|.429|10|12|.833|7|34|13|5|11|8|12||19|53|.358|4|22|.182|6|7|.857|6|23|9|6|2|6|12
21|21|2012-01-25||Georgia State|W|68|46|22|52|.423|8|19|.421|16|20|.800|12|38|17|7|5|11|19||17|51|.333|2|11|.182|10|19|.526|10|27|5|7|9|10|16
22|22|2012-01-28||Delaware|W|71|55|25|53|.472|2|10|.200|19|24|.792|8|37|11|2|8|12|23||17|50|.340|1|9|.111|20|27|.741|5|26|2|5|5|10|16
23|23|2012-02-01|@|Northeastern|W|61|53|18|39|.462|4|11|.364|21|25|.840|7|26|11|3|3|14|17||17|39|.436|5|13|.385|14|19|.737|2|15|9|4|1|13|22
24|24|2012-02-04|@|Towson|W|65|57|18|44|.409|7|14|.500|22|28|.786|10|30|11|6|1|8|22||16|44|.364|6|15|.400|19|27|.704|13|32|11|2|7|12|22
25|25|2012-02-08|@|James Madison|W|63|56|21|53|.396|5|16|.313|16|19|.842|9|33|8|8|1|9|16||19|47|.404|9|22|.409|9|12|.750|4|22|11|2|3|15|13
26|26|2012-02-11||Hofstra|W|78|67|28|47|.596|10|17|.588|12|13|.923|6|29|16|2|5|18|20||21|64|.328|4|14|.286|21|26|.808|14|23|8|9|1|7|14
27|27|2012-02-14||William & Mary|W|63|61|22|52|.423|9|22|.409|10|13|.769|9|25|14|3|6|7|9||24|49|.490|7|15|.467|6|8|.750|5|24|9|4|2|9|18
28|28|2012-02-18|@|Cleveland State|W|69|49|22|45|.489|6|17|.353|19|26|.731|9|38|10|4|4|7|13||17|63|.270|7|28|.250|8|12|.667|16|31|9|2|0|6|22
29|29|2012-02-22||James Madison|W|78|61|26|59|.441|7|16|.438|19|26|.731|14|38|19|6|3|3|15||22|50|.440|10|17|.588|7|14|.500|4|25|13|2|3|10|18
30|30|2012-02-25|@|Old Dominion|W|73|72|23|52|.442|10|23|.435|17|22|.773|5|30|18|3|0|13|21||23|64|.359|3|18|.167|23|32|.719|16|40|10|6|7|10|17
31|31|2012-03-03|N|North Carolina-Wilmington|W|59|47|23|52|.442|3|17|.176|10|16|.625|11|31|8|7|2|6|11||17|49|.347|6|13|.462|7|8|.875|11|29|9|2|0|11|15
32|32|2012-03-04|N|Old Dominion|W|68|51|22|55|.400|8|23|.348|16|20|.800|13|37|10|4|4|9|17||19|57|.333|3|18|.167|10|18|.556|11|31|5|4|6|11|20
33|33|2012-03-05|N|Virginia Commonwealth|L|56|59|18|51|.353|7|16|.438|13|14|.929|12|38|8|6|3|17|21||20|48|.417|4|15|.267|15|21|.714|3|22|8|10|6|9|17
34|34|2012-03-14||Central Florida|W|81|56|28|55|.509|11|24|.458|14|20|.700|7|30|25|4|4|7|22||21|55|.382|4|15|.267|10|20|.500|10|27|7|1|1|10|19
35|35|2012-03-18||Northern Iowa|W|65|63|23|44|.523|7|10|.700|12|19|.632|3|20|15|3|1|11|15||22|48|.458|10|23|.435|9|13|.692|7|30|11|6|2|13|18
36|36|2012-03-20||Massachusetts|L|70|72|28|62|.452|1|13|.077|13|20|.650|20|36|14|5|4|14|20||30|51|.588|4|10|.400|8|17|.471|6|16|9|11|4|13|20
