ranker|game_season|date_game|game_location|opp_id|game_result|pts|opp_pts|fg|fga|fg_pct|fg3|fg3a|fg3_pct|ft|fta|ft_pct|orb|trb|ast|stl|blk|tov|pf|x|opp_fg|opp_fga|opp_fg_pct|opp_fg3|opp_fg3a|opp_fg3_pct|opp_ft|opp_fta|opp_ft_pct|opp_orb|opp_trb|opp_ast|opp_stl|opp_blk|opp_tov|opp_pf|
1|1|2011-11-09|@|Arizona|L|59|67|19|58|.328|4|25|.160|17|26|.654|11|27|9|8|1|9|26||19|44|.432|6|17|.353|23|34|.676|9|39|13|4|3|20|19
2|2|2011-11-13||Green Bay|W|84|66|30|65|.462|6|19|.316|18|22|.818|8|29|20|9|6|9|17||29|73|.397|2|13|.154|6|11|.545|19|46|12|2|5|19|22
3|3|2011-11-18|N|District of Columbia|W|97|81|35|64|.547|5|20|.250|22|29|.759|10|33|20|17|6|15|15||31|67|.463|10|22|.455|9|13|.692|13|30|17|10|4|22|19
4|4|2011-11-19|N|Akron|W|81|76|30|55|.545|4|13|.308|17|24|.708|4|24|18|7|3|11|23||28|49|.571|6|13|.462|14|28|.500|7|31|17|6|4|19|23
5|5|2011-11-20|@|Valparaiso|L|68|84|26|53|.491|9|23|.391|7|14|.500|3|16|13|3|1|8|19||28|48|.583|9|20|.450|19|25|.760|9|30|19|5|2|16|13
6|6|2011-11-26||Louisiana-Lafayette|W|84|65|28|56|.500|9|26|.346|19|25|.760|7|32|21|8|11|14|17||24|70|.343|9|20|.450|8|14|.571|19|41|19|6|1|21|21
7|7|2011-11-30|N|Pittsburgh|L|69|80|25|48|.521|6|17|.353|13|21|.619|3|14|13|9|1|12|19||29|54|.537|11|21|.524|11|15|.733|13|35|17|2|1|23|20
8|8|2011-12-03||Tennessee Tech|W|77|67|26|52|.500|5|12|.417|20|28|.714|9|32|16|4|3|15|14||24|60|.400|6|21|.286|13|15|.867|12|31|15|5|6|13|27
9|9|2011-12-06||Robert Morris|L|60|64|24|63|.381|6|23|.261|6|13|.462|15|34|17|2|6|9|16||22|53|.415|5|17|.294|15|18|.833|12|35|12|4|4|12|13
10|10|2011-12-10|N|Penn State|W|66|59|22|53|.415|5|24|.208|17|23|.739|7|26|15|11|3|14|18||21|49|.429|4|16|.250|13|16|.813|8|35|13|3|3|23|21
11|11|2011-12-17|@|Western Michigan|L|71|85|25|57|.439|6|24|.250|15|22|.682|9|21|11|11|1|8|19||27|50|.540|10|22|.455|21|23|.913|12|36|14|4|2|15|17
12|12|2011-12-21|@|George Mason|W|75|64|26|56|.464|8|16|.500|15|23|.652|9|29|13|12|2|17|18||25|52|.481|5|14|.357|9|13|.692|6|25|13|6|8|21|20
13|13|2011-12-28||Bowling Green State|W|86|76|31|59|.525|7|20|.350|17|23|.739|8|23|24|8|1|7|10||30|56|.536|7|18|.389|9|12|.750|8|34|20|5|3|18|20
14|14|2011-12-31||Houston Baptist|W|118|72|44|76|.579|8|17|.471|22|34|.647|15|51|27|8|9|12|22||25|75|.333|5|18|.278|17|29|.586|15|32|15|3|5|17|27
15|15|2012-01-04||Saint Joseph's|L (1 OT)|82|84|28|63|.444|11|18|.611|15|20|.750|9|29|16|5|6|12|21||29|61|.475|9|18|.500|17|28|.607|11|37|15|3|10|15|18
16|16|2012-01-07||St. Bonaventure|W|66|52|21|48|.438|4|16|.250|20|31|.645|9|31|12|9|4|15|21||18|54|.333|3|15|.200|13|21|.619|13|36|10|6|3|18|23
17|17|2012-01-11|@|Xavier|L|50|78|19|54|.352|2|16|.125|10|17|.588|13|26|14|9|5|9|14||32|56|.571|5|16|.313|9|14|.643|15|37|20|6|6|11|16
18|18|2012-01-14|@|Rhode Island|W|78|71|27|55|.491|5|16|.313|19|33|.576|10|31|16|10|2|14|14||26|64|.406|6|20|.300|13|16|.813|16|35|8|7|5|16|23
19|19|2012-01-18||Massachusetts|W|80|69|27|66|.409|8|21|.381|18|27|.667|9|28|19|10|5|12|17||30|62|.484|5|20|.250|4|9|.444|13|40|16|2|9|29|28
20|20|2012-01-21|@|Saint Louis|L|41|68|17|55|.309|4|15|.267|3|5|.600|11|26|7|6|5|15|20||24|51|.471|7|18|.389|13|21|.619|9|35|14|10|7|9|11
21|21|2012-01-28||La Salle|L|68|71|24|58|.414|7|21|.333|13|17|.765|13|30|14|6|4|17|13||28|54|.519|6|14|.429|9|10|.900|7|27|19|7|3|18|15
22|22|2012-02-01|@|Dayton|W|83|73|30|58|.517|12|23|.522|11|17|.647|8|29|16|9|4|11|20||23|51|.451|5|18|.278|22|28|.786|7|30|16|5|6|14|20
23|23|2012-02-04||Richmond|W|81|72|29|62|.468|5|15|.333|18|31|.581|11|34|13|8|3|9|17||23|51|.451|10|28|.357|16|20|.800|4|27|17|3|8|16|23
24|24|2012-02-11|@|St. Bonaventure|L|48|69|20|50|.400|4|10|.400|4|10|.400|4|20|14|4|4|15|14||27|65|.415|5|11|.455|10|13|.769|20|47|12|6|6|14|14
25|25|2012-02-15||Fordham|W|77|67|23|57|.404|10|25|.400|21|30|.700|8|32|17|6|5|9|12||26|72|.361|6|24|.250|9|15|.600|23|46|13|4|4|16|21
26|26|2012-02-18|@|Temple|L|59|78|23|63|.365|5|17|.294|8|14|.571|16|29|9|8|0|11|13||30|52|.577|10|19|.526|8|10|.800|3|31|20|6|4|11|14
27|27|2012-02-22||Dayton|L|62|74|23|58|.397|4|21|.190|12|20|.600|9|19|13|6|2|11|18||27|57|.474|6|21|.286|14|16|.875|15|37|11|6|2|20|22
28|28|2012-02-25|@|George Washington|L|51|56|19|51|.373|4|12|.333|9|17|.529|7|20|11|6|2|12|19||21|48|.438|1|12|.083|13|21|.619|15|41|11|6|7|15|16
29|29|2012-02-29|@|Charlotte|W|88|77|32|54|.593|8|22|.364|16|18|.889|4|24|19|11|2|13|17||25|56|.446|11|25|.440|16|20|.800|11|29|15|7|3|20|18
30|30|2012-03-03||Saint Louis|L|60|75|22|49|.449|6|14|.429|10|15|.667|5|19|8|6|4|14|17||29|55|.527|8|18|.444|9|13|.692|8|31|17|5|1|14|17
31|31|2012-03-06|@|Massachusetts|L|83|92|31|70|.443|12|33|.364|9|11|.818|7|30|18|4|2|10|21||30|59|.508|8|17|.471|24|31|.774|7|35|19|5|4|11|14
