ranker|game_season|date_game|game_location|opp_id|game_result|pts|opp_pts|fg|fga|fg_pct|fg3|fg3a|fg3_pct|ft|fta|ft_pct|orb|trb|ast|stl|blk|tov|pf|x|opp_fg|opp_fga|opp_fg_pct|opp_fg3|opp_fg3a|opp_fg3_pct|opp_ft|opp_fta|opp_ft_pct|opp_orb|opp_trb|opp_ast|opp_stl|opp_blk|opp_tov|opp_pf|
1|1|2011-11-12|@|Virginia Tech|L|53|64|19|64|.297|2|17|.118|13|22|.591|15|31|4|5|1|13|19||19|48|.396|5|18|.278|21|30|.700|9|38|13|7|9|14|19
2|2|2011-11-15||Appalachian State|W|81|68|27|57|.474|3|10|.300|24|39|.615|12|30|16|18|3|16|21||25|64|.391|5|27|.185|13|18|.722|20|39|16|5|3|29|26
3|3|2011-11-19||Troy|W|81|71|34|71|.479|8|20|.400|5|12|.417|13|35|16|12|6|12|16||25|69|.362|11|33|.333|10|14|.714|19|40|15|7|4|16|12
4|4|2011-11-22|@|Charlotte|W|70|69|27|53|.509|5|17|.294|11|17|.647|7|28|7|8|1|23|21||22|53|.415|8|26|.308|17|22|.773|5|25|16|11|5|21|15
5|5|2011-11-29|@|Troy|L|71|79|26|54|.481|7|22|.318|12|21|.571|13|34|11|7|3|20|19||26|63|.413|12|35|.343|15|19|.789|14|31|18|10|3|12|17
6|6|2011-12-01|@|Stetson|L|65|73|25|58|.431|2|12|.167|13|24|.542|8|28|14|11|4|16|16||25|54|.463|11|24|.458|12|23|.522|10|41|20|5|3|23|20
7|7|2011-12-03|@|Florida Gulf Coast|L|63|72|22|63|.349|5|16|.313|14|20|.700|23|39|9|6|2|16|16||27|50|.540|8|20|.400|10|16|.625|7|23|18|5|3|14|18
8|8|2011-12-07|@|Tennessee Tech|L|74|83|25|61|.410|4|14|.286|20|27|.741|11|24|9|15|0|13|16||27|49|.551|9|18|.500|20|27|.741|11|34|16|5|4|21|23
9|9|2011-12-10|@|Appalachian State|W|65|48|24|51|.471|2|3|.667|15|31|.484|11|29|12|11|2|7|15||17|40|.425|8|20|.400|6|13|.462|7|28|10|2|8|18|23
10|10|2011-12-19||Milligan|W|83|43|28|68|.412|8|22|.364|19|26|.731|17|49|15|9|7|13|13||18|57|.316|5|23|.217|2|6|.333|6|28|8|5|1|20|20
11|11|2011-12-23|@|Tennessee|L|63|66|24|59|.407|4|13|.308|11|13|.846|12|29|11|8|2|12|14||24|46|.522|8|19|.421|10|13|.769|6|23|11|5|7|15|13
12|12|2012-01-01|@|Clemson|L|58|65|20|44|.455|4|8|.500|14|23|.609|5|25|9|7|3|20|19||22|50|.440|7|18|.389|14|22|.636|8|28|18|14|8|16|16
13|13|2012-01-04||South Carolina Upstate|W|88|73|28|50|.560|5|10|.500|27|36|.750|7|26|14|12|4|17|21||25|59|.424|9|26|.346|14|27|.519|13|27|12|4|2|24|24
14|14|2012-01-07||Mercer|W|76|61|27|51|.529|5|11|.455|17|22|.773|10|29|13|15|6|16|15||22|54|.407|10|28|.357|7|13|.538|15|29|12|5|3|21|17
15|15|2012-01-09||Kennesaw State|W|73|69|25|53|.472|3|12|.250|20|28|.714|12|33|13|9|3|12|13||24|48|.500|10|21|.476|11|16|.688|5|23|12|7|3|16|20
16|16|2012-01-14|@|Jacksonville|W|72|58|29|53|.547|3|11|.273|11|19|.579|12|24|12|10|0|13|17||20|47|.426|6|18|.333|12|17|.706|14|29|10|7|4|19|16
17|17|2012-01-16|@|North Florida|W|64|63|27|57|.474|2|7|.286|8|16|.500|12|34|6|6|5|11|14||24|57|.421|9|20|.450|6|11|.545|11|32|15|2|4|11|15
18|18|2012-01-21||Lipscomb|L|65|73|26|70|.371|5|25|.200|8|13|.615|22|44|11|9|5|13|14||25|52|.481|15|26|.577|8|12|.667|7|31|18|3|3|16|14
19|19|2012-01-23||Belmont|L|70|82|21|57|.368|8|20|.400|20|32|.625|14|34|8|14|2|15|25||29|55|.527|5|19|.263|19|27|.704|11|38|18|9|0|19|23
20|20|2012-01-27|@|South Carolina Upstate|L|54|58|22|55|.400|4|19|.211|6|15|.400|8|32|6|13|4|17|17||19|60|.317|4|21|.190|16|24|.667|20|47|10|8|6|17|10
21|21|2012-01-30||James Madison|W|70|56|27|51|.529|2|6|.333|14|21|.667|10|28|10|18|3|13|13||21|46|.457|9|23|.391|5|7|.714|7|24|14|5|2|23|19
22|22|2012-02-04|@|Kennesaw State|W|64|59|24|47|.511|3|10|.300|13|18|.722|13|25|11|12|0|13|14||21|37|.568|11|19|.579|6|13|.462|6|16|12|4|3|17|18
23|23|2012-02-06|@|Mercer|L|46|54|15|55|.273|4|17|.235|12|15|.800|12|28|5|6|1|8|17||17|46|.370|1|16|.063|19|23|.826|12|40|4|4|4|12|13
24|24|2012-02-11||North Florida|W|65|50|25|50|.500|3|7|.429|12|16|.750|5|30|9|10|3|13|15||18|43|.419|8|23|.348|6|8|.750|2|23|10|2|1|19|15
25|25|2012-02-13||Jacksonville|L|55|61|20|55|.364|4|19|.211|11|22|.500|16|33|11|12|7|11|15||24|46|.522|5|13|.385|8|13|.615|7|29|11|6|0|13|20
26|26|2012-02-18|@|Belmont|L|58|80|23|63|.365|2|10|.200|10|15|.667|14|34|10|9|2|9|20||23|49|.469|11|28|.393|23|29|.793|9|33|20|6|4|13|14
27|27|2012-02-20|@|Lipscomb|W|66|57|24|54|.444|5|13|.385|13|21|.619|12|35|9|9|7|10|18||20|47|.426|8|23|.348|9|22|.409|8|31|13|6|3|14|18
28|28|2012-02-23||Stetson|W|72|56|27|60|.450|1|8|.125|17|25|.680|10|36|6|6|1|6|13||23|58|.397|5|23|.217|5|9|.556|9|34|8|4|3|13|22
29|29|2012-02-25||Florida Gulf Coast|W|84|71|29|57|.509|7|13|.538|19|35|.543|14|34|17|16|2|12|17||26|58|.448|10|30|.333|9|16|.563|13|34|14|9|4|20|23
30|30|2012-03-01|N|North Florida|W|68|66|24|47|.511|4|8|.500|16|27|.593|3|24|10|8|2|14|16||23|58|.397|8|29|.276|12|15|.800|10|31|8|6|4|11|21
31|31|2012-03-02|N|Belmont|L|61|69|24|55|.436|4|11|.364|9|13|.692|8|30|9|5|0|11|20||22|46|.478|12|28|.429|13|25|.520|6|26|14|4|5|8|18
