ranker|game_season|date_game|game_location|opp_id|game_result|pts|opp_pts|fg|fga|fg_pct|fg3|fg3a|fg3_pct|ft|fta|ft_pct|orb|trb|ast|stl|blk|tov|pf|x|opp_fg|opp_fga|opp_fg_pct|opp_fg3|opp_fg3a|opp_fg3_pct|opp_ft|opp_fta|opp_ft_pct|opp_orb|opp_trb|opp_ast|opp_stl|opp_blk|opp_tov|opp_pf|
1|1|2011-11-12|@|Providence|L|61|72|21|57|.368|4|18|.222|15|20|.750|14|31|8|5|3|12|22||27|61|.443|6|14|.429|12|22|.545|16|36|13|5|5|9|20
2|2|2011-11-15||Lehigh|L|61|72|27|72|.375|3|16|.188|4|10|.400|16|40|12|11|7|22|23||21|54|.389|4|16|.250|26|30|.867|6|35|8|11|4|21|12
3|3|2011-11-18||Saint Peter's|W|73|62|26|46|.565|2|8|.250|19|28|.679|6|31|17|10|6|19|14||23|67|.343|8|30|.267|8|16|.500|20|36|14|10|1|15|21
4|4|2011-11-22|@|Lafayette|L|74|85|30|64|.469|7|15|.467|7|9|.778|7|29|11|6|2|14|21||30|59|.508|15|32|.469|10|19|.526|6|31|20|3|7|15|16
5|5|2011-11-27|@|Albany (NY)|L|62|81|22|57|.386|5|16|.313|13|25|.520|10|29|11|3|2|10|23||28|57|.491|6|15|.400|19|25|.760|11|37|17|7|1|10|21
6|6|2011-12-01|@|Robert Morris|L|54|66|18|51|.353|1|9|.111|17|22|.773|10|28|4|12|2|22|19||21|49|.429|6|15|.400|18|24|.750|11|31|15|12|1|20|20
7|7|2011-12-03|@|Saint Francis (PA)|L|69|73|28|49|.571|5|9|.556|8|14|.571|5|24|18|6|3|15|24||28|53|.528|2|10|.200|15|29|.517|13|30|18|7|2|13|17
8|8|2011-12-07|@|Stony Brook|L|46|70|17|50|.340|4|11|.364|8|13|.615|10|32|10|5|6|21|18||24|58|.414|9|23|.391|13|16|.813|11|32|14|7|0|11|14
9|9|2011-12-10|@|Louisville|L|58|80|21|59|.356|6|16|.375|10|21|.476|11|34|13|5|2|11|20||27|63|.429|9|29|.310|17|27|.630|17|46|16|6|4|10|17
10|10|2011-12-21||Vermont|L|53|71|19|47|.404|2|11|.182|13|18|.722|10|24|10|8|4|23|18||25|56|.446|7|22|.318|14|18|.778|11|30|15|10|0|16|17
11|11|2011-12-28|@|NJIT|L|53|66|18|47|.383|4|11|.364|13|20|.650|7|29|9|5|5|13|21||19|53|.358|7|18|.389|21|28|.750|11|32|10|6|1|10|16
12|12|2012-01-02|@|Columbia|L|52|67|20|54|.370|1|5|.200|11|20|.550|12|31|5|8|1|12|16||22|51|.431|8|22|.364|15|18|.833|8|32|14|7|2|16|18
13|13|2012-01-05||Wagner|L|64|88|19|47|.404|0|3|.000|26|34|.765|8|31|5|2|4|21|21||30|63|.476|9|20|.450|19|24|.792|5|27|15|11|4|9|25
14|14|2012-01-07||Mount St. Mary's|L|45|66|17|58|.293|2|15|.133|9|18|.500|14|32|10|6|4|11|10||26|53|.491|9|17|.529|5|7|.714|6|33|11|7|6|14|15
15|15|2012-01-12|@|Long Island University|L|64|82|27|69|.391|5|14|.357|5|12|.417|16|46|10|4|5|11|27||23|64|.359|9|18|.500|27|36|.750|15|42|12|7|4|8|12
16|16|2012-01-14|@|St. Francis (NY)|L|51|62|20|50|.400|3|13|.231|8|14|.571|8|26|11|8|1|11|16||20|42|.476|6|18|.333|16|18|.889|4|25|12|3|0|14|13
17|17|2012-01-16||Longwood|L|83|87|29|61|.475|5|18|.278|20|26|.769|10|35|19|6|2|11|22||27|62|.435|11|26|.423|22|29|.759|7|26|12|4|5|11|21
18|18|2012-01-19||Robert Morris|L|55|67|20|45|.444|5|12|.417|10|16|.625|6|26|12|7|4|17|16||21|53|.396|5|17|.294|20|25|.800|10|31|9|9|1|10|16
19|19|2012-01-21||Saint Francis (PA)|L|63|69|22|56|.393|9|22|.409|10|14|.714|8|28|11|4|1|12|19||23|48|.479|6|11|.545|17|23|.739|4|30|15|6|3|11|13
20|20|2012-01-26|@|Bryant|W|66|63|21|45|.467|6|18|.333|18|24|.750|4|28|13|7|3|12|19||23|59|.390|8|28|.286|9|14|.643|10|30|15|6|1|11|21
21|21|2012-01-28|@|Central Connecticut State|L|62|69|23|49|.469|5|14|.357|11|19|.579|8|30|13|3|6|16|19||21|50|.420|2|9|.222|25|28|.893|6|22|9|9|2|9|21
22|22|2012-02-02||Quinnipiac|L|48|65|17|53|.321|1|13|.077|13|21|.619|9|28|5|5|5|11|18||23|58|.397|4|8|.500|15|17|.882|15|44|9|8|0|12|19
23|23|2012-02-04||Sacred Heart|L|57|66|22|56|.393|4|24|.167|9|10|.900|5|28|19|3|2|13|18||25|54|.463|6|17|.353|10|13|.769|7|32|16|7|2|13|13
24|24|2012-02-08||Monmouth|L|62|75|22|58|.379|7|20|.350|11|15|.733|13|33|13|4|7|17|16||23|58|.397|11|15|.733|18|20|.900|11|30|18|8|1|13|14
25|25|2012-02-11|@|Monmouth|L|68|82|28|55|.509|6|18|.333|6|9|.667|5|22|13|5|6|14|19||31|63|.492|6|22|.273|14|22|.636|14|34|17|7|1|12|15
26|26|2012-02-16|@|Mount St. Mary's|L|63|77|22|48|.458|4|13|.308|15|19|.789|5|26|11|5|3|16|11||27|60|.450|12|28|.429|11|15|.733|11|31|14|10|3|12|18
27|27|2012-02-18|@|Wagner|L|70|90|27|59|.458|1|8|.125|15|19|.789|5|30|12|2|3|21|18||35|67|.522|6|18|.333|14|27|.519|12|34|18|13|6|8|19
28|28|2012-02-23||Long Island University|L|80|91|36|77|.468|2|12|.167|6|11|.545|6|31|14|7|8|9|19||30|65|.462|6|20|.300|25|29|.862|7|43|19|8|1|11|11
29|29|2012-02-25||St. Francis (NY)|W|45|44|16|50|.320|0|11|.000|13|19|.684|8|32|3|5|3|16|16||15|53|.283|4|21|.190|10|17|.588|10|38|9|7|2|18|21
