ranker|game_season|date_game|game_location|opp_id|game_result|pts|opp_pts|fg|fga|fg_pct|fg3|fg3a|fg3_pct|ft|fta|ft_pct|orb|trb|ast|stl|blk|tov|pf|x|opp_fg|opp_fga|opp_fg_pct|opp_fg3|opp_fg3a|opp_fg3_pct|opp_ft|opp_fta|opp_ft_pct|opp_orb|opp_trb|opp_ast|opp_stl|opp_blk|opp_tov|opp_pf|
1|1|2011-11-11|N|Quinnipiac|W|72|60|25|51|.490|10|19|.526|12|26|.462|6|29|17|6|6|15|21||23|64|.359|2|9|.222|12|21|.571|17|40|8|5|4|16|23
2|2|2011-11-14||Providence|L|72|80|30|61|.492|8|26|.308|4|7|.571|13|27|21|7|3|15|20||30|54|.556|3|8|.375|17|20|.850|12|28|10|7|1|14|15
3|3|2011-11-17|@|Minnesota|L|57|67|20|48|.417|2|16|.125|15|23|.652|10|22|10|10|3|20|23||19|41|.463|2|8|.250|27|31|.871|8|27|9|10|4|23|19
4|4|2011-11-20||Holy Cross|W|73|52|30|55|.545|2|12|.167|11|15|.733|9|32|18|6|5|15|14||20|56|.357|4|19|.211|8|13|.615|10|26|9|7|3|13|19
5|5|2011-11-24|N|Arizona State|W|55|44|20|59|.339|6|15|.400|9|14|.643|10|29|8|13|5|10|15||17|43|.395|2|13|.154|8|13|.615|6|32|6|4|5|22|15
6|6|2011-11-25|N|Dayton|L|49|56|20|50|.400|2|11|.182|7|18|.389|11|33|10|5|3|14|15||20|55|.364|7|21|.333|9|12|.750|10|30|8|7|2|9|15
7|7|2011-11-27|N|Indiana State|L|66|72|23|53|.434|6|22|.273|14|20|.700|7|24|13|10|3|17|20||26|54|.481|6|17|.353|14|18|.778|10|34|18|8|4|18|17
8|8|2011-12-02|@|Niagara|W|79|75|26|51|.510|10|25|.400|17|27|.630|8|30|18|7|2|12|18||27|59|.458|10|23|.435|11|17|.647|11|32|15|4|2|15|23
9|9|2011-12-04|@|Canisius|W|68|59|25|48|.521|5|18|.278|13|21|.619|8|23|16|7|5|12|14||20|51|.392|5|14|.357|14|17|.824|11|29|12|7|0|17|19
10|10|2011-12-09|N|Old Dominion|W|59|51|19|51|.373|4|20|.200|17|25|.680|12|37|12|10|7|13|19||17|57|.298|5|19|.263|12|17|.706|11|37|8|8|4|15|23
11|11|2011-12-11||New Hampshire|W|58|52|20|38|.526|5|11|.455|13|18|.722|4|25|9|7|6|17|16||18|58|.310|8|28|.286|8|12|.667|17|33|5|4|4|16|17
12|12|2011-12-22|@|Connecticut|L|71|79|26|64|.406|12|27|.444|7|9|.778|9|27|17|6|2|12|16||28|52|.538|7|11|.636|16|21|.762|7|34|12|9|4|12|9
13|13|2011-12-28|@|Drexel|L|69|77|25|50|.500|9|18|.500|10|13|.769|4|19|14|6|4|10|21||25|47|.532|5|11|.455|22|27|.815|6|27|15|8|2|8|16
14|14|2012-01-01||Canisius|W|72|54|27|57|.474|10|24|.417|8|13|.615|11|40|21|11|5|18|19||18|61|.295|3|12|.250|15|19|.789|15|35|3|9|3|18|11
15|15|2012-01-06|@|Siena|L|60|73|20|69|.290|13|29|.448|7|15|.467|20|33|16|7|1|6|20||26|41|.634|8|13|.615|13|20|.650|4|35|14|3|4|16|14
16|16|2012-01-08|@|Manhattan|L|51|53|16|50|.320|3|20|.150|16|20|.800|8|31|9|8|4|13|20||17|43|.395|5|15|.333|14|23|.609|5|29|12|3|6|18|17
17|17|2012-01-13||Loyola (MD)|L|63|66|23|54|.426|5|13|.385|12|18|.667|13|31|10|7|4|15|19||22|47|.468|7|14|.500|15|22|.682|11|30|9|8|5|20|19
18|18|2012-01-16||Rider|W|61|52|20|44|.455|6|18|.333|15|19|.789|5|28|16|12|6|14|21||16|50|.320|3|13|.231|17|26|.654|12|31|8|5|2|19|14
19|19|2012-01-19|@|Saint Peter's|W|75|63|27|51|.529|4|13|.308|17|23|.739|11|33|22|9|3|18|15||27|53|.509|5|10|.500|4|9|.444|6|21|15|12|3|14|18
20|20|2012-01-27||Iona|L|62|71|24|63|.381|5|21|.238|9|12|.750|12|33|14|6|4|17|19||28|56|.500|3|10|.300|12|17|.706|7|34|9|4|1|14|14
21|21|2012-01-29||Marist|W|81|53|31|56|.554|12|18|.667|7|11|.636|7|30|18|9|5|14|18||17|46|.370|4|15|.267|15|21|.714|5|21|9|6|6|20|13
22|22|2012-02-03||Niagara|W|77|69|24|43|.558|12|24|.500|17|26|.654|7|30|19|7|5|19|23||24|64|.375|2|14|.143|19|24|.792|17|34|4|10|2|13|21
23|23|2012-02-05||Siena|W|64|56|23|52|.442|9|18|.500|9|10|.900|9|29|14|11|4|15|15||18|58|.310|5|16|.313|15|17|.882|16|35|6|10|4|16|12
24|24|2012-02-09||Manhattan|W|60|54|21|53|.396|6|20|.300|12|19|.632|12|31|13|6|7|12|23||16|44|.364|3|8|.375|19|25|.760|10|31|7|3|4|15|18
25|25|2012-02-12|@|Loyola (MD)|W|68|51|24|44|.545|7|8|.875|13|22|.591|7|32|11|10|4|14|22||13|46|.283|3|11|.273|22|29|.759|6|20|6|7|3|12|17
26|26|2012-02-15||Saint Peter's|W|61|38|23|54|.426|6|20|.300|9|14|.643|10|36|19|12|6|17|12||13|46|.283|4|9|.444|8|12|.667|6|30|10|12|3|25|13
27|27|2012-02-18|@|Milwaukee|L|63|67|24|61|.393|4|19|.211|11|16|.688|14|35|6|9|3|18|19||24|50|.480|6|19|.316|13|22|.591|4|25|15|7|5|15|16
28|28|2012-02-20|@|Marist|W|60|49|24|49|.490|6|13|.462|6|8|.750|6|29|12|15|3|13|12||18|55|.327|9|25|.360|4|9|.444|10|29|9|5|3|16|13
29|29|2012-02-24|@|Iona|L|72|77|27|58|.466|10|26|.385|8|13|.615|13|33|21|4|2|16|22||28|52|.538|5|10|.500|16|24|.667|6|19|18|9|3|9|16
30|30|2012-02-26|@|Rider|L|62|65|26|61|.426|4|23|.174|6|13|.462|16|37|14|6|3|17|21||19|42|.452|7|14|.500|20|28|.714|4|22|7|6|4|15|19
31|31|2012-03-03|N|Rider|W|65|63|22|57|.386|7|23|.304|14|19|.737|11|34|19|6|2|12|22||20|47|.426|7|18|.389|16|23|.696|5|28|13|8|4|17|16
32|32|2012-03-04|N|Iona|W|85|75|31|52|.596|7|14|.500|16|23|.696|9|32|27|6|5|16|18||26|51|.510|6|13|.462|17|26|.654|5|17|15|9|0|12|22
33|33|2012-03-05|N|Loyola (MD)|L|44|48|15|52|.288|2|11|.182|12|16|.750|11|34|12|7|6|12|17||15|45|.333|3|8|.375|15|19|.789|6|27|8|5|6|11|16
34|34|2012-03-14||Yale|W|68|56|26|49|.531|2|11|.182|14|27|.519|5|31|9|10|2|9|17||20|55|.364|3|16|.188|13|19|.684|11|33|9|3|1|13|22
35|35|2012-03-18||Manhattan|W|69|57|31|61|.508|2|8|.250|5|13|.385|12|28|22|14|3|9|17||24|54|.444|1|11|.091|8|14|.571|14|34|6|4|6|19|14
36|36|2012-03-21||Robert Morris|W|67|61|26|51|.510|3|12|.250|12|19|.632|9|29|16|5|5|13|17||22|62|.355|5|17|.294|12|24|.500|19|38|11|4|1|15|17
37|37|2012-03-24||Mercer|L|59|64|20|53|.377|3|16|.188|16|20|.800|12|30|10|12|5|15|16||23|51|.451|10|20|.500|8|10|.800|9|32|16|11|2|19|18
