ranker|game_season|date_game|game_location|opp_id|game_result|pts|opp_pts|fg|fga|fg_pct|fg3|fg3a|fg3_pct|ft|fta|ft_pct|orb|trb|ast|stl|blk|tov|pf|x|opp_fg|opp_fga|opp_fg_pct|opp_fg3|opp_fg3a|opp_fg3_pct|opp_ft|opp_fta|opp_ft_pct|opp_orb|opp_trb|opp_ast|opp_stl|opp_blk|opp_tov|opp_pf|
1|1|2011-11-11|@|Georgia Tech|L|59|92|20|53|.377|5|18|.278|14|24|.583|4|19|11|9|1|16|27||28|52|.538|10|23|.435|26|36|.722|14|46|16|9|6|17|22
2|2|2011-11-14||Stetson|L|60|78|24|74|.324|2|16|.125|10|19|.526|9|26|11|12|2|19|20||26|55|.473|7|14|.500|19|21|.905|11|50|14|7|2|26|25
3|3|2011-11-19|@|Providence|L|65|87|23|70|.329|7|15|.467|12|20|.600|14|32|8|10|1|20|30||26|49|.531|6|14|.429|29|46|.630|11|43|20|14|6|20|21
4|4|2011-11-22|@|Rice|L|59|75|21|56|.375|5|19|.263|12|15|.800|10|29|7|5|1|22|29||23|53|.434|3|13|.231|26|44|.591|14|38|14|13|6|15|16
5|5|2011-11-25|N|Southern|L|61|64|24|64|.375|5|16|.313|8|11|.727|12|35|7|6|3|12|19||20|46|.435|6|11|.545|18|23|.783|5|27|11|1|1|12|18
6|6|2011-11-26|N|Western Carolina|L|46|62|16|48|.333|6|19|.316|8|17|.471|10|28|8|9|3|21|17||24|58|.414|7|20|.350|7|16|.438|16|41|17|10|2|18|18
7|7|2011-12-03|@|Bethune-Cookman|L|59|74|22|54|.407|2|11|.182|13|15|.867|8|25|5|6|2|18|26||23|48|.479|4|15|.267|24|33|.727|10|30|10|9|7|10|17
8|8|2011-12-05||Allen|W|94|65|39|71|.549|5|18|.278|11|31|.355|17|41|16|25|12|16|17||22|69|.319|6|23|.261|15|19|.789|18|41|10|10|3|28|24
9|9|2011-12-08||Southeastern|W|82|64|32|69|.464|4|18|.222|14|18|.778|17|40|13|12|4|16|17||25|60|.417|5|17|.294|9|23|.391|13|31|14|8|3|19|17
10|10|2011-12-11|@|South Florida|L|59|83|23|53|.434|9|22|.409|4|10|.400|6|26|17|5|6|13|15||33|66|.500|7|17|.412|10|19|.526|15|40|17|8|3|7|9
11|11|2011-12-17|@|Akron|L|69|91|25|68|.368|4|14|.286|15|21|.714|13|33|6|7|4|14|24||30|64|.469|6|19|.316|25|34|.735|16|45|18|4|4|15|17
12|12|2011-12-19|@|Auburn|L|69|76|23|64|.359|6|18|.333|17|28|.607|17|34|12|9|4|20|27||24|57|.421|3|16|.188|25|34|.735|16|45|14|4|9|21|21
13|13|2011-12-21||North Florida|L|63|90|25|63|.397|5|12|.417|8|22|.364|10|26|8|7|4|13|15||37|65|.569|8|14|.571|8|13|.615|13|40|12|8|1|15|18
14|14|2012-01-01||Princeton|L|61|76|24|64|.375|4|9|.444|9|11|.818|15|35|9|3|6|5|12||29|55|.527|11|24|.458|7|13|.538|5|28|18|5|2|7|11
15|15|2012-01-04|@|Ball State|L|55|70|23|66|.348|7|22|.318|2|3|.667|10|31|15|4|7|12|19||25|54|.463|5|16|.313|15|24|.625|6|36|15|2|8|11|9
16|16|2012-01-07|@|North Carolina Central|W|62|60|24|58|.414|9|23|.391|5|10|.500|12|38|14|7|5|15|23||20|51|.392|6|15|.400|14|23|.609|7|31|13|6|6|11|13
17|17|2012-01-09|@|North Carolina A&T|L (1 OT)|82|85|33|63|.524|9|25|.360|7|19|.368|7|40|20|8|4|19|23||29|68|.426|11|34|.324|16|24|.667|6|33|17|5|1|14|19
18|18|2012-01-14||Savannah State|L|58|69|22|57|.386|3|12|.250|11|19|.579|16|33|8|11|3|14|22||24|51|.471|8|19|.421|13|29|.448|14|33|10|6|3|14|17
19|19|2012-01-16||South Carolina State|W|86|69|37|75|.493|7|14|.500|5|8|.625|21|36|15|13|4|14|20||28|58|.483|4|8|.500|9|16|.563|11|25|9|7|3|23|12
20|20|2012-01-21|@|Maryland-Eastern Shore|W|68|63|28|52|.538|2|11|.182|10|19|.526|13|31|11|9|7|20|22||23|74|.311|4|21|.190|13|22|.591|31|44|12|11|4|16|21
21|21|2012-01-23|@|Delaware State|L|51|65|18|55|.327|5|15|.333|10|15|.667|11|32|8|6|3|18|15||25|54|.463|7|17|.412|8|14|.571|10|27|15|10|13|10|15
22|22|2012-01-28||Bethune-Cookman|W|68|62|23|58|.397|10|18|.556|12|27|.444|17|41|9|6|8|9|16||24|61|.393|4|19|.211|10|17|.588|14|36|11|3|3|10|23
23|23|2012-02-04||North Carolina Central|L|61|78|20|49|.408|3|17|.176|18|25|.720|10|29|6|7|5|17|20||27|52|.519|5|16|.313|19|25|.760|7|25|12|14|2|10|21
24|24|2012-02-06||North Carolina A&T|W|87|77|30|60|.500|11|22|.500|16|24|.667|15|34|14|13|4|17|21||29|61|.475|8|27|.296|11|19|.579|10|24|10|10|4|22|22
25|25|2012-02-11|@|Howard|L|69|71|25|70|.357|3|24|.125|16|16|1.000|16|34|8|10|6|14|18||24|51|.471|3|7|.429|20|25|.800|9|34|12|6|8|18|16
26|26|2012-02-18|@|Savannah State|L|57|76|24|66|.364|3|16|.188|6|15|.400|11|32|10|9|4|14|21||27|57|.474|7|18|.389|15|22|.682|10|41|18|4|9|15|15
27|27|2012-02-20|@|South Carolina State|W|83|82|34|64|.531|5|18|.278|10|14|.714|9|32|16|12|8|21|18||31|80|.388|2|10|.200|18|25|.720|26|44|14|11|5|15|13
28|28|2012-02-25||Hampton|L|59|74|25|67|.373|4|22|.182|5|7|.714|11|38|10|2|4|16|21||24|58|.414|7|20|.350|19|29|.655|9|35|6|9|7|6|13
29|29|2012-02-27||Norfolk State|L|70|79|26|67|.388|8|21|.381|10|13|.769|15|38|10|5|4|13|15||30|71|.423|6|21|.286|13|15|.867|14|37|14|9|7|11|14
30|30|2012-03-01||Morgan State|L|68|74|23|61|.377|4|18|.222|18|24|.750|16|29|4|7|2|12|24||23|43|.535|4|7|.571|24|29|.828|7|30|12|4|5|16|16
31|31|2012-03-06|N|Coppin State|W|74|72|23|48|.479|12|20|.600|16|21|.762|9|27|13|5|0|13|25||21|52|.404|10|27|.370|20|29|.690|13|31|15|5|1|11|18
32|32|2012-03-08|N|Delaware State|W (1 OT)|65|55|24|62|.387|4|12|.333|13|19|.684|16|38|10|4|6|11|14||21|56|.375|5|19|.263|8|13|.615|10|29|7|6|7|11|16
33|33|2012-03-09|N|Norfolk State|L|46|58|17|50|.340|5|14|.357|7|12|.583|10|30|5|6|8|19|19||21|53|.396|3|11|.273|13|20|.650|10|33|10|5|3|16|12
