ranker|game_season|date_game|game_location|opp_id|game_result|pts|opp_pts|fg|fga|fg_pct|fg3|fg3a|fg3_pct|ft|fta|ft_pct|orb|trb|ast|stl|blk|tov|pf|x|opp_fg|opp_fga|opp_fg_pct|opp_fg3|opp_fg3a|opp_fg3_pct|opp_ft|opp_fta|opp_ft_pct|opp_orb|opp_trb|opp_ast|opp_stl|opp_blk|opp_tov|opp_pf|
1|1|2011-11-11||Jacksonville|W|79|67|24|54|.444|8|17|.471|23|30|.767|11|36|13|7|3|15|21||25|59|.424|5|17|.294|12|20|.600|13|34|11|7|2|16|23
2|2|2011-11-14||Central Florida|W|73|50|28|55|.509|3|14|.214|14|25|.560|14|42|14|6|6|19|15||18|59|.305|6|30|.200|8|20|.400|13|28|4|9|5|14|22
3|3|2011-11-16||Stetson|W|79|66|32|56|.571|4|10|.400|11|17|.647|11|34|15|9|5|17|12||25|67|.373|10|33|.303|6|9|.667|17|32|14|8|0|17|14
4|4|2011-11-20||South Alabama|W|80|39|25|48|.521|5|21|.238|25|30|.833|13|42|10|8|14|19|13||16|68|.235|0|24|.000|7|8|.875|13|24|8|5|0|16|21
5|5|2011-11-24|N|Massachusetts|W|73|53|20|57|.351|3|12|.250|30|39|.769|15|47|7|14|9|23|22||19|68|.279|2|23|.087|13|21|.619|13|35|6|15|3|22|30
6|6|2011-11-25|N|Harvard|L|41|46|17|47|.362|3|8|.375|4|10|.400|5|26|5|13|7|16|21||12|44|.273|5|19|.263|17|24|.708|9|36|9|10|1|17|17
7|7|2011-11-26|N|Connecticut|L (1 OT)|76|78|26|60|.433|9|19|.474|15|20|.750|10|32|11|12|4|16|20||26|54|.481|11|25|.440|15|22|.682|10|31|14|9|8|19|15
8|8|2011-11-30|@|Michigan State|L|49|65|21|54|.389|4|20|.200|3|6|.500|8|30|13|3|5|18|21||21|52|.404|8|19|.421|15|20|.750|11|31|11|10|8|12|11
9|9|2011-12-05||Charleston Southern|W|76|51|30|62|.484|8|26|.308|8|11|.727|14|44|19|7|7|21|19||17|57|.298|7|25|.280|10|14|.714|8|26|8|10|0|20|18
10|10|2011-12-11||North Carolina-Greensboro|W|75|60|26|50|.520|8|20|.400|15|22|.682|11|33|17|13|9|26|16||22|62|.355|5|23|.217|11|17|.647|14|28|8|13|0|21|20
11|11|2011-12-18||Loyola Marymount|W|77|61|29|67|.433|6|25|.240|13|27|.481|20|45|15|6|8|16|15||20|56|.357|9|26|.346|12|16|.750|6|26|9|3|0|17|21
12|12|2011-12-22|@|Florida|L|64|82|24|59|.407|7|23|.304|9|10|.900|10|31|9|7|3|19|20||28|58|.483|10|28|.357|16|24|.667|12|33|15|12|3|11|14
13|13|2011-12-30||Princeton|L (3 OT)|73|75|29|69|.420|4|18|.222|11|22|.500|13|43|9|9|8|16|20||27|65|.415|8|23|.348|13|18|.722|9|38|12|8|6|19|21
14|14|2012-01-04||Auburn|W|85|56|29|54|.537|5|20|.250|22|26|.846|8|40|13|9|10|16|18||21|65|.323|4|14|.286|10|16|.625|11|25|10|4|4|13|20
15|15|2012-01-07|@|Clemson|L|59|79|22|62|.355|5|19|.263|10|13|.769|12|30|10|9|1|16|24||24|49|.490|3|14|.214|28|33|.848|8|34|14|8|5|12|17
16|16|2012-01-10|@|Virginia Tech|W|63|59|21|51|.412|4|13|.308|17|22|.773|12|36|8|5|15|19|25||18|59|.305|2|12|.167|21|24|.875|12|29|6|5|4|12|20
17|17|2012-01-14||North Carolina|W|90|57|30|62|.484|12|27|.444|18|24|.750|14|41|16|12|1|17|23||22|59|.373|4|21|.190|9|20|.450|14|33|8|6|9|22|21
18|18|2012-01-17||Maryland|W|84|70|29|61|.475|6|13|.462|20|23|.870|13|28|12|10|4|9|20||24|48|.500|5|15|.333|17|27|.630|7|26|10|2|3|15|19
19|19|2012-01-21|@|Duke|W|76|73|27|50|.540|7|14|.500|15|20|.750|4|28|15|6|5|12|18||25|63|.397|10|23|.435|13|17|.765|12|29|13|4|1|10|17
20|20|2012-01-25|@|Wake Forest|W|75|52|29|57|.509|8|16|.500|9|13|.692|10|32|13|7|3|11|19||15|43|.349|5|16|.313|17|20|.850|5|25|7|4|5|18|17
21|21|2012-02-01||Georgia Tech|W|68|54|24|49|.490|8|17|.471|12|20|.600|3|23|15|14|2|15|17||18|42|.429|8|18|.444|10|14|.714|3|27|10|8|4|24|20
22|22|2012-02-04||Virginia|W|58|55|22|46|.478|5|12|.417|9|16|.563|8|24|7|10|5|19|13||21|45|.467|6|18|.333|7|8|.875|4|23|11|10|1|20|17
23|23|2012-02-08|@|Boston College|L|60|64|21|53|.396|5|20|.250|13|16|.813|8|32|8|5|5|14|22||19|48|.396|10|22|.455|16|23|.696|4|21|14|8|4|10|15
24|24|2012-02-11||Miami (FL)|W|64|59|23|50|.460|5|16|.313|13|19|.684|9|27|9|7|6|15|13||22|56|.393|5|22|.227|10|13|.769|12|33|10|6|1|15|15
25|25|2012-02-16||Virginia Tech|W|48|47|20|50|.400|7|20|.350|1|8|.125|10|38|10|2|6|15|19||17|52|.327|6|18|.333|7|16|.438|9|29|9|9|3|7|13
26|26|2012-02-18|@|North Carolina State|W|76|62|27|55|.491|4|13|.308|18|21|.857|8|32|14|8|9|14|22||17|58|.293|3|12|.250|25|31|.806|14|32|12|8|3|17|19
27|27|2012-02-23||Duke|L|66|74|25|63|.397|4|15|.267|12|22|.545|16|37|11|2|5|8|20||22|52|.423|13|28|.464|17|26|.654|6|30|12|4|1|11|23
28|28|2012-02-26|@|Miami (FL)|L|62|78|24|59|.407|5|23|.217|9|16|.563|12|34|13|5|5|18|29||23|47|.489|9|20|.450|23|34|.676|7|29|11|7|7|11|17
29|29|2012-03-01|@|Virginia|W|63|60|23|45|.511|7|16|.438|10|13|.769|6|25|11|9|2|18|16||20|44|.455|4|9|.444|16|20|.800|5|17|13|8|3|15|17
30|30|2012-03-04||Clemson|W|80|72|26|52|.500|11|19|.579|17|22|.773|9|35|14|3|5|18|15||30|73|.411|6|24|.250|6|8|.750|15|35|10|11|2|12|21
31|31|2012-03-09|N|Miami (FL)|W|82|71|24|50|.480|9|16|.563|25|32|.781|5|28|13|6|8|11|15||26|64|.406|10|25|.400|9|13|.692|14|37|13|2|3|11|23
32|32|2012-03-10|N|Duke|W|62|59|24|57|.421|3|11|.273|11|14|.786|14|31|13|4|5|13|17||19|51|.373|5|20|.250|16|18|.889|10|28|7|7|6|16|17
33|33|2012-03-11|N|North Carolina|W|85|82|33|56|.589|11|22|.500|8|11|.727|6|26|21|4|6|15|19||28|71|.394|5|20|.250|21|24|.875|17|37|12|7|1|7|14
34|34|2012-03-16|N|St. Bonaventure|W|66|63|24|53|.453|7|19|.368|11|14|.786|8|29|13|9|9|11|14||23|57|.404|7|14|.500|10|13|.769|13|34|16|9|3|13|16
35|35|2012-03-18|N|Cincinnati|L|56|62|19|50|.380|6|17|.353|12|15|.800|8|28|11|5|8|17|20||19|50|.380|5|15|.333|19|23|.826|8|30|13|13|5|14|18
