ranker|game_season|date_game|game_location|opp_id|game_result|pts|opp_pts|fg|fga|fg_pct|fg3|fg3a|fg3_pct|ft|fta|ft_pct|orb|trb|ast|stl|blk|tov|pf|x|opp_fg|opp_fga|opp_fg_pct|opp_fg3|opp_fg3a|opp_fg3_pct|opp_ft|opp_fta|opp_ft_pct|opp_orb|opp_trb|opp_ast|opp_stl|opp_blk|opp_tov|opp_pf|
1|1|2011-11-11||Illinois State|W|55|47|17|42|.405|5|12|.417|16|21|.762|7|26|10|12|3|19|16||15|50|.300|6|18|.333|11|19|.579|13|31|10|9|3|20|25
2|2|2011-11-14|@|Stanford|L|59|75|21|51|.412|8|17|.471|9|15|.600|8|23|10|6|3|17|30||23|41|.561|4|13|.308|25|38|.658|4|28|9|5|1|16|19
3|3|2011-11-15|N|Southern Methodist|W|54|52|16|51|.314|8|22|.364|14|18|.778|9|28|10|7|2|7|19||19|44|.432|5|19|.263|9|13|.692|6|31|7|0|3|16|15
4|4|2011-11-21|N|Manhattan|L|83|85|22|59|.373|11|24|.458|28|38|.737|11|32|11|8|3|14|29||25|52|.481|10|17|.588|25|36|.694|9|34|17|7|5|14|29
5|5|2011-11-22|N|Texas-San Antonio|L|79|83|24|58|.414|8|28|.286|23|30|.767|12|31|14|9|0|15|27||26|52|.500|7|21|.333|24|31|.774|9|29|14|5|2|14|22
6|6|2011-11-26|@|North Dakota State|L|65|78|24|60|.400|5|18|.278|12|19|.632|8|32|5|4|2|12|22||29|58|.500|5|15|.333|15|25|.600|8|41|19|5|4|7|19
7|7|2011-11-30||Academy of Art|W|85|55|27|56|.482|6|18|.333|25|32|.781|11|40|11|7|3|5|8||21|52|.404|10|23|.435|3|5|.600|2|19|12|2|6|12|23
8|8|2011-12-03||Utah|W|82|52|32|55|.582|7|16|.438|11|14|.786|6|27|21|9|1|4|17||17|49|.347|5|18|.278|13|21|.619|11|29|10|2|3|13|15
9|9|2011-12-07|@|Colorado|L|64|71|22|61|.361|6|23|.261|14|19|.737|12|25|7|7|3|8|21||19|37|.514|6|12|.500|27|32|.844|4|34|13|3|1|17|17
10|10|2011-12-10|@|Oregon|L|70|74|27|61|.443|3|14|.214|13|19|.684|10|24|10|6|2|9|16||27|48|.563|7|22|.318|13|20|.650|7|29|16|4|5|16|17
11|11|2011-12-17||Cal Poly|L|46|65|15|43|.349|4|24|.167|12|15|.800|5|22|6|3|5|13|11||25|49|.510|9|21|.429|6|10|.600|6|28|14|7|2|8|16
12|12|2011-12-19|@|Boise State|L|63|70|24|52|.462|6|21|.286|9|16|.563|5|22|8|8|5|12|24||23|58|.397|7|17|.412|17|24|.708|14|36|14|5|1|15|17
13|13|2011-12-21|@|Arizona State|W|68|65|24|44|.545|7|14|.500|13|21|.619|5|25|13|5|4|9|20||22|48|.458|5|12|.417|16|18|.889|6|25|17|4|2|9|16
14|14|2011-12-29|@|Pacific|W|55|47|18|48|.375|4|15|.267|15|21|.714|9|34|7|4|10|9|14||19|53|.358|3|17|.176|6|15|.400|9|33|5|5|1|11|18
15|15|2012-01-02||Boise State|W|72|59|25|52|.481|6|13|.462|16|18|.889|12|28|18|8|4|10|14||21|48|.438|6|22|.273|11|15|.733|10|23|6|6|1|12|19
16|16|2012-01-05|@|Utah State|L|53|72|22|58|.379|3|16|.188|6|8|.750|10|23|12|7|3|7|15||28|43|.651|4|7|.571|12|16|.750|3|28|19|1|7|11|10
17|17|2012-01-07|@|Idaho|L|59|63|22|47|.468|5|14|.357|10|14|.714|7|21|4|6|3|13|22||18|44|.409|5|17|.294|22|25|.880|10|26|10|1|5|15|18
18|18|2012-01-12||Hawaii|L (1 OT)|68|74|27|78|.346|11|23|.478|3|7|.429|20|32|19|11|3|10|19||27|52|.519|6|14|.429|14|23|.609|12|40|22|4|6|20|14
19|19|2012-01-14||San Jose State|W|82|73|24|48|.500|11|25|.440|23|29|.793|8|31|21|5|4|12|23||23|55|.418|11|19|.579|16|28|.571|10|30|12|4|1|13|22
20|20|2012-01-18||Cal State San Marcos|W|66|55|22|53|.415|5|16|.313|17|24|.708|15|33|9|10|2|12|12||20|43|.465|4|8|.500|11|14|.786|6|23|9|10|5|17|21
21|21|2012-01-21|@|Nevada|L|61|74|21|57|.368|6|21|.286|13|18|.722|11|30|10|7|1|11|24||25|49|.510|6|19|.316|18|30|.600|9|33|13|4|6|14|14
22|22|2012-01-26|@|Louisiana Tech|L|58|59|22|53|.415|2|9|.222|12|15|.800|11|25|5|3|2|6|16||19|49|.388|7|21|.333|14|19|.737|9|28|11|1|1|9|15
23|23|2012-01-28|@|New Mexico State|L|56|60|20|49|.408|3|15|.200|13|17|.765|5|24|11|6|3|9|17||25|58|.431|3|12|.250|7|18|.389|17|42|14|2|4|17|13
24|24|2012-02-02||Idaho|W|65|55|22|44|.500|5|17|.294|16|28|.571|8|31|14|6|4|10|18||20|52|.385|5|20|.250|10|16|.625|8|30|11|2|2|12|26
25|25|2012-02-04||Utah State|W|60|54|21|54|.389|5|15|.333|13|17|.765|7|22|10|12|2|2|13||20|48|.417|4|18|.222|10|11|.909|8|33|9|0|1|16|16
26|26|2012-02-09|@|San Jose State|L (2 OT)|71|79|26|75|.347|5|26|.192|14|19|.737|19|42|18|6|3|9|23||26|54|.481|5|22|.227|22|29|.759|7|35|18|5|2|13|16
27|27|2012-02-11|@|Hawaii|L|58|62|22|57|.386|3|12|.250|11|13|.846|8|29|6|3|1|8|18||25|49|.510|2|9|.222|10|18|.556|6|29|10|2|4|12|11
28|28|2012-02-18|@|Cal State Northridge|W|62|49|21|54|.389|5|18|.278|15|19|.789|7|25|11|9|2|10|18||14|49|.286|3|17|.176|18|21|.857|12|39|3|5|3|20|18
29|29|2012-02-23||Seattle|W|78|72|20|54|.370|7|28|.250|31|39|.795|8|33|13|11|6|12|15||29|61|.475|6|23|.261|8|16|.500|6|33|13|8|1|16|25
30|30|2012-02-25||Nevada|L (3 OT)|76|79|25|71|.352|5|19|.263|21|28|.750|13|44|16|9|2|12|29||25|60|.417|3|16|.188|26|42|.619|10|40|8|5|8|17|23
31|31|2012-03-01||Louisiana Tech|L|70|75|24|59|.407|8|22|.364|14|22|.636|12|31|13|4|4|12|22||25|48|.521|8|16|.500|17|25|.680|5|30|14|6|1|11|20
32|32|2012-03-03||New Mexico State|L (1 OT)|78|83|30|65|.462|7|21|.333|11|23|.478|9|31|14|11|7|12|20||27|62|.435|7|18|.389|22|28|.786|8|37|13|4|4|15|18
33|33|2012-03-08|N|New Mexico State|L|49|65|16|51|.314|4|21|.190|13|18|.722|12|27|6|6|1|11|24||19|51|.373|2|14|.143|25|36|.694|19|42|9|5|5|11|17
