ranker|game_season|date_game|game_location|opp_id|game_result|pts|opp_pts|fg|fga|fg_pct|fg3|fg3a|fg3_pct|ft|fta|ft_pct|orb|trb|ast|stl|blk|tov|pf|x|opp_fg|opp_fga|opp_fg_pct|opp_fg3|opp_fg3a|opp_fg3_pct|opp_ft|opp_fta|opp_ft_pct|opp_orb|opp_trb|opp_ast|opp_stl|opp_blk|opp_tov|opp_pf|
1|1|2011-11-11||Roanoke|W|75|49|25|64|.391|7|27|.259|18|25|.720|20|51|17|6|9|18|18||18|58|.310|4|17|.235|9|11|.818|5|27|10|7|2|19|22
2|2|2011-11-14|@|Columbia|W|62|58|23|60|.383|6|12|.500|10|15|.667|10|28|10|3|7|12|20||19|54|.352|4|17|.235|16|23|.696|12|36|9|4|4|15|20
3|3|2011-11-17||Mercer|L|46|66|14|57|.246|3|20|.150|15|19|.789|18|33|6|7|1|19|16||25|51|.490|6|15|.400|10|15|.667|10|33|13|9|5|13|18
4|4|2011-11-20||Loyola (IL)|W|63|51|21|45|.467|7|22|.318|14|17|.824|6|23|12|5|1|4|12||19|46|.413|4|14|.286|9|12|.750|8|23|11|1|1|10|18
5|5|2011-11-25|@|Clemson|L|49|59|17|41|.415|5|14|.357|10|16|.625|4|22|8|4|1|15|19||20|48|.417|4|13|.308|15|20|.750|10|31|11|6|4|10|16
6|6|2011-11-30|@|Elon|L|70|77|26|66|.394|9|26|.346|9|13|.692|12|36|8|3|3|10|25||25|54|.463|8|20|.400|19|30|.633|5|33|12|3|4|7|15
7|7|2011-12-03|@|Davidson|L|65|86|22|59|.373|5|18|.278|16|22|.727|12|28|7|1|1|14|25||27|51|.529|7|19|.368|25|29|.862|8|31|10|6|3|14|18
8|8|2011-12-06||Virginia Wise|W|86|66|34|71|.479|10|29|.345|8|11|.727|22|44|19|6|0|8|14||27|54|.500|4|15|.267|8|11|.727|5|21|15|1|0|9|13
9|9|2011-12-11||Jacksonville|W|85|79|25|54|.463|8|23|.348|27|33|.818|9|23|15|9|6|14|20||30|62|.484|5|14|.357|14|22|.636|20|37|14|9|2|21|27
10|10|2011-12-17|@|Western Kentucky|W|76|63|21|41|.512|7|11|.636|27|34|.794|6|32|10|3|5|11|21||22|60|.367|7|24|.292|12|25|.480|13|28|11|7|3|10|28
11|11|2011-12-20|@|Presbyterian|L|71|75|24|45|.533|6|13|.462|17|24|.708|8|23|7|3|3|14|23||23|49|.469|3|13|.231|26|28|.929|9|24|8|5|0|9|21
12|12|2011-12-23|@|Georgia|L|50|64|17|52|.327|6|17|.353|10|11|.909|12|29|4|5|3|14|15||21|43|.488|6|12|.500|16|17|.941|3|22|15|8|8|9|17
13|13|2011-12-30|@|North Carolina-Wilmington|L|61|72|22|65|.338|6|26|.231|11|15|.733|17|42|14|2|4|12|19||29|60|.483|8|14|.571|6|11|.545|5|31|16|5|5|6|14
14|14|2012-01-05||Citadel|W|77|45|27|49|.551|13|29|.448|10|12|.833|7|29|18|7|3|18|12||21|55|.382|2|11|.182|1|5|.200|8|23|12|7|0|18|14
15|15|2012-01-07||College of Charleston|L|43|66|16|54|.296|4|22|.182|7|12|.583|17|39|10|5|0|22|22||24|47|.511|3|15|.200|15|25|.600|7|28|9|12|2|14|18
16|16|2012-01-12|@|Appalachian State|L|50|56|18|46|.391|6|21|.286|8|9|.889|3|22|9|9|1|14|16||21|47|.447|6|18|.333|8|12|.667|6|29|11|7|2|14|12
17|17|2012-01-14|@|Western Carolina|W|58|55|16|37|.432|3|15|.200|23|31|.742|8|26|5|10|3|19|19||17|43|.395|6|18|.333|15|19|.789|5|20|8|7|1|16|29
18|18|2012-01-19||Georgia Southern|W|64|54|21|51|.412|8|21|.381|14|18|.778|11|40|16|5|2|19|20||17|50|.340|3|16|.188|17|26|.654|8|25|8|13|3|13|19
19|19|2012-01-21||Wofford|L|72|79|27|51|.529|11|22|.500|7|11|.636|5|15|18|5|5|10|21||25|49|.510|8|13|.615|21|25|.840|12|31|19|5|2|13|18
20|20|2012-01-26|@|College of Charleston|W|69|63|25|57|.439|5|11|.455|14|25|.560|14|38|8|3|8|14|20||21|60|.350|4|23|.174|17|24|.708|11|32|9|7|3|11|21
21|21|2012-01-28|@|Citadel|W|67|58|26|56|.464|4|17|.235|11|16|.688|8|27|9|7|2|8|17||20|46|.435|3|15|.200|15|19|.789|5|24|14|3|2|18|21
22|22|2012-02-01||Davidson|L|53|71|18|53|.340|5|14|.357|12|16|.750|4|29|10|5|8|12|24||23|57|.404|2|12|.167|23|26|.885|7|38|9|5|4|9|17
23|23|2012-02-04||North Carolina-Greensboro|W|93|85|23|51|.451|10|19|.526|37|47|.787|4|31|14|8|4|15|23||26|62|.419|6|21|.286|27|31|.871|9|33|12|6|3|18|33
24|24|2012-02-06|@|Georgia Southern|L|57|64|20|55|.364|11|23|.478|6|9|.667|6|26|10|5|1|17|17||25|50|.500|6|10|.600|8|16|.500|9|34|14|8|7|15|16
25|25|2012-02-09||Appalachian State|L|69|79|22|55|.400|6|20|.300|19|26|.731|10|35|14|4|4|11|25||23|56|.411|3|12|.250|30|38|.789|9|34|12|8|2|8|22
26|26|2012-02-11||Western Carolina|W|80|66|27|50|.540|11|20|.550|15|21|.714|7|31|18|4|4|10|18||26|63|.413|2|18|.111|12|17|.706|12|30|9|8|1|8|19
27|27|2012-02-18|@|Samford|L|49|55|19|55|.345|6|29|.207|5|8|.625|9|32|12|5|1|13|23||22|47|.468|4|13|.308|7|17|.412|7|33|12|3|2|11|14
28|28|2012-02-23||Chattanooga|W|65|55|22|53|.415|5|23|.217|16|29|.552|13|40|12|6|5|11|20||17|54|.315|5|19|.263|16|24|.667|8|28|11|7|0|11|20
29|29|2012-02-25|@|Wofford|L|52|67|19|44|.432|4|18|.222|10|16|.625|7|28|3|5|1|14|15||24|50|.480|11|22|.500|8|11|.727|5|24|14|6|0|11|18
30|30|2012-03-02|N|Samford|W|75|66|24|56|.429|8|26|.308|19|25|.760|14|35|9|2|2|11|14||27|56|.482|2|20|.100|10|17|.588|5|22|10|9|1|6|20
31|31|2012-03-03|N|Davidson|L|54|73|20|53|.377|5|15|.333|9|22|.409|12|34|6|8|6|16|17||27|57|.474|10|26|.385|9|16|.563|9|31|20|9|2|10|22
