ranker|game_season|date_game|game_location|opp_id|game_result|pts|opp_pts|fg|fga|fg_pct|fg3|fg3a|fg3_pct|ft|fta|ft_pct|orb|trb|ast|stl|blk|tov|pf|x|opp_fg|opp_fga|opp_fg_pct|opp_fg3|opp_fg3a|opp_fg3_pct|opp_ft|opp_fta|opp_ft_pct|opp_orb|opp_trb|opp_ast|opp_stl|opp_blk|opp_tov|opp_pf|
1|1|2011-11-11||Valparaiso|L|81|90|26|53|.491|6|11|.545|23|32|.719|11|28|11|7|1|20|32||27|50|.540|4|19|.211|32|45|.711|16|35|10|5|1|19|25
2|2|2011-11-16|@|Wake Forest|L|72|81|28|57|.491|7|19|.368|9|13|.692|9|33|16|6|5|22|26||24|56|.429|6|23|.261|27|34|.794|5|24|15|12|6|15|16
3|3|2011-11-18||Webber|W|84|61|34|66|.515|9|20|.450|7|11|.636|9|43|15|8|4|16|24||19|58|.328|2|17|.118|21|32|.656|8|28|7|7|2|16|10
4|4|2011-11-23|@|South Florida|L|46|66|18|50|.360|4|19|.211|6|9|.667|12|28|11|6|0|14|17||25|41|.610|5|17|.294|11|22|.500|4|23|16|10|2|9|16
5|5|2011-11-27|@|Southern Methodist|L|49|55|19|46|.413|5|18|.278|6|12|.500|7|23|7|6|2|11|19||17|46|.370|8|21|.381|13|15|.867|13|34|13|3|3|15|12
6|6|2011-12-01||Chattanooga|W|84|76|31|60|.517|11|23|.478|11|17|.647|13|35|21|10|0|17|15||29|59|.492|9|23|.391|9|16|.563|8|28|19|7|0|14|17
7|7|2011-12-03||Appalachian State|W|73|62|26|55|.473|8|16|.500|13|21|.619|8|34|15|3|2|13|23||23|47|.489|4|15|.267|12|26|.462|4|29|7|4|1|17|21
8|8|2011-12-10|@|Eastern Kentucky|L|59|63|24|48|.500|2|13|.154|9|18|.500|11|23|10|7|2|17|20||24|48|.500|2|11|.182|13|16|.813|10|26|11|5|2|12|21
9|9|2011-12-19|@|South Alabama|L|57|70|14|47|.298|6|20|.300|23|29|.793|9|24|7|8|4|14|24||23|53|.434|3|10|.300|21|28|.750|15|40|10|5|2|17|25
10|10|2011-12-22|@|Georgia State|L|52|72|20|44|.455|7|14|.500|5|7|.714|4|22|13|5|1|24|13||30|61|.492|6|20|.300|6|10|.600|11|30|16|14|3|14|11
11|11|2011-12-30|@|Auburn|L|75|78|29|53|.547|4|13|.308|13|17|.765|8|22|11|7|0|11|22||28|51|.549|5|13|.385|17|23|.739|8|28|20|3|2|12|16
12|12|2012-01-02||Brewton-Parker|W|88|60|36|60|.600|6|12|.500|10|15|.667|5|31|21|9|2|18|17||24|55|.436|3|20|.150|9|14|.643|5|26|8|11|2|22|20
13|13|2012-01-05|@|Elon|W|69|63|24|61|.393|5|11|.455|16|22|.727|10|39|11|9|1|13|20||23|64|.359|8|27|.296|9|13|.692|11|39|15|4|3|13|20
14|14|2012-01-07|@|Davidson|L|74|96|30|57|.526|4|9|.444|10|17|.588|3|18|15|6|2|11|17||33|55|.600|11|19|.579|19|21|.905|7|36|21|4|3|14|23
15|15|2012-01-12||Samford|W|58|53|20|47|.426|5|18|.278|13|20|.650|11|30|8|7|2|12|13||21|49|.429|7|26|.269|4|6|.667|11|32|14|0|0|19|20
16|16|2012-01-14|@|Wofford|L|63|88|26|54|.481|1|9|.111|10|16|.625|6|21|8|3|1|11|18||32|52|.615|9|20|.450|15|19|.789|6|29|20|7|3|8|19
17|17|2012-01-19|@|Furman|L|54|64|17|50|.340|3|16|.188|17|26|.654|8|25|8|13|3|13|19||21|51|.412|8|21|.381|14|18|.778|11|40|16|5|2|19|20
18|18|2012-01-21||College of Charleston|W|64|58|26|53|.491|6|18|.333|6|10|.600|11|36|19|5|2|14|18||20|56|.357|7|24|.292|11|20|.550|8|27|10|8|2|11|15
19|19|2012-01-23||Citadel|W (2 OT)|78|72|25|53|.472|4|14|.286|24|31|.774|6|24|15|7|6|16|15||31|57|.544|4|18|.222|6|11|.545|7|28|15|6|2|16|23
20|20|2012-01-26|@|Samford|L|55|57|22|45|.489|5|19|.263|6|10|.600|6|31|9|8|1|17|18||18|45|.400|6|23|.261|15|21|.714|5|21|14|6|1|10|13
21|21|2012-01-28|@|Chattanooga|W|75|72|26|60|.433|9|24|.375|14|18|.778|8|30|14|8|3|13|18||27|59|.458|7|22|.318|11|15|.733|10|39|17|5|0|16|22
22|22|2012-02-04|@|Western Carolina|W|68|65|28|49|.571|7|16|.438|5|8|.625|8|28|16|9|4|20|11||25|54|.463|9|17|.529|6|8|.750|7|21|12|13|1|14|13
23|23|2012-02-06||Furman|W|64|57|25|50|.500|6|10|.600|8|16|.500|9|34|14|8|7|15|16||20|55|.364|11|23|.478|6|9|.667|6|26|10|5|1|17|17
24|24|2012-02-09||Wofford|W|63|49|24|50|.480|7|13|.538|8|14|.571|7|32|11|6|2|8|16||21|52|.404|3|16|.188|4|15|.267|11|29|6|4|3|10|15
25|25|2012-02-11|@|Citadel|W (1 OT)|73|72|32|65|.492|3|14|.214|6|9|.667|8|30|11|12|2|14|21||24|57|.421|2|12|.167|22|26|.846|13|38|11|5|3|17|13
26|26|2012-02-18||North Carolina-Greensboro|W|83|69|30|59|.508|4|11|.364|19|24|.792|8|30|10|12|2|17|17||24|58|.414|8|17|.471|13|17|.765|10|29|12|8|0|20|19
27|27|2012-02-23|@|College of Charleston|L|53|58|22|48|.458|5|16|.313|4|8|.500|5|29|9|6|2|19|16||21|47|.447|7|17|.412|9|20|.450|6|23|14|11|4|12|8
28|28|2012-02-25||Davidson|L|54|71|19|61|.311|3|10|.300|13|19|.684|8|29|8|10|0|10|25||25|53|.472|1|14|.071|20|29|.690|10|45|9|5|6|13|16
29|29|2012-03-02|N|Chattanooga|W|76|70|25|57|.439|8|23|.348|18|25|.720|7|29|17|8|4|9|28||19|53|.358|4|18|.222|28|35|.800|13|37|8|2|0|16|20
30|30|2012-03-03|N|Elon|L|58|65|23|50|.460|3|15|.200|9|19|.474|6|23|10|9|2|11|22||24|45|.533|5|15|.333|12|19|.632|6|26|13|4|2|13|19
