ranker|game_season|date_game|game_location|opp_id|game_result|pts|opp_pts|fg|fga|fg_pct|fg3|fg3a|fg3_pct|ft|fta|ft_pct|orb|trb|ast|stl|blk|tov|pf|x|opp_fg|opp_fga|opp_fg_pct|opp_fg3|opp_fg3a|opp_fg3_pct|opp_ft|opp_fta|opp_ft_pct|opp_orb|opp_trb|opp_ast|opp_stl|opp_blk|opp_tov|opp_pf|
1|1|2011-11-12|@|Washington|L|74|91|28|68|.412|10|25|.400|8|17|.471|10|31|14|6|4|14|23||32|62|.516|10|24|.417|17|28|.607|10|42|15|6|6|12|16
2|2|2011-11-13|N|Portland|L|61|66|24|66|.364|5|20|.250|8|13|.615|16|30|11|15|5|12|15||24|46|.522|4|10|.400|14|20|.700|10|35|10|3|0|19|11
3|3|2011-11-14|N|Florida Atlantic|L|77|84|30|65|.462|5|15|.333|12|19|.632|17|27|13|9|3|11|15||27|49|.551|15|25|.600|15|18|.833|5|22|19|6|7|14|17
4|4|2011-11-18||McNeese State|W|69|50|24|62|.387|3|14|.214|18|19|.947|13|48|9|7|5|13|11||20|62|.323|5|24|.208|5|7|.714|7|31|9|5|4|12|18
5|5|2011-11-22|@|Samford|W|55|47|18|50|.360|5|21|.238|14|25|.560|14|40|11|8|1|15|14||18|49|.367|7|24|.292|4|8|.500|6|25|15|7|0|13|21
6|6|2011-11-26||Liberty|W|72|50|24|50|.480|8|19|.421|16|22|.727|7|36|17|7|9|11|15||19|59|.322|1|11|.091|11|17|.647|9|29|11|7|3|11|18
7|7|2011-11-29|@|South Carolina State|W|85|54|34|66|.515|9|21|.429|8|14|.571|13|42|17|6|4|10|14||20|60|.333|8|23|.348|6|15|.400|12|32|7|5|6|14|10
8|8|2011-12-01||Florida International|W|73|47|23|53|.434|6|23|.261|21|32|.656|10|35|12|8|14|14|19||14|58|.241|4|24|.167|15|23|.652|14|33|8|7|2|16|25
9|9|2011-12-03||William & Mary|W|66|34|24|59|.407|4|19|.211|14|21|.667|9|37|13|9|3|6|10||12|47|.255|5|21|.238|5|7|.714|4|24|8|3|2|17|15
10|10|2011-12-10||Rhode Island|W|96|64|34|62|.548|8|20|.400|20|26|.769|8|32|19|11|4|9|14||24|55|.436|3|19|.158|13|17|.765|5|29|13|5|5|16|19
11|11|2011-12-17|@|Utah Valley|W|71|68|25|51|.490|5|14|.357|16|28|.571|6|30|10|12|5|12|22||21|54|.389|8|23|.348|18|27|.667|13|40|13|4|1|17|20
12|12|2011-12-22||Georgia Southern|W|72|52|30|61|.492|6|20|.300|6|10|.600|11|30|16|14|3|14|11||20|44|.455|7|14|.500|5|7|.714|4|22|13|5|1|24|13
13|13|2012-01-02||Drexel|W|58|44|15|45|.333|1|12|.083|27|31|.871|4|24|6|13|5|13|15||15|47|.319|5|20|.250|9|14|.643|12|34|5|8|3|24|22
14|14|2012-01-04|@|Virginia Commonwealth|W|55|53|22|53|.415|4|13|.308|7|12|.583|6|31|9|4|7|13|17||16|59|.271|6|23|.261|15|21|.714|14|41|7|10|3|10|16
15|15|2012-01-07|@|George Mason|L|58|61|22|56|.393|4|10|.400|10|17|.588|9|26|11|7|4|14|22||19|51|.373|5|18|.278|18|21|.857|12|36|8|6|8|19|19
16|16|2012-01-12||North Carolina-Wilmington|W|75|61|31|64|.484|3|13|.231|10|16|.625|6|28|13|14|6|5|16||21|55|.382|6|22|.273|13|19|.684|10|37|10|3|4|18|13
17|17|2012-01-14||Towson|W|57|42|21|53|.396|3|12|.250|12|20|.600|12|37|15|13|2|18|19||12|48|.250|4|11|.364|14|19|.737|7|27|10|10|10|19|18
18|18|2012-01-18|@|Northeastern|L|57|60|24|53|.453|3|10|.300|6|10|.600|7|28|12|8|6|13|16||19|43|.442|11|21|.524|11|16|.688|3|22|15|6|5|12|15
19|19|2012-01-21|@|Delaware|L (2 OT)|74|77|31|78|.397|5|17|.294|7|15|.467|12|44|12|15|5|12|22||26|63|.413|12|28|.429|13|18|.722|8|46|14|5|11|19|15
20|20|2012-01-23||James Madison|W|74|58|27|60|.450|4|15|.267|16|25|.640|12|39|17|14|11|17|16||20|58|.345|8|26|.308|10|16|.625|9|31|14|5|3|21|21
21|21|2012-01-25|@|Drexel|L|46|68|17|51|.333|2|11|.182|10|19|.526|10|27|5|7|9|10|16||22|52|.423|8|19|.421|16|20|.800|12|38|17|7|5|11|19
22|22|2012-01-28||Virginia Commonwealth|L|58|59|21|56|.375|7|21|.333|9|11|.818|5|29|10|5|2|9|16||22|53|.415|8|24|.333|7|14|.500|9|36|14|5|5|12|15
23|23|2012-02-01|@|North Carolina-Wilmington|W|68|53|27|59|.458|6|15|.400|8|21|.381|9|38|13|12|3|11|14||23|55|.418|2|10|.200|5|13|.385|6|36|15|6|3|15|16
24|24|2012-02-04|@|Hofstra|W|59|43|21|41|.512|7|16|.438|10|13|.769|5|29|14|7|8|16|18||17|58|.293|3|22|.136|6|12|.500|16|28|14|7|4|10|12
25|25|2012-02-08||Northeastern|W|61|59|23|50|.460|4|14|.286|11|21|.524|12|32|13|6|7|12|15||23|59|.390|6|18|.333|7|9|.778|13|31|14|5|3|12|21
26|26|2012-02-11||Delaware|L (1 OT)|77|80|26|68|.382|3|14|.214|22|28|.786|17|37|8|11|3|9|27||24|51|.471|6|19|.316|26|32|.813|9|33|10|4|5|14|20
27|27|2012-02-14|@|James Madison|W|67|64|20|48|.417|6|19|.316|21|24|.875|8|26|14|7|6|7|10||24|51|.471|10|22|.455|6|11|.545|7|24|18|5|2|11|14
28|28|2012-02-18||Texas-San Antonio|W|82|71|33|58|.569|8|20|.400|8|12|.667|9|29|19|11|5|11|12||26|55|.473|11|26|.423|8|9|.889|5|23|18|4|1|13|12
29|29|2012-02-22||Old Dominion|L (1 OT)|60|65|21|54|.389|5|17|.294|13|21|.619|8|35|13|6|10|15|15||23|76|.303|6|24|.250|13|19|.684|23|50|6|12|4|7|19
30|30|2012-02-25|@|William & Mary|W|64|60|23|57|.404|9|21|.429|9|15|.600|11|32|14|9|2|6|13||20|52|.385|8|25|.320|12|15|.800|10|35|15|3|4|13|12
31|31|2012-03-02|N|Hofstra|W|85|50|31|52|.596|3|9|.333|20|24|.833|9|34|16|9|3|8|17||16|46|.348|4|15|.267|14|22|.636|6|18|7|2|1|14|16
32|32|2012-03-03|N|George Mason|L|59|61|19|51|.373|4|11|.364|17|30|.567|9|30|8|7|4|9|16||26|57|.456|2|15|.133|7|12|.583|10|35|13|5|8|13|22
33|33|2012-03-13||Tennessee Tech|W|74|43|29|55|.527|7|18|.389|9|15|.600|9|39|16|10|6|16|14||17|60|.283|2|22|.091|7|13|.538|14|35|9|5|4|18|17
34|34|2012-03-17|@|Mercer|L|59|64|20|61|.328|6|23|.261|13|19|.684|12|34|7|8|9|8|17||20|53|.377|8|19|.421|16|20|.800|9|34|12|4|5|14|17
