ranker|game_season|date_game|game_location|opp_id|game_result|pts|opp_pts|fg|fga|fg_pct|fg3|fg3a|fg3_pct|ft|fta|ft_pct|orb|trb|ast|stl|blk|tov|pf|x|opp_fg|opp_fga|opp_fg_pct|opp_fg3|opp_fg3a|opp_fg3_pct|opp_ft|opp_fta|opp_ft_pct|opp_orb|opp_trb|opp_ast|opp_stl|opp_blk|opp_tov|opp_pf|
1|1|2011-11-12||Savannah State|W|83|54|34|51|.667|8|15|.533|7|12|.583|7|33|22|8|10|14|18||20|58|.345|6|18|.333|8|16|.500|11|22|12|6|0|16|16
2|2|2011-11-14||North Carolina-Greensboro|W|86|45|30|67|.448|9|27|.333|17|22|.773|19|42|17|10|2|10|17||16|54|.296|5|22|.227|8|18|.444|9|27|8|1|3|20|23
3|3|2011-11-21|N|Kansas|L|63|67|22|55|.400|7|24|.292|12|18|.667|7|29|6|5|4|11|20||24|51|.471|5|16|.313|14|22|.636|7|31|13|4|4|12|18
4|4|2011-11-22|@|Chaminade|W|88|61|33|57|.579|9|21|.429|13|18|.722|13|37|19|6|3|15|10||23|53|.434|8|23|.348|7|10|.700|6|19|13|6|2|17|15
5|5|2011-11-23|N|Memphis|W (1 OT)|91|88|34|70|.486|6|14|.429|17|21|.810|11|33|15|10|4|9|20||31|63|.492|7|17|.412|19|22|.864|5|31|14|4|5|17|19
6|6|2011-11-28||IUPUI|W|81|58|33|67|.493|5|18|.278|10|13|.769|14|42|20|4|3|7|18||21|60|.350|3|18|.167|13|21|.619|15|34|11|4|4|9|13
7|7|2011-12-01|@|Alabama|W|57|55|21|48|.438|7|17|.412|8|10|.800|7|26|13|5|2|10|16||19|43|.442|3|16|.188|14|19|.737|6|26|10|5|3|9|13
8|8|2011-12-03||NJIT|W|84|44|27|54|.500|12|24|.500|18|20|.900|10|43|15|5|13|14|12||15|55|.273|5|24|.208|9|11|.818|5|20|7|10|2|11|18
9|9|2011-12-10||Howard|W|62|48|16|49|.327|1|13|.077|29|42|.690|9|33|7|7|4|12|20||15|46|.326|4|11|.364|14|22|.636|8|33|8|5|2|20|26
10|10|2011-12-17||American|W|81|55|30|51|.588|6|16|.375|15|20|.750|5|31|18|8|3|12|18||22|54|.407|6|23|.261|5|8|.625|7|19|12|5|2|15|20
11|11|2011-12-22||Memphis|W|70|59|22|51|.431|5|14|.357|21|30|.700|13|34|13|10|3|15|17||22|51|.431|3|13|.231|12|17|.706|11|28|14|7|4|18|24
12|12|2011-12-28|@|Louisville|W|71|68|23|48|.479|7|11|.636|18|24|.750|8|36|11|4|2|16|18||25|60|.417|8|24|.333|10|17|.588|12|30|15|13|5|9|20
13|13|2011-12-31||Providence|W|49|40|18|59|.305|3|17|.176|10|15|.667|12|37|7|6|8|7|17||13|51|.255|3|13|.231|11|20|.550|13|39|6|3|4|13|15
14|14|2012-01-04||Marquette|W|73|70|27|43|.628|6|18|.333|13|23|.565|3|21|18|9|4|17|18||23|52|.442|8|18|.444|16|20|.800|9|22|15|9|1|16|21
15|15|2012-01-07|@|West Virginia|L|62|74|23|57|.404|2|14|.143|14|20|.700|11|30|10|8|4|15|26||24|48|.500|4|12|.333|22|31|.710|9|34|12|8|4|16|20
16|16|2012-01-09||Cincinnati|L|64|68|26|44|.591|6|10|.600|6|10|.600|6|24|14|5|4|17|16||23|50|.460|4|13|.308|18|22|.818|7|20|7|13|0|9|15
17|17|2012-01-15|@|St. John's (NY)|W|69|49|25|58|.431|7|18|.389|12|19|.632|18|41|17|8|6|12|19||17|54|.315|0|10|.000|15|21|.714|14|29|8|10|4|13|18
18|18|2012-01-17|@|DePaul|W|83|75|30|57|.526|7|13|.538|16|28|.571|14|43|13|9|7|18|18||28|64|.438|9|25|.360|10|15|.667|7|18|16|7|5|11|23
19|19|2012-01-21||Rutgers|W|52|50|12|41|.293|3|14|.214|25|36|.694|11|33|8|7|8|14|14||20|53|.377|6|16|.375|4|7|.571|7|25|12|8|2|15|29
20|20|2012-01-28|@|Pittsburgh|L|60|72|24|57|.421|5|17|.294|7|12|.583|6|22|13|6|4|11|18||25|48|.521|3|13|.231|19|22|.864|5|33|20|3|0|15|17
21|21|2012-02-01||Connecticut|W|58|44|21|48|.438|5|13|.385|11|15|.733|4|29|13|6|4|15|18||18|60|.300|2|20|.100|6|13|.462|11|33|11|4|3|11|16
22|22|2012-02-04||South Florida|W|75|45|23|46|.500|5|12|.417|24|30|.800|5|31|16|6|3|9|16||16|51|.314|4|19|.211|9|16|.563|7|23|9|5|3|17|22
23|23|2012-02-08|@|Syracuse|L (1 OT)|61|64|21|63|.333|5|21|.238|14|16|.875|20|48|16|8|6|14|17||22|63|.349|8|24|.333|12|16|.750|12|30|14|6|11|9|12
24|24|2012-02-12||St. John's (NY)|W|71|61|24|49|.490|7|23|.304|16|24|.667|10|32|17|2|7|8|16||21|52|.404|6|20|.300|13|18|.722|9|24|10|7|2|5|22
25|25|2012-02-18|@|Providence|W|63|53|21|46|.457|7|15|.467|14|23|.609|5|35|16|2|5|12|19||14|54|.259|4|21|.190|21|31|.677|11|34|11|7|2|8|22
26|26|2012-02-21|@|Seton Hall|L|55|73|19|47|.404|5|15|.333|12|15|.800|11|25|9|6|3|11|15||25|41|.610|8|13|.615|15|19|.789|4|23|18|6|3|8|15
27|27|2012-02-25||Villanova|W|67|46|24|52|.462|3|13|.231|16|23|.696|11|37|10|4|5|14|22||14|50|.280|3|12|.250|15|21|.714|7|21|5|9|2|12|20
28|28|2012-02-27||Notre Dame|W|59|41|23|44|.523|4|11|.364|9|13|.692|8|32|13|5|3|11|13||16|48|.333|3|17|.176|6|10|.600|7|19|7|7|0|11|15
29|29|2012-03-03|@|Marquette|L|69|83|25|63|.397|5|18|.278|14|25|.560|17|37|15|5|3|14|29||24|50|.480|2|12|.167|33|45|.733|11|38|13|11|2|12|19
30|30|2012-03-07|N|Pittsburgh|W|64|52|19|39|.487|4|13|.308|22|31|.710|7|33|10|5|4|12|15||18|49|.367|5|21|.238|11|18|.611|6|22|11|5|0|10|23
31|31|2012-03-08|N|Cincinnati|L (2 OT)|70|72|30|62|.484|2|10|.200|8|15|.533|11|40|13|4|8|14|15||28|72|.389|2|21|.095|14|21|.667|14|38|12|12|2|9|14
32|32|2012-03-16|N|Belmont|W|74|59|30|49|.612|5|12|.417|9|13|.692|7|30|14|2|3|12|10||21|54|.389|10|27|.370|7|11|.636|8|22|16|3|0|9|15
33|33|2012-03-18|N|North Carolina State|L|63|66|21|51|.412|8|25|.320|13|17|.765|6|29|13|5|4|11|23||20|54|.370|7|15|.467|19|31|.613|15|33|11|4|3|10|14
