ranker|game_season|date_game|game_location|opp_id|game_result|pts|opp_pts|fg|fga|fg_pct|fg3|fg3a|fg3_pct|ft|fta|ft_pct|orb|trb|ast|stl|blk|tov|pf|x|opp_fg|opp_fga|opp_fg_pct|opp_fg3|opp_fg3a|opp_fg3_pct|opp_ft|opp_fta|opp_ft_pct|opp_orb|opp_trb|opp_ast|opp_stl|opp_blk|opp_tov|opp_pf|
1|1|2011-11-12||William & Mary|W|73|58|27|64|.422|8|27|.296|11|21|.524|16|41|15|8|1|8|21||18|45|.400|6|18|.333|16|23|.696|4|24|6|3|1|14|20
2|2|2011-11-17|@|Richmond|L|51|72|15|60|.250|2|18|.111|19|25|.760|15|38|4|6|3|16|16||24|59|.407|11|21|.524|13|21|.619|13|43|16|8|4|13|22
3|3|2011-11-20|@|Rutgers|L|52|66|15|41|.366|6|18|.333|16|24|.667|3|27|7|11|6|26|20||20|63|.317|3|16|.188|23|27|.852|16|39|13|13|3|16|22
4|4|2011-11-22|N|Sacred Heart|L|71|78|28|59|.475|7|19|.368|8|18|.444|11|28|9|6|4|12|19||26|56|.464|11|20|.550|15|18|.833|8|27|15|1|4|14|22
5|5|2011-11-23|N|Southern Illinois-Edwardsville|W|68|64|25|55|.455|8|19|.421|10|16|.625|11|33|13|6|3|18|12||25|56|.446|10|22|.455|4|8|.500|10|26|14|7|2|16|19
6|6|2011-11-29||High Point|W|68|64|22|45|.489|8|19|.421|16|24|.667|9|29|13|5|5|13|17||21|59|.356|13|30|.433|9|16|.563|15|31|10|4|1|12|20
7|7|2011-12-01||Savannah State|L|49|65|14|46|.304|0|12|.000|21|26|.808|12|30|10|7|4|18|21||21|48|.438|8|15|.533|15|18|.833|9|32|7|3|2|18|20
8|8|2011-12-04|N|Howard|W|71|53|22|55|.400|5|18|.278|22|32|.688|12|38|13|9|4|15|14||19|53|.358|0|6|.000|15|19|.789|8|31|5|8|1|19|24
9|9|2011-12-05|@|Fordham|L|53|54|19|57|.333|7|24|.292|8|17|.471|13|38|11|6|4|15|16||21|66|.318|3|19|.158|9|16|.563|19|46|12|5|2|12|15
10|10|2011-12-07|@|American|L|72|74|30|59|.508|7|19|.368|5|9|.556|6|22|15|12|2|15|24||23|47|.489|11|23|.478|17|29|.586|10|30|16|9|3|20|17
11|11|2011-12-17|@|Liberty|L|65|74|22|52|.423|9|24|.375|12|16|.750|8|27|14|4|1|16|18||25|54|.463|6|14|.429|18|18|1.000|5|28|16|6|3|9|16
12|12|2011-12-20|@|Robert Morris|L|54|64|20|50|.400|4|20|.200|10|18|.556|12|32|12|7|6|14|17||19|49|.388|9|18|.500|17|22|.773|9|30|11|8|2|16|16
13|13|2011-12-29|N|Utah Valley|L|40|42|15|51|.294|1|19|.053|9|19|.474|9|37|6|5|13|11|15||15|61|.246|4|22|.182|8|15|.533|19|49|10|3|3|12|17
14|14|2011-12-30|N|Longwood|W|82|79|31|64|.484|10|25|.400|10|17|.588|11|39|17|8|4|14|16||29|63|.460|9|26|.346|12|17|.706|7|28|16|6|2|10|16
15|15|2012-01-07||Howard|W|57|55|17|47|.362|2|15|.133|21|35|.600|8|33|9|3|4|13|21||14|50|.280|5|15|.333|22|33|.667|12|39|4|3|0|17|30
16|16|2012-01-09|@|James Madison|L|67|74|25|62|.403|8|24|.333|9|14|.643|12|34|13|5|8|16|18||26|58|.448|7|18|.389|15|24|.625|9|34|14|9|0|13|15
17|17|2012-01-14|@|Coppin State|L|66|83|25|66|.379|8|25|.320|8|20|.400|12|31|11|5|4|8|25||24|53|.453|7|15|.467|28|36|.778|11|41|13|2|1|15|22
18|18|2012-01-16|@|Morgan State|L|56|68|21|65|.323|5|24|.208|9|17|.529|13|33|6|6|5|11|22||20|54|.370|7|23|.304|21|28|.750|12|41|10|4|5|13|16
19|19|2012-01-21||Norfolk State|L|75|80|26|57|.456|8|18|.444|15|24|.625|7|25|10|9|3|12|17||29|56|.518|9|20|.450|13|16|.813|8|35|17|6|1|16|20
20|20|2012-01-24||South Carolina State|W|78|66|27|74|.365|3|24|.125|21|32|.656|24|53|14|5|6|13|22||23|62|.371|6|19|.316|14|23|.609|8|32|10|4|3|16|21
21|21|2012-01-28||Coppin State|L|70|73|26|57|.456|7|24|.292|11|21|.524|9|34|15|10|2|12|20||23|55|.418|10|27|.370|17|24|.708|8|34|14|2|0|15|18
22|22|2012-01-30||Morgan State|W|68|63|25|59|.424|2|11|.182|16|25|.640|14|43|12|5|8|14|17||19|63|.302|5|19|.263|20|24|.833|12|34|3|5|3|14|18
23|23|2012-02-06|@|Delaware State|L|69|77|26|52|.500|6|12|.500|11|16|.688|8|29|12|2|4|13|15||30|53|.566|5|16|.313|12|17|.706|5|20|19|9|3|8|15
24|24|2012-02-11|@|Norfolk State|L|62|70|24|66|.364|4|14|.286|10|16|.625|14|32|8|9|1|9|21||22|59|.373|7|16|.438|19|23|.826|18|47|7|5|8|14|20
25|25|2012-02-15||Maryland-Eastern Shore|W|82|62|30|56|.536|6|19|.316|16|22|.727|5|33|17|14|8|16|18||21|64|.328|5|23|.217|15|22|.682|14|34|8|8|1|20|18
26|26|2012-02-18|@|Delaware|L|64|68|23|63|.365|4|17|.235|14|21|.667|11|33|9|6|5|13|18||22|53|.415|6|17|.353|18|21|.857|4|30|6|3|4|16|17
27|27|2012-02-20||Delaware State|L (2 OT)|68|74|21|65|.323|7|22|.318|19|27|.704|16|51|16|6|6|24|20||27|73|.370|6|22|.273|14|21|.667|14|38|10|11|7|13|22
28|28|2012-02-25|@|Florida A&M|W|74|59|24|58|.414|7|20|.350|19|29|.655|9|35|6|9|7|6|13||25|67|.373|4|22|.182|5|7|.714|11|38|10|2|4|16|21
29|29|2012-02-27|@|Bethune-Cookman|L|64|74|25|61|.410|5|21|.238|9|15|.600|13|34|5|5|2|13|20||26|48|.542|5|13|.385|17|24|.708|6|29|16|10|2|14|16
30|30|2012-03-01||North Carolina Central|L|45|60|13|48|.271|5|23|.217|14|16|.875|10|31|8|5|5|19|14||23|49|.469|6|16|.375|8|13|.615|5|30|8|6|3|17|15
31|31|2012-03-06|N|Morgan State|W|69|65|19|46|.413|7|18|.389|24|38|.632|7|32|9|9|5|15|23||18|63|.286|6|19|.316|23|31|.742|19|45|10|5|3|17|28
32|32|2012-03-07|N|Savannah State|W|59|46|20|48|.417|3|14|.214|16|20|.800|8|27|8|10|12|13|12||16|59|.271|5|22|.227|9|13|.692|20|40|7|4|1|20|19
33|33|2012-03-09|N|Bethune-Cookman|L|72|81|24|45|.533|4|13|.308|20|27|.741|6|19|5|3|5|13|25||25|51|.490|8|16|.500|23|32|.719|13|27|14|2|3|12|19
