ranker|game_season|date_game|game_location|opp_id|game_result|pts|opp_pts|fg|fga|fg_pct|fg3|fg3a|fg3_pct|ft|fta|ft_pct|orb|trb|ast|stl|blk|tov|pf|x|opp_fg|opp_fga|opp_fg_pct|opp_fg3|opp_fg3a|opp_fg3_pct|opp_ft|opp_fta|opp_ft_pct|opp_orb|opp_trb|opp_ast|opp_stl|opp_blk|opp_tov|opp_pf|
1|1|2011-11-11|@|Oklahoma|L|74|78|28|60|.467|7|24|.292|11|17|.647|9|31|22|7|0|20|30||23|63|.365|8|23|.348|24|33|.727|16|36|18|8|6|15|20
2|2|2011-11-14|@|North Dakota|L|47|63|15|42|.357|3|10|.300|14|27|.519|8|27|9|0|3|20|23||20|46|.435|8|22|.364|15|23|.652|9|29|15|6|3|12|26
3|3|2011-11-18||Colorado Christian|W|93|66|34|59|.576|5|17|.294|20|35|.571|8|38|20|9|4|11|20||24|55|.436|4|14|.286|14|19|.737|2|22|12|3|3|18|25
4|4|2011-11-23||Loyola Marymount|L (1 OT)|76|79|25|64|.391|12|28|.429|14|20|.700|15|34|14|6|3|17|13||32|64|.500|5|18|.278|10|13|.769|12|36|11|6|5|14|16
5|5|2011-11-26||Utah State|L|62|75|17|52|.327|3|18|.167|25|30|.833|10|22|6|5|2|10|18||26|45|.578|13|19|.684|10|16|.625|5|25|21|4|5|16|27
6|6|2011-11-30|@|New Mexico|L|41|65|16|54|.296|7|22|.318|2|4|.500|8|25|6|9|4|16|20||24|58|.414|5|23|.217|12|24|.500|14|42|14|11|0|15|11
7|7|2011-12-03||North Dakota|W|76|63|26|51|.510|4|10|.400|20|29|.690|10|39|14|3|1|11|18||23|58|.397|9|22|.409|8|17|.471|7|25|9|4|3|9|22
8|8|2011-12-05|@|Boise State|L|55|79|21|47|.447|4|11|.364|9|16|.563|4|19|10|6|3|16|20||23|52|.442|12|29|.414|21|28|.750|13|32|15|5|6|13|16
9|9|2011-12-10|@|Loyola Marymount|L (1 OT)|72|80|28|63|.444|5|17|.294|11|14|.786|5|26|15|10|1|18|24||24|58|.414|9|27|.333|23|33|.697|13|41|15|9|4|18|19
10|10|2011-12-16|@|Utah|L|59|71|21|53|.396|5|17|.294|12|15|.800|7|22|13|10|2|15|19||23|47|.489|8|23|.348|17|22|.773|6|24|18|8|4|12|16
11|11|2011-12-22||Wyoming|L|56|80|16|51|.314|7|17|.412|17|21|.810|8|17|10|6|2|12|17||29|54|.537|9|22|.409|13|16|.813|11|34|12|6|5|12|22
12|12|2011-12-29|@|Weber State|L|64|78|20|52|.385|8|23|.348|16|24|.667|10|25|10|4|3|13|18||24|46|.522|9|16|.563|21|23|.913|6|28|13|5|1|14|21
13|13|2012-01-02|@|Northern Colorado|W|57|55|22|46|.478|7|18|.389|6|11|.545|5|16|10|5|1|7|16||17|34|.500|5|9|.556|16|19|.842|6|28|9|2|1|16|15
14|14|2012-01-05||Montana State|L|69|73|21|52|.404|8|26|.308|19|29|.655|15|30|14|10|1|14|18||24|45|.533|10|16|.625|15|19|.789|7|24|11|8|3|18|25
15|15|2012-01-07||Montana|L|44|68|16|43|.372|4|12|.333|8|14|.571|7|23|9|8|2|21|11||27|45|.600|6|11|.545|8|10|.800|3|23|12|11|2|17|14
16|16|2012-01-09|@|Wyoming|L|49|73|18|46|.391|3|13|.231|10|14|.714|5|13|4|8|2|15|20||26|46|.565|6|11|.545|15|20|.750|10|30|13|9|4|15|15
17|17|2012-01-14|@|Sacramento State|W|68|67|23|64|.359|4|13|.308|18|23|.783|13|26|12|9|4|6|23||20|40|.500|3|8|.375|24|35|.686|6|37|17|1|3|20|24
18|18|2012-01-16|@|Portland State|L|68|80|26|57|.456|5|16|.313|11|14|.786|10|26|14|9|2|16|27||23|49|.469|5|14|.357|29|36|.806|10|27|7|10|5|14|18
19|19|2012-01-21||Northern Arizona|W|78|62|28|54|.519|6|15|.400|16|23|.696|16|38|17|9|0|20|22||19|43|.442|10|22|.455|14|23|.609|6|19|7|9|1|20|22
20|20|2012-01-26||Northern Colorado|W (2 OT)|99|94|34|60|.567|14|27|.519|17|21|.810|4|19|20|9|4|17|24||31|58|.534|9|23|.391|23|29|.793|8|30|9|7|0|26|27
21|21|2012-01-28||Weber State|W|64|62|21|50|.420|10|25|.400|12|19|.632|6|28|9|5|0|12|18||22|48|.458|6|21|.286|12|19|.632|6|27|8|3|1|12|19
22|22|2012-02-02|@|Montana State|W (1 OT)|87|86|31|63|.492|10|30|.333|15|23|.652|5|26|11|9|2|10|23||27|59|.458|12|23|.522|20|31|.645|10|38|16|6|3|15|20
23|23|2012-02-06|@|Montana|L|40|76|14|57|.246|2|12|.167|10|16|.625|13|25|5|3|3|15|18||28|54|.519|5|13|.385|15|17|.882|6|35|12|7|7|13|19
24|24|2012-02-09||Portland State|L|54|67|20|54|.370|5|16|.313|9|15|.600|10|27|7|4|2|12|15||23|50|.460|1|14|.071|20|25|.800|10|35|5|3|3|14|18
25|25|2012-02-11|@|Northern Arizona|W|79|73|27|60|.450|11|20|.550|14|15|.933|12|28|16|6|0|8|21||27|57|.474|3|15|.200|16|20|.800|10|30|17|6|2|11|18
26|26|2012-02-18|@|Pacific|L (1 OT)|64|66|24|64|.375|6|25|.240|10|17|.588|14|35|11|13|5|10|13||25|57|.439|7|18|.389|9|10|.900|10|33|13|5|4|21|17
27|27|2012-02-23||Eastern Washington|L|78|85|29|55|.527|3|15|.200|17|27|.630|4|26|15|6|4|15|30||26|54|.481|10|26|.385|23|34|.676|8|31|13|4|4|13|25
28|28|2012-02-25||Sacramento State|L|67|70|24|57|.421|7|22|.318|12|19|.632|5|27|13|5|1|11|14||27|56|.482|4|9|.444|12|18|.667|7|34|7|5|3|14|18
29|29|2012-02-28|@|Eastern Washington|L|64|77|23|56|.411|4|10|.400|14|19|.737|8|29|12|7|2|17|24||24|54|.444|7|25|.280|22|29|.759|10|32|11|11|5|10|20
30|30|2012-03-03|@|Eastern Washington|L|75|81|27|66|.409|14|33|.424|7|8|.875|9|28|11|11|5|12|17||28|53|.528|8|17|.471|17|22|.773|8|31|15|7|2|14|13
