ranker|game_season|date_game|game_location|opp_id|game_result|pts|opp_pts|fg|fga|fg_pct|fg3|fg3a|fg3_pct|ft|fta|ft_pct|orb|trb|ast|stl|blk|tov|pf|x|opp_fg|opp_fga|opp_fg_pct|opp_fg3|opp_fg3a|opp_fg3_pct|opp_ft|opp_fta|opp_ft_pct|opp_orb|opp_trb|opp_ast|opp_stl|opp_blk|opp_tov|opp_pf|
1|1|2011-11-11||Loyola (IL)|W|67|49|28|59|.475|6|21|.286|5|9|.556|13|31|9|10|13|12|17||18|51|.353|4|14|.286|9|14|.643|10|24|11|1|0|21|14
2|2|2011-11-14||Southern Illinois-Edwardsville|W|66|46|21|51|.412|7|19|.368|17|24|.708|13|45|15|7|11|22|10||17|57|.298|8|22|.364|4|6|.667|5|25|9|8|2|15|22
3|3|2011-11-17||Lipscomb|W|79|64|29|56|.518|4|14|.286|17|22|.773|9|41|11|9|6|21|26||19|60|.317|8|20|.400|18|26|.692|12|30|10|9|1|18|21
4|4|2011-11-22|N|Richmond|W|70|61|22|52|.423|3|10|.300|23|28|.821|9|30|9|5|5|8|19||18|47|.383|8|22|.364|17|24|.708|4|22|11|5|10|11|24
5|5|2011-11-23|N|Illinois State|W|63|59|21|51|.412|6|19|.316|15|17|.882|7|23|13|0|4|6|15||19|47|.404|9|18|.500|12|15|.800|6|26|16|3|3|9|17
6|6|2011-11-27||Chicago State|W|90|43|35|62|.565|8|21|.381|12|18|.667|8|30|25|7|2|11|15||16|47|.340|3|15|.200|8|15|.533|8|23|8|2|0|22|18
7|7|2011-11-29|@|Maryland|W|71|62|23|55|.418|7|23|.304|18|20|.900|13|34|13|3|6|11|21||21|50|.420|5|19|.263|15|25|.600|10|27|5|2|3|11|16
8|8|2011-12-03||Gonzaga|W|82|75|32|60|.533|5|16|.313|13|17|.765|7|26|16|9|2|12|21||26|51|.510|5|13|.385|18|27|.667|7|24|10|9|1|16|17
9|9|2011-12-07||St. Bonaventure|W|48|43|15|47|.319|7|26|.269|11|17|.647|8|24|9|9|2|13|12||17|48|.354|4|15|.267|5|8|.625|10|34|8|5|2|18|17
10|10|2011-12-11||Coppin State|W|80|63|31|55|.564|10|22|.455|8|12|.667|7|31|21|4|5|8|11||23|54|.426|10|25|.400|7|12|.583|8|25|10|3|0|11|15
11|11|2011-12-17|N|Nevada-Las Vegas|L|48|64|16|63|.254|7|25|.280|9|18|.500|11|33|12|7|1|14|19||22|50|.440|3|11|.273|17|20|.850|5|39|11|10|9|17|21
12|12|2011-12-19||Cornell|W|64|60|24|57|.421|7|21|.333|9|13|.692|13|39|17|3|5|14|15||22|56|.393|10|23|.435|6|11|.545|8|24|12|7|3|10|16
13|13|2011-12-22|N|Missouri|L|74|78|31|62|.500|4|16|.250|8|10|.800|11|34|10|5|2|17|16||26|59|.441|7|19|.368|19|23|.826|9|28|13|7|4|13|13
14|14|2011-12-27||Minnesota|W (2 OT)|81|72|28|60|.467|7|21|.333|18|22|.818|8|37|14|3|10|21|17||26|69|.377|4|14|.286|16|18|.889|10|33|15|8|4|14|19
15|15|2011-12-31|@|Purdue|L|60|75|24|56|.429|5|21|.238|7|13|.538|12|28|10|7|0|17|21||25|44|.568|9|17|.529|16|28|.571|3|24|15|10|0|13|16
16|16|2012-01-04|@|Northwestern|W|57|56|21|49|.429|4|10|.400|11|20|.550|7|30|12|4|6|11|18||20|55|.364|5|18|.278|11|18|.611|9|29|10|11|6|8|19
17|17|2012-01-07||Nebraska|W|59|54|23|44|.523|3|11|.273|10|19|.526|2|19|8|5|2|13|20||18|36|.500|5|14|.357|13|19|.684|3|24|8|5|3|20|18
18|18|2012-01-10||Ohio State|W|79|74|27|45|.600|11|18|.611|14|17|.824|4|25|12|9|4|17|10||31|66|.470|5|15|.333|7|9|.778|13|26|10|6|0|11|15
19|19|2012-01-19|@|Penn State|L|52|54|17|49|.347|7|22|.318|11|13|.846|10|30|14|5|3|14|15||20|49|.408|4|10|.400|10|13|.769|10|28|14|6|5|12|16
20|20|2012-01-22||Wisconsin|L|63|67|24|55|.436|3|12|.250|12|15|.800|4|29|8|2|0|9|17||24|54|.444|9|22|.409|10|18|.556|7|33|12|4|1|10|14
21|21|2012-01-28|@|Minnesota|L (1 OT)|72|77|25|62|.403|3|21|.143|19|29|.655|14|36|12|7|7|16|28||25|54|.463|6|18|.333|21|33|.636|9|34|18|10|2|14|24
22|22|2012-01-31||Michigan State|W|42|41|15|46|.326|3|17|.176|9|17|.529|8|30|7|4|6|12|17||14|58|.241|3|14|.214|10|12|.833|18|43|4|3|3|15|18
23|23|2012-02-05||Northwestern|L|70|74|26|48|.542|11|24|.458|7|11|.636|6|22|18|2|2|12|15||29|48|.604|8|20|.400|8|15|.533|5|22|12|5|0|10|16
24|24|2012-02-09|@|Indiana|L|71|84|26|50|.520|7|21|.333|12|15|.800|3|21|15|5|4|15|30||21|42|.500|7|12|.583|35|42|.833|5|25|15|6|3|10|16
25|25|2012-02-12|@|Michigan|L|61|70|21|54|.389|8|23|.348|11|17|.647|12|31|10|2|3|13|19||23|46|.500|7|16|.438|17|22|.773|4|25|13|10|0|9|20
26|26|2012-02-15||Purdue|L|62|67|25|56|.446|3|21|.143|9|11|.818|6|26|11|4|3|12|11||27|60|.450|7|16|.438|6|10|.600|10|31|14|3|2|11|13
27|27|2012-02-18|@|Nebraska|L|57|80|21|53|.396|6|23|.261|9|16|.563|5|26|15|5|3|14|18||30|54|.556|10|20|.500|10|15|.667|3|30|19|8|1|10|16
28|28|2012-02-21|@|Ohio State|L|67|83|25|63|.397|3|18|.167|14|17|.824|10|23|11|7|1|8|19||32|49|.653|7|13|.538|12|18|.667|5|32|16|6|3|17|17
29|29|2012-02-26||Iowa|W|65|54|22|52|.423|6|18|.333|15|17|.882|11|31|12|4|4|17|14||18|49|.367|6|17|.353|12|16|.750|5|21|12|7|1|17|17
30|30|2012-03-01||Michigan|L|61|72|21|54|.389|4|14|.286|15|21|.714|6|25|10|3|2|8|21||21|45|.467|9|19|.474|21|23|.913|5|31|11|6|2|12|19
31|31|2012-03-04|@|Wisconsin|L|56|70|21|53|.396|4|17|.235|10|14|.714|6|28|3|2|3|10|25||21|47|.447|7|19|.368|21|27|.778|6|33|12|6|1|6|14
32|32|2012-03-08|N|Iowa|L|61|64|27|62|.435|7|26|.269|0|0||10|32|18|4|5|12|13||23|57|.404|6|19|.316|12|19|.632|14|34|15|9|3|6|10
