ranker|game_season|date_game|game_location|opp_id|game_result|pts|opp_pts|fg|fga|fg_pct|fg3|fg3a|fg3_pct|ft|fta|ft_pct|orb|trb|ast|stl|blk|tov|pf|x|opp_fg|opp_fga|opp_fg_pct|opp_fg3|opp_fg3a|opp_fg3_pct|opp_ft|opp_fta|opp_ft_pct|opp_orb|opp_trb|opp_ast|opp_stl|opp_blk|opp_tov|opp_pf|
1|1|2011-11-11|@|Florida State|L|67|79|25|59|.424|5|17|.294|12|20|.600|13|34|11|7|2|16|23||24|54|.444|8|17|.471|23|30|.767|11|36|13|7|3|15|21
2|2|2011-11-16|@|Savannah State|L (1 OT)|70|73|23|48|.479|3|7|.429|21|28|.750|7|27|6|7|5|20|29||23|55|.418|4|18|.222|23|38|.605|13|29|15|6|5|17|25
3|3|2011-11-18||Samford|W|70|57|27|54|.500|9|19|.474|7|8|.875|9|35|16|8|3|18|19||21|54|.389|7|27|.259|8|12|.667|9|27|12|9|6|13|14
4|4|2011-11-21|@|Bethune-Cookman|W|65|55|28|54|.519|5|11|.455|4|5|.800|8|28|19|2|6|12|14||20|56|.357|5|21|.238|10|15|.667|15|29|11|4|2|14|9
5|5|2011-11-25|@|Florida|L|62|107|24|62|.387|5|15|.333|9|17|.529|10|30|8|6|1|15|22||37|67|.552|11|25|.440|22|35|.629|12|41|20|9|4|7|18
6|6|2011-11-28|@|Marquette|L|56|88|21|61|.344|9|26|.346|5|9|.556|13|31|18|2|1|16|21||31|53|.585|9|16|.563|17|29|.586|7|31|22|7|2|9|15
7|7|2011-12-03|@|North Florida|L|58|80|23|68|.338|5|16|.313|7|13|.538|15|31|8|10|2|10|21||28|47|.596|8|13|.615|16|22|.727|6|34|12|3|3|16|16
8|8|2011-12-11|@|Furman|L|79|85|30|62|.484|5|14|.357|14|22|.636|20|37|14|9|2|21|27||25|54|.463|8|23|.348|27|33|.818|9|23|15|9|6|14|20
9|9|2011-12-15||Winthrop|L|45|59|17|52|.327|1|13|.077|10|20|.500|14|39|12|7|6|15|17||18|45|.400|4|12|.333|19|25|.760|7|33|11|9|5|12|18
10|10|2011-12-18|@|Wofford|L|57|63|24|60|.400|5|11|.455|4|9|.444|9|31|14|5|3|11|27||17|41|.415|4|13|.308|25|39|.641|4|30|12|6|3|12|15
11|11|2011-12-22|@|Alabama-Birmingham|L|65|70|23|61|.377|5|18|.278|14|24|.583|9|23|14|13|0|7|26||23|46|.500|4|15|.267|20|32|.625|12|44|17|3|5|18|20
12|12|2011-12-29|@|Alabama|L|55|72|20|55|.364|4|13|.308|11|21|.524|14|30|9|8|2|16|18||25|48|.521|6|15|.400|16|26|.615|7|32|14|10|2|11|18
13|13|2012-01-02||Lipscomb|L|71|77|28|62|.452|7|23|.304|8|16|.500|10|29|15|9|4|14|22||24|53|.453|9|20|.450|20|24|.833|9|35|14|3|3|17|14
14|14|2012-01-04||Belmont|L|63|75|20|55|.364|3|12|.250|20|26|.769|17|35|9|11|8|17|28||20|47|.426|4|11|.364|31|42|.738|8|27|10|8|4|14|19
15|15|2012-01-07|@|Stetson|L|61|73|21|58|.362|4|14|.286|15|22|.682|13|29|13|10|1|15|24||24|44|.545|4|16|.250|21|30|.700|6|26|14|7|1|21|22
16|16|2012-01-09|@|Florida Gulf Coast|L|66|77|25|59|.424|5|19|.263|11|18|.611|6|24|16|9|1|15|20||25|48|.521|7|14|.500|20|26|.769|4|29|14|10|3|17|20
17|17|2012-01-14||East Tennessee State|L|58|72|20|47|.426|6|18|.333|12|17|.706|14|29|10|7|4|19|16||29|53|.547|3|11|.273|11|19|.579|12|24|12|10|0|13|17
18|18|2012-01-16||South Carolina Upstate|W (1 OT)|77|74|26|67|.388|3|18|.167|22|27|.815|23|43|13|9|4|12|22||28|62|.452|5|17|.294|13|21|.619|16|34|14|7|6|12|18
19|19|2012-01-21|@|Kennesaw State|W|66|50|23|51|.451|5|14|.357|15|24|.625|13|36|10|12|4|16|25||16|39|.410|1|10|.100|17|30|.567|7|24|5|7|0|16|18
20|20|2012-01-23|@|Mercer|L|65|75|25|61|.410|3|10|.300|12|20|.600|17|30|8|7|3|11|26||23|36|.639|5|11|.455|24|34|.706|5|24|8|5|6|18|18
21|21|2012-01-28|@|Belmont|L|71|85|23|52|.442|6|15|.400|19|24|.792|12|29|12|3|4|13|26||28|50|.560|6|12|.500|23|33|.697|7|27|14|5|1|7|19
22|22|2012-01-30|@|Lipscomb|L|68|82|26|64|.406|8|22|.364|8|19|.421|14|32|11|5|4|10|21||27|52|.519|7|16|.438|21|29|.724|8|33|15|3|6|14|16
23|23|2012-02-04||Florida Gulf Coast|L|55|65|15|49|.306|5|17|.294|20|28|.714|13|37|10|8|7|21|22||21|46|.457|5|12|.417|18|24|.750|3|27|12|15|5|15|22
24|24|2012-02-06||Stetson|W|74|63|26|64|.406|9|22|.409|13|19|.684|13|37|15|9|4|10|16||21|54|.389|5|19|.263|16|22|.727|10|38|14|5|3|17|14
25|25|2012-02-11|@|South Carolina Upstate|L|66|70|21|48|.438|3|18|.167|21|25|.840|9|22|10|6|1|18|25||26|57|.456|5|9|.556|13|26|.500|16|34|12|5|2|13|17
26|26|2012-02-13|@|East Tennessee State|W|61|55|24|46|.522|5|13|.385|8|13|.615|7|29|11|6|0|13|20||20|55|.364|4|19|.211|11|22|.500|16|33|11|12|7|11|15
27|27|2012-02-18||Mercer|W|81|75|24|48|.500|5|18|.278|28|37|.757|10|33|14|9|7|18|21||27|66|.409|7|23|.304|14|23|.609|19|36|14|11|2|15|23
28|28|2012-02-20||Kennesaw State|W|73|71|26|53|.491|6|15|.400|15|21|.714|12|37|14|6|2|15|24||22|47|.468|4|16|.250|23|37|.622|9|27|10|8|4|12|18
29|29|2012-02-24||North Florida|L|64|70|24|49|.490|2|9|.222|14|26|.538|7|28|12|7|7|16|20||23|51|.451|6|12|.500|18|23|.783|7|30|16|8|6|16|22
30|30|2012-02-29|N|Belmont|L|62|76|24|59|.407|5|17|.294|9|13|.692|6|26|11|3|7|12|21||23|58|.397|6|17|.353|24|31|.774|13|44|12|6|7|10|15
