ranker|game_season|date_game|game_location|opp_id|game_result|pts|opp_pts|fg|fga|fg_pct|fg3|fg3a|fg3_pct|ft|fta|ft_pct|orb|trb|ast|stl|blk|tov|pf|x|opp_fg|opp_fga|opp_fg_pct|opp_fg3|opp_fg3a|opp_fg3_pct|opp_ft|opp_fta|opp_ft_pct|opp_orb|opp_trb|opp_ast|opp_stl|opp_blk|opp_tov|opp_pf|
1|1|2011-11-11||Towson|W|100|54|41|70|.586|10|23|.435|8|12|.667|12|32|30|15|7|5|20||18|51|.353|3|9|.333|15|20|.750|14|33|4|3|3|23|15
2|2|2011-11-15|N|Kentucky|L|65|75|20|59|.339|4|15|.267|21|27|.778|10|33|9|10|5|14|25||26|51|.510|7|15|.467|16|29|.552|8|34|14|5|13|19|20
3|3|2011-11-21|N|Georgetown|W|67|63|24|51|.471|5|16|.313|14|22|.636|7|31|13|4|4|12|18||22|55|.400|7|24|.292|12|18|.667|7|29|6|5|4|11|20
4|4|2011-11-22|N|UCLA|W|72|56|24|47|.511|7|16|.438|17|22|.773|9|32|15|7|2|18|18||16|44|.364|8|14|.571|16|21|.762|6|21|8|12|4|14|20
5|5|2011-11-23|N|Duke|L|61|68|21|49|.429|2|8|.250|17|20|.850|9|32|6|5|4|17|21||22|56|.393|11|25|.440|13|17|.765|11|27|9|4|3|12|16
6|6|2011-11-30||Florida Atlantic|W|77|54|24|55|.436|4|13|.308|25|33|.758|11|49|11|6|13|17|20||21|65|.323|4|17|.235|8|19|.421|9|30|8|10|4|10|24
7|7|2011-12-03||South Florida|W|70|42|23|50|.460|7|25|.280|17|24|.708|8|32|17|8|5|14|11||15|46|.326|4|17|.235|8|10|.800|4|24|8|9|2|17|20
8|8|2011-12-06||Long Beach State|W|88|80|32|59|.542|6|13|.462|18|24|.750|9|36|16|3|12|22|25||22|53|.415|8|19|.421|28|37|.757|5|24|12|15|4|14|22
9|9|2011-12-10||Ohio State|W|78|67|28|48|.583|9|17|.529|13|20|.650|5|30|18|6|2|18|16||24|62|.387|5|17|.294|14|18|.778|12|27|12|8|0|15|22
10|10|2011-12-19|N|Davidson|L|74|80|25|62|.403|6|23|.261|18|31|.581|13|41|15|9|3|14|20||25|61|.410|11|33|.333|19|25|.760|9|34|14|7|2|12|24
11|11|2011-12-22|@|Southern California|W|63|47|22|53|.415|7|18|.389|12|21|.571|13|38|15|6|4|16|16||17|49|.347|6|14|.429|7|13|.538|6|26|12|4|2|18|19
12|12|2011-12-29||Howard|W|89|34|33|57|.579|9|17|.529|14|22|.636|8|37|23|11|7|13|13||12|54|.222|3|18|.167|7|10|.700|16|33|6|5|2|22|16
13|13|2011-12-31||North Dakota|W|84|58|30|62|.484|6|27|.222|18|31|.581|15|42|21|8|2|10|13||23|57|.404|6|18|.333|6|8|.750|5|26|14|4|2|15|21
14|14|2012-01-04||Kansas State|W|67|49|25|55|.455|5|13|.385|12|16|.750|17|48|13|6|9|19|19||18|57|.316|5|20|.250|8|16|.500|11|24|6|11|5|12|15
15|15|2012-01-07|@|Oklahoma|W|72|61|29|58|.500|4|19|.211|10|14|.714|10|29|17|14|4|13|23||19|50|.380|3|9|.333|20|28|.714|14|31|10|7|3|17|13
16|16|2012-01-11|@|Texas Tech|W|81|46|29|57|.509|9|21|.429|14|21|.667|9|35|15|6|5|9|14||16|51|.314|1|11|.091|13|17|.765|7|22|7|6|3|11|14
17|17|2012-01-14||Iowa State|W|82|73|31|70|.443|8|26|.308|12|24|.500|11|38|20|8|10|7|15||24|67|.358|9|28|.321|16|25|.640|14|46|10|4|4|16|23
18|18|2012-01-16||Baylor|W|92|74|35|61|.574|6|11|.545|16|21|.762|14|36|21|8|4|15|12||29|63|.460|7|23|.304|9|11|.818|6|21|20|12|5|11|19
19|19|2012-01-21|@|Texas|W|69|66|25|56|.446|5|15|.333|14|23|.609|10|33|10|5|5|6|19||21|61|.344|8|19|.421|16|17|.941|13|40|14|4|4|9|23
20|20|2012-01-23||Texas A&M|W|64|54|20|47|.426|4|20|.200|20|23|.870|5|26|8|8|12|12|15||20|48|.417|7|12|.583|7|11|.636|5|23|12|6|0|16|20
21|21|2012-01-28|@|Iowa State|L|64|72|24|50|.480|6|17|.353|10|16|.625|3|19|18|7|3|15|23||20|45|.444|7|17|.412|25|34|.735|10|34|11|7|1|19|14
22|22|2012-02-01||Oklahoma|W|84|62|31|56|.554|6|20|.300|16|20|.800|6|30|20|10|4|12|15||24|58|.414|3|4|.750|11|15|.733|10|31|14|4|1|15|16
23|23|2012-02-04|@|Missouri|L|71|74|30|56|.536|6|16|.375|5|9|.556|7|28|12|7|2|15|20||25|48|.521|10|22|.455|14|20|.700|3|23|13|4|2|14|10
24|24|2012-02-08|@|Baylor|W|68|54|23|45|.511|6|14|.429|16|21|.762|7|30|17|6|4|19|22||20|54|.370|2|8|.250|12|21|.571|13|29|7|11|4|12|18
25|25|2012-02-11||Oklahoma State|W|79|66|30|62|.484|4|15|.267|15|19|.789|15|48|18|5|8|14|16||18|55|.327|5|21|.238|25|29|.862|3|19|7|11|3|6|17
26|26|2012-02-13|@|Kansas State|W|59|53|21|53|.396|4|13|.308|13|19|.684|12|39|13|6|10|14|18||20|65|.308|4|18|.222|9|14|.643|19|40|13|3|8|11|16
27|27|2012-02-18||Texas Tech|W|83|50|27|48|.563|9|15|.600|20|28|.714|10|29|20|13|4|13|14||18|44|.409|6|12|.500|8|8|1.000|5|17|11|7|1|20|20
28|28|2012-02-22|@|Texas A&M|W|66|58|21|54|.389|4|18|.222|20|29|.690|11|41|12|5|8|8|15||21|55|.382|6|18|.333|10|14|.714|4|30|12|1|1|10|20
29|29|2012-02-25||Missouri|W (1 OT)|87|86|28|58|.483|9|19|.474|22|33|.667|9|32|16|4|6|9|16||30|65|.462|11|29|.379|15|18|.833|11|36|22|7|1|9|22
30|30|2012-02-27|@|Oklahoma State|W|70|58|26|50|.520|5|12|.417|13|18|.722|7|33|14|5|4|8|18||20|47|.426|11|25|.440|7|14|.500|4|22|12|4|3|10|16
31|31|2012-03-03||Texas|W|73|63|24|49|.490|4|10|.400|21|30|.700|9|35|11|8|3|14|16||21|56|.375|3|17|.176|18|21|.857|10|26|13|5|4|11|20
32|32|2012-03-08|N|Texas A&M|W|83|66|27|44|.614|10|15|.667|19|28|.679|6|30|19|8|4|13|15||25|64|.391|3|13|.231|13|17|.765|13|26|8|8|0|11|19
33|33|2012-03-09|N|Baylor|L|72|81|26|61|.426|2|13|.154|18|23|.783|12|34|12|7|7|10|21||24|60|.400|9|19|.474|24|28|.857|14|37|16|5|5|9|18
34|34|2012-03-16|N|Detroit Mercy|W|65|50|23|50|.460|5|16|.313|14|23|.609|7|38|12|6|5|14|17||20|63|.317|3|17|.176|7|14|.500|15|39|9|9|3|13|21
35|35|2012-03-18|N|Purdue|W|63|60|21|62|.339|6|24|.250|15|23|.652|15|35|10|6|4|7|18||20|50|.400|8|18|.444|12|19|.632|10|32|11|3|1|10|16
36|36|2012-03-23|N|North Carolina State|W|60|57|24|64|.375|1|14|.071|11|20|.550|15|42|13|9|11|13|14||19|67|.284|6|21|.286|13|17|.765|20|43|10|7|6|14|17
37|37|2012-03-25|N|North Carolina|W|80|67|29|63|.460|4|14|.286|18|24|.750|10|40|14|9|3|8|16||28|64|.438|2|17|.118|9|12|.750|7|30|18|5|6|10|17
38|38|2012-03-31|N|Ohio State|W|64|62|25|56|.446|3|11|.273|11|14|.786|12|41|14|5|8|17|15||20|59|.339|8|22|.364|14|15|.933|10|30|11|7|7|12|17
39|39|2012-04-02|N|Kentucky|L|59|67|22|62|.355|5|11|.455|10|15|.667|10|34|9|6|5|9|16||23|56|.411|6|14|.429|15|21|.714|10|39|12|4|11|11|15
