ranker|game_season|date_game|game_location|opp_id|game_result|pts|opp_pts|fg|fga|fg_pct|fg3|fg3a|fg3_pct|ft|fta|ft_pct|orb|trb|ast|stl|blk|tov|pf|x|opp_fg|opp_fga|opp_fg_pct|opp_fg3|opp_fg3a|opp_fg3_pct|opp_ft|opp_fta|opp_ft_pct|opp_orb|opp_trb|opp_ast|opp_stl|opp_blk|opp_tov|opp_pf|
1|1|2011-11-09|@|Texas A&M|L|59|81|21|63|.333|5|21|.238|12|15|.800|8|23|16|4|0|9|21||34|52|.654|1|7|.143|12|22|.545|6|38|21|4|4|13|17
2|2|2011-11-11||Randolph|W|81|58|32|59|.542|5|15|.333|12|23|.522|9|39|19|10|5|17|21||19|50|.380|7|15|.467|13|20|.650|4|21|8|8|2|19|17
3|3|2011-11-14|@|William & Mary|W|75|72|29|59|.492|4|12|.333|13|19|.684|11|29|16|8|0|12|16||25|54|.463|10|21|.476|12|16|.750|10|26|11|6|4|16|18
4|4|2011-11-18||Eastern Kentucky|L|65|73|27|57|.474|2|11|.182|9|13|.692|7|28|11|6|1|12|14||27|57|.474|10|22|.455|9|9|1.000|8|30|19|10|3|12|14
5|5|2011-11-19||Lehigh|L|80|90|28|65|.431|4|12|.333|20|27|.741|13|34|18|6|2|11|23||31|58|.534|6|17|.353|22|27|.815|4|27|18|6|4|11|18
6|6|2011-11-20||William & Mary|L|64|65|22|54|.407|3|12|.250|17|23|.739|8|37|14|6|2|10|20||21|57|.368|7|27|.259|16|23|.696|6|30|10|5|2|7|19
7|7|2011-11-26|@|Georgia State|L|50|72|19|59|.322|1|11|.091|11|17|.647|9|29|11|7|3|11|18||24|50|.480|8|19|.421|16|22|.727|7|36|17|7|9|11|15
8|8|2011-12-01|@|Campbell|L|82|96|27|63|.429|4|14|.286|24|33|.727|12|32|19|4|2|12|33||30|54|.556|4|10|.400|32|43|.744|7|33|19|6|6|11|27
9|9|2011-12-03|@|Coastal Carolina|L|68|78|27|65|.415|3|12|.250|11|18|.611|13|33|13|3|1|11|19||27|54|.500|8|18|.444|16|21|.762|7|33|16|5|6|15|21
10|10|2011-12-06||North Carolina-Wilmington|L|68|77|26|61|.426|4|18|.222|12|20|.600|11|31|14|6|4|17|16||31|67|.463|4|25|.160|11|14|.786|14|38|20|8|6|19|17
11|11|2011-12-10||Virginia Intermont|W|78|60|30|60|.500|2|11|.182|16|25|.640|11|39|18|11|4|11|17||23|62|.371|8|21|.381|6|9|.667|7|26|8|7|5|13|20
12|12|2011-12-17||Hampton|W|74|65|25|54|.463|6|14|.429|18|18|1.000|5|28|16|6|3|9|16||22|52|.423|9|24|.375|12|16|.750|8|27|14|4|1|16|18
13|13|2011-12-20||Montreat|W|91|73|30|56|.536|6|15|.400|25|37|.676|15|41|21|13|3|14|17||28|63|.444|11|27|.407|6|11|.545|10|24|17|6|0|16|23
14|14|2011-12-28|@|Richmond|L|61|77|25|46|.543|2|9|.222|9|12|.750|7|26|11|0|2|15|17||27|51|.529|8|22|.364|15|21|.714|9|21|14|6|2|6|15
15|15|2011-12-31|N|Charleston Southern|L|76|81|28|63|.444|2|12|.167|18|28|.643|8|33|13|4|1|11|25||26|54|.481|4|18|.222|25|37|.676|6|32|10|6|4|13|23
16|16|2012-01-02||Presbyterian|L|56|63|24|46|.522|2|6|.333|6|10|.600|7|29|13|3|2|10|16||24|54|.444|5|20|.250|10|16|.625|9|28|15|4|0|4|9
17|17|2012-01-07|@|North Carolina-Asheville|L|75|98|29|64|.453|7|19|.368|10|13|.769|13|27|16|4|0|15|15||36|58|.621|15|29|.517|11|14|.786|7|29|26|9|6|14|11
18|18|2012-01-10|@|Virginia Military Institute|L|57|71|23|61|.377|2|11|.182|9|11|.818|10|34|10|5|0|11|11||28|62|.452|9|31|.290|6|9|.667|11|33|12|5|1|9|12
19|19|2012-01-12||Radford|W|69|64|19|52|.365|1|4|.250|30|36|.833|14|43|8|2|3|13|19||22|58|.379|11|26|.423|9|17|.529|6|26|11|5|2|9|29
20|20|2012-01-14||Winthrop|L (1 OT)|61|64|22|56|.393|6|17|.353|11|18|.611|7|33|15|4|3|12|21||25|59|.424|4|16|.250|10|21|.476|13|41|8|7|2|12|19
21|21|2012-01-21|@|High Point|W|84|78|24|46|.522|4|11|.364|32|41|.780|8|28|15|9|3|13|18||30|63|.476|5|17|.294|13|18|.722|14|33|15|7|2|14|28
22|22|2012-01-26|@|Winthrop|L|63|65|25|51|.490|4|11|.364|9|11|.818|7|28|12|3|2|11|13||27|63|.429|6|15|.400|5|9|.556|13|30|14|2|0|9|13
23|23|2012-01-28|@|Radford|W|67|65|22|53|.415|1|7|.143|22|26|.846|9|34|8|2|1|11|16||25|56|.446|6|20|.300|9|16|.563|7|27|15|6|1|7|25
24|24|2012-02-02||Gardner-Webb|W|63|58|22|51|.431|6|13|.462|13|18|.722|8|28|14|3|2|10|11||24|60|.400|4|17|.235|6|7|.857|11|26|6|1|3|11|16
25|25|2012-02-04||North Carolina-Asheville|L|51|65|19|54|.352|6|12|.500|7|13|.538|7|28|12|2|7|9|16||27|65|.415|3|14|.214|8|10|.800|14|44|17|4|2|8|13
26|26|2012-02-09|@|Charleston Southern|W|75|74|32|57|.561|6|13|.462|5|7|.714|3|24|12|2|2|9|15||27|58|.466|8|23|.348|12|18|.667|12|32|11|8|3|11|12
27|27|2012-02-11|@|Presbyterian|W|77|64|28|48|.583|3|8|.375|18|22|.818|9|28|12|6|1|9|12||25|47|.532|7|21|.333|7|11|.636|4|13|11|4|2|11|15
28|28|2012-02-14||Virginia Military Institute|W|78|69|32|56|.571|2|5|.400|12|23|.522|10|37|14|8|3|17|17||27|67|.403|6|28|.214|9|16|.563|13|28|8|5|0|13|19
29|29|2012-02-18|@|Morgan State|L|69|81|23|49|.469|5|8|.625|18|24|.750|7|20|6|5|0|14|18||27|49|.551|8|13|.615|19|24|.792|8|26|10|9|7|14|20
30|30|2012-02-23||Coastal Carolina|W|61|57|25|53|.472|4|15|.267|7|15|.467|8|30|15|4|7|8|12||20|56|.357|7|13|.538|10|15|.667|10|29|9|4|2|9|13
31|31|2012-02-25||Campbell|W|49|41|18|48|.375|7|17|.412|6|8|.750|9|32|14|5|6|9|11||18|62|.290|4|16|.250|1|4|.250|15|34|10|3|6|9|12
32|32|2012-02-29|N|Charleston Southern|L|74|88|28|61|.459|6|19|.316|12|13|.923|11|32|13|8|2|15|20||31|62|.500|10|22|.455|16|22|.727|11|29|14|11|3|9|11
