ranker|game_season|date_game|game_location|opp_id|game_result|pts|opp_pts|fg|fga|fg_pct|fg3|fg3a|fg3_pct|ft|fta|ft_pct|orb|trb|ast|stl|blk|tov|pf|x|opp_fg|opp_fga|opp_fg_pct|opp_fg3|opp_fg3a|opp_fg3_pct|opp_ft|opp_fta|opp_ft_pct|opp_orb|opp_trb|opp_ast|opp_stl|opp_blk|opp_tov|opp_pf|
1|1|2011-11-11|@|Hofstra|L|71|89|23|48|.479|8|21|.381|17|32|.531|9|24|18|8|4|20|27||29|49|.592|8|15|.533|23|34|.676|8|26|19|9|3|16|21
2|2|2011-11-14|@|Old Dominion|L|69|77|25|59|.424|6|20|.300|13|18|.722|10|34|16|8|1|20|18||30|62|.484|9|23|.391|8|18|.444|13|38|19|12|9|18|17
3|3|2011-11-16|@|Penn State|L|68|77|17|47|.362|7|20|.350|27|35|.771|9|30|11|6|2|13|19||27|65|.415|9|27|.333|14|18|.778|14|35|17|8|5|8|24
4|4|2011-11-19|N|Radford|W|81|59|31|52|.596|7|14|.500|12|19|.632|9|34|16|7|3|22|13||24|68|.353|4|18|.222|7|10|.700|17|31|9|10|2|20|18
5|5|2011-11-20|N|Vermont|W|80|75|24|50|.480|6|14|.429|26|37|.703|7|23|9|7|2|12|17||31|60|.517|4|16|.250|9|12|.750|10|26|15|9|5|15|26
6|6|2011-11-28|@|Iona|L|84|100|31|64|.484|6|17|.353|16|23|.696|11|33|14|7|3|21|14||42|84|.500|6|17|.353|10|13|.769|18|40|28|8|2|18|21
7|7|2011-12-01||Wagner|W|78|73|26|66|.394|5|13|.385|21|31|.677|17|46|9|3|5|14|13||29|79|.367|8|25|.320|7|10|.700|18|42|8|10|8|13|28
8|8|2011-12-03|@|Mount St. Mary's|W|85|76|30|54|.556|8|15|.533|17|24|.708|9|37|19|2|2|15|12||30|74|.405|7|18|.389|9|12|.750|13|29|16|12|4|7|21
9|9|2011-12-05|@|Lafayette|W|82|80|27|60|.450|4|13|.308|24|33|.727|9|43|10|6|4|14|18||28|71|.394|11|31|.355|13|17|.765|10|33|16|8|8|13|26
10|10|2011-12-10|@|Columbia|L|53|63|18|49|.367|2|13|.154|15|23|.652|8|37|8|4|2|22|17||24|60|.400|4|19|.211|11|16|.688|7|29|14|13|5|11|21
11|11|2011-12-14|@|Norfolk State|L|62|73|22|65|.338|5|21|.238|13|19|.684|14|34|7|7|5|17|22||25|59|.424|4|14|.286|19|25|.760|12|34|10|10|10|17|18
12|12|2011-12-17||Saint Peter's|W|82|80|21|55|.382|8|19|.421|32|40|.800|15|41|14|8|4|24|10||30|66|.455|8|20|.400|12|16|.750|9|23|23|15|9|16|29
13|13|2011-12-20||Texas State|W|100|84|36|57|.632|11|22|.500|17|22|.773|5|30|26|5|2|22|18||37|81|.457|2|17|.118|8|10|.800|17|33|16|11|0|14|22
14|14|2011-12-30||NJIT|W|84|74|24|49|.490|9|19|.474|27|33|.818|9|36|16|2|4|15|8||29|70|.414|12|29|.414|4|5|.800|9|27|14|4|3|8|24
15|15|2012-01-05|@|Sacred Heart|W|87|81|32|66|.485|3|16|.188|20|31|.645|11|38|9|9|5|15|13||32|75|.427|12|28|.429|5|7|.714|10|35|21|7|2|16|23
16|16|2012-01-07|@|Quinnipiac|W|79|75|27|67|.403|6|21|.286|19|27|.704|9|34|16|4|3|8|19||30|77|.390|2|10|.200|13|21|.619|27|60|15|1|5|13|23
17|17|2012-01-12||Fairleigh Dickinson|W|82|64|23|64|.359|9|18|.500|27|36|.750|15|42|12|7|4|8|12||27|69|.391|5|14|.357|5|12|.417|16|46|10|4|5|11|27
18|18|2012-01-14||Monmouth|W|106|86|39|61|.639|3|14|.214|25|30|.833|11|30|23|9|6|19|16||34|70|.486|9|20|.450|9|17|.529|16|28|16|8|1|17|26
19|19|2012-01-19||Mount St. Mary's|W|77|62|27|64|.422|10|26|.385|13|19|.684|16|36|16|10|2|12|11||26|55|.473|5|13|.385|5|8|.625|8|26|12|5|4|19|20
20|20|2012-01-21|@|Wagner|W|73|66|20|51|.392|6|10|.600|27|35|.771|7|32|16|6|6|12|19||24|66|.364|4|19|.211|14|16|.875|15|38|9|7|8|13|30
21|21|2012-01-26|@|Robert Morris|L|66|75|22|50|.440|3|16|.188|19|20|.950|7|29|7|6|1|19|20||25|54|.463|8|21|.381|17|27|.630|9|29|13|11|5|13|20
22|22|2012-01-28|@|Saint Francis (PA)|W|97|76|37|62|.597|7|19|.368|16|22|.727|11|41|23|3|3|19|18||30|69|.435|4|16|.250|12|15|.800|5|20|17|12|0|9|23
23|23|2012-02-02||Bryant|W|75|70|26|53|.491|6|15|.400|17|26|.654|9|31|10|6|1|14|15||28|65|.431|2|18|.111|12|14|.857|14|36|14|8|0|13|24
24|24|2012-02-04||Central Connecticut State|W|95|80|30|61|.492|6|11|.545|29|31|.935|13|39|13|6|3|20|21||30|62|.484|3|8|.375|17|26|.654|10|25|15|10|5|19|24
25|25|2012-02-08|N|St. Francis (NY)|W|86|77|27|52|.519|5|12|.417|27|37|.730|8|38|13|8|6|17|13||30|80|.375|7|29|.241|10|10|1.000|13|29|17|11|3|15|26
26|26|2012-02-12||St. Francis (NY)|W|81|78|28|49|.571|4|16|.250|21|30|.700|6|34|18|8|5|20|14||31|68|.456|8|21|.381|8|11|.727|9|30|16|12|0|14|24
27|27|2012-02-16||Sacred Heart|W (1 OT)|103|91|33|60|.550|8|22|.364|29|39|.744|9|32|20|5|3|15|12||37|70|.529|6|19|.316|11|11|1.000|8|30|19|7|3|14|27
28|28|2012-02-18||Quinnipiac|W|99|89|36|65|.554|14|26|.538|13|19|.684|7|28|26|6|3|10|14||38|72|.528|6|15|.400|7|13|.538|16|38|18|4|3|13|20
29|29|2012-02-23|@|Fairleigh Dickinson|W|91|80|30|65|.462|6|20|.300|25|29|.862|7|43|19|8|1|11|11||36|77|.468|2|12|.167|6|11|.545|6|31|14|7|8|9|19
30|30|2012-02-25|@|Monmouth|L|78|106|25|58|.431|9|25|.360|19|34|.559|12|39|13|4|5|23|16||41|72|.569|11|24|.458|13|20|.650|6|34|22|16|0|13|25
31|31|2012-03-01||Sacred Heart|W|80|68|28|56|.500|11|28|.393|13|18|.722|9|24|20|9|3|10|14||26|54|.481|5|13|.385|11|15|.733|11|34|13|4|3|16|20
32|32|2012-03-04||Quinnipiac|W|78|75|26|60|.433|4|19|.211|22|30|.733|10|38|8|3|0|11|17||32|69|.464|6|13|.462|5|10|.500|11|33|15|3|2|9|28
33|33|2012-03-07||Robert Morris|W|90|73|27|51|.529|5|14|.357|31|40|.775|11|38|15|3|6|12|19||27|73|.370|5|26|.192|14|21|.667|19|34|11|9|1|10|32
34|34|2012-03-16|N|Michigan State|L|67|89|22|50|.440|8|17|.471|15|23|.652|3|19|10|6|4|11|10||40|68|.588|3|9|.333|6|9|.667|15|42|21|6|0|11|17
