ranker|game_season|date_game|game_location|opp_id|game_result|pts|opp_pts|fg|fga|fg_pct|fg3|fg3a|fg3_pct|ft|fta|ft_pct|orb|trb|ast|stl|blk|tov|pf|x|opp_fg|opp_fga|opp_fg_pct|opp_fg3|opp_fg3a|opp_fg3_pct|opp_ft|opp_fta|opp_ft_pct|opp_orb|opp_trb|opp_ast|opp_stl|opp_blk|opp_tov|opp_pf|
1|1|2011-11-11|N|Northern Arizona|W|83|66|33|53|.623|8|16|.500|9|18|.500|4|27|21|7|11|21|24||20|57|.351|7|16|.438|19|28|.679|13|28|10|10|3|24|20
2|2|2011-11-12|N|North Dakota State|L|58|78|19|53|.358|1|10|.100|19|31|.613|14|39|9|4|5|13|24||24|50|.480|7|16|.438|23|27|.852|4|25|12|7|3|11|26
3|3|2011-11-13|@|San Francisco|L|70|71|26|69|.377|6|28|.214|12|12|1.000|10|36|19|3|5|9|21||24|53|.453|6|15|.400|17|26|.654|7|35|10|4|1|14|14
4|4|2011-11-18||Houston Baptist|W|73|64|25|56|.446|4|13|.308|19|25|.760|14|42|11|6|4|16|23||18|62|.290|4|13|.308|24|29|.828|17|35|3|3|4|12|26
5|5|2011-11-19||Cal State Fullerton|L|63|69|24|51|.471|1|9|.111|14|27|.519|7|27|8|6|2|20|26||22|52|.423|8|20|.400|17|29|.586|11|33|11|4|3|22|32
6|6|2011-11-20||Nicholls State|W|84|57|32|61|.525|9|16|.563|11|18|.611|6|31|11|6|5|12|21||16|49|.327|8|26|.308|17|27|.630|6|27|8|6|1|16|15
7|7|2011-11-26|@|Duquesne|L|65|84|24|70|.343|9|20|.450|8|14|.571|19|41|19|6|1|21|21||28|56|.500|9|26|.346|19|25|.760|7|32|21|8|11|14|17
8|8|2011-11-28|@|Kent State|L|67|76|24|52|.462|5|16|.313|14|21|.667|9|27|15|5|3|13|22||23|48|.479|10|16|.625|20|28|.714|9|29|14|5|5|12|21
9|9|2011-12-01||McNeese State|W|78|56|28|49|.571|5|13|.385|17|26|.654|6|31|15|5|5|17|17||20|56|.357|6|21|.286|10|15|.667|7|25|5|6|4|13|23
10|10|2011-12-03|@|Lamar|L|63|80|22|55|.400|5|16|.313|14|18|.778|9|26|13|6|3|18|21||27|58|.466|4|10|.400|22|30|.733|15|38|16|12|1|14|17
11|11|2011-12-12||Dillard|W|102|38|35|66|.530|8|18|.444|24|32|.750|16|47|17|15|3|13|7||15|50|.300|5|19|.263|3|7|.429|4|18|5|3|2|25|25
12|12|2011-12-14|@|Mississippi|L|54|66|19|50|.380|5|15|.333|11|21|.524|7|33|9|5|3|19|19||24|55|.436|8|19|.421|10|18|.556|4|30|13|5|5|14|18
13|13|2011-12-17|@|Robert Morris|L|64|72|23|51|.451|8|18|.444|10|13|.769|7|23|13|10|6|18|26||21|56|.375|4|10|.400|26|35|.743|15|34|10|5|2|17|18
14|14|2011-12-21||Central Florida|W|61|60|23|50|.460|4|14|.286|11|17|.647|6|27|11|3|3|11|17||24|55|.436|4|17|.235|8|13|.615|8|30|5|6|0|13|17
15|15|2011-12-31||Florida Atlantic|W|67|55|25|54|.463|4|10|.400|13|18|.722|12|36|11|2|9|14|17||22|60|.367|2|13|.154|9|16|.563|11|31|5|9|3|8|18
16|16|2012-01-05|@|Western Kentucky|W (1 OT)|72|70|27|61|.443|8|16|.500|10|17|.588|12|43|10|4|6|20|15||25|75|.333|4|18|.222|16|19|.842|14|37|11|8|1|9|16
17|17|2012-01-07|@|Middle Tennessee|L|53|65|18|58|.310|5|19|.263|12|18|.667|10|40|11|7|6|19|25||18|49|.367|1|11|.091|28|37|.757|7|34|7|11|5|15|18
18|18|2012-01-12||South Alabama|L|65|70|19|52|.365|5|19|.263|22|30|.733|8|31|10|7|7|17|18||28|65|.431|2|8|.250|12|18|.667|17|40|3|8|7|16|20
19|19|2012-01-14||Florida International|W (1 OT)|87|81|24|54|.444|10|23|.435|29|53|.547|15|40|13|4|12|12|28||24|57|.421|8|18|.444|25|33|.758|5|29|6|6|2|12|33
20|20|2012-01-19|@|Arkansas-Little Rock|W|68|49|24|51|.471|6|15|.400|14|22|.636|11|48|11|3|2|21|24||17|67|.254|2|18|.111|13|21|.619|13|30|8|5|4|11|21
21|21|2012-01-21|@|Arkansas State|L|74|79|28|58|.483|4|15|.267|14|19|.737|12|29|12|5|3|14|19||30|65|.462|6|16|.375|13|18|.722|13|33|15|5|1|13|20
22|22|2012-01-25||North Texas|W|64|62|22|59|.373|4|18|.222|16|27|.593|14|38|9|4|2|13|20||22|58|.379|3|16|.188|15|22|.682|14|40|5|2|2|13|22
23|23|2012-01-28|@|Louisiana-Monroe|W|67|60|25|58|.431|4|16|.250|13|20|.650|9|40|10|6|4|15|16||21|52|.404|9|18|.500|9|17|.529|2|20|12|8|3|17|17
24|24|2012-02-02||Denver|W (1 OT)|72|71|24|55|.436|2|9|.222|22|35|.629|11|42|4|7|4|19|16||26|66|.394|5|14|.357|14|23|.609|13|37|15|9|5|13|21
25|25|2012-02-04|@|Troy|W|83|78|28|59|.475|9|22|.409|18|28|.643|14|44|17|7|2|23|21||27|66|.409|4|18|.222|20|27|.741|12|31|5|7|7|13|20
26|26|2012-02-09||Arkansas-Little Rock|L (1 OT)|70|72|23|57|.404|3|13|.231|21|35|.600|10|41|9|4|6|17|22||24|62|.387|4|10|.400|20|31|.645|5|33|6|10|2|8|26
27|27|2012-02-11||Arkansas State|W (1 OT)|68|65|22|50|.440|8|12|.667|16|28|.571|7|32|7|8|6|14|19||25|60|.417|4|13|.308|11|18|.611|7|30|6|6|0|15|23
28|28|2012-02-16|@|Denver|L|52|77|17|50|.340|6|14|.429|12|19|.632|8|28|8|5|1|18|17||29|49|.592|8|21|.381|11|19|.579|4|30|20|9|9|12|19
29|29|2012-02-18|@|North Texas|W|57|53|17|52|.327|2|18|.111|21|34|.618|13|45|6|6|9|14|23||19|65|.292|4|13|.308|11|24|.458|14|38|8|6|3|10|22
30|30|2012-02-25||Louisiana-Monroe|L|60|78|21|59|.356|4|24|.167|14|28|.500|11|33|12|3|5|11|17||29|54|.537|7|16|.438|13|19|.684|2|33|14|5|6|12|18
31|31|2012-03-04|N|North Texas|L|62|65|24|59|.407|4|19|.211|10|14|.714|8|33|10|9|4|17|16||25|60|.417|4|7|.571|11|13|.846|10|37|7|5|9|15|13
32|32|2012-03-14||Rice|L|63|68|22|58|.379|6|21|.286|13|28|.464|10|34|9|10|3|15|21||24|55|.436|5|17|.294|15|20|.750|9|36|10|7|6|19|20
