ranker|game_season|date_game|game_location|opp_id|game_result|pts|opp_pts|fg|fga|fg_pct|fg3|fg3a|fg3_pct|ft|fta|ft_pct|orb|trb|ast|stl|blk|tov|pf|x|opp_fg|opp_fga|opp_fg_pct|opp_fg3|opp_fg3a|opp_fg3_pct|opp_ft|opp_fta|opp_ft_pct|opp_orb|opp_trb|opp_ast|opp_stl|opp_blk|opp_tov|opp_pf|
1|1|2011-11-11||Tennessee-Martin|W|83|48|31|57|.544|9|23|.391|12|21|.571|13|46|20|12|8|19|19||16|54|.296|6|18|.333|10|19|.526|11|28|11|7|2|20|20
2|2|2011-11-13||Lamar|W|68|48|23|57|.404|3|11|.273|19|24|.792|12|46|13|5|5|14|20||15|65|.231|3|19|.158|15|27|.556|18|41|6|8|4|11|20
3|3|2011-11-19|@|Butler|W|69|53|24|47|.511|5|18|.278|16|23|.696|6|30|10|4|5|13|17||18|46|.391|4|18|.222|13|17|.765|3|22|11|8|0|14|20
4|4|2011-11-22||Arkansas State|W|54|27|19|51|.373|5|13|.385|11|19|.579|11|40|13|10|5|14|21||10|41|.244|1|10|.100|6|18|.333|7|32|2|7|2|21|21
5|5|2011-11-25||Ohio|W|59|54|20|54|.370|5|19|.263|14|22|.636|20|39|14|7|6|12|11||21|55|.382|8|23|.348|4|8|.500|16|34|7|5|2|14|22
6|6|2011-11-28||Long Beach State|W|79|66|26|57|.456|7|17|.412|20|26|.769|11|31|16|14|2|11|20||25|55|.455|3|11|.273|13|18|.722|12|36|17|4|3|21|22
7|7|2011-12-02||Vanderbilt|W (1 OT)|62|60|25|60|.417|5|20|.250|7|11|.636|13|35|13|7|3|15|18||18|44|.409|10|26|.385|14|24|.583|6|28|10|7|2|16|14
8|8|2011-12-07||IUPUI|W|90|60|35|63|.556|3|11|.273|17|22|.773|14|38|17|12|2|12|14||22|61|.361|9|23|.391|7|10|.700|14|32|14|8|1|17|19
9|9|2011-12-10||Fairleigh Dickinson|W|80|58|27|63|.429|9|29|.310|17|27|.630|17|46|16|6|4|10|17||21|59|.356|6|16|.375|10|21|.476|11|34|13|5|2|11|20
10|10|2011-12-17||Memphis|W|95|87|28|70|.400|7|23|.304|32|40|.800|15|42|17|13|9|14|26||26|63|.413|6|15|.400|29|43|.674|15|44|11|10|8|17|28
11|11|2011-12-20||College of Charleston|W|69|62|27|62|.435|8|22|.364|7|16|.438|17|41|12|15|5|17|15||20|52|.385|12|23|.522|10|13|.769|9|33|11|7|2|22|14
12|12|2011-12-23||Western Kentucky|W|70|60|22|55|.400|5|16|.313|21|30|.700|17|37|11|7|4|20|17||23|52|.442|6|15|.400|8|17|.471|10|28|11|9|4|18|27
13|13|2011-12-28||Georgetown|L|68|71|25|60|.417|8|24|.333|10|17|.588|12|30|15|13|5|9|20||23|48|.479|7|11|.636|18|24|.750|8|36|11|4|2|16|18
14|14|2011-12-31|@|Kentucky|L|62|69|20|62|.323|4|18|.222|18|27|.667|8|28|6|12|8|14|29||17|57|.298|3|16|.188|32|43|.744|14|49|10|6|7|20|22
15|15|2012-01-03|@|St. John's (NY)|W|73|58|26|60|.433|9|22|.409|12|16|.750|10|41|22|9|10|19|21||18|64|.281|2|16|.125|20|25|.800|13|36|9|11|7|12|18
16|16|2012-01-07||Notre Dame|L (2 OT)|65|67|22|52|.423|4|13|.308|17|27|.630|11|42|9|8|5|18|25||20|63|.317|5|26|.192|22|29|.759|14|38|10|7|3|11|20
17|17|2012-01-10|@|Providence|L|59|90|22|58|.379|4|19|.211|11|19|.579|8|23|14|8|4|10|21||28|53|.528|9|15|.600|25|29|.862|9|33|23|5|5|11|17
18|18|2012-01-14||DePaul|W|76|59|29|57|.509|5|15|.333|13|17|.765|10|40|16|13|5|17|11||23|67|.343|10|23|.435|3|5|.600|15|32|11|8|4|16|17
19|19|2012-01-16|@|Marquette|L|63|74|26|63|.413|7|23|.304|4|10|.400|12|37|17|11|3|17|20||25|61|.410|8|22|.364|16|18|.889|9|29|19|11|4|14|12
20|20|2012-01-21|@|Pittsburgh|W|73|62|26|47|.553|6|17|.353|15|20|.750|8|30|17|12|5|17|14||27|59|.458|7|22|.318|1|6|.167|12|27|16|7|1|18|19
21|21|2012-01-25||Villanova|W|84|74|26|61|.426|8|23|.348|24|34|.706|13|40|19|7|3|9|21||26|66|.394|5|19|.263|17|23|.739|17|43|10|5|1|13|24
22|22|2012-01-28|@|Seton Hall|W|60|51|20|44|.455|4|12|.333|16|24|.667|5|40|11|5|7|23|19||16|58|.276|3|18|.167|16|27|.593|8|29|5|10|2|12|20
23|23|2012-02-04||Rutgers|W|78|66|25|51|.490|4|18|.222|24|32|.750|13|40|13|8|7|18|12||24|59|.407|10|25|.400|8|9|.889|5|22|12|10|1|13|21
24|24|2012-02-06||Connecticut|W|80|59|32|72|.444|11|25|.440|5|8|.625|14|40|22|10|2|13|16||20|57|.351|3|14|.214|16|22|.727|10|35|7|11|5|15|13
25|25|2012-02-11|@|West Virginia|W|77|74|27|61|.443|10|22|.455|13|15|.867|10|28|12|6|2|8|23||25|56|.446|7|22|.318|17|27|.630|15|36|13|6|2|11|16
26|26|2012-02-13||Syracuse|L|51|52|17|49|.347|5|19|.263|12|21|.571|16|39|10|3|4|16|15||21|61|.344|1|15|.067|9|11|.818|16|37|12|12|3|8|18
27|27|2012-02-18|@|DePaul|W (1 OT)|90|82|30|66|.455|12|32|.375|18|27|.667|17|39|17|11|6|17|16||32|66|.485|6|20|.300|12|16|.750|12|32|20|9|5|19|23
28|28|2012-02-23|@|Cincinnati|L|56|60|19|55|.345|1|14|.071|17|23|.739|13|36|9|9|3|14|16||19|58|.328|11|27|.407|11|19|.579|15|34|12|5|8|11|16
29|29|2012-02-26||Pittsburgh|W|57|54|17|44|.386|5|14|.357|18|28|.643|7|25|9|13|4|14|15||21|51|.412|1|8|.125|11|17|.647|11|37|8|7|2|18|23
30|30|2012-02-29||South Florida|L|51|58|18|53|.340|5|22|.227|10|14|.714|8|28|9|6|3|13|17||22|49|.449|4|10|.400|10|16|.625|10|38|12|3|2|18|14
31|31|2012-03-03|@|Syracuse|L|49|58|21|62|.339|2|23|.087|5|7|.714|15|37|7|10|3|13|16||19|45|.422|8|21|.381|12|18|.667|6|29|12|6|8|15|11
32|32|2012-03-07|N|Seton Hall|W|61|55|19|49|.388|6|19|.316|17|30|.567|3|25|10|9|6|8|20||17|52|.327|3|19|.158|18|24|.750|6|36|7|2|3|17|22
33|33|2012-03-08|N|Marquette|W|84|71|29|77|.377|5|18|.278|21|26|.808|23|47|15|14|9|19|16||30|68|.441|2|13|.154|9|16|.563|15|38|11|10|4|26|26
34|34|2012-03-09|N|Notre Dame|W|64|50|28|50|.560|5|15|.333|3|4|.750|6|26|20|6|4|13|14||19|53|.358|2|17|.118|10|19|.526|16|27|10|9|1|12|9
35|35|2012-03-10|N|Cincinnati|W|50|44|17|48|.354|5|14|.357|11|12|.917|6|33|11|4|4|14|11||20|51|.392|3|14|.214|1|7|.143|6|26|6|7|7|11|14
36|36|2012-03-15|N|Davidson|W|69|62|21|52|.404|1|5|.200|26|36|.722|11|37|8|5|4|10|19||21|60|.350|4|19|.211|16|23|.696|12|35|12|4|6|10|23
37|37|2012-03-17|N|New Mexico|W|59|56|22|48|.458|7|15|.467|8|12|.667|6|23|9|9|5|11|14||23|58|.397|5|23|.217|5|8|.625|15|34|13|5|2|13|12
38|38|2012-03-22|N|Michigan State|W|57|44|21|55|.382|9|23|.391|6|11|.545|9|34|15|9|7|9|11||14|49|.286|5|21|.238|11|12|.917|6|32|12|8|7|15|15
39|39|2012-03-24|N|Florida|W|72|68|27|60|.450|6|16|.375|12|15|.800|6|27|11|6|3|6|20||24|48|.500|8|20|.400|12|18|.667|6|32|17|4|3|13|15
40|40|2012-03-31|N|Kentucky|L|61|69|24|69|.348|4|11|.364|9|13|.692|16|37|7|5|4|12|16||28|49|.571|2|7|.286|11|20|.550|5|32|9|7|7|14|14
