ranker|game_season|date_game|game_location|opp_id|game_result|pts|opp_pts|fg|fga|fg_pct|fg3|fg3a|fg3_pct|ft|fta|ft_pct|orb|trb|ast|stl|blk|tov|pf|x|opp_fg|opp_fga|opp_fg_pct|opp_fg3|opp_fg3a|opp_fg3_pct|opp_ft|opp_fta|opp_ft_pct|opp_orb|opp_trb|opp_ast|opp_stl|opp_blk|opp_tov|opp_pf|
1|1|2011-11-13||Mississippi College|W|92|70|37|78|.474|12|34|.353|6|11|.545|21|48|23|10|7|15|24||27|63|.429|4|12|.333|12|27|.444|12|30|16|10|3|16|11
2|2|2011-11-19|@|Texas-Arlington|L|61|68|25|69|.362|8|29|.276|3|9|.333|11|30|11|12|5|22|34||21|56|.375|2|10|.200|24|42|.571|16|51|8|5|5|27|16
3|3|2011-11-25|N|Maryland-Eastern Shore|W|73|54|26|57|.456|7|21|.333|14|24|.583|9|33|13|8|0|16|23||18|47|.383|3|15|.200|15|25|.600|5|27|5|5|0|19|23
4|4|2011-11-26|N|Portland State|L|48|66|19|74|.257|2|22|.091|8|16|.500|19|44|9|6|4|12|21||20|54|.370|2|19|.105|24|27|.889|6|40|4|9|4|11|17
5|5|2011-11-27|@|Wyoming|L|58|73|19|51|.373|7|18|.389|13|17|.765|9|24|7|5|4|12|22||21|44|.477|11|22|.500|20|21|.952|6|26|12|4|3|12|14
6|6|2011-11-30|@|Southeastern Louisiana|L (1 OT)|69|72|23|56|.411|5|21|.238|18|29|.621|10|39|9|4|4|18|24||26|58|.448|6|13|.462|14|27|.519|6|28|16|10|2|11|23
7|7|2011-12-03|@|Louisiana-Monroe|W|73|71|26|61|.426|8|24|.333|13|18|.722|11|27|14|8|4|10|23||23|57|.404|6|17|.353|19|23|.826|13|38|15|2|2|17|21
8|8|2011-12-06||Northwestern State|W (2 OT)|94|93|33|70|.471|13|25|.520|15|19|.789|10|41|23|4|2|20|27||31|68|.456|12|24|.500|19|35|.543|10|32|13|12|8|10|19
9|9|2011-12-10|@|Southern Mississippi|L|62|78|21|55|.382|9|24|.375|11|15|.733|9|29|12|4|3|12|17||29|57|.509|5|15|.333|15|18|.833|8|34|9|2|8|9|16
10|10|2011-12-14||McNeese State|W|60|58|24|56|.429|5|17|.294|7|12|.583|9|29|18|5|9|16|18||19|55|.345|3|14|.214|17|23|.739|12|30|6|6|2|12|15
11|11|2011-12-17||Arkansas-Little Rock|W|71|68|25|59|.424|10|24|.417|11|18|.611|9|28|9|11|3|11|17||22|48|.458|7|15|.467|17|24|.708|8|31|10|4|1|18|16
12|12|2011-12-20||Northeastern|W|56|53|19|51|.373|4|17|.235|14|25|.560|6|26|7|13|10|16|20||20|60|.333|3|17|.176|10|23|.435|22|45|10|7|3|20|19
13|13|2011-12-22|@|Arkansas|L|63|77|26|69|.377|5|23|.217|6|8|.750|9|29|9|3|5|8|17||31|64|.484|6|17|.353|9|11|.818|7|30|13|2|5|8|10
14|14|2011-12-29||Spring Hill|W|69|41|25|64|.391|10|29|.345|9|19|.474|23|45|14|11|4|16|14||18|45|.400|1|9|.111|4|9|.444|3|24|10|10|0|22|17
15|15|2011-12-31|@|Southern Methodist|L|65|73|29|60|.483|6|25|.240|1|4|.250|9|28|13|5|5|11|24||21|47|.447|9|18|.500|22|28|.786|11|34|12|4|2|13|11
16|16|2012-01-07||New Mexico State|L|73|83|26|75|.347|5|29|.172|16|30|.533|14|37|11|11|3|11|22||32|56|.571|3|11|.273|16|26|.615|7|42|14|7|4|20|22
17|17|2012-01-12||Idaho|L (1 OT)|88|90|29|63|.460|13|24|.542|17|22|.773|8|28|14|11|5|14|20||29|62|.468|10|22|.455|22|24|.917|13|38|19|9|5|18|16
18|18|2012-01-14||Utah State|L|65|69|24|62|.387|12|29|.414|5|10|.500|11|32|17|7|3|14|21||26|53|.491|2|9|.222|15|23|.652|7|31|8|6|6|14|16
19|19|2012-01-19|@|Hawaii|W|74|70|27|60|.450|7|22|.318|13|20|.650|8|27|12|6|1|12|25||24|47|.511|3|13|.231|19|31|.613|6|27|13|9|5|16|20
20|20|2012-01-21|@|San Jose State|W|71|67|25|51|.490|8|25|.320|13|18|.722|6|28|15|6|6|15|13||24|61|.393|8|20|.400|11|14|.786|11|31|19|5|0|14|17
21|21|2012-01-26||Fresno State|W|59|58|19|49|.388|7|21|.333|14|19|.737|9|28|11|1|1|9|15||22|53|.415|2|9|.222|12|15|.800|11|25|5|3|2|6|16
22|22|2012-01-28||Nevada|L|63|65|19|61|.311|8|30|.267|17|24|.708|12|27|7|8|1|11|23||21|44|.477|4|13|.308|19|27|.704|11|39|4|2|5|22|24
23|23|2012-02-04|@|New Mexico State|L|72|83|27|56|.482|8|26|.308|10|15|.667|8|32|15|1|2|13|22||33|64|.516|2|15|.133|15|28|.536|16|37|16|7|1|9|14
24|24|2012-02-09|@|Utah State|L|63|77|23|58|.397|8|27|.296|9|16|.563|8|27|12|1|2|9|17||30|54|.556|6|13|.462|11|13|.846|6|33|13|1|4|11|17
25|25|2012-02-11|@|Idaho|L|64|73|23|57|.404|6|23|.261|12|16|.750|9|23|11|6|0|9|17||24|44|.545|5|13|.385|20|27|.741|6|33|15|3|5|13|15
26|26|2012-02-16||North Dakota|W|58|53|19|48|.396|6|20|.300|14|23|.609|8|28|9|5|2|8|16||19|52|.365|4|23|.174|11|19|.579|14|36|5|1|3|13|22
27|27|2012-02-18||Central Arkansas|W|84|62|31|61|.508|8|24|.333|14|18|.778|12|39|22|10|9|16|14||22|63|.349|3|17|.176|15|23|.652|17|32|10|9|0|18|11
28|28|2012-02-23||San Jose State|W|75|49|31|58|.534|5|16|.313|8|14|.571|6|34|17|9|3|12|14||17|49|.347|4|16|.250|11|15|.733|8|27|11|6|0|18|15
29|29|2012-02-25||Hawaii|W|84|67|25|56|.446|11|24|.458|23|31|.742|5|29|20|9|4|14|18||24|55|.436|5|15|.333|14|21|.667|6|34|15|7|2|22|24
30|30|2012-03-01|@|Fresno State|W|75|70|25|48|.521|8|16|.500|17|25|.680|5|30|14|6|1|11|20||24|59|.407|8|22|.364|14|22|.636|12|31|13|4|4|12|22
31|31|2012-03-03|@|Nevada|L|69|79|26|59|.441|8|19|.421|9|17|.529|7|20|13|10|5|7|22||29|55|.527|6|13|.462|15|23|.652|14|43|17|4|6|19|18
32|32|2012-03-08|N|Utah State|W|72|70|27|51|.529|8|17|.471|10|16|.625|7|21|12|5|2|11|18||22|48|.458|4|11|.364|22|27|.815|12|32|13|6|0|11|18
33|33|2012-03-09|N|Nevada|W|78|73|26|49|.531|8|14|.571|18|22|.818|3|25|13|6|3|13|17||26|63|.413|9|23|.391|12|19|.632|17|32|14|5|4|12|16
34|34|2012-03-10|N|New Mexico State|L|57|82|20|61|.328|3|18|.167|14|20|.700|10|25|5|3|3|10|18||33|59|.559|3|10|.300|13|20|.650|13|45|17|6|6|12|20
