ranker|game_season|date_game|game_location|opp_id|game_result|pts|opp_pts|fg|fga|fg_pct|fg3|fg3a|fg3_pct|ft|fta|ft_pct|orb|trb|ast|stl|blk|tov|pf|x|opp_fg|opp_fga|opp_fg_pct|opp_fg3|opp_fg3a|opp_fg3_pct|opp_ft|opp_fta|opp_ft_pct|opp_orb|opp_trb|opp_ast|opp_stl|opp_blk|opp_tov|opp_pf|
1|1|2011-11-11|@|UCLA|W|69|58|27|59|.458|10|15|.667|5|7|.714|3|28|12|6|1|11|12||24|59|.407|2|15|.133|8|12|.667|7|32|12|7|6|10|14
2|2|2011-11-13||Middle Tennessee|L|51|58|18|54|.333|4|18|.222|11|17|.647|7|30|10|8|4|12|22||18|51|.353|3|15|.200|19|28|.679|14|43|6|3|6|17|17
3|3|2011-11-19||Harvard|L|67|77|23|54|.426|5|14|.357|16|23|.696|4|21|11|7|1|8|18||27|53|.509|8|21|.381|15|18|.833|9|35|18|3|3|16|18
4|4|2011-11-23|@|Idaho State|W (1 OT)|79|76|32|64|.500|5|18|.278|10|13|.769|12|36|11|6|5|14|16||25|64|.391|12|28|.429|14|20|.700|15|34|14|6|3|17|13
5|5|2011-11-26||Northern Arizona|W|81|61|30|66|.455|6|14|.429|15|22|.682|18|44|21|3|6|14|18||23|63|.365|5|22|.227|10|16|.625|14|33|13|5|3|13|22
6|6|2011-11-29||Saint Louis|W|75|68|22|49|.449|7|13|.538|24|30|.800|12|28|10|10|1|10|18||19|40|.475|7|17|.412|23|29|.793|7|24|10|4|1|15|21
7|7|2011-12-02||Columbia|L|61|69|24|58|.414|5|18|.278|8|10|.800|6|19|7|13|0|11|17||21|40|.525|12|19|.632|15|22|.682|8|32|9|5|2|24|12
8|8|2011-12-03||La Sierra|W|87|45|32|72|.444|10|32|.313|13|19|.684|19|48|23|12|5|16|13||16|56|.286|1|11|.091|12|14|.857|7|28|11|5|1|21|19
9|9|2011-12-04||North Texas|L|63|76|22|48|.458|6|18|.333|13|21|.619|6|31|14|2|3|16|17||28|68|.412|3|19|.158|17|20|.850|11|31|10|5|0|4|18
10|10|2011-12-10||Idaho State|W (1 OT)|80|72|24|58|.414|9|27|.333|23|33|.697|13|41|15|9|4|18|19||28|63|.444|5|17|.294|11|14|.786|5|26|15|10|1|18|24
11|11|2011-12-18|@|Florida State|L|61|77|20|56|.357|9|26|.346|12|16|.750|6|26|9|3|0|17|21||29|67|.433|6|25|.240|13|27|.481|20|45|15|6|8|16|15
12|12|2011-12-21|@|Morgan State|L|45|69|18|51|.353|3|19|.158|6|9|.667|8|31|14|5|2|18|14||27|57|.474|6|19|.316|9|13|.692|9|33|18|11|1|12|11
13|13|2011-12-27||Vanguard|W|100|74|35|73|.479|6|22|.273|24|28|.857|18|41|23|12|6|11|19||25|57|.439|8|22|.364|16|25|.640|9|26|19|6|3|20|21
14|14|2011-12-31|@|San Francisco|W (1 OT)|77|76|26|58|.448|11|24|.458|14|16|.875|7|34|12|12|3|27|20||28|68|.412|8|24|.333|12|19|.632|13|33|12|9|2|21|18
15|15|2012-01-05||Brigham Young|L|65|73|23|67|.343|5|26|.192|14|21|.667|13|37|11|5|3|15|20||27|63|.429|5|20|.250|14|20|.700|10|43|18|7|3|16|18
16|16|2012-01-07|@|San Diego|W|79|68|25|62|.403|11|20|.550|18|23|.783|10|35|9|8|3|14|13||25|63|.397|8|21|.381|10|12|.833|6|27|14|8|6|15|17
17|17|2012-01-12|@|Pepperdine|W|68|58|24|56|.429|3|12|.250|17|28|.607|14|40|8|4|7|8|16||23|61|.377|4|19|.211|8|12|.667|11|36|12|3|4|8|21
18|18|2012-01-14||Gonzaga|L|58|62|19|50|.380|6|17|.353|14|18|.778|11|27|8|7|1|16|17||24|52|.462|2|13|.154|12|18|.667|11|27|10|9|4|12|17
19|19|2012-01-19|@|Brigham Young|W|82|68|23|53|.434|7|22|.318|29|36|.806|6|36|13|10|4|14|25||23|60|.383|2|25|.080|20|28|.714|8|29|13|7|2|12|24
20|20|2012-01-23|@|Santa Clara|W|74|62|25|49|.510|6|14|.429|18|24|.750|6|30|12|7|3|12|17||20|56|.357|5|18|.278|17|21|.810|12|32|10|5|7|12|17
21|21|2012-01-26||Saint Mary's (CA)|L|64|71|24|58|.414|4|11|.364|12|15|.800|6|19|9|2|3|6|19||24|49|.490|6|16|.375|17|25|.680|9|36|10|4|5|11|16
22|22|2012-01-28||Portland|W|62|59|20|48|.417|4|19|.211|18|26|.692|13|31|7|6|3|12|13||25|51|.490|2|13|.154|7|11|.636|6|24|7|5|3|10|15
23|23|2012-02-02||Pepperdine|W|67|57|23|53|.434|6|15|.400|15|23|.652|11|31|10|11|4|10|15||21|55|.382|2|15|.133|13|20|.650|15|33|12|6|1|14|18
24|24|2012-02-04||San Francisco|W|90|88|29|60|.483|11|20|.550|21|25|.840|7|32|18|7|1|13|19||29|61|.475|11|27|.407|19|23|.826|7|32|16|7|1|14|19
25|25|2012-02-09|@|Portland|W|76|62|25|49|.510|10|19|.526|16|24|.667|9|28|13|7|3|13|15||23|54|.426|7|22|.318|9|11|.818|7|21|16|4|3|11|18
26|26|2012-02-11|@|Gonzaga|L|59|78|22|56|.393|6|23|.261|9|12|.750|9|23|8|9|2|11|20||27|52|.519|7|21|.333|17|19|.895|11|36|15|5|4|15|14
27|27|2012-02-15|@|Saint Mary's (CA)|W|75|60|25|53|.472|7|15|.467|18|27|.667|9|29|15|8|1|8|17||22|57|.386|6|28|.214|10|16|.625|16|37|16|3|5|14|20
28|28|2012-02-17||Valparaiso|W|61|53|23|51|.451|5|16|.313|10|13|.769|12|36|8|5|1|14|13||18|48|.375|10|28|.357|7|9|.778|5|19|10|9|2|12|14
29|29|2012-02-23||San Diego|L|57|60|23|54|.426|4|17|.235|7|13|.538|9|27|9|12|6|14|15||22|50|.440|7|15|.467|9|11|.818|11|33|11|9|2|19|14
30|30|2012-02-25||Santa Clara|W|68|65|17|51|.333|3|12|.250|31|35|.886|11|38|8|8|4|10|21||22|63|.349|8|20|.400|13|23|.565|14|35|9|5|4|9|27
31|31|2012-03-02|N|San Francisco|L|60|67|23|57|.404|4|15|.267|10|12|.833|8|34|9|6|1|17|20||25|60|.417|11|26|.423|6|14|.429|12|38|13|10|3|13|15
32|32|2012-03-14||Cal State Fullerton|W|88|79|25|59|.424|6|23|.261|32|40|.800|10|39|10|6|6|12|18||27|76|.355|9|27|.333|16|25|.640|18|40|16|4|0|13|27
33|33|2012-03-18||Weber State|W (1 OT)|84|78|27|64|.422|9|23|.391|21|27|.778|14|44|14|3|5|17|17||25|65|.385|6|23|.261|22|24|.917|9|31|8|6|5|10|23
34|34|2012-03-21|@|Utah State|L|69|77|27|66|.409|8|22|.364|7|14|.500|13|30|13|14|0|19|21||20|51|.392|5|21|.238|32|35|.914|14|42|14|7|6|22|19
