ranker|game_season|date_game|game_location|opp_id|game_result|pts|opp_pts|fg|fga|fg_pct|fg3|fg3a|fg3_pct|ft|fta|ft_pct|orb|trb|ast|stl|blk|tov|pf|x|opp_fg|opp_fga|opp_fg_pct|opp_fg3|opp_fg3a|opp_fg3_pct|opp_ft|opp_fta|opp_ft_pct|opp_orb|opp_trb|opp_ast|opp_stl|opp_blk|opp_tov|opp_pf|
1|1|2011-11-11||Alabama State|W|67|49|24|55|.436|3|17|.176|16|25|.640|17|37|13|12|3|19|23||17|46|.370|6|20|.300|9|22|.409|11|25|7|6|1|22|24
2|2|2011-11-13||Jacksonville State|W|58|44|20|49|.408|4|20|.200|14|24|.583|7|34|16|8|5|11|18||17|55|.309|2|15|.133|8|17|.471|12|32|7|7|4|15|18
3|3|2011-11-19||Northwestern State|W|83|61|30|69|.435|6|22|.273|17|26|.654|17|50|17|6|8|22|23||22|61|.361|5|19|.263|12|21|.571|9|27|8|11|7|14|23
4|4|2011-11-22|@|North Carolina-Wilmington|W|69|64|22|46|.478|6|22|.273|19|29|.655|9|31|8|7|2|15|22||23|51|.451|3|11|.273|15|23|.652|10|30|12|5|1|15|23
5|5|2011-11-25|@|Cincinnati|W (1 OT)|73|69|26|61|.426|7|16|.438|14|19|.737|16|40|10|2|2|14|18||27|61|.443|5|15|.333|10|19|.526|11|27|13|9|4|9|17
6|6|2011-11-30||Ohio|L|68|70|21|52|.404|5|21|.238|21|38|.553|16|31|11|4|5|13|18||29|58|.500|5|15|.333|7|11|.636|10|29|16|6|1|12|26
7|7|2011-12-06|@|Syracuse|L|56|62|22|65|.338|5|24|.208|7|10|.700|17|40|11|5|2|19|19||22|53|.415|3|11|.273|15|23|.652|8|32|12|12|10|12|14
8|8|2011-12-11||Iona|W|82|63|29|58|.500|7|20|.350|17|26|.654|16|34|13|8|2|11|18||25|47|.532|3|13|.231|10|12|.833|4|16|14|2|0|13|22
9|9|2011-12-17||High Point|W|79|59|30|67|.448|8|31|.258|11|25|.440|14|41|17|11|7|6|12||21|54|.389|9|17|.529|8|14|.571|6|29|11|2|0|16|17
10|10|2011-12-19||Belmont|W|87|86|32|67|.478|6|14|.429|17|23|.739|11|36|20|7|4|11|24||27|58|.466|7|22|.318|25|29|.862|6|28|17|8|1|10|20
11|11|2011-12-21||West Virginia Tech|W|99|80|35|67|.522|13|24|.542|16|28|.571|22|44|16|7|1|14|19||33|65|.508|5|15|.333|9|16|.563|10|25|20|8|1|13|25
12|12|2011-12-29|@|Belmont|L|74|79|26|63|.413|5|19|.263|17|26|.654|18|41|9|8|9|15|25||26|59|.441|4|12|.333|23|33|.697|12|33|15|12|1|13|22
13|13|2012-01-01||Akron|L|51|67|22|58|.379|2|11|.182|5|16|.313|17|39|7|4|4|14|14||28|61|.459|6|15|.400|5|10|.500|12|32|16|7|4|8|16
14|14|2012-01-04||Texas-El Paso|W|76|60|28|59|.475|6|16|.375|14|18|.778|15|40|18|9|3|14|14||24|53|.453|2|9|.222|10|15|.667|4|20|15|8|2|12|18
15|15|2012-01-07|@|Rice|W|63|61|26|63|.413|6|15|.400|5|8|.625|15|42|13|7|3|17|17||23|51|.451|4|17|.235|11|20|.550|4|25|14|9|8|14|12
16|16|2012-01-11|@|Alabama-Birmingham|W|61|59|25|63|.397|4|16|.250|7|12|.583|19|41|8|5|5|11|18||24|58|.414|3|12|.250|8|12|.667|14|33|9|4|1|9|14
17|17|2012-01-14||Central Florida|W|65|64|23|58|.397|7|20|.350|12|25|.480|15|41|14|2|5|13|18||24|57|.421|5|20|.250|11|17|.647|9|35|13|9|1|10|22
18|18|2012-01-18|N|West Virginia|L|62|78|27|60|.450|5|19|.263|3|6|.500|9|24|11|4|2|10|20||28|54|.519|5|14|.357|17|22|.773|9|34|13|6|1|11|12
19|19|2012-01-21|@|Southern Mississippi|L|63|67|23|59|.390|6|18|.333|11|20|.550|13|40|13|3|4|11|23||21|51|.412|5|15|.333|20|29|.690|8|30|10|4|4|9|20
20|20|2012-01-25|N|Alabama-Birmingham|L|49|56|19|54|.352|4|19|.211|7|17|.412|13|38|11|6|6|14|20||21|52|.404|3|13|.231|11|19|.579|8|33|17|7|2|13|16
21|21|2012-01-28|@|Memphis|L|76|83|24|54|.444|6|17|.353|22|31|.710|11|30|13|8|7|14|30||30|54|.556|2|10|.200|21|32|.656|8|27|15|6|6|12|27
22|22|2012-02-01||Tulane|W|63|44|23|57|.404|7|17|.412|10|16|.625|16|40|17|4|3|12|15||18|45|.400|5|17|.294|3|9|.333|5|21|12|7|3|11|19
23|23|2012-02-04|@|Tulsa|L|70|79|22|55|.400|3|13|.231|23|28|.821|9|26|8|11|1|10|28||25|45|.556|5|11|.455|24|33|.727|7|30|10|4|2|15|19
24|24|2012-02-08|@|Central Florida|L|60|67|23|59|.390|7|19|.368|7|15|.467|12|32|11|8|1|10|19||25|55|.455|5|19|.263|12|21|.571|12|31|9|7|2|11|15
25|25|2012-02-11||East Carolina|W|78|68|27|50|.540|10|20|.500|14|18|.778|6|24|19|4|4|5|17||23|43|.535|10|19|.526|12|15|.800|4|23|17|1|2|11|16
26|26|2012-02-18|@|Southern Methodist|W|73|68|23|48|.479|7|21|.333|20|31|.645|8|28|13|6|4|11|18||24|51|.471|7|23|.304|13|23|.565|7|28|9|6|1|15|25
27|27|2012-02-22||Houston|W|66|58|29|65|.446|4|18|.222|4|18|.222|20|40|12|8|4|12|14||24|58|.414|1|11|.091|9|16|.563|14|35|10|4|2|15|21
28|28|2012-02-25||Memphis|L|67|87|24|60|.400|4|14|.286|15|28|.536|15|29|10|3|2|10|20||31|52|.596|4|13|.308|21|27|.778|4|26|17|8|4|12|22
29|29|2012-02-29|@|East Carolina|L (1 OT)|68|69|26|56|.464|6|18|.333|10|17|.588|14|39|13|3|4|19|24||24|52|.462|5|16|.313|16|26|.615|6|24|17|9|4|11|20
30|30|2012-03-03||Southern Mississippi|W|79|75|27|56|.482|3|18|.167|22|32|.688|11|41|18|3|7|11|23||26|63|.413|9|18|.500|14|26|.538|10|30|14|6|1|5|27
31|31|2012-03-07|N|Southern Methodist|W|74|56|27|57|.474|4|17|.235|16|23|.696|11|39|12|10|3|13|18||18|54|.333|6|24|.250|14|21|.667|9|29|9|7|6|12|20
32|32|2012-03-08|N|Tulsa|W (3 OT)|105|100|36|75|.480|5|17|.294|28|43|.651|17|41|12|10|1|15|38||26|56|.464|8|16|.500|40|58|.690|8|33|12|5|3|20|33
33|33|2012-03-09|N|Southern Mississippi|W|73|62|25|46|.543|9|17|.529|14|17|.824|4|34|12|1|6|16|17||25|73|.342|4|18|.222|8|14|.571|17|35|5|10|2|3|17
34|34|2012-03-10|@|Memphis|L|57|83|22|62|.355|5|20|.250|8|18|.444|17|27|10|4|2|7|17||26|44|.591|6|12|.500|25|27|.926|6|30|17|1|6|12|17
35|35|2012-03-13|@|Middle Tennessee|L|78|86|27|59|.458|8|19|.421|16|24|.667|11|34|8|5|1|13|26||32|61|.525|4|12|.333|18|31|.581|11|36|23|6|4|9|21
