ranker|game_season|date_game|game_location|opp_id|game_result|pts|opp_pts|fg|fga|fg_pct|fg3|fg3a|fg3_pct|ft|fta|ft_pct|orb|trb|ast|stl|blk|tov|pf|x|opp_fg|opp_fga|opp_fg_pct|opp_fg3|opp_fg3a|opp_fg3_pct|opp_ft|opp_fta|opp_ft_pct|opp_orb|opp_trb|opp_ast|opp_stl|opp_blk|opp_tov|opp_pf|
1|1|2011-11-12||Emory|W|66|57|26|57|.456|2|17|.118|12|16|.750|10|38|15|6|8|16|17||20|64|.313|6|25|.240|11|15|.733|7|23|7|8|1|11|19
2|2|2011-11-14|@|Missouri|L|63|81|23|52|.442|8|20|.400|9|12|.750|9|27|16|9|3|20|24||25|54|.463|11|22|.500|20|29|.690|12|33|12|14|4|13|15
3|3|2011-11-17|@|Furman|W|66|46|25|51|.490|6|15|.400|10|15|.667|10|33|13|9|5|13|18||14|57|.246|3|20|.150|15|19|.789|18|33|6|7|1|19|16
4|4|2011-11-21||Sam Houston State|W|60|38|20|52|.385|9|22|.409|11|18|.611|16|40|12|6|4|17|20||13|43|.302|2|12|.167|10|20|.500|7|22|3|9|5|16|16
5|5|2011-11-22||Niagara|W|74|55|22|55|.400|10|22|.455|20|29|.690|12|34|13|7|4|12|19||20|48|.417|3|19|.158|12|21|.571|7|26|9|6|4|15|24
6|6|2011-11-23||South Dakota State|L|61|74|19|48|.396|8|20|.400|15|20|.750|6|28|13|7|3|23|25||24|53|.453|8|26|.308|18|26|.692|7|24|10|8|1|12|21
7|7|2011-12-01|@|Lipscomb|W|79|72|30|60|.500|7|14|.500|12|15|.800|7|29|14|13|6|19|17||24|63|.381|7|18|.389|17|18|.944|11|29|14|10|6|21|18
8|8|2011-12-03|@|Belmont|L|78|82|25|57|.439|7|25|.280|21|23|.913|9|35|16|4|4|11|31||22|56|.393|8|27|.296|30|40|.750|11|33|14|4|1|6|22
9|9|2011-12-07|@|Samford|W (1 OT)|83|78|29|64|.453|4|19|.211|21|26|.808|9|36|9|12|5|11|16||27|70|.386|14|34|.412|10|12|.833|16|42|18|4|4|16|21
10|10|2011-12-10||Chattanooga|W|67|56|22|49|.449|6|26|.231|17|27|.630|7|32|14|11|6|12|19||19|49|.388|8|21|.381|10|20|.500|8|31|12|7|0|16|23
11|11|2011-12-18|@|Seton Hall|L (1 OT)|77|80|31|61|.508|10|28|.357|5|8|.625|7|31|16|3|8|20|25||25|64|.391|8|16|.500|22|33|.667|16|35|14|13|4|12|17
12|12|2011-12-20|@|Georgia|L|58|72|22|57|.386|9|24|.375|5|9|.556|7|29|13|4|7|11|19||24|59|.407|8|17|.471|16|26|.615|13|39|14|8|3|7|15
13|13|2011-12-22|@|Georgia Tech|W|65|59|22|53|.415|7|22|.318|14|21|.667|10|28|16|7|3|11|14||23|53|.434|4|16|.250|9|13|.692|10|31|11|6|3|15|20
14|14|2011-12-28|@|Tulsa|L|62|68|24|53|.453|6|12|.500|8|15|.533|6|22|12|8|6|15|26||22|49|.449|4|9|.444|20|34|.588|15|39|11|8|6|15|16
15|15|2011-12-30|@|Navy|W|65|56|24|36|.667|5|10|.500|12|18|.667|3|26|17|6|4|21|20||19|50|.380|5|20|.250|13|18|.722|7|15|13|10|1|13|18
16|16|2012-01-02||Florida Gulf Coast|W|76|54|29|63|.460|7|20|.350|11|14|.786|9|31|22|11|8|13|16||20|48|.417|5|14|.357|9|18|.500|7|30|6|10|6|20|17
17|17|2012-01-04||Stetson|W|75|59|24|51|.471|3|16|.188|24|30|.800|8|31|15|5|2|14|12||21|56|.375|4|23|.174|13|18|.722|10|25|7|8|2|13|22
18|18|2012-01-07|@|East Tennessee State|L|61|76|22|54|.407|10|28|.357|7|13|.538|15|29|12|5|3|21|17||27|51|.529|5|11|.455|17|22|.773|10|29|13|15|6|16|15
19|19|2012-01-09|@|South Carolina Upstate|W|73|66|23|47|.489|7|15|.467|20|25|.800|7|29|11|7|3|15|21||25|59|.424|3|15|.200|13|25|.520|14|33|12|8|7|12|21
20|20|2012-01-13||Kennesaw State|W|81|51|31|50|.620|13|20|.650|6|6|1.000|3|23|18|4|5|10|15||19|53|.358|3|18|.167|10|14|.714|10|25|7|3|0|10|15
21|21|2012-01-21||North Florida|W|69|58|25|54|.463|5|19|.263|14|21|.667|12|37|14|2|5|15|23||20|54|.370|2|14|.143|16|28|.571|11|27|5|6|2|11|21
22|22|2012-01-23||Jacksonville|W|75|65|23|36|.639|5|11|.455|24|34|.706|5|24|8|5|6|18|18||25|61|.410|3|10|.300|12|20|.600|17|30|8|7|3|11|26
23|23|2012-01-28|@|Stetson|W|75|64|28|48|.583|7|15|.467|12|24|.500|5|27|23|9|2|19|19||20|51|.392|7|27|.259|17|19|.895|7|26|12|10|6|21|22
24|24|2012-01-30|@|Florida Gulf Coast|W|75|66|27|46|.587|11|22|.500|10|18|.556|8|24|18|7|5|14|18||22|59|.373|8|24|.333|14|19|.737|17|33|13|8|2|13|15
25|25|2012-02-04||South Carolina Upstate|W|61|47|16|41|.390|5|17|.294|24|32|.750|6|31|10|7|6|20|20||17|55|.309|3|21|.143|10|18|.556|11|31|5|8|2|19|26
26|26|2012-02-06||East Tennessee State|W|54|46|17|46|.370|1|16|.063|19|23|.826|12|40|4|4|4|12|13||15|55|.273|4|17|.235|12|15|.800|12|28|5|6|1|8|17
27|27|2012-02-10|@|Kennesaw State|W|61|57|24|43|.558|5|14|.357|8|12|.667|8|24|14|11|5|16|12||18|56|.321|6|16|.375|15|18|.833|16|27|5|9|0|14|12
28|28|2012-02-18|@|Jacksonville|L|75|81|27|66|.409|7|23|.304|14|23|.609|19|36|14|11|2|15|23||24|48|.500|5|18|.278|28|37|.757|10|33|14|9|7|18|21
29|29|2012-02-20|@|North Florida|L|66|75|20|44|.455|5|9|.556|21|27|.778|4|21|6|6|3|9|24||21|46|.457|13|26|.500|20|32|.625|11|32|13|4|1|11|20
30|30|2012-02-23||Lipscomb|W|63|54|23|55|.418|5|21|.238|12|16|.750|9|34|13|3|10|6|18||20|60|.333|6|22|.273|8|17|.471|13|32|10|4|2|9|19
31|31|2012-02-25||Belmont|L|61|62|23|50|.460|6|16|.375|9|17|.529|8|31|11|8|7|16|19||22|51|.431|9|25|.360|9|16|.563|8|28|10|8|1|17|15
32|32|2012-02-29||Lipscomb|W|61|53|19|50|.380|9|28|.321|14|17|.824|14|41|12|4|8|16|14||19|60|.317|4|21|.190|11|16|.688|10|28|3|9|1|8|16
33|33|2012-03-02||Florida Gulf Coast|L|58|62|21|51|.412|6|17|.353|10|18|.556|13|36|8|4|4|12|21||21|48|.438|7|21|.333|13|20|.650|7|26|9|6|3|9|19
34|34|2012-03-13||Tennessee State|W|68|60|20|49|.408|8|20|.400|20|24|.833|4|37|14|10|7|17|14||22|62|.355|9|26|.346|7|11|.636|6|28|12|9|4|16|18
35|35|2012-03-17||Georgia State|W|64|59|20|53|.377|8|19|.421|16|20|.800|9|34|12|4|5|14|17||20|61|.328|6|23|.261|13|19|.684|12|34|7|8|9|8|17
36|36|2012-03-21|@|Old Dominion|W|79|73|27|58|.466|11|27|.407|14|15|.933|13|32|22|5|2|11|19||24|53|.453|11|20|.550|14|22|.636|11|29|14|7|4|12|15
37|37|2012-03-24|@|Fairfield|W|64|59|23|51|.451|10|20|.500|8|10|.800|9|32|16|11|2|19|18||20|53|.377|3|16|.188|16|20|.800|12|30|10|12|5|15|16
38|38|2012-03-28|@|Utah State|W|70|67|23|57|.404|6|21|.286|18|23|.783|7|30|13|4|1|6|19||22|53|.415|7|23|.304|16|22|.727|7|35|15|1|1|9|19
