ranker|game_season|date_game|game_location|opp_id|game_result|pts|opp_pts|fg|fga|fg_pct|fg3|fg3a|fg3_pct|ft|fta|ft_pct|orb|trb|ast|stl|blk|tov|pf|x|opp_fg|opp_fga|opp_fg_pct|opp_fg3|opp_fg3a|opp_fg3_pct|opp_ft|opp_fta|opp_ft_pct|opp_orb|opp_trb|opp_ast|opp_stl|opp_blk|opp_tov|opp_pf|
1|1|2011-11-15||Dayton|W (1 OT)|72|67|24|59|.407|8|25|.320|16|22|.727|10|31|11|7|2|15|14||27|55|.491|7|18|.389|6|6|1.000|6|33|14|8|2|22|24
2|2|2011-11-18|@|Xavier|L|60|66|21|49|.429|8|19|.421|10|12|.833|4|28|15|5|5|18|21||26|60|.433|2|9|.222|12|21|.571|11|33|14|11|4|9|13
3|3|2011-11-21|@|Saginaw Valley State|W|71|61|26|52|.500|6|21|.286|13|18|.722|11|38|11|7|4|20|20||19|53|.358|3|23|.130|20|22|.909|4|18|8|10|1|10|13
4|4|2011-11-26|@|Southeast Missouri State|L|57|64|20|53|.377|5|20|.250|12|17|.706|11|31|9|6|5|15|18||22|50|.440|5|15|.333|15|23|.652|8|32|13|5|1|13|19
5|5|2011-11-29|@|Cincinnati|L|47|56|19|40|.475|5|15|.333|4|10|.400|5|28|9|4|1|15|11||23|55|.418|6|16|.375|4|10|.400|11|27|9|7|2|10|10
6|6|2011-12-03|@|Troy|L|60|73|18|49|.367|9|27|.333|15|16|.938|8|28|11|6|1|13|14||26|58|.448|14|26|.538|7|13|.538|16|38|16|7|1|10|14
7|7|2011-12-10||Wright State|L|49|51|13|43|.302|6|21|.286|17|28|.607|10|33|9|9|3|21|17||15|44|.341|7|18|.389|14|19|.737|9|34|9|10|5|22|24
8|8|2011-12-17||Belmont|W|66|61|20|45|.444|6|19|.316|20|28|.714|6|29|11|8|1|12|18||21|49|.429|6|21|.286|13|16|.813|7|30|11|8|1|14|19
9|9|2011-12-20||Evansville|L|75|77|26|46|.565|10|23|.435|13|16|.813|4|22|18|2|4|13|21||26|44|.591|6|12|.500|19|24|.792|3|19|16|7|1|8|18
10|10|2011-12-22|N|Ohio State|L|40|69|15|46|.326|2|14|.143|8|9|.889|4|32|5|1|4|18|20||26|58|.448|4|15|.267|13|17|.765|5|30|18|9|2|5|12
11|11|2011-12-29||William & Mary|W|73|69|22|55|.400|8|20|.400|21|26|.808|10|29|11|9|2|6|17||25|49|.510|7|16|.438|12|17|.706|6|30|13|3|4|12|19
12|12|2012-01-02|@|Vanderbilt|L|62|69|26|55|.473|9|21|.429|1|1|1.000|8|28|9|7|1|10|16||23|52|.442|8|18|.444|15|17|.882|8|25|13|7|9|9|8
13|13|2012-01-07||Akron|L|60|65|23|46|.500|5|14|.357|9|10|.900|3|28|6|3|2|14|17||22|50|.440|7|12|.583|14|21|.667|5|22|9|5|3|6|13
14|14|2012-01-11|@|Kent State|L|67|71|26|55|.473|5|20|.250|10|13|.769|8|22|10|6|3|12|18||23|54|.426|6|14|.429|19|25|.760|13|31|13|6|7|9|13
15|15|2012-01-14||Buffalo|W|52|51|19|49|.388|6|18|.333|8|15|.533|6|19|12|8|2|12|12||19|39|.487|1|10|.100|12|16|.750|6|30|8|5|3|20|16
16|16|2012-01-18||Bowling Green State|L|57|65|21|48|.438|6|20|.300|9|15|.600|6|25|15|3|1|16|14||25|50|.500|2|8|.250|13|18|.722|7|32|10|10|4|11|14
17|17|2012-01-21|@|Ohio|L|65|69|26|52|.500|10|23|.435|3|5|.600|5|27|12|3|4|12|25||24|51|.471|3|14|.214|18|27|.667|9|28|7|8|4|7|13
18|18|2012-01-25||Toledo|L|61|63|20|49|.408|8|23|.348|13|19|.684|8|25|13|5|2|11|11||26|54|.481|4|13|.308|7|8|.875|10|33|12|7|1|13|17
19|19|2012-01-28|@|Western Michigan|L|64|73|21|57|.368|15|30|.500|7|15|.467|8|25|13|3|2|6|21||24|42|.571|4|9|.444|21|30|.700|2|32|16|3|1|8|14
20|20|2012-02-01||Eastern Michigan|W (1 OT)|62|57|20|48|.417|5|13|.385|17|25|.680|15|31|10|9|1|13|14||22|44|.500|4|12|.333|9|17|.529|9|25|9|8|2|18|24
21|21|2012-02-04|@|Ball State|W|59|53|20|37|.541|9|18|.500|10|15|.667|2|30|10|1|3|18|12||20|60|.333|3|21|.143|10|14|.714|13|31|8|5|2|4|14
22|22|2012-02-08|@|Northern Illinois|L|59|62|19|46|.413|8|22|.364|13|16|.813|8|24|10|5|3|9|13||22|51|.431|8|14|.571|10|15|.667|16|34|8|3|5|11|16
23|23|2012-02-11||Central Michigan|W|69|50|21|48|.438|10|19|.526|17|26|.654|10|34|15|7|4|12|21||16|47|.340|4|18|.222|14|22|.636|10|28|4|5|5|15|22
24|24|2012-02-15|@|Akron|L|59|74|20|48|.417|8|23|.348|11|12|.917|4|20|15|5|0|12|17||25|49|.510|4|12|.333|20|26|.769|11|33|14|5|2|10|14
25|25|2012-02-19||Tennessee State|L|61|68|19|43|.442|9|21|.429|14|27|.519|8|27|9|3|3|14|20||21|45|.467|6|19|.316|20|25|.800|7|26|10|9|3|9|17
26|26|2012-02-21||Kent State|W|62|60|25|56|.446|9|23|.391|3|4|.750|6|22|14|9|3|9|13||24|48|.500|6|16|.375|6|12|.500|9|29|11|4|8|14|12
27|27|2012-02-25|@|Buffalo|L|74|84|28|54|.519|9|23|.391|9|15|.600|5|24|15|3|0|11|21||29|58|.500|8|21|.381|18|27|.667|10|31|22|4|7|7|13
28|28|2012-02-29|@|Bowling Green State|L|51|56|21|45|.467|5|20|.250|4|10|.400|5|24|17|8|1|10|11||22|50|.440|6|14|.429|6|9|.667|9|27|11|5|0|9|11
29|29|2012-03-03||Ohio|L|54|63|20|49|.408|2|15|.133|12|13|.923|9|23|11|7|2|17|20||23|52|.442|2|15|.133|15|17|.882|14|32|9|11|1|16|16
30|30|2012-03-05|@|Toledo|L|53|60|20|50|.400|9|29|.310|4|5|.800|4|26|15|6|3|12|17||22|55|.400|4|15|.267|12|18|.667|12|37|11|9|0|8|10
