ranker|game_season|date_game|game_location|opp_id|game_result|pts|opp_pts|fg|fga|fg_pct|fg3|fg3a|fg3_pct|ft|fta|ft_pct|orb|trb|ast|stl|blk|tov|pf|x|opp_fg|opp_fga|opp_fg_pct|opp_fg3|opp_fg3a|opp_fg3_pct|opp_ft|opp_fta|opp_ft_pct|opp_orb|opp_trb|opp_ast|opp_stl|opp_blk|opp_tov|opp_pf|
1|1|2011-11-11||Austin Peay|W|80|71|27|49|.551|5|13|.385|21|31|.677|10|33|17|9|5|20|26||23|59|.390|6|18|.333|19|36|.528|18|37|9|8|4|19|27
2|2|2011-11-13|@|Loyola Marymount|W|58|51|18|51|.353|3|15|.200|19|28|.679|14|43|6|3|6|17|17||18|54|.333|4|18|.222|11|17|.647|7|30|10|8|4|12|22
3|3|2011-11-15|@|UCLA|W|86|66|35|49|.714|10|11|.909|6|13|.462|6|32|18|7|3|18|19||25|67|.373|4|20|.200|12|18|.667|15|27|17|9|0|12|14
4|4|2011-11-19||North Carolina-Greensboro|W|82|60|24|49|.490|6|13|.462|28|36|.778|9|29|14|13|1|14|19||22|51|.431|7|21|.333|9|18|.500|13|31|10|8|2|23|26
5|5|2011-11-20||Belmont|L (2 OT)|84|87|29|62|.468|10|23|.435|16|30|.533|14|42|25|3|8|19|20||35|72|.486|8|29|.276|9|18|.500|9|31|10|6|0|12|27
6|6|2011-11-22||Cumberland University|W|88|48|34|56|.607|8|21|.381|12|19|.632|8|34|20|9|8|10|14||17|50|.340|6|16|.375|8|11|.727|5|19|10|5|0|16|15
7|7|2011-11-26|@|Austin Peay|W|90|70|33|51|.647|7|14|.500|17|27|.630|8|38|18|8|6|20|24||21|58|.362|4|17|.235|24|33|.727|7|22|10|13|2|12|22
8|8|2011-12-01|@|Tennessee State|W|77|62|23|45|.511|7|14|.500|24|38|.632|8|34|13|5|4|15|25||19|58|.328|5|21|.238|19|27|.704|11|28|8|8|5|11|25
9|9|2011-12-04||Akron|W|77|53|28|55|.509|2|9|.222|19|33|.576|14|38|15|7|6|7|22||16|56|.286|4|14|.286|17|22|.773|12|31|6|1|1|13|25
10|10|2011-12-07|@|Alabama-Birmingham|L|56|66|21|51|.412|4|9|.444|10|16|.625|13|26|10|7|5|14|23||21|45|.467|5|13|.385|19|25|.760|13|30|11|5|4|13|17
11|11|2011-12-10||Tennessee-Martin|W|78|62|29|45|.644|3|9|.333|17|22|.773|6|18|19|9|6|12|15||23|50|.460|6|14|.429|10|13|.769|10|23|11|4|0|20|18
12|12|2011-12-13||Belmont|W|65|62|23|46|.500|3|12|.250|16|30|.533|10|32|14|9|9|11|13||21|47|.447|11|25|.440|9|14|.643|4|21|15|5|2|13|21
13|13|2011-12-21|N|Mississippi|W|68|56|24|53|.453|5|14|.357|15|27|.556|7|27|17|9|3|14|23||18|45|.400|3|11|.273|17|31|.548|11|33|8|10|8|21|21
14|14|2011-12-29||Florida International|W|71|66|20|50|.400|4|20|.200|27|42|.643|11|28|14|8|5|8|20||25|49|.510|6|13|.462|10|23|.435|10|29|8|5|5|15|28
15|15|2011-12-31||South Alabama|W|68|52|28|61|.459|6|18|.333|6|11|.545|8|35|16|8|6|11|14||20|66|.303|4|15|.267|8|14|.571|18|42|6|6|1|16|12
16|16|2012-01-05|@|Troy|W|63|53|25|64|.391|4|20|.200|9|12|.750|18|41|10|7|2|13|15||21|55|.382|8|25|.320|3|6|.500|5|26|13|8|7|15|9
17|17|2012-01-07||Louisiana-Lafayette|W|65|53|18|49|.367|1|11|.091|28|37|.757|7|34|7|11|5|15|18||18|58|.310|5|19|.263|12|18|.667|10|40|11|7|6|19|25
18|18|2012-01-12|@|Florida International|W|70|59|22|52|.423|3|13|.231|23|34|.676|6|29|12|8|6|10|20||19|49|.388|5|14|.357|16|28|.571|10|35|9|4|1|18|24
19|19|2012-01-14|@|Florida Atlantic|W|67|54|27|51|.529|1|6|.167|12|16|.750|8|32|10|4|5|15|22||14|45|.311|2|9|.222|24|35|.686|10|28|4|6|6|16|16
20|20|2012-01-19||Arkansas State|W|59|46|24|53|.453|5|12|.417|6|9|.667|9|33|15|6|8|12|15||15|46|.326|3|12|.250|13|22|.591|7|23|5|6|0|11|9
21|21|2012-01-21|@|South Alabama|W|68|47|28|57|.491|3|11|.273|9|13|.692|16|36|21|9|4|13|18||15|57|.263|3|12|.250|14|27|.519|21|33|5|5|8|17|13
22|22|2012-01-26||Troy|W|71|58|26|53|.491|7|17|.412|12|22|.545|13|33|23|7|0|14|13||23|50|.460|5|18|.278|7|12|.583|9|27|8|9|2|19|17
23|23|2012-01-28|@|Vanderbilt|L|77|84|27|47|.574|7|13|.538|16|22|.727|4|21|15|5|2|14|23||27|54|.500|6|19|.316|24|30|.800|9|27|11|4|2|9|18
24|24|2012-02-02|@|North Texas|W|68|66|28|56|.500|4|12|.333|8|14|.571|7|31|11|8|5|15|22||22|55|.400|4|12|.333|18|24|.750|8|29|8|9|7|17|17
25|25|2012-02-04|@|Denver|L|60|75|20|43|.465|3|7|.429|17|21|.810|7|26|9|3|3|17|24||25|50|.500|3|15|.200|22|25|.880|6|25|12|10|5|8|18
26|26|2012-02-09||Western Kentucky|W|72|64|26|67|.388|3|11|.273|17|37|.459|18|45|18|8|7|11|18||22|65|.338|6|21|.286|14|14|1.000|11|40|11|4|4|14|30
27|27|2012-02-11||Arkansas-Little Rock|W|68|60|26|41|.634|4|7|.571|12|27|.444|5|28|18|7|3|13|15||21|48|.438|8|18|.444|10|13|.769|5|22|9|6|2|15|23
28|28|2012-02-18||Florida Atlantic|W|72|59|24|49|.490|4|11|.364|20|28|.714|10|31|16|5|2|15|24||16|46|.348|5|18|.278|22|30|.733|8|24|7|7|5|14|23
29|29|2012-02-23|@|Louisiana-Monroe|W|94|61|35|60|.583|10|19|.526|14|20|.700|9|32|30|7|3|11|22||20|43|.465|7|15|.467|14|27|.519|4|21|14|4|5|17|20
30|30|2012-02-25|@|Western Kentucky|L|67|73|27|50|.540|4|11|.364|9|18|.500|7|25|16|5|3|18|25||23|52|.442|6|19|.316|21|24|.875|10|30|11|7|4|13|20
31|31|2012-03-04|N|Arkansas State|L|61|64|22|51|.431|6|13|.462|11|22|.500|9|26|12|6|1|8|16||21|48|.438|6|12|.500|16|21|.762|9|34|11|3|1|14|19
32|32|2012-03-13||Marshall|W|86|78|32|61|.525|4|12|.333|18|31|.581|11|36|23|6|4|9|21||27|59|.458|8|19|.421|16|24|.667|11|34|8|5|1|13|26
33|33|2012-03-19|@|Tennessee|W|71|64|24|52|.462|3|11|.273|20|28|.714|11|45|12|5|1|16|23||22|58|.379|1|13|.077|19|30|.633|8|29|12|8|4|9|20
34|34|2012-03-21||Minnesota|L|72|78|25|53|.472|4|13|.308|18|24|.750|10|28|11|7|5|16|19||27|55|.491|6|11|.545|18|24|.750|11|29|11|10|5|14|20
