ranker|game_season|date_game|game_location|opp_id|game_result|pts|opp_pts|fg|fga|fg_pct|fg3|fg3a|fg3_pct|ft|fta|ft_pct|orb|trb|ast|stl|blk|tov|pf|x|opp_fg|opp_fga|opp_fg_pct|opp_fg3|opp_fg3a|opp_fg3_pct|opp_ft|opp_fta|opp_ft_pct|opp_orb|opp_trb|opp_ast|opp_stl|opp_blk|opp_tov|opp_pf|
1|1|2011-11-11||Bucknell|W|70|58|22|55|.400|3|15|.200|23|35|.657|11|35|13|7|6|10|21||16|46|.348|7|16|.438|19|23|.826|6|29|8|2|1|12|28
2|2|2011-11-14||South Dakota State|W|71|55|27|47|.574|6|14|.429|11|21|.524|5|30|19|14|9|15|21||19|52|.365|6|20|.300|11|21|.524|8|31|8|8|2|17|19
3|3|2011-11-17||Fairfield|W|67|57|19|41|.463|2|8|.250|27|31|.871|8|27|9|10|4|23|19||20|48|.417|2|16|.125|15|23|.652|10|22|10|10|3|20|23
4|4|2011-11-21||Mount St. Mary's|W|85|56|30|60|.500|5|15|.333|20|31|.645|16|32|21|12|5|8|18||19|43|.442|7|15|.467|11|16|.688|6|20|9|5|5|20|23
5|5|2011-11-24|N|DePaul|W|86|85|34|66|.515|1|9|.111|17|27|.630|19|37|13|9|4|17|16||33|64|.516|6|19|.316|13|13|1.000|10|24|13|11|4|16|21
6|6|2011-11-25|N|Indiana State|W|76|69|27|53|.509|8|15|.533|14|19|.737|9|33|16|7|4|15|18||25|54|.463|10|21|.476|9|13|.692|5|17|12|7|1|11|21
7|7|2011-11-27|N|Dayton|L|70|86|21|48|.438|7|18|.389|21|27|.778|6|24|11|7|7|21|17||28|60|.467|12|27|.444|18|21|.857|11|28|18|15|6|12|21
8|8|2011-11-30||Virginia Tech|W|58|55|24|48|.500|2|13|.154|8|15|.533|10|28|17|9|5|9|12||20|53|.377|8|17|.471|7|7|1.000|11|25|12|6|3|11|17
9|9|2011-12-03||Southern California|W|55|40|20|41|.488|6|13|.462|9|9|1.000|5|26|16|8|6|18|16||16|49|.327|3|11|.273|5|11|.455|8|20|8|9|3|12|14
10|10|2011-12-06||Appalachian State|W|70|56|27|50|.540|2|6|.333|14|19|.737|10|32|18|8|6|9|15||18|51|.353|9|21|.429|11|15|.733|11|24|11|3|2|12|19
11|11|2011-12-10||Saint Peter's|W|69|47|24|52|.462|4|12|.333|17|27|.630|11|31|19|9|6|10|14||19|48|.396|3|11|.273|6|10|.600|8|23|15|4|5|18|23
12|12|2011-12-13||Central Michigan|W|76|56|27|47|.574|8|17|.471|14|18|.778|7|33|24|7|8|18|15||21|59|.356|7|17|.412|7|11|.636|9|20|8|10|3|12|17
13|13|2011-12-22||North Dakota State|W|63|59|21|46|.457|6|14|.429|15|24|.625|7|27|12|12|8|12|13||23|54|.426|6|22|.273|7|14|.500|9|35|11|5|4|14|21
14|14|2011-12-27|@|Illinois|L (2 OT)|72|81|26|69|.377|4|14|.286|16|18|.889|10|33|15|8|4|14|19||28|60|.467|7|21|.333|18|22|.818|8|37|14|3|10|21|17
15|15|2012-01-01|@|Michigan|L|56|61|21|49|.429|8|19|.421|6|8|.750|6|26|16|5|3|12|18||20|52|.385|6|20|.300|15|23|.652|14|34|9|2|1|10|12
16|16|2012-01-04||Iowa|L|62|64|26|58|.448|4|23|.174|6|10|.600|11|30|16|9|5|12|20||23|50|.460|4|12|.333|14|24|.583|12|27|12|10|1|12|13
17|17|2012-01-08||Purdue|L|66|79|24|58|.414|5|10|.500|13|19|.684|11|32|16|8|7|13|20||30|55|.545|10|15|.667|9|19|.474|5|26|12|9|6|10|17
18|18|2012-01-12|@|Indiana|W|77|74|29|62|.468|6|17|.353|13|18|.722|16|33|16|8|8|11|25||24|55|.436|4|18|.222|22|25|.880|12|32|6|6|5|15|19
19|19|2012-01-15|@|Penn State|W|80|66|21|38|.553|5|10|.500|33|44|.750|3|29|13|3|7|17|23||18|60|.300|7|24|.292|23|28|.821|15|31|7|11|2|11|29
20|20|2012-01-22||Northwestern|W|75|52|30|52|.577|3|12|.250|12|17|.706|4|34|19|10|5|12|20||18|55|.327|8|26|.308|8|20|.400|5|24|12|5|3|10|16
21|21|2012-01-25|@|Michigan State|L|52|68|18|47|.383|6|16|.375|10|14|.714|7|24|11|4|1|12|19||26|48|.542|2|11|.182|14|23|.609|7|32|17|10|8|10|17
22|22|2012-01-28||Illinois|W (1 OT)|77|72|25|54|.463|6|18|.333|21|33|.636|9|34|18|10|2|14|24||25|62|.403|3|21|.143|19|29|.655|14|36|12|7|7|16|28
23|23|2012-02-01|@|Iowa|L|59|63|20|51|.392|10|19|.526|9|14|.643|9|34|17|1|6|15|18||21|56|.375|4|14|.286|17|26|.654|15|37|13|11|3|10|13
24|24|2012-02-05|@|Nebraska|W|69|61|27|50|.540|7|17|.412|8|16|.500|10|29|18|6|3|14|16||21|48|.438|7|21|.333|12|13|.923|8|21|10|9|4|13|18
25|25|2012-02-09||Wisconsin|L (1 OT)|61|68|23|55|.418|6|17|.353|9|14|.643|8|32|10|3|4|13|21||19|53|.358|9|23|.391|21|25|.840|10|30|13|7|6|9|14
26|26|2012-02-14||Ohio State|L|68|78|24|52|.462|5|20|.250|15|23|.652|8|28|16|4|3|14|21||25|56|.446|6|19|.316|22|28|.786|11|31|15|10|4|9|21
27|27|2012-02-18|@|Northwestern|L|53|64|21|50|.420|5|17|.294|6|13|.462|12|36|14|6|3|18|19||21|48|.438|10|28|.357|12|18|.667|5|20|14|9|5|8|15
28|28|2012-02-22||Michigan State|L|61|66|21|46|.457|5|13|.385|14|15|.933|7|31|13|4|4|14|20||22|53|.415|5|20|.250|17|23|.739|7|22|15|9|2|5|14
29|29|2012-02-26||Indiana|L|50|69|18|58|.310|7|17|.412|7|14|.500|11|30|11|8|2|16|20||21|48|.438|6|12|.500|21|25|.840|8|37|11|5|5|13|18
30|30|2012-02-28|@|Wisconsin|L|45|52|11|46|.239|2|11|.182|21|29|.724|13|35|3|2|5|10|24||12|39|.308|6|22|.273|22|29|.759|5|25|10|2|3|8|19
31|31|2012-03-03||Nebraska|W|81|69|26|48|.542|10|22|.455|19|24|.792|4|28|23|8|7|12|10||22|55|.400|13|31|.419|12|12|1.000|7|24|18|9|1|11|20
32|32|2012-03-08|N|Northwestern|W (1 OT)|75|68|29|62|.468|11|26|.423|6|10|.600|13|41|15|6|4|14|18||20|57|.351|11|26|.423|17|21|.810|5|24|11|12|3|8|14
33|33|2012-03-09|N|Michigan|L (1 OT)|69|73|24|53|.453|9|23|.391|12|15|.800|11|31|17|4|4|16|21||24|49|.490|8|17|.471|17|25|.680|7|22|9|7|3|9|16
34|34|2012-03-14|@|La Salle|W|70|61|28|54|.519|1|11|.091|13|18|.722|9|30|15|9|3|15|14||24|51|.471|5|10|.500|8|13|.615|7|20|16|10|5|18|14
35|35|2012-03-19|@|Miami (FL)|W|78|60|28|48|.583|6|13|.462|16|19|.842|10|37|14|2|2|18|21||21|61|.344|4|25|.160|14|22|.636|10|19|7|9|1|8|16
36|36|2012-03-21|@|Middle Tennessee|W|78|72|27|55|.491|6|11|.545|18|24|.750|11|29|11|10|5|14|20||25|53|.472|4|13|.308|18|24|.750|10|28|11|7|5|16|19
37|37|2012-03-27|N|Washington|W (1 OT)|68|67|26|59|.441|3|13|.231|13|20|.650|8|34|15|5|7|19|17||26|70|.371|5|16|.313|10|16|.625|15|37|11|11|2|14|18
38|38|2012-03-29|N|Stanford|L|51|75|19|51|.373|3|13|.231|10|17|.588|9|29|13|7|4|22|20||29|58|.500|6|13|.462|11|15|.733|10|36|17|12|4|16|18
