ranker|game_season|date_game|game_location|opp_id|game_result|pts|opp_pts|fg|fga|fg_pct|fg3|fg3a|fg3_pct|ft|fta|ft_pct|orb|trb|ast|stl|blk|tov|pf|x|opp_fg|opp_fga|opp_fg_pct|opp_fg3|opp_fg3a|opp_fg3_pct|opp_ft|opp_fta|opp_ft_pct|opp_orb|opp_trb|opp_ast|opp_stl|opp_blk|opp_tov|opp_pf|
1|1|2011-11-12|@|Notre Dame|L|67|80|28|63|.444|8|23|.348|3|8|.375|7|28|16|5|0|12|23||24|54|.444|8|19|.421|24|29|.828|10|37|19|5|2|11|12
2|2|2011-11-14|@|DePaul|L|70|80|24|60|.400|2|14|.143|20|29|.690|14|37|12|10|0|18|22||29|56|.518|10|24|.417|12|21|.571|9|27|16|9|6|19|22
3|3|2011-11-20|@|North Carolina|L|75|101|29|76|.382|8|27|.296|9|11|.818|12|35|13|11|5|21|26||40|87|.460|5|19|.263|16|31|.516|26|55|27|10|5|15|13
4|4|2011-11-22|@|South Carolina|L|57|61|20|49|.408|7|17|.412|10|16|.625|6|27|12|8|5|14|24||19|48|.396|6|18|.333|17|25|.680|10|32|9|7|7|13|17
5|5|2011-11-25|N|Tennessee State|W (2 OT)|90|89|27|57|.474|12|26|.462|24|33|.727|13|31|10|8|1|16|26||28|55|.509|13|25|.520|20|31|.645|12|33|17|5|1|21|23
6|6|2011-11-26|N|Cal Poly|L|55|72|18|44|.409|8|16|.500|11|17|.647|3|18|9|1|0|8|14||25|46|.543|14|25|.560|8|13|.615|6|31|18|3|1|11|16
7|7|2011-11-30|@|Arkansas|L|64|97|20|63|.317|7|25|.280|17|24|.708|13|31|11|2|1|13|21||35|59|.593|11|23|.478|16|28|.571|11|38|17|5|7|11|19
8|8|2011-12-02|@|Northwestern|L|67|92|25|64|.391|5|16|.313|12|19|.632|10|33|10|5|2|8|13||34|67|.507|20|39|.513|4|7|.571|8|36|30|2|2|8|14
9|9|2011-12-10|@|Mississippi|L|56|80|19|64|.297|7|21|.333|11|22|.500|10|25|12|15|1|13|21||29|55|.527|8|18|.444|14|19|.737|10|41|19|5|12|23|20
10|10|2011-12-19|@|Florida|L|54|82|20|65|.308|6|32|.188|8|8|1.000|7|28|10|5|2|11|23||26|54|.481|10|21|.476|20|24|.833|9|42|15|4|2|14|13
11|11|2011-12-23|@|Wisconsin|L|45|79|14|48|.292|4|14|.286|13|17|.765|6|22|9|7|0|17|29||22|44|.500|4|10|.400|31|44|.705|9|35|12|7|3|13|15
12|12|2011-12-31|@|Iowa State|L|65|67|24|68|.353|9|27|.333|8|13|.615|11|41|17|9|4|13|23||22|64|.344|8|25|.320|15|26|.577|14|48|12|5|4|14|13
13|13|2012-01-03||Arkansas-Pine Bluff|W|82|67|29|60|.483|12|28|.429|12|18|.667|13|35|19|10|3|18|19||28|55|.509|1|9|.111|10|18|.556|8|25|7|10|5|20|18
14|14|2012-01-07|@|Alabama State|W|67|60|26|54|.481|7|14|.500|8|17|.471|10|40|17|3|2|16|21||19|57|.333|7|22|.318|15|23|.652|12|32|12|7|1|9|18
15|15|2012-01-09|@|Alabama A&M|W|81|69|29|60|.483|5|13|.385|18|30|.600|10|35|16|10|2|8|12||27|52|.519|7|14|.500|8|11|.727|2|23|11|1|6|15|19
16|16|2012-01-14||Alcorn State|W|85|66|27|60|.450|12|32|.375|19|27|.704|13|45|18|11|4|23|26||17|54|.315|6|17|.353|26|37|.703|8|30|8|9|3|17|20
17|17|2012-01-16||Southern|W|77|56|30|68|.441|11|35|.314|6|8|.750|18|40|19|6|1|12|16||19|49|.388|6|14|.429|12|17|.706|9|29|12|4|2|20|13
18|18|2012-01-21|@|Prairie View|W|81|57|30|64|.469|4|21|.190|17|25|.680|17|47|16|10|3|21|21||21|53|.396|5|16|.313|10|25|.400|8|25|11|8|4|23|22
19|19|2012-01-23|@|Texas Southern|W (1 OT)|77|69|24|63|.381|7|16|.438|22|27|.815|14|42|10|8|2|14|22||22|57|.386|9|22|.409|16|24|.667|8|32|13|7|12|13|19
20|20|2012-01-28||Jackson State|W|60|54|19|53|.358|4|21|.190|18|26|.692|15|42|9|9|3|18|16||21|56|.375|5|14|.357|7|11|.636|9|28|9|10|2|17|19
21|21|2012-01-30||Grambling|W|77|59|32|68|.471|10|23|.435|3|3|1.000|9|37|22|9|2|16|21||21|57|.368|4|13|.308|13|18|.722|9|29|9|7|7|17|12
22|22|2012-02-04||Alabama State|W|70|58|20|45|.444|7|21|.333|23|31|.742|6|32|12|9|2|18|20||21|53|.396|5|17|.294|11|22|.500|8|25|7|9|1|16|20
23|23|2012-02-06||Alabama A&M|W|78|64|24|54|.444|9|18|.500|21|33|.636|12|29|16|11|4|16|20||23|48|.479|2|12|.167|16|22|.727|7|29|10|6|2|23|25
24|24|2012-02-11|@|Alcorn State|W|71|63|26|57|.456|6|23|.261|13|25|.520|12|32|9|12|1|10|18||26|51|.510|4|13|.308|7|12|.583|6|23|6|0|2|18|20
25|25|2012-02-13|@|Southern|W|58|53|17|54|.315|7|21|.333|17|29|.586|16|45|6|8|4|21|18||17|57|.298|2|16|.125|17|24|.708|8|31|7|11|5|11|20
26|26|2012-02-18||Prairie View|W|60|58|19|58|.328|7|29|.241|15|27|.556|11|37|14|17|3|18|19||22|63|.349|3|11|.273|11|22|.500|16|45|4|8|3|24|19
27|27|2012-02-20||Texas Southern|W|56|53|18|56|.321|9|31|.290|11|19|.579|13|40|12|7|6|10|17||18|58|.310|8|21|.381|9|16|.563|15|42|8|4|4|13|14
28|28|2012-02-25|@|Grambling|W|79|60|28|68|.412|10|31|.323|13|22|.591|17|39|21|15|3|11|19||17|42|.405|6|20|.300|20|25|.800|3|32|8|5|5|23|17
29|29|2012-02-27|@|Jackson State|W|78|69|26|57|.456|14|29|.483|12|18|.667|9|29|15|4|3|9|22||23|52|.442|4|11|.364|19|29|.655|11|35|7|2|2|9|19
30|30|2012-03-01|@|Arkansas-Pine Bluff|L|67|78|26|72|.361|6|23|.261|9|19|.474|16|30|11|14|2|12|25||21|42|.500|6|11|.545|30|39|.769|8|36|13|8|5|18|14
31|31|2012-03-07|N|Jackson State|W|63|60|25|56|.446|3|17|.176|10|15|.667|14|28|10|14|3|11|16||23|44|.523|7|15|.467|7|12|.583|8|25|11|6|2|20|18
32|32|2012-03-09|N|Arkansas-Pine Bluff|W|71|64|25|60|.417|6|21|.286|15|22|.682|19|42|11|7|3|11|18||23|53|.434|6|18|.333|12|17|.706|6|26|16|7|3|9|21
33|33|2012-03-10|N|Texas Southern|W|71|69|22|56|.393|9|30|.300|18|28|.643|10|24|15|9|2|8|22||20|47|.426|11|23|.478|18|25|.720|13|42|16|6|4|20|18
34|34|2012-03-13|N|Western Kentucky|L|58|59|22|61|.361|4|22|.182|10|22|.455|9|30|12|11|8|17|24||19|62|.306|2|16|.125|19|33|.576|21|53|10|7|9|27|18
