ranker|game_season|date_game|game_location|opp_id|game_result|pts|opp_pts|fg|fga|fg_pct|fg3|fg3a|fg3_pct|ft|fta|ft_pct|orb|trb|ast|stl|blk|tov|pf|x|opp_fg|opp_fga|opp_fg_pct|opp_fg3|opp_fg3a|opp_fg3_pct|opp_ft|opp_fta|opp_ft_pct|opp_orb|opp_trb|opp_ast|opp_stl|opp_blk|opp_tov|opp_pf|
1|1|2011-11-11||Louisiana-Monroe|W|60|38|19|57|.333|5|26|.192|17|27|.630|11|45|8|8|8|15|16||14|49|.286|3|15|.200|7|18|.389|4|28|11|4|2|17|20
2|2|2011-11-14||Grambling|W|69|39|30|73|.411|2|26|.077|7|14|.500|18|47|17|11|7|10|16||14|50|.280|4|14|.286|7|13|.538|6|28|12|5|1|18|13
3|3|2011-11-18|N|Drake|W|63|59|20|54|.370|5|16|.313|18|38|.474|13|32|10|11|6|20|20||19|50|.380|7|19|.368|14|21|.667|10|36|11|8|2|23|27
4|4|2011-11-20|N|Marquette|L|66|96|25|78|.321|3|23|.130|13|21|.619|23|38|9|6|4|19|33||29|52|.558|5|11|.455|33|43|.767|8|35|16|8|5|17|24
5|5|2011-11-21|N|Texas Christian|W|80|69|30|50|.600|2|6|.333|18|28|.643|8|31|10|8|4|18|19||25|59|.424|4|16|.250|15|25|.600|15|32|12|5|0|19|26
6|6|2011-11-25||Miami (FL)|W (1 OT)|64|61|19|50|.380|7|21|.333|19|30|.633|7|35|11|6|7|16|19||22|60|.367|9|26|.346|8|13|.615|7|32|13|11|3|16|21
7|7|2011-12-01|@|DePaul|W|70|68|29|52|.558|1|3|.333|11|28|.393|9|34|12|10|6|20|20||22|60|.367|7|24|.292|17|26|.654|11|33|12|8|4|16|25
8|8|2011-12-04|@|Penn State|W|72|70|27|59|.458|11|24|.458|7|10|.700|8|27|14|10|4|12|23||26|54|.481|6|19|.316|12|19|.632|10|30|16|2|1|15|13
9|9|2011-12-10||Mississippi Valley State|W|80|56|29|55|.527|8|18|.444|14|19|.737|10|41|19|5|12|23|20||19|64|.297|7|21|.333|11|22|.500|10|25|12|15|1|13|21
10|10|2011-12-14||Louisiana-Lafayette|W|66|54|24|55|.436|8|19|.421|10|18|.556|4|30|13|5|5|14|18||19|50|.380|5|15|.333|11|21|.524|7|33|9|5|3|19|19
11|11|2011-12-17|@|Southern Mississippi|L|82|86|28|62|.452|5|12|.417|21|27|.778|13|35|8|4|5|12|20||30|61|.492|8|15|.533|18|22|.818|5|28|18|4|3|9|20
12|12|2011-12-21|N|Middle Tennessee|L|56|68|18|45|.400|3|11|.273|17|31|.548|11|33|8|10|8|21|21||24|53|.453|5|14|.357|15|27|.556|7|27|17|9|3|14|23
13|13|2011-12-30|@|Dayton|L|50|62|19|49|.388|1|10|.100|11|21|.524|10|33|5|3|5|10|14||22|62|.355|9|27|.333|9|11|.818|14|37|18|1|4|12|18
14|14|2012-01-03||Southern Methodist|W|50|48|15|44|.341|6|23|.261|14|17|.824|8|31|13|3|2|14|12||19|52|.365|8|29|.276|2|5|.400|10|28|15|6|4|11|14
15|15|2012-01-07|@|Louisiana State|L|55|81|19|55|.345|2|8|.250|15|26|.577|17|37|5|7|6|17|24||29|68|.426|7|16|.438|16|22|.727|18|41|16|10|3|9|19
16|16|2012-01-11||Arkansas|W|71|63|26|52|.500|0|7|.000|19|26|.731|18|46|15|2|4|23|17||24|61|.393|6|19|.316|9|17|.529|10|22|13|13|1|13|27
17|17|2012-01-14|@|Auburn|L (2 OT)|68|69|26|72|.361|7|28|.250|9|15|.600|19|44|15|9|8|20|25||22|58|.379|7|18|.389|18|28|.643|12|34|16|11|5|18|16
18|18|2012-01-18||Mississippi State|W|75|68|27|54|.500|4|13|.308|17|30|.567|9|37|14|2|5|5|13||23|61|.377|10|29|.345|12|16|.750|10|31|15|4|1|7|23
19|19|2012-01-21|@|Georgia|W|66|63|22|45|.489|2|8|.250|20|35|.571|9|42|5|3|2|14|14||23|63|.365|9|29|.310|8|14|.571|11|30|11|8|3|8|23
20|20|2012-01-26||Florida|L|60|64|22|52|.423|7|12|.583|9|13|.692|9|36|12|5|1|13|16||24|51|.471|10|27|.370|6|11|.545|3|18|21|5|0|6|15
21|21|2012-01-28||South Carolina|W|66|62|24|49|.490|5|13|.385|13|24|.542|14|35|15|11|6|18|12||24|60|.400|8|21|.381|6|7|.857|10|22|15|12|2|13|17
22|22|2012-02-04|@|Alabama|L (2 OT)|67|69|26|61|.426|6|11|.545|9|16|.563|10|38|12|5|6|17|14||27|68|.397|3|17|.176|12|18|.667|14|39|11|9|5|12|18
23|23|2012-02-09|@|Mississippi State|L|60|70|25|58|.431|3|9|.333|7|15|.467|7|31|9|7|1|6|12||28|61|.459|9|25|.360|5|7|.714|10|36|17|5|2|11|14
24|24|2012-02-11||Auburn|W|61|54|22|49|.449|4|14|.286|13|25|.520|10|29|14|10|6|12|11||21|52|.404|6|17|.353|6|10|.600|10|30|11|4|2|16|23
25|25|2012-02-16||Vanderbilt|L|76|102|29|72|.403|5|16|.313|13|18|.722|16|27|14|4|7|11|23||30|48|.625|12|19|.632|30|38|.789|7|31|20|3|6|12|19
26|26|2012-02-18|@|Kentucky|L|62|77|25|53|.472|3|5|.600|9|14|.643|4|22|8|6|2|12|13||28|58|.483|10|18|.556|11|17|.647|10|29|18|7|6|11|12
27|27|2012-02-22|@|Tennessee|L|60|73|25|56|.446|3|11|.273|7|12|.583|6|25|11|7|3|11|22||25|56|.446|5|17|.294|18|26|.692|13|40|15|2|2|11|10
28|28|2012-02-25||Louisiana State|W|72|48|23|49|.469|4|7|.571|22|34|.647|10|34|13|8|4|11|18||18|58|.310|4|23|.174|8|14|.571|13|30|10|8|1|15|24
29|29|2012-02-28|@|Arkansas|W|77|75|26|61|.426|5|9|.556|20|32|.625|14|41|8|5|7|12|15||28|67|.418|9|22|.409|10|14|.714|10|30|15|5|5|9|23
30|30|2012-03-03||Alabama|W|60|51|21|49|.429|2|10|.200|16|34|.471|12|35|8|5|7|7|15||19|55|.345|5|20|.250|8|14|.571|12|34|11|5|3|13|27
31|31|2012-03-08|N|Auburn|W|68|54|21|48|.438|5|16|.313|21|32|.656|18|44|13|6|5|18|16||18|55|.327|5|21|.238|13|20|.650|13|28|10|7|4|13|24
32|32|2012-03-09|N|Tennessee|W (1 OT)|77|72|27|64|.422|2|4|.500|21|31|.677|13|40|4|6|7|8|25||18|64|.281|11|34|.324|25|33|.758|19|45|10|3|4|12|25
33|33|2012-03-10|N|Vanderbilt|L|53|65|17|42|.405|3|8|.375|16|23|.696|4|28|6|6|4|12|17||23|56|.411|9|29|.310|10|16|.625|11|34|14|5|2|10|17
34|34|2012-03-14||Illinois State|L (1 OT)|93|96|35|72|.486|10|24|.417|13|22|.591|10|27|22|11|4|9|19||32|51|.627|17|23|.739|15|23|.652|2|24|25|4|2|15|19
