ranker|game_season|date_game|game_location|opp_id|game_result|pts|opp_pts|fg|fga|fg_pct|fg3|fg3a|fg3_pct|ft|fta|ft_pct|orb|trb|ast|stl|blk|tov|pf|x|opp_fg|opp_fga|opp_fg_pct|opp_fg3|opp_fg3a|opp_fg3_pct|opp_ft|opp_fta|opp_ft_pct|opp_orb|opp_trb|opp_ast|opp_stl|opp_blk|opp_tov|opp_pf|
1|1|2011-11-11|@|Arizona State|L|72|78|22|64|.344|10|30|.333|18|26|.692|16|33|8|13|0|16|25||22|49|.449|6|18|.333|28|35|.800|11|42|12|12|3|22|19
2|2|2011-11-13||Northern New Mexico|W|111|61|46|72|.639|6|19|.316|13|21|.619|14|45|24|10|7|9|17||21|63|.333|5|20|.250|14|20|.700|8|19|7|2|0|15|16
3|3|2011-11-19|@|Utah|W|70|64|27|52|.519|4|14|.286|12|25|.480|7|30|14|7|3|10|17||25|55|.455|7|17|.412|7|12|.583|9|30|14|5|1|13|20
4|4|2011-11-22||Seattle|L|73|85|24|64|.375|10|24|.417|15|21|.714|10|23|12|12|1|12|23||28|50|.560|7|16|.438|22|25|.880|9|35|14|3|2|20|19
5|5|2011-11-26|@|Idaho|L|67|76|24|62|.387|8|23|.348|11|16|.688|12|29|7|7|6|11|22||24|46|.522|7|19|.368|21|32|.656|9|33|11|5|6|12|13
6|6|2011-11-28|@|San Jose State|W|77|70|26|53|.491|11|24|.458|14|19|.737|9|26|15|6|3|11|14||23|54|.426|8|24|.333|16|19|.842|11|29|14|6|0|11|14
7|7|2011-12-03||Cal State Bakersfield|W|71|67|20|50|.400|3|11|.273|28|37|.757|8|32|10|7|6|14|21||23|53|.434|7|19|.368|14|24|.583|5|26|11|8|2|15|28
8|8|2011-12-07||Willamette|W|109|64|38|71|.535|10|21|.476|23|34|.676|13|51|25|14|6|13|21||21|64|.328|7|24|.292|15|20|.750|6|30|9|7|2|19|26
9|9|2011-12-11||California-Riverside|L|73|75|15|46|.326|3|13|.231|40|52|.769|11|33|6|4|8|9|21||25|67|.373|8|15|.533|17|22|.773|15|34|8|3|3|9|29
10|10|2011-12-18|@|Pepperdine|L|36|59|15|53|.283|1|10|.100|5|12|.417|9|24|7|5|2|13|16||21|47|.447|7|21|.333|10|14|.714|8|33|15|6|6|15|19
11|11|2011-12-20|@|New Mexico|L|46|91|18|60|.300|5|21|.238|5|10|.500|10|28|12|5|3|21|19||34|61|.557|11|22|.500|12|15|.800|10|38|24|15|3|12|13
12|12|2011-12-28||Eastern Washington|L|66|82|21|54|.389|4|11|.364|20|30|.667|10|30|12|9|3|22|23||27|54|.500|11|27|.407|17|24|.708|7|28|8|12|3|21|22
13|13|2011-12-30||Portland State|W|86|73|31|58|.534|9|21|.429|15|20|.750|13|30|18|2|1|12|17||25|54|.463|5|14|.357|18|26|.692|12|27|9|7|1|13|20
14|14|2012-01-05|@|Idaho State|W|73|69|24|45|.533|10|16|.625|15|19|.789|7|24|11|8|3|18|25||21|52|.404|8|26|.308|19|29|.655|15|30|14|10|1|14|18
15|15|2012-01-12|@|Weber State|L|49|63|20|59|.339|7|23|.304|2|6|.333|12|43|11|3|3|14|18||20|60|.333|9|28|.321|14|17|.824|10|37|12|7|4|6|9
16|16|2012-01-14|@|Northern Arizona|W|74|72|30|53|.566|8|16|.500|6|14|.429|7|29|21|8|5|21|24||24|59|.407|3|15|.200|21|25|.840|12|31|19|12|3|16|16
17|17|2012-01-19||Sacramento State|W|72|65|26|61|.426|5|16|.313|15|16|.938|9|31|15|6|4|11|16||26|55|.473|3|11|.273|10|14|.714|6|29|11|5|2|14|17
18|18|2012-01-21||Northern Colorado|W|84|72|26|58|.448|13|29|.448|19|24|.792|9|26|13|5|6|6|19||26|50|.520|5|14|.357|15|20|.750|2|24|8|1|2|11|23
19|19|2012-01-26|@|Portland State|W|70|65|27|58|.466|7|16|.438|9|14|.643|8|30|17|6|4|8|11||25|57|.439|8|23|.348|7|7|1.000|8|33|14|5|3|17|14
20|20|2012-01-28|@|Eastern Washington|L|52|69|16|52|.308|4|19|.211|16|26|.615|14|38|10|5|9|20|20||27|64|.422|5|15|.333|10|14|.714|13|37|12|10|4|12|20
21|21|2012-02-02||Idaho State|L (1 OT)|86|87|27|59|.458|12|23|.522|20|31|.645|10|38|16|6|3|15|20||31|63|.492|10|30|.333|15|23|.652|5|26|11|9|2|10|23
22|22|2012-02-04||Montana|L|58|67|20|53|.377|2|16|.125|16|25|.640|11|37|9|5|6|13|18||24|58|.414|8|20|.400|11|16|.688|8|33|9|3|1|10|21
23|23|2012-02-09|@|Sacramento State|L|76|86|25|61|.410|8|20|.400|18|21|.857|13|27|14|9|3|17|24||28|45|.622|11|19|.579|19|29|.655|3|22|24|6|2|20|18
24|24|2012-02-11|@|Northern Colorado|L (1 OT)|64|77|25|66|.379|4|24|.167|10|14|.714|10|26|10|9|1|13|26||20|42|.476|10|16|.625|27|35|.771|6|37|15|6|0|21|15
25|25|2012-02-15||Weber State|L|70|79|26|60|.433|6|26|.231|12|14|.857|10|26|13|5|3|16|22||26|48|.542|5|17|.294|22|25|.880|4|26|13|10|2|14|19
26|26|2012-02-18|@|Cal State Fullerton|L|66|80|19|47|.404|8|20|.400|20|25|.800|6|18|14|2|3|17|14||30|52|.577|8|13|.615|12|12|1.000|6|23|19|4|2|16|22
27|27|2012-02-25|@|Montana|L|47|57|19|58|.328|5|19|.263|4|6|.667|7|26|6|6|2|9|20||20|41|.488|5|15|.333|12|20|.600|3|29|12|5|4|15|12
28|28|2012-02-27||Northern Arizona|W|79|60|30|60|.500|12|24|.500|7|9|.778|11|34|19|5|4|10|17||21|53|.396|7|22|.318|11|13|.846|5|23|11|7|2|12|9
29|29|2012-03-03|@|Portland State|L|53|75|22|60|.367|3|16|.188|6|11|.545|9|21|9|4|0|6|19||24|46|.522|8|14|.571|19|24|.792|8|37|12|3|1|10|13
