ranker|game_season|date_game|game_location|opp_id|game_result|pts|opp_pts|fg|fga|fg_pct|fg3|fg3a|fg3_pct|ft|fta|ft_pct|orb|trb|ast|stl|blk|tov|pf|x|opp_fg|opp_fga|opp_fg_pct|opp_fg3|opp_fg3a|opp_fg3_pct|opp_ft|opp_fta|opp_ft_pct|opp_orb|opp_trb|opp_ast|opp_stl|opp_blk|opp_tov|opp_pf|
1|1|2011-11-11|@|Marquette|L|37|91|16|55|.291|2|18|.111|3|6|.500|15|30|11|4|1|27|18||36|64|.563|4|19|.211|15|20|.750|11|33|26|19|5|10|13
2|2|2011-11-16|@|Hartford|W|63|50|21|42|.500|6|12|.500|15|23|.652|7|35|10|6|7|24|27||13|47|.277|4|24|.167|20|31|.645|7|24|12|10|3|16|21
3|3|2011-11-19||Siena|L|53|65|18|60|.300|7|27|.259|10|14|.714|10|32|11|6|8|12|21||21|54|.389|3|8|.375|20|28|.714|12|43|8|5|4|13|10
4|4|2011-11-21|@|Minnesota|L|56|85|19|43|.442|7|15|.467|11|16|.688|6|20|9|5|5|20|23||30|60|.500|5|15|.333|20|31|.645|16|32|21|12|5|8|18
5|5|2011-11-27|@|Navy|L|56|64|20|43|.465|5|14|.357|11|14|.786|6|22|9|8|4|20|18||22|48|.458|6|13|.462|14|18|.778|9|25|15|11|4|16|13
6|6|2011-12-01||St. Francis (NY)|L|54|64|23|55|.418|4|14|.286|4|15|.267|14|32|9|6|2|18|17||21|54|.389|10|28|.357|12|18|.667|11|34|12|8|3|11|17
7|7|2011-12-03||Long Island University|L|76|85|30|74|.405|7|18|.389|9|12|.750|13|29|16|12|4|7|21||30|54|.556|8|15|.533|17|24|.708|9|37|19|2|2|15|12
8|8|2011-12-07|@|Maryland|L|74|77|26|56|.464|11|21|.524|11|17|.647|10|28|13|5|3|11|23||25|50|.500|2|7|.286|25|35|.714|8|29|13|5|6|11|14
9|9|2011-12-10||Loyola (MD)|L|54|65|20|51|.392|5|20|.250|9|16|.563|11|33|10|2|2|13|23||18|43|.419|7|16|.438|22|32|.688|7|30|10|8|3|7|19
10|10|2011-12-18|@|Penn State|L|43|72|17|47|.362|3|17|.176|6|9|.667|6|23|6|4|3|18|14||27|53|.509|8|20|.400|10|13|.769|9|31|14|9|3|11|15
11|11|2011-12-22|@|Savannah State|L|41|45|18|42|.429|1|10|.100|4|4|1.000|7|24|8|5|4|24|20||16|48|.333|1|12|.083|12|19|.632|14|29|9|12|7|18|11
12|12|2011-12-29||American|W|49|42|19|52|.365|3|16|.188|8|11|.727|17|39|4|2|2|10|14||15|45|.333|4|19|.211|8|15|.533|6|22|8|4|2|8|14
13|13|2011-12-31||Albany (NY)|L|64|65|24|53|.453|7|22|.318|9|13|.692|10|30|15|6|8|13|19||21|57|.368|2|12|.167|21|23|.913|14|31|10|6|1|11|16
14|14|2012-01-05|@|Monmouth|L|59|73|22|56|.393|5|23|.217|10|18|.556|14|36|16|8|0|17|17||29|54|.537|3|15|.200|12|20|.600|9|27|18|12|2|13|18
15|15|2012-01-07|@|Fairleigh Dickinson|W|66|45|26|53|.491|9|17|.529|5|7|.714|6|33|11|7|6|14|15||17|58|.293|2|15|.133|9|18|.500|14|32|10|6|4|11|10
16|16|2012-01-12||Central Connecticut State|L|66|71|26|53|.491|3|11|.273|11|15|.733|12|32|16|7|5|21|21||25|57|.439|3|14|.214|18|23|.783|12|25|12|9|2|15|17
17|17|2012-01-14||Bryant|W|64|60|25|52|.481|5|20|.250|9|14|.643|9|33|13|4|0|13|12||25|54|.463|6|22|.273|4|11|.364|6|22|13|3|0|10|14
18|18|2012-01-19|@|Long Island University|L|62|77|26|55|.473|5|13|.385|5|8|.625|8|26|12|5|4|19|20||27|64|.422|10|26|.385|13|19|.684|16|36|16|10|2|12|11
19|19|2012-01-21|@|St. Francis (NY)|L|60|79|21|49|.429|2|14|.143|16|29|.552|7|21|7|10|2|14|21||26|47|.553|9|16|.563|18|24|.750|9|29|14|8|1|18|20
20|20|2012-01-26|@|Quinnipiac|L (1 OT)|66|69|28|63|.444|5|12|.417|5|11|.455|10|32|14|8|3|17|21||26|68|.382|3|13|.231|14|22|.636|18|41|13|8|2|15|15
21|21|2012-01-28|@|Sacred Heart|W (2 OT)|81|80|27|66|.409|8|20|.400|19|28|.679|18|42|10|7|6|19|15||28|63|.444|10|29|.345|14|17|.824|9|30|11|8|5|15|21
22|22|2012-02-02||Saint Francis (PA)|W|64|51|26|55|.473|6|13|.462|6|10|.600|13|31|14|6|1|15|15||21|43|.488|5|13|.385|4|10|.400|5|19|12|7|3|18|13
23|23|2012-02-04||Robert Morris|L|62|67|18|46|.391|6|18|.333|20|26|.769|3|15|14|8|4|12|16||24|45|.533|5|17|.294|14|18|.778|11|32|15|6|2|16|23
24|24|2012-02-08||Wagner|L|44|59|18|55|.327|4|22|.182|4|6|.667|9|29|8|3|6|20|14||23|56|.411|6|19|.316|7|12|.583|12|34|12|8|4|13|13
25|25|2012-02-11|@|Wagner|L|57|74|18|42|.429|3|11|.273|18|24|.750|7|19|10|6|3|18|19||25|47|.532|8|16|.500|16|18|.889|5|19|13|9|2|11|21
26|26|2012-02-16||Fairleigh Dickinson|W|77|63|27|60|.450|12|28|.429|11|15|.733|11|31|14|10|3|12|18||22|48|.458|4|13|.308|15|19|.789|5|26|11|5|3|16|11
27|27|2012-02-18||Monmouth|L|66|68|21|46|.457|6|18|.333|18|26|.692|12|39|14|4|0|17|15||21|51|.412|14|25|.560|12|18|.667|3|17|14|8|1|8|21
28|28|2012-02-23|@|Central Connecticut State|L|63|78|21|44|.477|6|19|.316|15|28|.536|6|26|13|2|3|14|15||30|56|.536|8|16|.500|10|16|.625|8|28|24|12|1|7|21
29|29|2012-02-25|@|Bryant|W|71|62|26|57|.456|6|19|.316|13|23|.565|9|37|15|12|0|11|23||19|56|.339|6|29|.207|18|25|.720|13|39|11|4|1|16|23
