ranker|school_name|year_min|year_max|years|g|wins|losses|win_loss_pct|srs|sos|poll_final|conf_champ_count|conf_champ_post_count|ncaa_count|ncaa_final_four_count|ncaa_champ_count|
1|Abilene Christian Wildcats|1971|2015|5|134|58|76|.433|-18.08|-4.89|0|0|0|0|0|0
2|Air Force Falcons|1958|2015|57|1540|676|864|.439|-1.94|2.18|0|1|0|4|0|0
3|Akron Zips|1902|2015|64|1420|831|589|.585|-0.62|-1.58|0|8|4|4|0|0
4|Alabama A&M Bulldogs|2000|2015|16|455|202|253|.444|-15.84|-11.82|0|1|1|1|0|0
5|Alabama Crimson Tide|1913|2015|102|2583|1600|982|.620|11.53|7.01|15|10|7|20|0|0
6|Alabama State Hornets|1983|2015|33|967|487|480|.504|-12.41|-10.19|0|4|4|4|0|0
7|Alabama-Birmingham Blazers|1980|2015|36|1147|714|433|.622|7.06|3.23|2|6|4|14|0|0
8|Albany (NY) Great Danes|2000|2015|16|490|230|260|.469|-7.77|-6.10|0|1|3|4|0|0
9|Alcorn State Braves|1978|2015|38|1116|482|634|.432|-13.97|-8.87|0|10|6|6|0|0
10|Allegheny Gators|1896|1916|21|234|191|41|.823|||0|0|0|||
11|Alliant International Gulls|1982|1991|10|279|69|210|.247|-18.06|-5.34|0|0|0|0|0|0
12|American Eagles|1967|2015|49|1379|696|683|.505|-4.71|-3.39|0|7|3|3|0|0
13|Amherst Lord Jeffs|1901|1902|2|12|12|0|1.000|||0|0|0|||
14|Appalachian State Mountaineers|1974|2015|42|1224|611|613|.499|-5.65|-3.58|0|10|2|2|0|0
15|Arizona State Sun Devils|1912|2015|100|2403|1272|1131|.529|7.96|6.71|7|8|0|14|0|0
16|Arizona Wildcats|1905|2015|108|2575|1678|896|.652|16.16|8.24|23|21|4|31|4|1
17|Arkansas Razorbacks|1924|2015|92|2499|1601|898|.641|12.63|5.72|15|26|7|29|6|1
18|Arkansas State Red Wolves|1971|2015|45|1291|672|619|.521|-2.17|-2.14|0|7|1|1|0|0
19|Arkansas-Little Rock Trojans|1979|2015|37|1098|614|484|.559|-2.94|-3.54|0|11|4|4|0|0
20|Arkansas-Pine Bluff Golden Lions|1999|2015|17|503|151|352|.300|-19.83|-8.65|0|0|1|1|0|0
21|Armstrong Pirates|1987|1987|1|28|6|22|.214|-21.60|-4.78|0|0|0|0|0|0
22|Army Black Knights|1903|2015|113|2358|1177|1181|.499|-13.39|-5.86|0|0|0|0|0|0
23|Auburn Tigers|1906|2015|109|2425|1276|1148|.526|7.56|6.59|5|3|1|8|0|0
24|Augusta State Jaguars|1985|1991|7|197|64|133|.325|-17.30|-8.00|0|0|0|0|0|0
25|Augustana (IL) Vikings|1902|1917|12|116|81|35|.698|||0|0|0|||
26|Austin Peay Governors|1964|2015|52|1474|733|741|.497|-5.17|-3.29|1|8|4|6|0|0
27|Baker University Wildcats|1903|1908|6|90|62|28|.689|||0|0|0|||
28|Baldwin-Wallace Yellow Jackets|1948|1953|6|139|82|57|.590|||0|0|0|0|0|0
29|Ball State Cardinals|1972|2015|44|1275|673|602|.528|0.16|-0.29|1|9|7|7|0|0
30|Baltimore Super Bees|1979|1983|5|133|46|87|.346|-11.98|-6.71|0|0|0|0|0|0
31|Baylor Bears|1907|2015|109|2582|1261|1321|.488|3.93|4.37|3|5|0|8|2|0
32|Belmont Bruins|2000|2015|16|503|318|185|.632|-0.03|-3.64|0|8|6|6|0|0
33|Beloit Buccaneers|1911|1924|8|95|66|28|.702|||0|0|0|||
34|Bethune-Cookman Wildcats|1981|2015|35|1025|360|665|.351|-17.06|-9.90|0|1|0|0|0|0
35|Binghamton Bearcats|2002|2015|14|418|154|264|.368|-10.55|-5.47|0|1|1|1|0|0
36|Birmingham-Southern Panthers|1920|2006|5|105|65|40|.619|-5.44|-8.71|0|1|0|0|0|0
37|Bloomsburg Huskies|1896|1911|15|143|88|55|.615|||0|0|0|||
38|Boise State Broncos|1972|2015|44|1279|704|575|.550|0.89|-0.39|0|5|5|6|0|0
39|Boston College Eagles|1946|2015|70|1948|1091|857|.560|8.32|6.50|8|8|2|18|0|0
40|Boston University Terriers|1916|2015|89|2000|1025|975|.513|-3.24|-4.56|0|8|6|7|0|0
41|Bowling Green State Falcons|1916|2015|100|2434|1318|1116|.541|-0.30|-0.15|2|9|0|4|0|0
42|Bradley Braves|1903|2015|111|2736|1610|1126|.588|3.43|2.49|12|8|2|8|2|0
43|Brigham Young College |1908|1908|1|11|10|1|.909|||0|0|0|||
44|Brigham Young Cougars|1903|2015|113|2782|1736|1046|.624|9.33|4.33|10|25|3|28|0|0
45|Brooklyn Bulldogs|1934|1992|25|567|233|334|.411|-19.22|-9.63|0|0|0|0|0|0
46|Brown Bears|1901|2015|109|2455|993|1462|.404|-10.26|-5.13|0|1|0|2|0|0
47|Bryant Bulldogs|2011|2015|5|152|63|89|.414|-8.59|-4.31|0|0|0|0|0|0
48|Bucknell Bison|1896|2015|120|2541|1359|1182|.535|-4.63|-6.24|0|12|6|6|0|0
49|Buffalo Bulls|1907|2015|46|1061|513|548|.484|-5.09|-2.43|0|2|0|0|0|0
50|Butler Bulldogs|1897|2015|117|2602|1511|1091|.581|3.82|1.40|5|13|7|12|2|0
51|Cal Poly Mustangs|1995|2015|21|612|260|352|.425|-5.97|-1.73|0|1|1|1|0|0
52|Cal State Bakersfield Roadrunners|2011|2015|5|151|65|86|.430|-7.26|-3.56|0|0|0|0|0|0
53|Cal State Fullerton Titans|1975|2015|41|1183|561|622|.474|-1.92|-0.04|0|2|2|2|0|0
54|Cal State Los Angeles Golden Eagles|1971|1975|5|130|70|60|.538|||0|0|0|1|0|0
55|Cal State Northridge Matadors|1991|2015|25|739|329|410|.445|-4.71|-1.70|0|3|2|2|0|0
56|California Golden Bears|1908|2015|106|2668|1560|1108|.585|8.79|6.85|4|14|0|18|3|1
57|California-Davis Aggies|2008|2015|8|245|96|149|.392|-7.40|-2.62|0|0|0|0|0|0
58|California-Irvine Anteaters|1978|2015|38|1117|524|593|.469|-1.61|0.48|0|3|0|0|0|0
59|California-Riverside Highlanders|2002|2015|14|406|140|266|.345|-8.60|-1.66|0|0|0|0|0|0
60|California-Santa Barbara Gauchos|1964|2015|52|1458|767|691|.526|0.77|0.59|0|4|3|5|0|0
61|Campbell Fighting Camels|1978|2015|38|1078|434|644|.403|-13.21|-7.19|0|1|1|1|0|0
62|Canisius Golden Griffins|1904|2015|111|2437|1237|1200|.508|-5.02|-3.42|1|7|1|4|0|0
63|Carleton College Knights|1910|1934|25|360|280|80|.778|||0|0|0|||
64|Carnegie Mellon Tartans|1933|1939|7|87|40|47|.460|||0|2|0|0|0|0
65|Case Western Reserve Spartans|1898|1955|13|245|95|150|.388|||0|0|0|0|0|0
66|Catholic Cardinals|1913|1981|13|248|122|126|.492|-20.94|-6.16|0|0|0|1|0|0
67|Centenary (LA) Gents|1960|2011|52|1435|637|798|.444|-10.54|-4.46|1|2|1|0|0|0
68|Central Arkansas Bears|2011|2015|5|143|36|107|.252|-17.25|-5.43|0|0|0|0|0|0
69|Central Connecticut State Blue Devils|1987|2015|29|840|356|484|.424|-11.94|-7.72|0|3|3|3|0|0
70|Central Florida Knights|1985|2015|31|916|448|468|.489|-5.69|-3.66|0|1|4|4|0|0
71|Central Michigan Chippewas|1974|2015|42|1183|508|675|.429|-4.91|-0.28|0|6|2|4|0|0
72|Central Missouri Mules|1913|1937|10|178|140|38|.787|||0|0|0|||
73|Central Normal College |1931|1931|1|19|19|0|1.000|||0|0|0|||
74|Central Pennsylvania College Knights|1896|1900|4|6|2|4|.333|||0|0|0|||
75|Centre (KY) Colonels|1910|1919|3|45|41|4|.911|||0|0|0|||
76|Charleston Southern Buccaneers|1975|2015|41|1163|482|681|.414|-11.69|-7.54|0|3|4|1|0|0
77|Charlotte 49ers|1973|2015|43|1275|725|550|.569|4.29|3.48|2|6|5|11|1|0
78|Chattanooga Mocs|1978|2015|38|1160|705|455|.608|-2.13|-3.67|1|18|10|10|0|0
79|Cheyenne Business College |1903|1903|1|1|1|0|1.000|||0|0|0|||
80|Chicago Maroons|1896|1946|46|862|419|443|.486|||0|6|0|0|0|0
81|Chicago State Cougars|1985|2015|31|893|253|640|.283|-14.41|-2.52|0|1|1|0|0|0
82|Cincinnati Bearcats|1902|2015|114|2672|1692|980|.633|11.60|6.22|22|23|10|28|6|2
83|Citadel Bulldogs|1913|2015|103|2234|952|1282|.426|-10.88|-4.25|0|0|0|0|0|0
84|City College of New York Beavers|1906|1953|48|725|517|208|.713|||0|1|0|2|2|1
85|Clemson Tigers|1912|2015|104|2500|1252|1246|.501|10.51|6.95|5|1|1|11|0|0
86|Cleveland State Vikings|1973|2015|43|1245|639|606|.513|-1.35|-1.26|0|4|2|2|0|0
87|Coastal Carolina Chanticleers|1987|2015|29|849|429|420|.505|-9.19|-7.00|0|7|4|3|0|0
88|Colgate Raiders|1901|2015|115|2550|1213|1337|.476|-11.27|-6.03|0|3|2|2|0|0
89|College of Charleston Cougars|1992|2015|24|742|516|226|.695|0.91|-4.69|2|12|3|4|0|0
90|College of New Jersey Lions|1900|1900|1|5|3|2|.600|||0|0|0|||
91|Colorado Buffaloes|1902|2015|112|2387|1233|1154|.517|5.69|7.07|5|19|1|13|2|0
92|Colorado College Tigers|1915|1937|23|376|233|143|.620|||0|7|0|||
93|Colorado School of Mines Orediggers|1908|1937|28|282|80|202|.284|||0|2|0|||
94|Colorado State Rams|1902|2015|111|2399|1198|1201|.499|3.38|3.37|0|6|1|10|0|0
95|Columbia Lions|1901|2015|115|2499|1248|1251|.499|-10.05|-5.63|2|13|0|3|0|0
96|Concordia Seminary Preachers|1907|1923|2|16|14|2|.875|||0|0|0|||
97|Connecticut Huskies|1901|2015|109|2472|1582|890|.640|13.61|6.45|16|27|7|31|5|4
98|Coppin State Eagles|1986|2015|30|901|446|455|.495|-9.55|-8.35|0|10|4|4|0|0
99|Cornell Big Red|1899|2015|117|2585|1217|1368|.471|-8.41|-5.01|0|8|0|5|0|0
100|Cotner University |1910|1911|2|27|24|3|.889|||0|0|0|||
101|Creighton Bluejays|1912|2015|95|2440|1475|965|.605|5.34|3.26|4|15|12|19|0|0
102|Cumberland University Bulldogs|1904|1904|1|4|4|0|1.000|||0|0|0|||
103|Dakota Wesleyan Tigers|1932|1932|1|20|19|1|.950|||0|0|0|||
104|Dartmouth Big Green|1900|2015|115|2717|1270|1445|.468|-11.65|-6.47|0|12|0|7|2|0
105|Davidson Wildcats|1909|2015|106|2542|1376|1166|.541|-1.28|-2.74|6|23|12|12|0|0
106|Dayton Flyers|1904|2015|110|2626|1556|1070|.593|5.13|3.17|7|4|2|15|1|0
107|Delaware Fightin' Blue Hens|1906|2015|74|1759|880|878|.501|-5.24|-4.50|0|4|5|5|0|0
108|Delaware State Hornets|1974|2015|42|1194|498|696|.417|-15.09|-9.91|0|3|1|1|0|0
109|Denison Big Red|1905|1944|24|362|269|93|.743|||0|0|0|0|0|0
110|Denver Pioneers|1904|2015|92|1952|886|1066|.454|-3.42|-2.24|0|5|0|0|0|0
111|DePaul Blue Demons|1924|2015|92|2359|1419|940|.602|7.79|6.17|12|9|0|22|2|0
112|DePauw Tigers|1916|1932|17|276|182|94|.659|||0|0|0|||
113|Detroit Mercy Titans|1910|2015|106|2522|1372|1150|.544|-0.07|0.71|2|2|3|6|0|0
114|Dickinson College Red Devils|1926|1947|2|34|30|4|.882|||0|0|0|0|0|0
115|Drake Bulldogs|1907|2015|109|2592|1188|1404|.458|-0.23|2.51|5|8|1|4|1|0
116|Drexel Dragons|1895|2015|45|1225|703|522|.574|-2.16|-4.11|0|7|4|4|0|0
117|Duke Blue Devils|1906|2015|110|2905|2053|852|.707|20.82|9.06|43|22|24|38|15|4
118|Duquesne Dukes|1914|2015|99|2392|1338|1054|.559|-0.85|2.25|7|3|1|5|1|0
119|East Carolina Pirates|1967|2015|49|1383|616|767|.445|-4.01|-0.50|0|0|2|2|0|0
120|East Central Tigers|1929|1931|3|74|66|8|.892|||0|0|0|||
121|East Tennessee State Buccaneers|1959|2015|57|1602|847|755|.529|-3.79|-3.36|1|9|8|9|0|0
122|Eastern Illinois Panthers|1982|2015|34|989|457|532|.462|-7.26|-4.25|0|0|3|2|0|0
123|Eastern Kentucky Colonels|1948|2015|65|1725|853|872|.494|-6.65|-4.05|0|7|5|8|0|0
124|Eastern Michigan Eagles|1933|2015|43|1249|584|665|.468|-2.39|-0.33|0|5|4|4|0|0
125|Eastern Washington Eagles|1984|2015|32|909|368|541|.405|-6.75|-2.00|0|2|1|1|0|0
126|Elon Phoenix|2000|2015|16|487|205|282|.421|-9.38|-4.32|0|2|0|0|0|0
127|Emporia State Hornets|1934|1934|1|18|17|1|.944|||0|0|0|||
128|Evansville Purple Aces|1925|2015|42|1168|633|535|.542|1.85|1.03|0|6|4|5|0|0
129|Fairfield Stags|1965|2015|51|1444|706|738|.489|-4.75|-2.61|0|3|3|3|0|0
130|Fairleigh Dickinson Knights|1968|2015|48|1335|643|692|.482|-9.29|-7.04|0|5|4|4|0|0
131|Florida A&M Rattlers|1980|2015|36|1060|417|643|.393|-15.61|-9.04|0|0|4|3|0|0
132|Florida Atlantic Owls|1994|2015|22|643|232|411|.361|-9.95|-3.78|0|1|1|1|0|0
133|Florida Gators|1921|2015|94|2402|1341|1060|.559|13.30|7.81|13|9|4|19|5|2
134|Florida Gulf Coast Eagles|2011|2015|5|164|94|70|.573|-2.60|-3.42|0|1|1|1|0|0
135|Florida International Panthers|1988|2015|28|819|322|497|.393|-8.75|-3.42|0|1|1|1|0|0
136|Florida State Seminoles|1957|2015|59|1717|1002|715|.584|9.65|7.41|8|2|2|14|1|0
137|Fordham Rams|1903|2015|111|2774|1466|1308|.528|-3.56|0.21|1|4|4|4|0|0
138|Franklin Grizzlies|1907|1925|18|221|144|77|.652|||0|0|0|||
139|Fresno State Bulldogs|1956|2015|48|1434|796|638|.555|4.26|2.60|1|6|4|5|0|0
140|Furman Paladins|1920|2015|94|2350|1149|1201|.489|-7.19|-3.78|0|5|6|6|0|0
141|Gardner-Webb Runnin' Bulldogs|2003|2015|13|400|175|225|.438|-9.06|-4.69|0|1|0|0|0|0
142|Geneva Golden Tornadoes|1893|1943|10|125|80|45|.640|||0|0|0|0|0|0
143|George Mason Patriots|1979|2015|37|1102|599|503|.544|-1.04|-1.69|0|4|4|6|1|0
144|George Washington Colonials|1913|2015|98|2355|1273|1082|.541|3.20|2.27|3|7|5|11|0|0
145|Georgetown Hoyas|1907|2015|107|2591|1605|986|.619|14.38|7.35|19|11|7|29|5|1
146|Georgia Bulldogs|1906|2015|110|2598|1353|1245|.521|10.45|7.74|5|3|3|11|1|0
147|Georgia Southern Eagles|1972|2015|44|1265|638|627|.504|-7.12|-5.28|0|7|3|3|0|0
148|Georgia State Panthers|1974|2015|42|1209|504|705|.417|-7.35|-4.23|0|5|2|2|0|0
149|Georgia Tech Yellow Jackets|1920|2015|96|2456|1297|1159|.528|10.58|8.85|8|3|4|16|2|0
150|Gettysburg Bullets|1901|1973|41|724|385|339|.532|||0|0|0|0|0|0
151|Gonzaga Bulldogs|1944|2015|64|1849|1169|680|.632|7.82|1.25|8|19|13|17|0|0
152|Grambling Tigers|1978|2015|38|1063|387|676|.364|-18.09|-9.37|0|2|0|0|0|0
153|Grand Canyon Antelopes|2014|2015|2|60|31|29|.517|-6.55|-4.34|0|0|0|0|0|0
154|Green Bay Phoenix|1982|2015|34|1017|563|454|.554|-0.03|-1.00|0|4|3|4|0|0
155|Grinnell Pioneers|1901|1939|38|550|280|270|.509|||0|0|0|0|0|0
156|Grove City Wolverines|1899|1925|27|383|257|126|.671|||0|0|0|||
157|Hamline Pipers|1945|1948|4|102|82|20|.804|||0|0|0|0|0|0
158|Hampton Pirates|1996|2015|20|602|315|287|.523|-8.94|-9.13|0|2|4|4|0|0
159|Hardin-Simmons Cowboys|1923|1990|45|1149|481|668|.419|-11.53|-4.81|0|1|0|2|0|0
160|Hartford Hawks|1985|2015|31|906|380|526|.419|-8.94|-5.38|0|0|0|0|0|0
161|Harvard Crimson|1901|2015|104|2358|1082|1276|.459|-7.79|-5.76|0|4|0|4|0|0
162|Haskell Indian Nations Institute Fighting Indians|1903|1908|2|39|27|12|.692|||0|0|0|||
163|Hawaii Warriors|1971|2015|45|1309|678|631|.518|2.54|2.59|1|2|3|4|0|0
164|High Point Panthers|2000|2015|16|480|228|252|.475|-9.76|-6.50|0|2|0|0|0|0
165|Hiram Terriers|1894|1904|8|59|45|14|.763|||0|0|0|||
166|Hofstra Pride|1943|2015|50|1428|715|713|.501|-5.31|-4.48|0|6|5|4|0|0
167|Holy Cross Crusaders|1901|2015|95|2273|1353|920|.595|-4.41|-5.05|6|7|6|12|2|1
168|Hope Flying Dutchmen|1908|1913|5|65|44|21|.677|||0|0|0|||
169|Houston Baptist Huskies|1974|2015|21|591|250|341|.423|-9.23|-6.20|0|2|1|1|0|0
170|Houston Cougars|1951|2015|65|1899|1118|781|.589|4.39|3.16|7|5|6|19|5|0
171|Howard Bison|1974|2015|42|1181|466|715|.395|-15.11|-9.53|0|4|3|2|0|0
172|Idaho State Bengals|1959|2015|57|1563|698|865|.447|-7.17|-1.99|0|4|2|5|0|0
173|Idaho Vandals|1906|2015|110|2714|1277|1435|.471|-2.29|-0.79|1|7|4|4|0|0
174|Illinois Fighting Illini|1906|2015|110|2664|1726|938|.648|15.87|8.76|26|17|2|30|5|0
175|Illinois State Redbirds|1899|2015|56|1404|845|559|.602|4.05|2.18|0|5|4|6|0|0
176|Illinois Wesleyan Titans|1928|1928|1|14|13|1|.929|||0|0|0|||
177|Illinois-Chicago Flames|1982|2015|34|1018|494|524|.485|-2.35|-0.89|0|2|2|3|0|0
178|Incarnate Word Cardinals|2014|2015|2|52|38|14|.731|-6.61|-8.53|0|0|0|0|0|0
179|Indiana Hoosiers|1901|2015|115|2746|1752|994|.638|15.93|9.43|27|21|0|37|8|5
180|Indiana State Sycamores|1900|2015|93|2043|1062|981|.520|-0.77|2.42|1|2|3|4|1|0
181|Iona Gaels|1954|2015|62|1681|940|741|.559|-0.56|-2.47|1|9|7|10|0|0
182|Iowa Hawkeyes|1893|2015|118|2687|1572|1114|.585|13.40|8.12|17|8|2|23|3|0
183|Iowa State Cyclones|1908|2015|108|2555|1286|1269|.503|9.38|7.22|6|6|3|16|1|0
184|IPFW Mastodons|2003|2015|13|393|168|225|.427|-7.37|-2.15|0|0|0|0|0|0
185|IUPUI Jaguars|1999|2015|17|526|257|269|.489|-4.31|-2.59|0|1|1|1|0|0
186|Jackson State Tigers|1978|2015|38|1128|534|594|.473|-11.11|-8.55|0|7|4|3|0|0
187|Jacksonville Dolphins|1967|2015|49|1399|690|709|.493|-4.98|-1.93|2|3|2|5|1|0
188|Jacksonville State Gamecocks|1996|2015|20|577|233|344|.404|-10.70|-6.79|0|0|0|0|0|0
189|James Madison Dukes|1977|2015|39|1155|601|554|.520|-1.93|-1.83|0|6|3|5|0|0
190|John Carroll Blue Streaks|1948|1955|8|191|80|111|.419|||0|0|0|0|0|0
191|Kalamazoo Hornets|1908|1923|16|193|134|59|.694|||0|0|0|||
192|Kansas Jayhawks|1899|2015|117|2977|2149|828|.722|19.30|8.59|39|57|13|43|14|3
193|Kansas State Wildcats|1906|2015|110|2670|1569|1101|.588|9.78|7.44|15|18|2|28|4|0
194|Kennesaw State Owls|2010|2015|6|187|43|144|.230|-14.49|-3.51|0|0|0|0|0|0
195|Kent State Golden Flashes|1914|2015|96|2262|1100|1162|.486|1.34|0.01|0|8|5|5|0|0
196|Kentucky Wesleyan Panthers|1957|1958|2|52|30|22|.577|||0|0|0|0|0|0
197|Kentucky Wildcats|1903|2015|112|2845|2171|673|.763|19.03|9.06|47|52|29|54|16|8
198|La Salle Explorers|1932|2015|84|2237|1324|913|.592|1.96|1.18|6|9|8|12|2|1
199|Lafayette Leopards|1901|2015|105|2478|1295|1183|.523|-8.57|-5.92|0|17|2|3|0|0
200|Lake Forest Foresters|1905|1916|12|144|89|55|.618|||0|0|0|||
201|Lamar Cardinals|1970|2015|46|1322|676|646|.511|-3.41|-3.05|0|9|4|6|0|0
202|Latter Day Saints University |1903|1903|1|16|15|1|.938|||0|0|0|||
203|Lawrence Vikings|1948|1948|1|28|22|6|.786|||0|0|0|0|0|0
204|Lehigh Mountain Hawks|1902|2015|114|2395|1034|1361|.432|-9.73|-6.72|0|4|5|5|0|0
205|Lewis University Flyers|1905|1905|1|25|20|5|.800|||0|0|0|||
206|Liberty Flames|1989|2015|27|814|368|446|.452|-11.23|-7.22|0|2|3|3|0|0
207|Lipscomb Bisons|2004|2015|12|361|181|180|.501|-6.71|-4.77|0|2|0|0|0|0
208|Long Beach State 49ers|1970|2015|46|1356|748|608|.552|-0.33|1.45|5|14|5|9|0|0
209|Long Island University Blackbirds|1929|2015|70|1856|1042|812|.562|-11.03|-7.41|1|9|5|6|0|0
210|Longwood Lancers|2008|2015|8|251|85|166|.339|-16.90|-5.06|0|0|0|0|0|0
211|Louisiana State Fighting Tigers|1909|2015|107|2612|1486|1126|.569|10.19|6.89|12|11|1|20|4|0
212|Louisiana Tech Bulldogs|1974|2015|42|1242|708|534|.570|0.87|-0.72|1|9|6|5|0|0
213|Louisiana-Lafayette Ragin' Cajuns|1972|2015|44|1251|720|531|.576|0.53|-0.77|2|9|7|10|0|0
214|Louisiana-Monroe Warhawks|1974|2015|42|1214|644|570|.530|-5.54|-4.28|0|10|8|7|0|0
215|Louisville Cardinals|1912|2015|101|2632|1751|881|.665|15.45|7.83|31|23|17|40|10|3
216|Loyola (IL) Ramblers|1921|2015|94|2343|1232|1111|.526|-1.93|0.34|5|6|1|5|1|1
217|Loyola (LA) Wolfpack|1952|1972|20|499|237|262|.475|||0|0|0|2|0|0
218|Loyola (MD) Greyhounds|1908|2015|71|1610|748|862|.465|-8.94|-4.67|0|0|2|2|0|0
219|Loyola Marymount Lions|1943|2015|68|1861|805|1056|.433|-3.36|1.18|2|3|2|5|0|0
220|Macalester Scots|1896|1899|4|21|8|13|.381|||0|0|0|||
221|Maine Black Bears|1904|2015|71|1673|773|900|.462|-8.76|-5.72|0|0|0|0|0|0
222|Manchester Spartans|1926|1926|1|16|15|1|.938|||0|0|0|||
223|Manhattan Jaspers|1905|2015|109|2484|1314|1170|.529|-4.57|-3.38|0|13|4|7|0|0
224|Marietta Pioneers|1908|1920|13|175|109|66|.623|||0|0|0|||
225|Marist Red Foxes|1982|2015|34|999|461|538|.461|-6.84|-5.65|0|5|2|2|0|0
226|Marquette Golden Eagles|1917|2015|98|2502|1547|955|.618|10.39|5.29|22|5|1|31|3|1
227|Marshall Thundering Herd|1919|2015|91|2317|1322|993|.571|-0.50|-1.05|1|6|3|5|0|0
228|Maryland Terrapins|1924|2015|92|2457|1466|991|.597|14.00|8.22|21|6|4|24|2|1
229|Maryland-Baltimore County Retrievers|1987|2015|29|838|314|524|.375|-12.04|-6.79|0|2|1|1|0|0
230|Maryland-Eastern Shore Hawks|1974|2015|36|1022|295|727|.289|-20.24|-9.72|0|1|1|0|0|0
231|Massachusetts Institute of Technology Engineers|1909|1909|1|16|10|6|.625|||0|0|0|||
232|Massachusetts Minutemen|1926|2015|56|1599|892|707|.558|3.06|3.15|5|15|5|9|1|0
233|Massachusetts-Lowell River Hawks|1906|2015|3|74|38|36|.514|-12.25|-4.21|0|0|0|0|0|0
234|McNeese State Cowboys|1974|2015|42|1204|592|612|.492|-6.95|-4.15|0|6|2|2|0|0
235|Memphis Tigers|1956|2015|60|1806|1216|590|.673|12.03|5.27|16|19|11|25|3|0
236|Mercer Bears|1974|2015|42|1219|580|639|.476|-8.80|-5.34|0|3|3|3|0|0
237|Merchant Marine Academy Mariners|1946|1947|2|39|13|26|.333|||0|0|0|0|0|0
238|Miami (FL) Hurricanes|1949|2015|52|1471|833|638|.566|6.66|5.35|5|2|1|7|0|0
239|Miami (OH) RedHawks|1906|2015|110|2449|1322|1127|.540|2.67|1.32|1|18|4|17|0|0
240|Michigan State Spartans|1899|2015|116|2655|1598|1057|.602|14.72|8.87|20|13|4|28|8|2
241|Michigan Wolverines|1918|2015|98|2499|1502|997|.601|13.01|9.12|19|14|1|25|7|1
242|Middle Tennessee Blue Raiders|1959|2015|57|1595|872|723|.547|-2.31|-2.98|0|9|5|7|0|0
243|Millikin Big Blue|1910|1921|12|210|150|60|.714|||0|0|0|||
244|Millsaps Majors|1911|1921|11|116|59|57|.509|||0|0|0|||
245|Milwaukee Panthers|1974|2015|32|932|466|466|.500|-2.14|-0.76|0|5|4|4|0|0
246|Minnesota A&M Aggies|1896|1903|4|30|27|3|.900|||0|0|0|||
247|Minnesota Golden Gophers|1896|2015|120|2735|1582|1151|.579|11.29|8.26|10|9|0|12|1|0
248|Mississippi Rebels|1909|2015|105|2492|1237|1253|.497|7.49|6.63|2|5|2|7|0|0
249|Mississippi State Bulldogs|1909|2015|103|2485|1345|1140|.541|7.80|6.71|11|12|5|10|1|0
250|Mississippi Valley State Delta Devils|1980|2015|36|1045|449|596|.430|-13.05|-9.13|0|7|5|5|0|0
251|Missouri State Bears|1983|2015|33|1033|624|409|.604|4.77|1.31|0|5|3|6|0|0
252|Missouri Tigers|1907|2015|109|2675|1586|1089|.593|12.63|7.43|14|15|8|26|0|0
253|Missouri-Kansas City Kangaroos|1990|2015|26|758|323|435|.426|-6.90|-3.46|0|0|0|0|0|0
254|Monmouth Hawks|1984|2015|32|941|431|510|.458|-8.81|-6.63|0|2|4|4|0|0
255|Montana Grizzlies|1912|2015|100|2497|1345|1152|.539|0.25|-2.39|0|10|9|10|0|0
256|Montana State Bobcats|1902|2015|104|2490|1369|1121|.550|-3.69|-2.70|0|10|2|2|0|0
257|Morehead State Eagles|1956|2015|60|1640|823|817|.502|-7.51|-4.03|0|9|4|7|0|0
258|Morgan State Bears|1985|2015|31|910|332|578|.365|-15.73|-8.86|0|3|2|2|0|0
259|Morris Brown Wolverines|2002|2003|2|57|13|44|.228|-25.82|-6.03|0|0|0|0|0|0
260|Mount St. Mary's Mountaineers|1989|2015|27|791|342|449|.432|-9.21|-6.41|0|1|4|4|0|0
261|Mount Union Purple Raiders|1896|1932|37|493|314|179|.637|||0|0|0|||
262|Muhlenburg Mules|1901|1963|56|1064|579|484|.545|||0|3|0|0|0|0
263|Murray State Breds|1954|2015|62|1753|1107|646|.631|0.94|-3.86|2|24|14|15|0|0
264|Muskingum Fighting Muskies|1905|1927|3|48|44|4|.917|||0|0|0|||
265|Navy Midshipmen|1908|2015|108|2330|1327|1003|.570|-6.70|-5.41|1|8|6|11|0|0
266|Nebraska Cornhuskers|1897|2015|119|2743|1446|1297|.527|7.94|6.75|2|7|1|7|0|0
267|Nebraska Wesleyan Prairie Wolves|1906|1917|12|188|134|54|.713|||0|0|0|||
268|Nebraska-Omaha Mavericks|2013|2015|3|91|39|52|.429|-7.75|-3.79|0|0|0|0|0|0
269|Nevada Wolf Pack|1913|2015|60|1549|844|705|.545|1.40|1.20|2|9|4|6|0|0
270|Nevada-Las Vegas Rebels|1970|2015|46|1444|1032|412|.715|11.01|4.21|16|14|11|20|4|1
271|New Hampshire Wildcats|1927|2015|63|1592|533|1059|.335|-12.38|-5.51|0|1|0|0|0|0
272|New Mexico Lobos|1900|2015|109|2453|1429|1024|.583|7.80|3.46|11|12|6|15|0|0
273|New Mexico State Aggies|1905|2015|105|2472|1426|1044|.577|4.03|1.44|5|15|8|21|1|0
274|New Orleans Privateers|1976|2015|38|1102|611|491|.554|-1.36|-1.50|2|8|3|4|0|0
275|New York University Violets|1907|1971|65|1184|725|459|.612|||2|6|0|6|2|0
276|Newberry Wolves|1921|1921|1|4|2|2|.500|||0|0|0|||
277|Niagara Purple Eagles|1906|2015|109|2585|1422|1162|.550|-4.93|-3.17|2|10|2|3|0|0
278|Nicholls State Colonels|1981|2015|35|975|384|591|.394|-12.29|-5.90|0|2|2|2|0|0
279|NJIT Highlanders|2010|2015|6|179|86|93|.480|-11.59|-7.81|0|1|0|0|0|0
280|Norfolk State Spartans|1998|2015|18|542|254|288|.469|-11.71|-8.66|0|1|1|1|0|0
281|North Carolina A&T Aggies|1974|2015|42|1219|603|616|.495|-12.12|-9.46|0|11|14|10|0|0
282|North Carolina Central Eagles|2011|2015|5|155|104|51|.671|-3.35|-7.63|0|2|1|1|0|0
283|North Carolina State Wolfpack|1913|2015|103|2664|1656|1008|.622|12.04|8.07|17|13|17|25|3|2
284|North Carolina Tar Heels|1911|2015|105|2898|2134|764|.736|19.96|9.89|46|36|25|45|18|5
285|North Carolina-Asheville Bulldogs|1987|2015|29|854|402|452|.471|-10.37|-5.75|0|5|4|3|0|0
286|North Carolina-Greensboro Spartans|1992|2015|24|713|304|409|.426|-8.02|-4.63|0|4|2|2|0|0
287|North Carolina-Wilmington Seahawks|1977|2015|39|1142|586|556|.513|-2.95|-2.22|0|5|4|4|0|0
288|North Central Cardinals|1911|1922|8|115|78|37|.678|||0|0|0|||
289|North Dakota State Bison|1898|2015|36|603|433|170|.718|0.72|-3.30|0|2|2|2|0|0
290|North Dakota UND|1905|2015|22|355|227|128|.639|-9.66|-5.50|0|0|2|0|0|0
291|North Florida Ospreys|2010|2015|6|192|93|99|.484|-5.75|-2.27|0|0|0|0|0|0
292|North Texas Mean Green|1922|2015|60|1626|720|906|.443|-5.66|-1.99|0|3|3|3|0|0
293|Northeastern Huskies|1938|2015|52|1403|725|678|.517|-3.94|-3.92|0|11|7|7|0|0
294|Northeastern Illinois Golden Eagles|1991|1998|8|216|78|138|.361|-14.90|-6.67|0|0|0|0|0|0
295|Northern Arizona Lumberjacks|1919|2015|76|1772|827|945|.467|-5.72|-2.37|0|6|2|2|0|0
296|Northern Colorado Bears|1911|2015|36|602|322|280|.535|-4.09|-4.28|0|3|1|1|0|0
297|Northern Illinois Huskies|1927|2015|49|1351|601|750|.445|-4.19|-1.43|0|3|2|3|0|0
298|Northern Iowa Panthers|1981|2015|35|1047|548|499|.523|0.71|1.34|0|2|4|6|0|0
299|Northern Kentucky Norse|2013|2015|3|86|33|53|.384|-8.15|-4.71|0|0|0|0|0|0
300|Northest Missouri State Bearcats|1930|1932|3|97|89|8|.918|||0|0|0|||
301|Northwestern State Demons|1977|2015|39|1120|510|610|.455|-9.13|-5.53|0|3|3|3|0|0
302|Northwestern Wildcats|1905|2015|110|2473|1015|1457|.411|2.95|8.18|0|2|0|0|0|0
303|Notre Dame Fighting Irish|1897|2015|111|2762|1789|972|.648|10.86|6.27|23|5|0|33|1|0
304|Oakland Golden Grizzlies|2000|2015|16|510|271|239|.531|-1.41|-0.88|0|3|3|3|0|0
305|Oberlin Yeomen|1905|1921|7|82|61|21|.744|||0|0|0|||
306|Ohio Bobcats|1908|2015|108|2553|1457|1096|.571|1.40|0.13|0|10|6|13|0|0
307|Ohio State Buckeyes|1899|2015|116|2744|1682|1062|.613|13.86|8.36|21|22|5|30|11|1
308|Ohio Wesleyan Battling Bishops|1929|1935|2|40|35|5|.875|||0|0|0|||
309|Oklahoma City Chiefs|1951|1985|35|948|530|418|.559|-5.71|0.20|3|0|1|11|0|0
310|Oklahoma Sooners|1908|2015|108|2627|1603|1024|.610|14.65|7.28|17|14|7|28|4|0
311|Oklahoma State Cowboys|1908|2015|106|2700|1594|1106|.590|12.04|7.13|18|19|4|26|6|2
312|Old Dominion Monarchs|1977|2015|39|1206|728|478|.604|3.27|0.44|0|8|6|11|0|0
313|Oral Roberts Golden Eagles|1972|2015|40|1185|690|495|.582|-0.34|-1.35|2|10|5|5|0|0
314|Oregon Ducks|1903|2015|110|2874|1551|1323|.540|7.50|7.16|3|4|3|12|1|1
315|Oregon State Beavers|1902|2015|114|2971|1702|1269|.573|6.27|6.52|8|12|0|16|2|0
316|Pacific Tigers|1938|2015|65|1823|937|886|.514|0.21|0.68|1|10|5|9|0|0
317|Penn State Nittany Lions|1897|2015|119|2523|1402|1120|.556|4.23|4.90|2|2|1|9|1|0
318|Pennsylvania Quakers|1897|2015|114|2772|1716|1055|.619|-1.21|-3.02|6|37|0|23|1|0
319|Pepperdine Waves|1944|2015|61|1734|878|856|.506|1.39|1.32|1|12|3|13|0|0
320|Phillips Haymakers|1920|1920|1|3|2|1|.667|||0|0|0|||
321|Pittsburg State Gorillas|1927|1931|5|103|86|17|.835|||0|0|0|||
322|Pittsburgh Panthers|1906|2015|108|2651|1556|1095|.587|11.69|6.86|13|11|4|25|1|0
323|Portland Pilots|1954|2015|62|1733|745|988|.430|-3.18|0.89|0|0|1|2|0|0
324|Portland State Vikings|1973|2015|26|737|359|378|.487|-5.91|-3.00|0|2|2|2|0|0
325|Prairie View Panthers|1981|2015|35|996|268|728|.269|-22.06|-8.17|0|1|1|1|0|0
326|Pratt Institute Cannoneers|1934|1934|1|14|8|6|.571|||0|0|0|||
327|Presbyterian Blue Hose|2011|2015|5|155|51|104|.329|-13.78|-4.78|0|0|0|0|0|0
328|Princeton Tigers|1901|2015|115|2719|1670|1048|.614|-0.08|-3.97|4|29|0|24|1|0
329|Providence Friars|1929|2015|66|1879|1150|729|.612|8.54|6.74|6|3|2|16|2|0
330|Purdue Boilermakers|1897|2015|117|2693|1710|983|.635|13.78|8.77|18|22|1|26|2|0
331|Quinnipiac Bobcats|1999|2015|17|504|252|252|.500|-8.04|-7.08|0|1|0|0|0|0
332|Radford Highlanders|1985|2015|31|916|469|447|.512|-9.74|-7.53|0|4|2|2|0|0
333|Regis (CO) Rangers|1962|1964|3|66|37|29|.561|||0|0|0|0|0|0
334|Rensselaer Engineers|1901|1924|4|39|28|11|.718|||0|0|0|||
335|Rhode Island Rams|1904|2015|109|2510|1425|1085|.568|2.25|2.44|0|15|1|8|0|0
336|Rice Owls|1915|2015|101|2420|1056|1364|.436|-1.09|2.34|0|10|0|4|0|0
337|Richmond Spiders|1913|2015|103|2446|1306|1140|.534|2.64|0.68|1|6|6|9|0|0
338|Rider Broncs|1929|2015|52|1458|768|690|.527|-6.15|-5.28|0|11|3|3|0|0
339|Ripon Red Hawks|1902|1922|5|59|46|13|.780|||0|0|0|||
340|Roanoke Maroons|1912|1919|8|92|67|25|.728|||0|0|0|||
341|Robert Morris Colonials|1977|2015|39|1146|567|579|.495|-8.00|-6.76|0|11|7|7|0|0
342|Rochester (NY) Yellowjackets|1910|1944|7|111|74|37|.667|||0|0|0|0|0|0
343|Rose-Hulman Fightin' Engineers|1898|1898|1|4|2|2|.500|||0|0|0|||
344|Rutgers Scarlet Knights|1914|2015|101|2319|1189|1130|.513|3.15|4.62|2|10|2|6|1|0
345|Sacramento State Hornets|1992|2015|24|669|192|477|.287|-13.25|-2.83|0|0|0|0|0|0
346|Sacred Heart Pioneers|2000|2015|16|471|174|297|.369|-11.33|-6.72|0|0|0|0|0|0
347|Saint Francis (PA) Red Flash|1956|2015|60|1612|711|901|.441|-11.65|-6.88|0|1|1|1|0|0
348|Saint Joseph's Hawks|1910|2015|106|2639|1576|1063|.597|5.13|3.12|6|20|5|20|1|0
349|Saint Louis Billikens|1916|2015|99|2517|1368|1149|.544|4.19|3.35|10|7|2|9|0|0
350|Saint Mary's (CA) Gaels|1910|2015|106|2439|1231|1208|.505|1.64|0.90|2|6|3|8|0|0
351|Saint Peter's Peacocks|1966|2015|50|1412|699|713|.495|-4.79|-3.96|0|6|3|3|0|0
352|Sam Houston State Bearkats|1987|2015|29|839|428|411|.510|-7.25|-5.28|0|5|2|2|0|0
353|Samford Bulldogs|1973|2015|43|1224|532|692|.435|-8.46|-5.93|0|3|2|2|0|0
354|San Diego State Aztecs|1971|2015|45|1332|702|630|.527|3.00|3.59|3|6|6|10|0|0
355|San Diego Toreros|1980|2015|36|1049|528|521|.503|-0.08|0.37|0|2|2|4|0|0
356|San Francisco Dons|1924|2015|88|2262|1307|955|.578|0.06|1.16|9|15|1|16|3|2
357|San Jose State Spartans|1938|2015|65|1765|723|1042|.410|-3.24|2.18|0|1|2|2|0|0
358|Santa Clara Broncos|1909|2015|106|2473|1433|1040|.579|1.65|1.48|2|11|2|11|1|0
359|Savage School of Physical Education |1896|1898|2|8|6|2|.750|||0|0|0|||
360|Savannah State Tigers|2003|2015|13|385|133|252|.345|-16.66|-4.54|0|1|0|0|0|0
361|Scranton Royals|1948|1948|1|27|7|20|.259|||0|0|0|0|0|0
362|Seattle Redhawks|1953|2015|33|900|542|358|.602|-5.20|-2.64|5|3|0|11|1|0
363|Seton Hall Pirates|1909|2015|102|2461|1426|1034|.580|7.62|6.67|6|4|2|9|1|0
364|Sewanee Tigers|1923|1941|19|248|48|200|.194|||0|0|0|0|0|0
365|Siena Saints|1939|2015|57|1547|854|693|.552|-2.17|-3.72|1|9|6|6|0|0
366|South Alabama Jaguars|1972|2015|44|1271|725|546|.570|0.20|-1.02|0|12|5|8|0|0
367|South Carolina Gamecocks|1909|2015|107|2541|1339|1201|.527|6.59|5.88|8|7|2|8|0|0
368|South Carolina State Bulldogs|1972|2015|44|1285|638|647|.496|-12.50|-9.93|0|8|5|5|0|0
369|South Carolina Upstate Spartans|2011|2015|5|161|81|80|.503|-4.07|-3.90|0|0|0|0|0|0
370|South Dakota Coyotes|2011|2015|5|152|66|86|.434|-7.74|-4.11|0|0|0|0|0|0
371|South Dakota State Jackrabbits|2009|2015|7|226|138|88|.611|0.49|-3.01|0|1|2|2|0|0
372|South Florida Bulls|1974|2015|42|1227|573|654|.467|2.58|3.66|0|1|1|3|0|0
373|Southeast Missouri State Redhawks|1992|2015|24|703|303|400|.431|-8.32|-4.81|0|1|1|1|0|0
374|Southeastern Louisiana Lions|1981|2015|34|963|415|548|.431|-10.99|-6.24|0|4|1|1|0|0
375|Southern California Trojans|1907|2015|109|2690|1531|1159|.569|7.21|7.00|9|7|1|16|2|0
376|Southern Illinois Salukis|1968|2015|48|1417|785|632|.554|2.97|2.61|1|9|5|10|0|0
377|Southern Illinois-Edwardsville Cougars|2011|2015|5|141|50|91|.355|-12.86|-4.72|0|0|0|0|0|0
378|Southern Jaguars|1978|2015|38|1108|586|522|.529|-10.03|-10.21|0|8|8|8|0|0
379|Southern Methodist Mustangs|1917|2015|99|2436|1255|1181|.515|2.43|2.75|2|13|1|10|1|0
380|Southern Mississippi Golden Eagles|1967|2015|44|1284|687|597|.535|3.73|3.18|1|2|0|3|0|0
381|Southern Utah Thunderbirds|1989|2015|27|774|338|436|.437|-7.00|-3.63|0|3|3|1|0|0
382|Southwestern (KS) Moundbuilders|1905|1923|19|289|212|77|.734|||0|0|0|||
383|Southwestern (TX) Pirates|1915|1916|2|10|1|9|.100|||0|0|0|||
384|Springfield Pride|1897|1935|30|406|268|138|.660|||0|0|0|||
385|St. Bonaventure Bonnies|1920|2015|95|2265|1273|992|.562|-0.88|1.71|6|7|1|6|1|0
386|St. Francis (NY) Terriers|1902|2015|96|2378|1176|1202|.495|-11.62|-8.22|0|5|0|0|0|0
387|St. John's (NY) Red Storm|1908|2015|108|2794|1840|954|.659|10.08|7.22|15|14|3|28|2|0
388|St. John's College (OH) |1921|1921|1|15|15|0|1.000|||0|0|0|||
389|St. Lawrence Saints|1902|1914|7|99|70|29|.707|||0|0|0|||
390|Stanford Cardinal|1914|2015|100|2556|1460|1096|.571|11.11|6.80|10|11|1|17|2|1
391|Stephen F. Austin Lumberjacks|1987|2015|29|834|456|378|.547|-6.61|-6.78|0|6|2|2|0|0
392|Stetson Hatters|1972|2015|44|1243|579|664|.466|-8.39|-4.69|0|0|0|0|0|0
393|Stevens Institute Ducks|1917|1920|4|48|37|11|.771|||0|0|0|||
394|Stony Brook Seawolves|2000|2015|16|483|228|255|.472|-7.60|-5.64|0|4|0|0|0|0
395|SUNY-Potsdam Bears|1910|1913|2|32|22|10|.688|||0|0|0|||
396|Swarthmore Garnet|1906|1919|11|133|92|41|.692|||0|0|0|||
397|Syracuse Orange|1899|2015|115|2773|1923|849|.694|15.66|7.32|30|11|5|37|5|1
398|Temple Owls|1895|2015|119|2866|1843|1023|.643|9.91|4.72|9|21|10|31|2|0
399|Tennessee State Tigers|1978|2015|38|1083|450|633|.416|-8.89|-4.59|0|2|2|2|0|0
400|Tennessee Tech Golden Eagles|1944|2015|61|1646|818|828|.497|-6.60|-3.78|0|7|1|2|0|0
401|Tennessee Volunteers|1909|2015|106|2567|1566|999|.611|10.57|7.88|11|12|4|20|0|0
402|Tennessee-Martin Skyhawks|1993|2015|23|663|238|425|.359|-11.59|-4.12|0|1|0|0|0|0
403|Texas A&M Aggies|1913|2015|103|2559|1343|1216|.525|4.73|4.29|3|11|2|12|0|0
404|Texas A&M-Corpus Christi Islanders|2003|2015|13|390|195|195|.500|-5.67|-4.17|0|4|1|1|0|0
405|Texas Christian Horned Frogs|1914|2015|102|2478|1142|1336|.461|2.99|3.07|3|11|0|7|0|0
406|Texas Longhorns|1906|2015|109|2733|1715|1018|.628|11.01|6.22|11|25|2|31|3|0
407|Texas Southern Tigers|1978|2015|38|1104|536|568|.486|-11.13|-8.70|0|9|5|5|0|0
408|Texas State Bobcats|1985|2015|31|891|388|503|.435|-9.32|-5.88|0|3|2|2|0|0
409|Texas Tech Red Raiders|1926|2015|87|2309|1279|1030|.554|5.67|5.24|4|12|5|14|0|0
410|Texas Wesleyan Rams|1948|1948|1|30|19|11|.633|||0|0|0|0|0|0
411|Texas-Arlington Mavericks|1969|2015|47|1324|587|737|.443|-7.39|-4.74|0|2|1|1|0|0
412|Texas-El Paso Miners|1923|2015|87|2208|1279|929|.579|6.39|2.76|4|13|5|17|1|1
413|Texas-Pan American Broncs|1969|2015|47|1304|564|740|.433|-8.59|-2.37|0|5|0|0|0|0
414|Texas-San Antonio Roadrunners|1982|2015|34|987|506|481|.513|-5.94|-4.94|0|3|4|4|0|0
415|Toledo Rockets|1916|2015|100|2399|1371|1028|.571|-0.45|-0.38|2|11|1|4|0|0
416|Towson Tigers|1980|2015|36|1057|428|629|.405|-8.72|-4.55|0|4|3|2|0|0
417|Trinity (CT) Bantams|1897|1911|8|81|28|53|.346|||0|0|0|||
418|Trinity (TX) Tigers|1971|1973|3|70|25|45|.357|||0|0|0|0|0|0
419|Troy Trojans|1994|2015|22|646|312|334|.483|-8.08|-5.71|0|6|1|1|0|0
420|Tulane Green Wave|1906|2015|105|2388|1182|1206|.495|2.17|2.40|1|6|0|3|0|0
421|Tulsa Golden Hurricane|1914|2015|102|2475|1376|1099|.556|7.43|2.94|5|10|6|15|0|0
422|UCLA Bruins|1920|2015|96|2606|1802|804|.691|13.97|7.98|40|31|4|46|18|11
423|Union (NY) Dutchmen|1907|1925|19|266|162|104|.609|||0|0|0|||
424|Utah State Aggies|1904|2015|110|2588|1528|1060|.590|4.81|1.39|4|15|8|20|0|0
425|Utah Utes|1909|2015|107|2682|1728|954|.644|8.71|4.52|19|31|5|27|4|1
426|Utah Valley Wolverines|2010|2015|6|185|95|90|.514|-9.84|-6.95|0|3|0|0|0|0
427|Utica Pioneers|1982|1987|6|158|64|94|.405|-12.95|-7.35|0|0|0|0|0|0
428|Valparaiso Crusaders|1918|2015|80|1995|1043|952|.523|-3.63|-2.16|0|11|9|8|0|0
429|Vanderbilt Commodores|1901|2015|113|2634|1543|1091|.586|10.18|7.36|11|3|3|13|0|0
430|Vermont Catamounts|1921|2015|60|1598|815|783|.510|-6.82|-6.07|0|7|5|5|0|0
431|Villanova Wildcats|1921|2015|95|2555|1644|911|.643|12.35|7.89|18|9|3|34|4|1
432|Virginia Cavaliers|1906|2015|110|2652|1511|1140|.570|12.69|8.51|8|7|2|18|2|0
433|Virginia Commonwealth Rams|1974|2015|42|1273|819|454|.643|5.59|1.34|2|9|8|13|1|0
434|Virginia Military Institute Keydets|1909|2015|107|2307|862|1445|.374|-11.66|-4.37|1|2|3|3|0|0
435|Virginia Tech Hokies|1909|2015|107|2544|1374|1170|.540|6.23|4.73|1|2|1|8|0|0
436|Wabash Little Giants|1897|1925|29|407|301|106|.740|||0|0|0|||
437|Wagner Seahawks|1966|2015|43|1223|582|641|.476|-9.78|-7.51|0|1|1|1|0|0
438|Wake Forest Demon Deacons|1906|2015|109|2644|1485|1159|.562|11.23|8.25|17|4|5|22|1|0
439|Washburn Ichabods|1906|1941|35|557|270|283|.488|||0|0|0|0|0|0
440|Washington & Jefferson Presidents|1913|1944|10|128|73|55|.570|||0|0|0|0|0|0
441|Washington & Lee Generals|1907|1959|51|905|472|432|.522|||0|3|2|0|0|0
442|Washington (MO) Bears|1905|1960|52|921|433|488|.470|||0|2|0|0|0|0
443|Washington College Shoremen|1913|1925|13|151|109|42|.722|||0|0|0|||
444|Washington Huskies|1896|2015|114|2845|1720|1125|.605|8.04|7.15|8|11|3|16|1|0
445|Washington State Cougars|1902|2015|114|2992|1547|1445|.517|5.77|6.18|3|2|0|6|1|0
446|Wayne State (MI) Warriors|1928|1950|5|104|47|57|.452|||0|0|0|0|0|0
447|Weber State Wildcats|1964|2015|52|1512|954|558|.631|0.20|-1.60|1|21|9|15|0|0
448|Wesleyan (CT) Cardinals|1896|1913|13|171|97|74|.567|||0|0|0|||
449|West Chester Golden Rams|1899|1982|10|244|86|158|.352|-18.03|-7.63|0|1|0|0|0|0
450|West Texas A&M Buffaloes|1921|1986|54|1275|707|568|.555|-0.41|3.10|0|4|0|1|0|0
451|West Virginia Mountaineers|1904|2015|106|2720|1673|1047|.615|9.38|5.15|13|16|13|25|2|0
452|Western Carolina Catamounts|1977|2015|39|1132|504|628|.445|-8.31|-4.01|0|3|1|1|0|0
453|Western Illinois Leathernecks|1982|2015|34|975|414|561|.425|-8.32|-3.79|0|2|1|0|0|0
454|Western Kentucky Hilltoppers|1922|2015|94|2575|1710|865|.664|3.15|-0.05|11|28|19|23|1|0
455|Western Michigan Broncos|1914|2015|102|2415|1288|1127|.533|-1.28|0.10|1|10|2|4|0|0
456|Western State Mountaineers|1924|1937|14|189|88|101|.466|||0|0|0|||
457|Westminster (MO) Blue Jays|1920|1920|1|17|17|0|1.000|||0|0|0|||
458|Westminster (PA) Titans|1898|1935|21|294|210|84|.714|||0|0|0|||
459|Wheaton (IL) Thunder|1902|1905|4|57|39|17|.696|||0|0|0|||
460|Whittier Poets|1909|1915|3|42|38|3|.927|||0|0|0|||
461|Wichita State Shockers|1906|2015|108|2643|1479|1164|.560|5.79|2.81|5|8|3|11|2|0
462|Widener Pride|1899|1909|5|26|20|6|.769|||0|0|0|||
463|William & Mary Tribe|1906|2015|110|2508|1161|1347|.463|-5.00|-1.43|0|2|0|0|0|0
464|Williams Ephs|1901|1911|10|161|136|24|.850|||0|0|0|||
465|Winthrop Eagles|1987|2015|29|865|447|418|.517|-8.76|-6.99|1|7|10|9|0|0
466|Wisconsin Badgers|1899|2015|117|2678|1517|1161|.566|11.84|8.61|13|17|2|20|3|1
467|Wisconsin-Stevens Point Pointers|1898|1918|21|156|98|58|.628|||0|0|0|||
468|Wisconsin-Superior Yellowjackets|1900|1901|2|14|10|4|.714|||0|0|0|||
469|Wittenberg Tigers|1931|1931|1|20|18|2|.900|||0|0|0|||
470|Wofford Terriers|1996|2015|20|599|282|317|.471|-6.99|-3.06|0|2|3|3|0|0
471|Wooster Fighting Scots|1901|1931|31|390|225|165|.577|||0|0|0|||
472|Worcester Tech Engineers|1920|1920|1|16|14|2|.875|||0|0|0|||
473|Wright State Raiders|1988|2015|28|833|442|391|.531|-2.04|-2.04|0|2|2|2|0|0
474|Wyoming Cowboys|1905|2015|110|2580|1468|1112|.569|4.87|3.10|4|21|2|14|1|1
475|Xavier Musketeers|1920|2015|94|2346|1385|961|.590|9.01|2.83|10|17|9|24|0|0
476|Yale Elis|1896|2015|120|2839|1400|1436|.494|-7.82|-5.77|1|12|0|3|0|0
477|Youngstown State Penguins|1948|2015|35|1001|388|613|.388|-8.28|-3.30|0|0|0|0|0|0
