ranker|game_season|date_game|game_location|opp_id|game_result|pts|opp_pts|fg|fga|fg_pct|fg3|fg3a|fg3_pct|ft|fta|ft_pct|orb|trb|ast|stl|blk|tov|pf|x|opp_fg|opp_fga|opp_fg_pct|opp_fg3|opp_fg3a|opp_fg3_pct|opp_ft|opp_fta|opp_ft_pct|opp_orb|opp_trb|opp_ast|opp_stl|opp_blk|opp_tov|opp_pf|
1|1|2011-11-11||St. Gregory's|W|81|52|31|71|.437|7|22|.318|12|20|.600|14|47|17|12|2|17|16||19|60|.317|6|23|.261|8|14|.571|8|34|6|6|1|20|17
2|2|2011-11-16|@|Texas Tech|L|64|69|23|63|.365|1|16|.063|17|21|.810|12|27|6|12|1|10|17||22|49|.449|2|11|.182|23|25|.920|9|35|12|4|5|20|17
3|3|2011-11-22|@|Texas-Arlington|L|64|97|21|53|.396|9|19|.474|13|23|.565|10|23|9|8|3|24|20||37|64|.578|7|18|.389|16|24|.667|16|38|20|13|5|17|23
4|4|2011-11-27|@|Mississippi State|L|59|82|20|62|.323|5|20|.250|14|16|.875|11|29|8|9|3|17|21||27|52|.519|9|19|.474|19|27|.704|11|39|13|12|4|17|14
5|5|2011-11-29|@|Texas|L|57|73|19|62|.306|6|25|.240|13|19|.684|18|42|8|6|1|16|23||24|52|.462|6|18|.333|19|27|.704|9|29|13|7|3|8|17
6|6|2011-12-02|N|La Sierra|W|92|45|34|64|.531|6|18|.333|18|19|.947|13|50|20|6|3|13|18||16|53|.302|5|20|.250|8|18|.444|5|20|10|6|2|15|15
7|7|2011-12-03|N|Columbia|L|57|72|23|65|.354|0|11|.000|11|15|.733|16|29|10|10|3|10|22||19|34|.559|12|17|.706|22|26|.846|4|32|11|4|0|22|14
8|8|2011-12-04|@|Loyola Marymount|W|76|63|28|68|.412|3|19|.158|17|20|.850|11|31|10|5|0|4|18||22|48|.458|6|18|.333|13|21|.619|6|31|14|2|3|16|17
9|9|2011-12-10||Sam Houston State|W|53|50|19|55|.345|3|17|.176|12|18|.667|18|33|7|10|3|14|16||18|41|.439|7|18|.389|7|12|.583|5|26|8|7|1|21|19
10|10|2011-12-18||Jackson State|W|69|55|25|53|.472|7|16|.438|12|23|.522|15|36|14|6|4|12|14||24|53|.453|2|9|.222|5|11|.455|10|26|7|9|3|13|17
11|11|2011-12-20||Grambling|W|82|40|28|57|.491|6|17|.353|20|28|.714|12|42|16|7|4|12|16||15|49|.306|2|10|.200|8|14|.571|5|21|11|4|4|17|22
12|12|2011-12-22||Louisiana State|L|58|67|18|44|.409|2|15|.133|20|26|.769|4|28|6|4|3|14|16||29|66|.439|1|11|.091|8|12|.667|15|39|5|9|0|11|21
13|13|2011-12-27||New Orleans|W|78|47|31|59|.525|1|7|.143|15|19|.789|11|41|12|5|5|14|16||18|52|.346|2|15|.133|9|12|.750|7|25|8|10|1|16|12
14|14|2011-12-29||Arkansas-Little Rock|L|66|69|27|57|.474|4|11|.364|8|17|.471|8|31|15|6|3|9|22||20|49|.408|9|18|.500|20|27|.741|9|35|7|8|1|12|18
15|15|2011-12-31||Troy|W|87|65|35|65|.538|9|21|.429|8|12|.667|13|47|21|7|6|23|14||24|73|.329|8|25|.320|9|12|.750|15|34|10|11|5|15|18
16|16|2012-01-05|@|South Alabama|W (1 OT)|78|73|28|67|.418|3|13|.231|19|23|.826|12|37|11|15|5|18|21||24|59|.407|8|23|.348|17|31|.548|17|40|12|10|6|23|21
17|17|2012-01-07|@|Arkansas State|L|72|75|28|58|.483|9|21|.429|7|9|.778|6|27|15|5|5|15|23||27|49|.551|4|8|.500|17|26|.654|5|27|10|9|4|16|15
18|18|2012-01-12||Western Kentucky|W|84|67|31|55|.564|6|12|.500|16|23|.696|6|38|22|5|6|14|14||27|78|.346|7|25|.280|6|8|.750|15|35|8|6|4|9|20
19|19|2012-01-14|@|Louisiana-Monroe|W|68|55|22|62|.355|8|20|.400|16|24|.667|6|36|12|7|5|12|18||18|55|.327|4|18|.222|15|21|.714|7|41|7|7|2|18|22
20|20|2012-01-21||Denver|W (1 OT)|75|74|25|56|.446|6|18|.333|19|25|.760|11|36|10|2|3|17|15||26|55|.473|11|25|.440|11|16|.688|3|19|17|8|4|9|24
21|21|2012-01-25|@|Louisiana-Lafayette|L|62|64|22|58|.379|3|16|.188|15|22|.682|14|40|5|2|2|13|22||22|59|.373|4|18|.222|16|27|.593|14|38|9|4|2|13|20
22|22|2012-01-28||Arkansas State|W|76|64|27|54|.500|7|13|.538|15|17|.882|5|33|15|6|8|12|17||23|61|.377|6|16|.375|12|16|.750|12|30|12|8|2|11|15
23|23|2012-02-02||Middle Tennessee|L|66|68|22|55|.400|4|12|.333|18|24|.750|8|29|8|9|7|17|17||28|56|.500|4|12|.333|8|14|.571|7|31|11|8|5|15|22
24|24|2012-02-09|@|Florida International|W|68|61|23|51|.451|5|15|.333|17|25|.680|10|40|18|7|5|14|12||23|64|.359|5|22|.227|10|13|.769|10|29|7|12|6|9|17
25|25|2012-02-11|@|Florida Atlantic|L (2 OT)|81|86|28|58|.483|1|9|.111|24|35|.686|9|49|10|4|7|27|21||32|78|.410|9|28|.321|13|28|.464|10|35|20|17|5|14|24
26|26|2012-02-16||Louisiana-Monroe|W|86|51|33|69|.478|8|21|.381|12|19|.632|12|46|15|8|6|8|9||19|63|.302|5|23|.217|8|13|.615|13|40|5|5|2|12|15
27|27|2012-02-18||Louisiana-Lafayette|L|53|57|19|65|.292|4|13|.308|11|24|.458|14|38|8|6|3|10|22||17|52|.327|2|18|.111|21|34|.618|13|45|6|6|9|14|23
28|28|2012-02-23|@|Arkansas-Little Rock|W (1 OT)|75|67|29|63|.460|6|18|.333|11|16|.688|12|40|12|0|2|14|25||18|57|.316|6|17|.353|25|33|.758|11|35|11|6|2|12|20
29|29|2012-02-26|@|Denver|L|52|64|20|49|.408|3|7|.429|9|14|.643|6|36|10|4|4|19|7||24|62|.387|7|25|.280|9|9|1.000|6|28|13|15|6|6|16
30|30|2012-03-04|N|Louisiana-Lafayette|W|65|62|25|60|.417|4|7|.571|11|13|.846|10|37|7|5|9|15|13||24|59|.407|4|19|.211|10|14|.714|8|33|10|9|4|17|16
31|31|2012-03-05|N|Arkansas State|W|76|72|27|46|.587|8|13|.615|14|16|.875|5|23|13|1|5|11|15||28|60|.467|9|23|.391|7|9|.778|11|27|13|1|0|12|17
32|32|2012-03-06|N|Western Kentucky|L|70|74|27|61|.443|5|13|.385|11|14|.786|11|30|15|1|4|10|19||25|57|.439|5|15|.333|19|22|.864|11|34|9|2|5|11|13
