ranker|game_season|date_game|game_location|opp_id|game_result|pts|opp_pts|fg|fga|fg_pct|fg3|fg3a|fg3_pct|ft|fta|ft_pct|orb|trb|ast|stl|blk|tov|pf|x|opp_fg|opp_fga|opp_fg_pct|opp_fg3|opp_fg3a|opp_fg3_pct|opp_ft|opp_fta|opp_ft_pct|opp_orb|opp_trb|opp_ast|opp_stl|opp_blk|opp_tov|opp_pf|
1|1|2011-11-12|@|Old Dominion|W|63|46|24|49|.490|9|23|.391|6|7|.857|4|29|12|10|3|17|24||12|44|.273|5|17|.294|17|25|.680|11|29|9|8|5|18|14
2|2|2011-11-15|@|Saint Mary's (CA)|L|41|57|16|59|.271|6|19|.316|3|5|.600|8|31|7|7|1|14|19||21|51|.412|7|22|.318|8|13|.615|8|39|12|10|3|15|14
3|3|2011-11-20||Northern Colorado|W|78|69|24|48|.500|11|28|.393|19|22|.864|3|19|16|11|2|14|15||22|45|.489|13|20|.650|12|12|1.000|5|22|13|8|2|25|23
4|4|2011-11-22||Western Carolina|W|59|39|23|47|.489|5|17|.294|8|11|.727|8|31|12|6|5|12|15||14|47|.298|2|17|.118|9|12|.750|7|24|4|4|2|12|13
5|5|2011-11-25|N|Rice|W|64|60|22|47|.468|7|18|.389|13|21|.619|8|32|7|5|2|15|15||23|54|.426|3|16|.188|11|20|.550|7|27|6|8|4|12|15
6|6|2011-11-26|N|Providence|W|79|62|27|57|.474|9|21|.429|16|28|.571|10|30|15|6|2|7|16||25|56|.446|3|10|.300|9|17|.529|9|36|8|4|2|14|22
7|7|2011-11-30|@|Iowa State|W|69|62|24|50|.480|9|24|.375|12|18|.667|7|32|11|6|1|11|20||22|52|.423|4|18|.222|14|19|.737|7|27|10|6|1|10|17
8|8|2011-12-03||Colorado State|W|83|77|25|42|.595|8|17|.471|25|32|.781|2|20|13|9|3|11|17||28|55|.509|10|20|.500|11|13|.846|8|26|10|3|2|13|23
9|9|2011-12-06||Iowa|W|80|60|20|44|.455|11|21|.524|29|33|.879|3|25|9|2|3|10|15||28|55|.509|1|12|.083|3|9|.333|6|30|10|5|0|12|25
10|10|2011-12-10||Milwaukee|W|67|51|20|54|.370|9|19|.474|18|22|.818|13|31|8|7|1|6|16||18|42|.429|5|19|.263|10|13|.769|5|25|6|2|1|15|16
11|11|2011-12-19||Loras|W|84|48|29|56|.518|11|20|.550|15|20|.750|4|33|16|11|0|5|16||18|51|.353|5|16|.313|7|12|.583|4|26|6|2|1|15|17
12|12|2011-12-20||Ohio|L|59|76|19|54|.352|6|20|.300|15|20|.750|7|28|11|4|3|9|13||30|58|.517|11|21|.524|5|9|.556|8|34|15|8|3|10|16
13|13|2011-12-29|@|Illinois State|L|61|65|25|67|.373|9|28|.321|2|2|1.000|9|27|12|7|1|7|17||24|47|.511|7|14|.500|10|16|.625|6|35|14|2|6|16|11
14|14|2012-01-01||Evansville|L|65|76|22|54|.407|8|27|.296|13|23|.565|13|31|13|4|2|18|23||23|48|.479|6|14|.429|24|26|.923|5|30|12|11|0|15|23
15|15|2012-01-04||Indiana State|W|65|48|24|56|.429|7|15|.467|10|15|.667|9|35|8|8|3|12|15||18|48|.375|3|15|.200|9|15|.600|4|26|5|6|2|16|15
16|16|2012-01-07|@|Drake|W|83|68|26|47|.553|4|8|.500|27|34|.794|7|32|9|6|3|14|19||23|53|.434|5|18|.278|17|22|.773|8|23|7|7|4|13|27
17|17|2012-01-10|@|Creighton|L|60|63|22|59|.373|12|26|.462|4|7|.571|10|31|12|6|2|5|11||24|50|.480|6|15|.400|9|14|.643|7|32|16|2|4|9|11
18|18|2012-01-13||Missouri State|W|61|60|23|53|.434|7|19|.368|8|10|.800|7|33|8|5|0|12|15||22|54|.407|8|21|.381|8|9|.889|7|31|11|6|2|12|17
19|19|2012-01-15|@|Bradley|L|67|78|22|54|.407|11|29|.379|12|18|.667|7|34|13|6|1|14|23||24|54|.444|8|18|.444|22|27|.815|6|33|11|8|1|9|15
20|20|2012-01-18||Wichita State|L|68|71|25|52|.481|6|20|.300|12|16|.750|5|27|12|5|2|10|17||23|48|.479|5|19|.263|20|24|.833|4|25|8|6|1|8|20
21|21|2012-01-22||Drake|W|66|52|22|51|.431|6|15|.400|16|24|.667|8|35|11|4|3|6|10||21|55|.382|6|19|.316|4|7|.571|5|29|7|4|4|10|17
22|22|2012-01-25|@|Indiana State|L|54|59|18|50|.360|6|21|.286|12|15|.800|6|26|12|9|0|8|14||23|49|.469|8|16|.500|5|8|.625|7|32|14|4|2|11|14
23|23|2012-01-28|@|Missouri State|L|51|63|20|53|.377|5|19|.263|6|11|.545|7|27|12|4|1|9|16||23|55|.418|7|16|.438|10|12|.833|11|36|11|4|1|8|13
24|24|2012-01-31||Southern Illinois|W|58|49|17|41|.415|4|13|.308|20|28|.714|5|27|11|5|1|11|14||18|51|.353|5|16|.313|8|12|.667|9|30|8|3|2|10|22
25|25|2012-02-04||Creighton|W|65|62|23|57|.404|11|21|.524|8|15|.533|5|27|11|5|2|2|15||24|57|.421|5|16|.313|9|12|.750|11|42|5|2|4|11|19
26|26|2012-02-08|@|Wichita State|L|57|82|20|51|.392|8|21|.381|9|13|.692|6|22|11|5|0|11|9||33|59|.559|12|19|.632|4|4|1.000|8|32|20|6|2|8|10
27|27|2012-02-11||Illinois State|W|78|63|25|50|.500|12|21|.571|16|21|.762|7|33|18|4|3|14|12||25|55|.455|9|26|.346|4|8|.500|3|23|10|6|1|12|17
28|28|2012-02-15|@|Evansville|L|62|63|25|49|.510|5|16|.313|7|9|.778|7|30|7|9|5|15|13||27|54|.500|7|18|.389|2|7|.286|9|24|19|7|1|12|12
29|29|2012-02-17|@|Virginia Commonwealth|L|68|77|25|45|.556|9|17|.529|9|13|.692|3|23|15|7|1|18|16||26|54|.481|8|21|.381|17|20|.850|9|28|17|12|5|11|15
30|30|2012-02-22||Bradley|W|64|55|20|47|.426|8|23|.348|16|19|.842|10|34|10|4|0|11|11||20|48|.417|9|22|.409|6|12|.500|5|22|10|5|2|10|19
31|31|2012-02-25|@|Southern Illinois|W|65|61|17|42|.405|8|19|.421|23|30|.767|4|29|9|3|1|11|16||24|56|.429|4|12|.333|9|15|.600|8|31|14|5|1|9|23
32|32|2012-03-02|N|Illinois State|L|42|54|14|55|.255|7|23|.304|7|10|.700|5|31|11|2|3|7|14||20|58|.345|3|20|.150|11|13|.846|7|40|6|4|9|8|13
33|33|2012-03-14|@|Saint Joseph's|W|67|65|24|64|.375|3|20|.150|16|20|.800|11|34|11|5|1|5|15||23|52|.442|6|21|.286|13|22|.591|6|33|12|4|10|9|15
34|34|2012-03-18|@|Drexel|L|63|65|22|48|.458|10|23|.435|9|13|.692|7|30|11|6|2|13|18||23|44|.523|7|10|.700|12|19|.632|3|20|15|3|1|11|15
