ranker|game_season|date_game|game_location|opp_id|game_result|pts|opp_pts|fg|fga|fg_pct|fg3|fg3a|fg3_pct|ft|fta|ft_pct|orb|trb|ast|stl|blk|tov|pf|x|opp_fg|opp_fga|opp_fg_pct|opp_fg3|opp_fg3a|opp_fg3_pct|opp_ft|opp_fta|opp_ft_pct|opp_orb|opp_trb|opp_ast|opp_stl|opp_blk|opp_tov|opp_pf|
1|1|2011-11-11||LeTourneau|W|87|61|28|64|.438|4|21|.190|27|49|.551|21|56|19|9|11|20|22||19|61|.311|4|16|.250|19|30|.633|9|33|6|10|1|19|30
2|2|2011-11-13|@|Arkansas-Little Rock|L|66|72|20|56|.357|8|23|.348|18|31|.581|8|27|9|5|5|11|21||26|53|.491|5|14|.357|15|22|.682|4|27|16|4|2|15|24
3|3|2011-11-17|@|Alabama State|W|67|60|27|60|.450|2|14|.143|11|21|.524|9|39|11|12|11|14|14||23|68|.338|6|25|.240|8|16|.500|14|40|12|8|1|17|18
4|4|2011-11-19|@|Marshall|L|61|83|22|61|.361|5|19|.263|12|21|.571|9|27|8|11|7|14|23||30|69|.435|6|22|.273|17|26|.654|17|50|17|6|8|22|23
5|5|2011-11-21|@|Cincinnati|L|43|71|15|54|.278|4|16|.250|9|15|.600|9|22|8|13|3|16|22||25|46|.543|5|11|.455|16|28|.571|11|42|10|6|7|19|11
6|6|2011-11-25||Jacksonville State|W (1 OT)|66|61|20|50|.400|4|18|.222|22|38|.579|9|40|9|5|9|18|18||23|64|.359|6|19|.316|9|15|.600|11|35|9|11|1|13|32
7|7|2011-11-29||Arkansas-Little Rock|W|80|65|25|55|.455|8|21|.381|22|31|.710|15|36|17|12|9|16|23||22|55|.400|5|14|.357|16|25|.640|9|27|11|5|1|16|23
8|8|2011-12-02|@|Missouri|L|56|90|21|61|.344|6|20|.300|8|13|.615|14|29|9|7|4|16|15||36|65|.554|9|22|.409|9|15|.600|14|39|21|9|2|13|12
9|9|2011-12-06|@|Louisiana Tech|L (2 OT)|93|94|31|68|.456|12|24|.500|19|35|.543|10|32|13|12|8|10|19||33|70|.471|13|25|.520|15|19|.789|10|41|23|4|2|20|27
10|10|2011-12-15|@|Louisiana-Monroe|W|76|63|23|50|.460|13|28|.464|17|27|.630|7|28|15|12|6|12|22||20|47|.426|2|9|.222|21|29|.724|6|26|11|8|3|15|23
11|11|2011-12-17||Missouri Valley|W|85|39|33|63|.524|5|19|.263|14|20|.700|13|43|20|15|6|15|14||12|50|.240|6|24|.250|9|16|.563|9|28|8|7|1|27|18
12|12|2011-12-19||Central Methodist|W|89|79|31|63|.492|9|23|.391|18|27|.667|15|36|16|12|4|12|9||31|57|.544|9|19|.474|8|13|.615|5|25|14|6|5|16|22
13|13|2011-12-22|N|Mississippi State|L|67|82|27|63|.429|5|18|.278|8|15|.533|12|34|3|5|3|15|14||31|68|.456|4|12|.333|16|19|.842|16|44|14|9|5|11|13
14|14|2011-12-31|@|Oklahoma|L|63|83|22|60|.367|6|24|.250|13|19|.684|9|24|11|7|3|17|19||31|55|.564|3|5|.600|18|22|.818|8|33|17|5|7|18|18
15|15|2012-01-07||Texas State|W|83|68|31|65|.477|7|20|.350|14|26|.538|18|36|20|14|5|14|23||23|51|.451|4|11|.364|18|27|.667|10|30|13|8|2|23|21
16|16|2012-01-11|@|Nicholls State|W|80|79|25|47|.532|1|11|.091|29|37|.784|8|31|9|7|7|13|19||28|62|.452|11|27|.407|12|18|.667|6|26|14|6|2|13|27
17|17|2012-01-14||Central Arkansas|L|73|77|26|62|.419|3|19|.158|18|35|.514|19|46|10|7|9|17|19||28|61|.459|10|23|.435|11|21|.524|7|30|15|11|4|17|26
18|18|2012-01-18|@|Texas-San Antonio|L|62|80|19|55|.345|9|28|.321|15|25|.600|12|31|13|4|8|14|21||26|58|.448|11|22|.500|17|20|.850|12|38|14|7|2|14|18
19|19|2012-01-21|@|McNeese State|W|64|61|21|56|.375|6|21|.286|16|21|.762|9|23|10|9|3|16|18||26|48|.542|3|11|.273|6|11|.545|10|31|7|8|2|24|18
20|20|2012-01-25||Lamar|W|74|62|26|53|.491|5|14|.357|17|24|.708|11|36|14|4|9|16|18||24|73|.329|1|12|.083|13|25|.520|24|46|8|9|0|12|24
21|21|2012-01-28||Southeastern Louisiana|W|55|38|21|58|.362|2|14|.143|11|23|.478|15|44|8|13|12|12|15||16|58|.276|4|15|.267|2|9|.222|17|40|8|6|4|21|17
22|22|2012-02-01|@|Central Arkansas|W|79|68|34|57|.596|7|16|.438|4|15|.267|7|26|22|12|9|17|19||28|62|.452|0|10|.000|12|20|.600|13|33|20|7|2|19|18
23|23|2012-02-04||Texas A&M-Corpus Christi|W|82|68|28|57|.491|10|21|.476|16|26|.615|6|32|20|8|8|9|18||24|60|.400|8|20|.400|12|18|.667|13|38|15|4|4|15|21
24|24|2012-02-08|@|Lamar|L|66|85|25|60|.417|8|14|.571|8|14|.571|14|35|14|3|5|18|20||33|67|.493|3|11|.273|16|25|.640|16|37|16|9|2|7|17
25|25|2012-02-11|@|Southeastern Louisiana|L|61|66|21|59|.356|6|23|.261|13|17|.765|9|34|8|5|7|14|19||24|61|.393|3|9|.333|15|21|.714|9|33|13|6|8|11|18
26|26|2012-02-13||McNeese State|L|61|70|19|57|.333|5|20|.250|18|24|.750|10|32|14|11|3|16|15||29|63|.460|3|10|.300|9|23|.391|20|49|12|10|4|18|18
27|27|2012-02-18||Campbell|W|100|86|30|59|.508|7|18|.389|33|53|.623|12|37|18|9|5|13|28||26|66|.394|7|21|.333|27|40|.675|19|43|11|9|5|19|33
28|28|2012-02-22||Sam Houston State|L|37|50|13|66|.197|0|26|.000|11|25|.440|16|44|2|12|6|15|31||15|41|.366|4|14|.286|16|39|.410|10|47|5|5|4|23|23
29|29|2012-02-25|@|Texas-Arlington|L|70|79|24|50|.480|7|23|.304|15|25|.600|10|26|12|7|5|19|27||26|59|.441|2|18|.111|25|40|.625|20|37|10|8|1|14|18
30|30|2012-02-29||Nicholls State|W|92|61|35|55|.636|11|18|.611|11|17|.647|7|31|27|9|6|15|19||21|52|.404|7|19|.368|12|20|.600|6|20|15|9|2|20|13
31|31|2012-03-03|@|Stephen F. Austin|L|52|62|18|46|.391|5|15|.333|11|17|.647|7|26|10|5|6|17|31||22|55|.400|1|10|.100|17|38|.447|19|40|10|4|2|10|15
32|32|2012-03-07|N|Lamar|L|69|76|28|62|.452|3|16|.188|10|13|.769|8|28|12|4|2|8|18||28|66|.424|3|10|.300|17|23|.739|17|41|13|6|6|7|14
