ranker|game_season|date_game|game_location|opp_id|game_result|pts|opp_pts|fg|fga|fg_pct|fg3|fg3a|fg3_pct|ft|fta|ft_pct|orb|trb|ast|stl|blk|tov|pf|x|opp_fg|opp_fga|opp_fg_pct|opp_fg3|opp_fg3a|opp_fg3_pct|opp_ft|opp_fta|opp_ft_pct|opp_orb|opp_trb|opp_ast|opp_stl|opp_blk|opp_tov|opp_pf|
1|1|2011-11-11||Texas A&M-Corpus Christi|W|71|39|26|58|.448|6|21|.286|13|22|.591|5|34|11|11|8|6|18||16|49|.327|1|15|.067|6|14|.429|7|34|7|4|6|20|23
2|2|2011-11-15||Arkansas-Pine Bluff|W|73|46|27|62|.435|7|21|.333|12|22|.545|18|48|10|11|5|15|19||19|61|.311|3|15|.200|5|12|.417|15|36|9|6|4|16|17
3|3|2011-11-16||Texas-San Antonio|W (1 OT)|90|85|27|68|.397|14|38|.368|22|28|.786|16|48|17|3|2|15|24||26|62|.419|10|23|.435|23|31|.742|4|29|11|6|3|11|25
4|4|2011-11-23|N|Stanford|L|67|82|24|54|.444|6|15|.400|13|18|.722|4|25|10|9|12|14|22||29|61|.475|9|19|.474|15|21|.714|7|32|16|9|3|14|19
5|5|2011-11-25|N|Virginia Tech|L|57|59|20|49|.408|3|17|.176|14|21|.667|7|29|9|3|5|11|25||18|57|.316|4|16|.250|19|30|.633|20|43|7|6|4|11|20
6|6|2011-11-30||Tulsa|W|59|56|17|46|.370|5|14|.357|20|29|.690|5|24|6|11|6|17|19||20|53|.377|3|13|.231|13|19|.684|11|35|10|11|4|19|23
7|7|2011-12-04||Langston|W|80|58|27|47|.574|7|21|.333|19|27|.704|5|35|15|10|6|21|21||21|59|.356|6|23|.261|10|21|.476|9|22|6|10|1|18|24
8|8|2011-12-07|@|Missouri State|W|72|67|19|47|.404|3|11|.273|31|41|.756|9|30|7|8|2|8|26||21|51|.412|6|22|.273|19|26|.731|7|32|12|3|3|12|25
9|9|2011-12-10|N|Pittsburgh|L|68|74|26|62|.419|7|18|.389|9|13|.692|8|23|10|5|8|4|23||26|49|.531|4|10|.400|18|29|.621|9|37|14|2|5|10|17
10|10|2011-12-17|N|New Mexico|L|56|66|18|56|.321|8|19|.421|12|16|.750|8|39|10|4|1|15|22||22|61|.361|5|17|.294|17|25|.680|13|44|9|8|4|8|18
11|11|2011-12-21|N|Alabama|L|52|69|18|55|.327|3|15|.200|13|16|.813|8|33|9|2|5|15|15||26|56|.464|7|15|.467|10|18|.556|7|32|16|10|7|11|16
12|12|2011-12-28|N|Southern Methodist|W (2 OT)|68|58|24|60|.400|7|24|.292|13|20|.650|8|40|11|7|4|15|14||21|60|.350|7|27|.259|9|13|.692|5|30|13|11|2|14|14
13|13|2011-12-31||Virginia Tech|L|61|67|23|55|.418|8|22|.364|7|11|.636|6|24|9|6|3|12|17||24|59|.407|4|16|.250|15|17|.882|16|43|6|3|2|15|14
14|14|2012-01-04||Texas Tech|W|67|59|20|51|.392|6|17|.353|21|25|.840|4|24|11|8|4|2|16||19|48|.396|5|16|.313|16|18|.889|8|37|12|1|0|13|19
15|15|2012-01-07|@|Texas|L|49|58|19|47|.404|6|16|.375|5|11|.455|7|32|6|0|7|21|29||18|60|.300|3|18|.167|19|29|.655|13|36|9|11|5|10|17
16|16|2012-01-09||Oklahoma|W|72|65|22|57|.386|5|20|.250|23|30|.767|12|43|13|2|2|13|18||24|74|.324|4|17|.235|13|20|.650|21|49|7|9|1|10|23
17|17|2012-01-14|@|Baylor|L|65|106|21|54|.389|5|19|.263|18|24|.750|6|22|9|7|4|19|21||36|68|.529|15|28|.536|19|23|.826|15|44|25|10|5|14|21
18|18|2012-01-18|@|Iowa State|L|68|71|28|57|.491|7|16|.438|5|10|.500|8|27|21|4|3|8|16||25|50|.500|10|27|.370|11|16|.688|4|23|15|3|1|9|12
19|19|2012-01-21||Kansas State|L|58|66|16|46|.348|1|16|.063|25|29|.862|6|27|8|7|4|16|28||20|55|.364|3|14|.214|23|40|.575|21|49|6|4|3|16|23
20|20|2012-01-25||Missouri|W|79|72|31|52|.596|5|13|.385|12|14|.857|5|32|14|7|7|15|12||26|65|.400|4|19|.211|16|18|.889|12|30|8|11|2|10|14
21|21|2012-01-28|@|Texas A&M|L|61|76|22|58|.379|4|21|.190|13|15|.867|12|29|11|6|1|14|23||28|48|.583|4|15|.267|16|22|.727|5|26|18|7|5|13|18
22|22|2012-01-31|@|Texas Tech|W|80|63|20|44|.455|7|20|.350|33|35|.943|6|22|13|4|2|8|22||22|44|.500|4|11|.364|15|23|.652|5|22|11|4|0|12|24
23|23|2012-02-04||Baylor|L|60|64|20|50|.400|6|19|.316|14|15|.933|7|28|7|7|5|14|18||24|59|.407|4|19|.211|12|16|.750|14|37|6|6|2|15|17
24|24|2012-02-07||Iowa State|W|69|67|25|54|.463|5|20|.250|14|17|.824|4|30|10|6|4|7|15||23|60|.383|8|21|.381|13|19|.684|12|38|11|5|1|9|16
25|25|2012-02-11|@|Kansas|L|66|79|18|55|.327|5|21|.238|25|29|.862|3|19|7|11|3|6|17||30|62|.484|4|15|.267|15|19|.789|15|48|18|5|8|14|16
26|26|2012-02-15|@|Missouri|L|65|83|28|61|.459|6|14|.429|3|7|.429|9|25|16|5|3|6|14||32|61|.525|7|18|.389|12|15|.800|9|31|15|5|1|6|6
27|27|2012-02-18||Texas|W|90|78|21|41|.512|5|14|.357|43|56|.768|5|27|9|11|8|8|17||28|57|.491|8|16|.500|14|18|.778|7|25|9|5|1|15|30
28|28|2012-02-22|@|Oklahoma|L|64|77|22|60|.367|13|31|.419|7|14|.500|6|28|14|4|4|12|17||29|62|.468|5|11|.455|14|21|.667|12|46|16|4|7|12|15
29|29|2012-02-25||Texas A&M|W|60|42|21|45|.467|7|17|.412|11|17|.647|5|32|15|7|3|10|14||15|47|.319|4|17|.235|8|12|.667|8|27|6|7|2|10|14
30|30|2012-02-27||Kansas|L|58|70|20|47|.426|11|25|.440|7|14|.500|4|22|12|4|3|10|16||26|50|.520|5|12|.417|13|18|.722|7|33|14|5|4|8|18
31|31|2012-03-03|@|Kansas State|L|58|77|23|50|.460|8|17|.471|4|10|.400|7|26|16|8|1|19|18||30|58|.517|6|22|.273|11|16|.688|12|35|21|8|3|11|12
32|32|2012-03-07|N|Texas Tech|W|76|60|27|52|.519|6|18|.333|16|16|1.000|3|19|15|11|3|7|17||21|48|.438|4|17|.235|14|19|.737|8|29|11|4|1|18|18
33|33|2012-03-08|N|Missouri|L|70|88|26|56|.464|9|23|.391|9|13|.692|3|18|15|5|2|9|15||35|59|.593|7|17|.412|11|15|.733|8|37|22|8|3|10|12
