ranker|game_season|date_game|game_location|opp_id|game_result|pts|opp_pts|fg|fga|fg_pct|fg3|fg3a|fg3_pct|ft|fta|ft_pct|orb|trb|ast|stl|blk|tov|pf|x|opp_fg|opp_fga|opp_fg_pct|opp_fg3|opp_fg3a|opp_fg3_pct|opp_ft|opp_fta|opp_ft_pct|opp_orb|opp_trb|opp_ast|opp_stl|opp_blk|opp_tov|opp_pf|
1|1|2011-11-11|@|West Virginia|L|71|78|23|57|.404|3|12|.250|22|30|.733|17|33|14|11|0|22|18||30|51|.588|5|15|.333|13|17|.765|6|23|19|13|3|21|25
2|2|2011-11-15|N|Texas-San Antonio|L|77|78|26|52|.500|6|22|.273|19|27|.704|11|27|15|4|0|15|17||27|49|.551|7|16|.438|17|23|.739|8|21|12|10|1|14|25
3|3|2011-11-16|N|Arkansas-Pine Bluff|W|80|44|27|51|.529|9|22|.409|17|22|.773|9|31|14|14|1|12|13||16|40|.400|3|13|.231|9|15|.600|3|18|9|10|1|20|16
4|4|2011-11-19||Austin Peay|W|71|59|24|58|.414|6|20|.300|17|22|.773|13|36|11|5|2|9|14||22|60|.367|4|18|.222|11|16|.688|10|29|12|5|1|12|19
5|5|2011-11-21||Southern Methodist|W|62|56|18|38|.474|4|14|.286|22|27|.815|7|30|11|3|3|15|16||20|48|.417|6|17|.353|10|15|.667|5|16|7|10|0|9|22
6|6|2011-11-22||Florida International|W|73|65|27|49|.551|8|20|.400|11|18|.611|7|27|19|4|3|13|16||23|52|.442|8|16|.500|11|16|.688|10|26|7|8|1|12|19
7|7|2011-11-30||Missouri State|W|68|63|22|53|.415|6|15|.400|18|26|.692|11|31|13|6|0|16|12||25|57|.439|7|15|.467|6|10|.600|8|29|14|5|4|13|22
8|8|2011-12-03||Southern Utah|W|61|55|23|54|.426|3|11|.273|12|14|.857|14|28|9|6|4|12|17||21|45|.467|0|8|.000|13|15|.867|6|22|15|4|1|15|17
9|9|2011-12-08|@|Oklahoma|L|59|73|22|60|.367|1|15|.067|14|19|.737|11|26|11|9|3|12|18||27|54|.500|3|7|.429|16|20|.800|12|36|15|7|3|15|19
10|10|2011-12-12|@|Arkansas-Little Rock|W|58|55|20|50|.400|4|15|.267|14|22|.636|13|36|12|3|9|16|17||21|51|.412|1|8|.125|12|19|.632|8|28|9|9|3|10|23
11|11|2011-12-15|@|Gonzaga|L|61|67|24|60|.400|5|15|.333|8|13|.615|10|25|9|9|0|9|19||23|45|.511|7|21|.333|14|19|.737|7|37|17|4|4|17|16
12|12|2011-12-18|@|Xavier|W|64|42|25|56|.446|7|20|.350|7|11|.636|6|28|17|13|4|9|13||17|52|.327|1|11|.091|7|11|.636|10|33|11|2|5|17|10
13|13|2011-12-22||Texas Tech|W|72|56|20|45|.444|9|19|.474|23|32|.719|5|23|11|9|2|11|17||23|46|.500|1|7|.143|9|15|.600|6|27|15|4|1|20|25
14|14|2011-12-28|@|Missouri-Kansas City|W|72|65|25|49|.510|0|11|.000|22|26|.846|12|40|11|4|3|19|19||21|56|.375|10|30|.333|13|20|.650|5|13|16|13|1|9|23
15|15|2011-12-30|@|South Dakota|W|79|67|30|56|.536|10|19|.526|9|14|.643|4|23|25|5|0|11|15||23|48|.479|6|12|.500|15|17|.882|4|28|14|6|4|17|16
16|16|2012-01-03|@|Oakland|W|89|80|34|51|.667|11|16|.688|10|13|.769|6|29|21|2|9|18|18||31|68|.456|7|21|.333|11|17|.647|10|21|12|11|3|7|16
17|17|2012-01-05||North Dakota State|W|89|80|30|58|.517|9|16|.563|20|23|.870|13|25|14|6|0|8|11||31|46|.674|8|11|.727|10|15|.667|5|22|13|6|4|16|19
18|18|2012-01-07||South Dakota State|W|97|75|37|61|.607|10|21|.476|13|14|.929|9|28|20|7|1|6|14||30|54|.556|9|18|.500|6|9|.667|5|19|15|2|0|10|17
19|19|2012-01-12|@|Western Illinois|W (2 OT)|71|70|23|55|.418|2|12|.167|23|26|.885|7|29|11|8|3|13|24||25|53|.472|2|10|.200|18|24|.750|6|25|16|9|6|12|20
20|20|2012-01-14|@|IUPUI|W|81|71|25|49|.510|5|12|.417|26|35|.743|11|35|12|2|1|11|15||31|66|.470|1|10|.100|8|12|.667|10|27|11|6|5|3|22
21|21|2012-01-19||IPFW|W|65|54|21|48|.438|5|17|.294|18|27|.667|6|23|15|9|4|12|18||20|49|.408|2|10|.200|12|18|.667|11|33|9|5|0|18|24
22|22|2012-01-21||Oakland|W|93|86|34|61|.557|10|20|.500|15|18|.833|11|25|22|6|3|8|16||30|53|.566|15|28|.536|11|17|.647|8|21|13|6|3|12|20
23|23|2012-01-26||South Dakota|W|97|64|34|60|.567|9|16|.563|20|24|.833|9|33|21|13|2|16|16||25|55|.455|6|18|.333|8|13|.615|6|23|11|5|1|24|21
24|24|2012-01-28||Missouri-Kansas City|W|77|67|27|45|.600|5|7|.714|18|25|.720|6|25|13|5|1|17|19||24|49|.490|8|20|.400|11|18|.611|6|19|10|7|0|15|22
25|25|2012-02-02|@|South Dakota State|L|60|75|23|46|.500|3|13|.231|11|14|.786|7|24|10|5|3|14|21||26|54|.481|6|21|.286|17|20|.850|10|23|16|9|0|7|16
26|26|2012-02-04|@|North Dakota State|W|85|76|30|50|.600|2|7|.286|23|30|.767|5|24|10|4|2|7|17||25|49|.510|10|21|.476|16|21|.762|4|20|15|2|3|11|22
27|27|2012-02-09||IUPUI|W (1 OT)|76|74|26|57|.456|3|13|.231|21|24|.875|9|30|8|6|3|12|22||25|54|.463|8|15|.533|16|20|.800|9|30|7|7|3|11|19
28|28|2012-02-11||Western Illinois|W|61|51|20|44|.455|3|12|.250|18|22|.818|7|28|11|3|0|9|18||17|41|.415|7|14|.500|10|16|.625|3|17|7|1|1|8|18
29|29|2012-02-15|@|IPFW|W|75|71|25|52|.481|4|13|.308|21|29|.724|10|28|12|8|4|17|19||24|51|.471|6|15|.400|17|19|.895|6|26|11|7|1|16|22
30|30|2012-02-18||Akron|W|67|61|25|54|.463|2|11|.182|15|21|.714|11|37|12|4|4|15|13||24|58|.414|5|22|.227|8|10|.800|6|24|16|8|4|11|20
31|31|2012-02-25|@|Southern Utah|W|73|71|27|49|.551|6|11|.545|13|23|.565|6|23|14|8|2|14|17||26|48|.542|3|9|.333|16|20|.800|8|24|13|9|3|15|17
32|32|2012-03-03|N|IPFW|W|71|67|23|50|.460|5|12|.417|20|32|.625|9|32|12|7|4|17|24||23|51|.451|5|16|.313|16|26|.615|8|30|11|7|4|17|25
33|33|2012-03-05|N|Western Illinois|L|53|54|20|48|.417|2|13|.154|11|16|.688|13|30|6|9|2|14|15||20|41|.488|6|13|.462|8|10|.800|4|19|10|5|4|12|13
34|34|2012-03-14||Nevada|L|59|68|24|60|.400|5|15|.333|6|8|.750|8|27|13|5|8|5|14||25|58|.431|6|11|.545|12|15|.800|13|41|16|2|6|10|10
