ranker|game_season|date_game|game_location|opp_id|game_result|pts|opp_pts|fg|fga|fg_pct|fg3|fg3a|fg3_pct|ft|fta|ft_pct|orb|trb|ast|stl|blk|tov|pf|x|opp_fg|opp_fga|opp_fg_pct|opp_fg3|opp_fg3a|opp_fg3_pct|opp_ft|opp_fta|opp_ft_pct|opp_orb|opp_trb|opp_ast|opp_stl|opp_blk|opp_tov|opp_pf|
1|1|2011-11-11|@|Vanderbilt|L|64|78|26|53|.491|6|20|.300|6|17|.353|7|33|15|4|5|20|24||27|66|.409|9|28|.321|15|27|.556|15|38|16|11|6|8|20
2|2|2011-11-17||Eastern Washington|W|73|65|20|44|.455|5|19|.263|28|44|.636|7|35|14|11|5|21|19||22|67|.328|9|27|.333|12|20|.600|14|35|9|13|2|15|31
3|3|2011-11-20||Southeast Missouri State|W|86|61|30|62|.484|6|16|.375|20|25|.800|10|33|17|12|5|8|21||22|49|.449|5|12|.417|12|18|.667|5|23|13|4|5|19|20
4|4|2011-11-23|@|Nebraska|W|83|76|26|53|.491|8|19|.421|23|32|.719|7|28|14|6|3|12|22||24|51|.471|7|19|.368|21|25|.840|3|28|15|4|5|14|26
5|5|2011-11-29||Texas-El Paso|W|64|59|20|46|.435|8|18|.444|16|19|.842|5|23|14|6|8|15|15||26|53|.491|1|6|.167|6|16|.375|8|26|12|8|4|13|15
6|6|2011-12-03|N|Brigham Young|L|65|79|22|57|.386|9|22|.409|12|21|.571|10|40|15|1|2|15|18||28|71|.394|10|26|.385|13|19|.684|13|40|18|8|5|10|19
7|7|2011-12-10||Fresno State|W|74|70|27|48|.563|7|22|.318|13|20|.650|7|29|16|4|5|16|17||27|61|.443|3|14|.214|13|19|.684|10|24|10|6|2|9|16
8|8|2011-12-12||Portland State|W|79|70|27|59|.458|7|20|.350|18|23|.783|12|33|18|7|7|7|16||24|56|.429|5|19|.263|17|20|.850|8|26|8|2|2|12|21
9|9|2011-12-18||Virginia|L|54|67|23|54|.426|3|15|.200|5|14|.357|6|25|11|4|0|6|14||25|55|.455|6|15|.400|11|13|.846|9|38|12|2|0|8|19
10|10|2011-12-20||North Carolina Central|W|58|45|16|49|.327|6|18|.333|20|22|.909|6|32|10|8|3|13|10||18|61|.295|4|20|.200|5|7|.714|11|33|6|10|7|16|17
11|11|2011-12-21||Prairie View|W|74|66|21|51|.412|10|21|.476|22|31|.710|7|37|11|9|2|18|17||26|65|.400|6|19|.316|8|12|.667|6|27|11|5|1|17|25
12|12|2011-12-22||Stephen F. Austin|W|55|45|18|43|.419|5|18|.278|14|23|.609|6|30|6|6|2|14|12||19|52|.365|1|12|.083|6|9|.667|9|27|10|7|2|12|20
13|13|2011-12-29|@|Washington State|W|92|75|34|49|.694|9|16|.563|15|25|.600|6|30|20|3|1|16|22||26|57|.456|9|21|.429|14|20|.700|7|21|18|8|2|10|22
14|14|2011-12-31|@|Washington|L|60|76|20|62|.323|5|23|.217|15|19|.789|14|35|11|6|3|15|13||29|54|.537|12|22|.545|6|13|.462|4|27|15|7|5|15|18
15|15|2012-01-05||Stanford|W|78|67|25|52|.481|8|17|.471|20|26|.769|10|29|13|6|4|11|12||27|64|.422|8|25|.320|5|9|.556|13|24|12|3|3|12|22
16|16|2012-01-08||California|L|60|77|23|60|.383|5|18|.278|9|15|.600|13|31|8|1|3|14|17||32|65|.492|6|14|.429|7|9|.778|14|38|14|6|5|10|17
17|17|2012-01-12|@|Arizona State|W|67|58|25|47|.532|8|19|.421|9|13|.692|2|19|17|7|4|8|17||21|41|.512|6|14|.429|10|14|.714|5|26|15|4|3|16|18
18|18|2012-01-14|@|Arizona|W|59|57|24|53|.453|6|15|.400|5|10|.500|7|25|15|8|4|11|18||19|46|.413|7|17|.412|12|20|.600|8|29|12|5|5|15|15
19|19|2012-01-19||Southern California|W|65|62|20|44|.455|6|16|.375|19|24|.792|11|31|9|5|2|19|15||25|61|.410|2|13|.154|10|12|.833|10|24|5|5|0|9|19
20|20|2012-01-21||UCLA|W|75|68|20|57|.351|7|20|.350|28|32|.875|13|33|9|4|2|10|17||27|61|.443|4|13|.308|10|21|.476|15|36|9|6|6|12|24
21|21|2012-01-29||Oregon State|L|71|76|23|60|.383|9|30|.300|16|24|.667|16|40|16|7|10|23|26||24|57|.421|7|17|.412|21|30|.700|10|29|15|12|0|17|19
22|22|2012-02-02|@|Utah|W|79|68|28|57|.491|8|16|.500|15|17|.882|9|33|17|7|4|7|20||20|48|.417|9|19|.474|19|25|.760|5|27|13|4|1|13|20
23|23|2012-02-04|@|Colorado|L|71|72|27|63|.429|7|20|.350|10|17|.588|9|34|12|9|3|14|23||22|47|.468|5|18|.278|23|30|.767|2|28|12|7|7|15|20
24|24|2012-02-09||Washington|W|82|57|31|55|.564|7|13|.538|13|23|.565|8|39|16|3|3|11|13||24|66|.364|2|16|.125|7|18|.389|14|34|7|8|0|13|20
25|25|2012-02-11||Washington State|W|78|69|26|47|.553|11|20|.550|15|18|.833|7|22|16|3|3|11|14||27|54|.500|8|19|.421|7|11|.636|11|24|15|6|3|10|19
26|26|2012-02-16|@|California|L|83|86|33|61|.541|6|18|.333|11|11|1.000|11|26|17|4|2|22|20||34|61|.557|2|10|.200|16|22|.727|10|25|15|8|2|13|15
27|27|2012-02-19|@|Stanford|W|68|64|28|63|.444|4|15|.267|8|12|.667|10|35|12|6|1|12|15||24|54|.444|5|16|.313|11|22|.500|6|29|14|5|4|12|16
28|28|2012-02-26|@|Oregon State|W|74|73|27|61|.443|7|20|.350|13|18|.722|11|30|9|6|1|11|18||26|57|.456|9|18|.500|12|18|.667|10|30|15|3|4|12|18
29|29|2012-03-01||Colorado|W|90|81|31|57|.544|8|14|.571|20|27|.741|11|28|12|12|2|11|15||30|55|.545|5|17|.294|16|19|.842|8|23|13|7|6|15|17
30|30|2012-03-03||Utah|W|94|48|35|62|.565|15|33|.455|9|13|.692|12|39|22|9|4|9|11||19|52|.365|2|13|.154|8|11|.727|5|21|6|3|3|14|10
31|31|2012-03-08|N|Colorado|L|62|63|27|68|.397|4|22|.182|4|8|.500|15|38|10|4|7|9|10||25|55|.455|5|15|.333|8|14|.571|4|25|10|5|2|7|11
32|32|2012-03-13||Louisiana State|W|96|76|34|59|.576|9|17|.529|19|29|.655|5|25|20|10|1|8|22||26|59|.441|7|19|.368|17|24|.708|10|26|18|3|3|17|23
33|33|2012-03-18||Iowa|W|108|97|35|59|.593|10|23|.435|28|32|.875|8|32|26|3|7|10|16||37|79|.468|10|22|.455|13|15|.867|15|30|19|6|0|8|23
34|34|2012-03-20|@|Washington|L|86|90|31|69|.449|7|25|.280|17|22|.773|12|34|17|3|3|7|24||28|62|.452|7|19|.368|27|35|.771|14|37|17|2|4|8|19
