ranker|game_season|date_game|game_location|opp_id|game_result|pts|opp_pts|fg|fga|fg_pct|fg3|fg3a|fg3_pct|ft|fta|ft_pct|orb|trb|ast|stl|blk|tov|pf|x|opp_fg|opp_fga|opp_fg_pct|opp_fg3|opp_fg3a|opp_fg3_pct|opp_ft|opp_fta|opp_ft_pct|opp_orb|opp_trb|opp_ast|opp_stl|opp_blk|opp_tov|opp_pf|
1|1|2011-11-12||Hartford|W|70|55|23|64|.359|10|23|.435|14|26|.538|14|36|13|15|1|13|22||19|44|.432|8|26|.308|9|16|.563|5|31|13|5|6|26|24
2|2|2011-11-14||Radford|W|62|46|24|53|.453|7|25|.280|7|12|.583|14|35|11|7|4|12|15||16|47|.340|9|26|.346|5|8|.625|3|17|9|3|3|16|16
3|3|2011-11-16||Long Island University|W|77|68|27|65|.415|9|27|.333|14|18|.778|14|35|17|8|5|8|24||17|47|.362|7|20|.350|27|35|.771|9|30|11|6|2|13|19
4|4|2011-11-19|N|Kentucky|L|47|85|18|67|.269|7|27|.259|4|12|.333|18|39|9|4|3|12|22||28|53|.528|10|20|.500|19|29|.655|9|41|19|7|8|10|16
5|5|2011-11-20|N|South Florida|W|53|49|17|45|.378|5|20|.250|14|21|.667|9|27|5|12|1|14|19||14|41|.341|5|20|.250|16|20|.800|11|27|4|6|2|19|23
6|6|2011-11-23||Youngstown State|W|82|71|26|46|.565|11|22|.500|19|31|.613|9|32|15|7|3|18|11||24|61|.393|14|27|.519|9|9|1.000|7|21|15|7|5|15|24
7|7|2011-11-26|@|Saint Joseph's|L|47|65|19|71|.268|7|28|.250|2|7|.286|13|36|11|6|3|11|20||20|49|.408|6|16|.375|19|25|.760|6|40|17|2|12|16|14
8|8|2011-11-30|@|Boston College|W|62|54|21|54|.389|7|24|.292|13|20|.650|10|34|7|7|2|14|23||16|44|.364|8|24|.333|14|22|.636|6|28|10|3|5|18|22
9|9|2011-12-04||Mississippi|L|70|72|26|54|.481|6|19|.316|12|19|.632|10|30|16|2|1|15|13||27|59|.458|11|24|.458|7|10|.700|8|27|14|10|4|12|23
10|10|2011-12-07||Lafayette|L|57|61|19|58|.328|3|23|.130|16|26|.615|18|44|14|6|1|13|18||18|47|.383|9|30|.300|16|20|.800|4|24|15|7|3|10|19
11|11|2011-12-10|N|Duquesne|L|59|66|21|49|.429|4|16|.250|13|16|.813|8|35|13|3|3|23|21||22|53|.415|5|24|.208|17|23|.739|7|26|15|11|3|14|18
12|12|2011-12-18||Mount St. Mary's|W|72|43|27|53|.509|8|20|.400|10|13|.769|9|31|14|9|3|11|15||17|47|.362|3|17|.176|6|9|.667|6|23|6|4|3|18|14
13|13|2011-12-21||Cornell|W|74|67|21|56|.375|10|24|.417|22|30|.733|15|37|10|9|5|12|13||20|53|.377|11|28|.393|16|17|.941|6|28|14|3|4|16|28
14|14|2011-12-29|@|Michigan|L|53|71|21|53|.396|4|15|.267|7|12|.583|8|28|6|4|1|13|17||25|53|.472|8|25|.320|13|15|.867|8|32|15|7|3|8|13
15|15|2012-01-01|@|Northwestern|L|56|68|18|53|.340|6|19|.316|14|23|.609|15|32|11|8|0|15|23||22|40|.550|9|21|.429|15|25|.600|3|25|13|6|5|12|16
16|16|2012-01-05||Purdue|W|65|45|24|55|.436|10|21|.476|7|10|.700|10|35|16|7|1|10|16||15|47|.319|6|23|.261|9|12|.750|6|25|10|6|5|12|15
17|17|2012-01-08||Indiana|L|82|88|27|59|.458|7|23|.304|21|25|.840|9|28|13|8|3|9|26||24|47|.511|16|24|.667|24|32|.750|4|27|17|5|3|16|23
18|18|2012-01-11|@|Nebraska|L|58|70|20|60|.333|3|24|.125|15|19|.789|12|32|5|9|3|13|21||22|40|.550|7|19|.368|19|29|.655|4|29|14|8|6|16|14
19|19|2012-01-15||Minnesota|L|66|80|18|60|.300|7|24|.292|23|28|.821|15|31|7|11|2|11|29||21|38|.553|5|10|.500|33|44|.750|3|29|13|3|7|17|23
20|20|2012-01-19||Illinois|W|54|52|20|49|.408|4|10|.400|10|13|.769|10|28|14|6|5|12|16||17|49|.347|7|22|.318|11|13|.846|10|30|14|5|3|14|15
21|21|2012-01-22|@|Indiana|L|54|73|17|50|.340|4|17|.235|16|23|.696|10|23|5|1|2|8|23||24|45|.533|7|16|.438|18|23|.783|7|30|10|5|6|9|25
22|22|2012-01-25|@|Ohio State|L|54|78|20|64|.313|5|16|.313|9|16|.563|11|31|7|4|2|10|26||25|50|.500|4|11|.364|24|34|.706|7|41|16|1|8|13|17
23|23|2012-01-31||Wisconsin|L|46|52|18|50|.360|2|10|.200|8|14|.571|9|32|9|3|2|9|20||17|48|.354|5|19|.263|13|19|.684|8|28|7|6|6|5|13
24|24|2012-02-04|@|Iowa|L|64|77|25|62|.403|10|29|.345|4|7|.571|8|29|12|6|2|15|26||22|48|.458|4|13|.308|29|34|.853|8|37|16|7|5|14|12
25|25|2012-02-08|@|Michigan State|L|57|77|20|52|.385|6|20|.300|11|16|.688|5|22|11|4|3|13|26||23|53|.434|8|21|.381|23|34|.676|14|41|16|9|3|13|18
26|26|2012-02-11||Nebraska|W|67|51|23|44|.523|9|23|.391|12|14|.857|4|29|13|8|2|13|15||19|48|.396|6|20|.300|7|11|.636|4|20|11|7|2|10|14
27|27|2012-02-16||Iowa|W|69|64|21|53|.396|5|17|.294|22|28|.786|11|31|11|7|3|8|22||20|49|.408|6|18|.333|18|27|.667|9|31|13|6|7|12|18
28|28|2012-02-19|@|Wisconsin|L|55|65|22|56|.393|4|18|.222|7|11|.636|7|24|8|7|2|5|15||20|47|.426|11|22|.500|14|17|.824|10|37|14|1|2|12|11
29|29|2012-02-25||Northwestern|L|66|67|29|57|.509|3|14|.214|5|9|.556|12|36|15|5|0|12|15||22|50|.440|15|29|.517|8|12|.667|4|18|15|8|6|9|13
30|30|2012-02-29|@|Purdue|L|56|80|22|48|.458|4|18|.222|8|10|.800|4|15|10|9|0|12|19||27|47|.574|9|22|.409|17|21|.810|8|29|21|3|2|13|14
31|31|2012-03-04||Michigan|L|65|71|22|55|.400|6|14|.429|15|18|.833|15|30|8|8|1|11|15||25|42|.595|10|18|.556|11|15|.733|4|23|10|5|5|13|19
32|32|2012-03-08|N|Indiana|L|58|75|19|55|.345|8|17|.471|12|16|.750|9|27|8|8|8|9|28||19|52|.365|8|18|.444|29|36|.806|11|38|11|4|2|10|16
