ranker|game_season|date_game|game_location|opp_id|game_result|pts|opp_pts|fg|fga|fg_pct|fg3|fg3a|fg3_pct|ft|fta|ft_pct|orb|trb|ast|stl|blk|tov|pf|x|opp_fg|opp_fga|opp_fg_pct|opp_fg3|opp_fg3a|opp_fg3_pct|opp_ft|opp_fta|opp_ft_pct|opp_orb|opp_trb|opp_ast|opp_stl|opp_blk|opp_tov|opp_pf|
1|1|2011-11-12||Pomona-Pitzer|W|59|50|18|52|.346|6|21|.286|17|21|.810|13|40|14|8|2|12|9||21|55|.382|8|25|.320|0|1|.000|5|23|16|5|5|12|17
2|2|2011-11-15|@|Arizona State|W|66|60|18|47|.383|8|11|.727|22|31|.710|9|33|13|6|3|14|19||18|53|.340|7|27|.259|17|23|.739|13|33|12|6|9|14|23
3|3|2011-11-19|@|Cal State Bakersfield|L|70|79|22|43|.512|8|15|.533|18|24|.750|6|23|14|3|1|19|24||25|45|.556|10|17|.588|19|26|.731|4|22|19|11|4|11|25
4|4|2011-11-21||Central Michigan|L|57|67|17|58|.293|7|23|.304|16|20|.800|17|40|13|6|0|14|17||25|49|.510|7|15|.467|10|17|.588|6|28|13|10|5|10|18
5|5|2011-11-26|@|Texas-San Antonio|W (1 OT)|70|64|25|60|.417|7|22|.318|13|22|.591|13|43|16|8|3|17|23||20|57|.351|8|24|.333|16|26|.615|11|35|12|7|3|17|20
6|6|2011-11-28|@|UCLA|L|39|62|15|48|.313|3|9|.333|6|13|.462|9|31|5|3|2|14|19||22|51|.431|4|14|.286|14|22|.636|9|34|11|10|8|7|16
7|7|2011-12-03||Hawaii|W|73|67|20|52|.385|6|17|.353|27|35|.771|9|26|16|6|3|8|20||22|48|.458|7|21|.333|16|19|.842|5|24|16|2|3|15|27
8|8|2011-12-07|@|Northern Arizona|W|49|40|17|42|.405|5|13|.385|10|15|.667|8|32|7|3|7|14|13||15|52|.288|2|15|.133|8|13|.615|11|28|5|8|1|7|14
9|9|2011-12-10||Cal State Northridge|L|70|73|23|51|.451|9|20|.450|15|22|.682|14|33|16|2|4|12|23||20|44|.455|7|17|.412|26|33|.788|4|20|12|7|3|7|21
10|10|2011-12-18||Montana State|W|59|36|21|47|.447|7|21|.333|10|14|.714|8|33|15|6|6|15|19||15|53|.283|1|10|.100|5|12|.417|9|24|7|5|2|13|16
11|11|2011-12-22|N|Washington State|L|56|67|21|59|.356|4|15|.267|10|16|.625|9|31|13|5|7|11|14||23|57|.404|7|16|.438|14|19|.737|6|31|15|6|5|10|16
12|12|2011-12-29||San Francisco|W|77|61|27|52|.519|5|13|.385|18|24|.750|10|37|14|4|4|15|17||23|61|.377|4|24|.167|11|15|.733|7|23|11|8|1|10|21
13|13|2011-12-31||Saint Mary's (CA)|L|45|74|17|46|.370|0|10|.000|11|18|.611|5|22|5|3|3|12|12||27|60|.450|10|23|.435|10|12|.833|9|37|14|9|2|7|18
14|14|2012-01-05|@|Gonzaga|L|45|73|13|46|.283|3|11|.273|16|22|.727|9|35|4|5|3|17|17||25|61|.410|10|27|.370|13|21|.619|10|37|16|13|5|9|16
15|15|2012-01-07|@|Portland|L|43|53|17|54|.315|0|14|.000|9|15|.600|14|37|7|8|7|14|19||18|48|.375|7|12|.583|10|18|.556|5|30|12|6|5|10|17
16|16|2012-01-12||Loyola Marymount|L|58|68|23|61|.377|4|19|.211|8|12|.667|11|36|12|3|4|8|21||24|56|.429|3|12|.250|17|28|.607|14|40|8|4|7|8|16
17|17|2012-01-14|@|San Francisco|L|63|78|21|49|.429|3|11|.273|18|23|.783|6|25|14|5|1|12|24||27|49|.551|4|16|.250|20|32|.625|9|31|15|7|1|10|21
18|18|2012-01-19|@|Saint Mary's (CA)|L|47|61|18|44|.409|6|11|.545|5|11|.455|9|28|8|6|4|17|14||20|47|.426|6|18|.333|15|16|.938|8|29|12|9|4|11|16
19|19|2012-01-21||Brigham Young|L|64|77|26|61|.426|4|17|.235|8|12|.667|4|28|19|3|4|8|23||23|49|.469|2|11|.182|29|38|.763|6|33|14|4|5|8|11
20|20|2012-01-26|@|San Diego|L|56|65|20|52|.385|4|13|.308|12|22|.545|14|36|10|3|2|13|20||22|47|.468|4|11|.364|17|31|.548|7|27|13|4|3|8|21
21|21|2012-01-28||Santa Clara|W|74|62|24|50|.480|6|8|.750|20|27|.741|11|31|15|5|2|16|14||24|51|.471|8|18|.444|6|10|.600|6|19|14|6|4|17|24
22|22|2012-02-02|@|Loyola Marymount|L|57|67|21|55|.382|2|15|.133|13|20|.650|15|33|12|6|1|14|18||23|53|.434|6|15|.400|15|23|.652|11|31|10|11|4|10|15
23|23|2012-02-04||Gonzaga|L|60|72|23|54|.426|8|21|.381|6|12|.500|8|26|17|2|3|10|19||22|44|.500|7|16|.438|21|28|.750|5|25|14|6|3|6|15
24|24|2012-02-09||San Diego|L|57|70|23|55|.418|5|16|.313|6|14|.429|8|25|19|5|2|8|19||25|49|.510|6|18|.333|14|22|.636|6|33|15|5|1|9|15
25|25|2012-02-11|@|Brigham Young|L|48|86|21|63|.333|2|16|.125|4|11|.364|13|33|14|8|1|16|16||27|65|.415|12|32|.375|20|24|.833|12|42|20|10|7|12|12
26|26|2012-02-16|@|Seattle|L|70|81|24|62|.387|9|25|.360|13|20|.650|10|36|14|4|3|15|21||27|60|.450|8|20|.400|19|24|.792|7|26|11|5|9|9|21
27|27|2012-02-18||Portland|W|70|65|25|55|.455|3|14|.214|17|24|.708|12|37|13|5|2|11|16||23|58|.397|4|16|.250|15|20|.750|10|25|10|6|2|8|18
28|28|2012-02-23|@|Santa Clara|W|63|57|23|54|.426|3|12|.250|14|26|.538|13|42|12|1|1|10|18||21|59|.356|5|25|.200|10|17|.588|12|32|9|2|7|6|22
29|29|2012-03-01|N|San Diego|L|54|76|20|51|.392|7|21|.333|7|14|.500|10|31|7|3|0|18|17||27|48|.563|8|16|.500|14|22|.636|5|27|17|9|4|9|17
