ranker|game_season|date_game|game_location|opp_id|game_result|pts|opp_pts|fg|fga|fg_pct|fg3|fg3a|fg3_pct|ft|fta|ft_pct|orb|trb|ast|stl|blk|tov|pf|x|opp_fg|opp_fga|opp_fg_pct|opp_fg3|opp_fg3a|opp_fg3_pct|opp_ft|opp_fta|opp_ft_pct|opp_orb|opp_trb|opp_ast|opp_stl|opp_blk|opp_tov|opp_pf|
1|1|2011-11-12||Wagner|L|57|73|20|43|.465|7|13|.538|10|18|.556|7|33|13|6|5|28|22||28|61|.459|5|11|.455|12|23|.522|15|35|12|14|4|15|19
2|2|2011-11-16|@|North Carolina State|L|58|60|21|53|.396|9|19|.474|7|13|.538|5|22|13|8|5|10|14||26|54|.481|1|8|.125|7|11|.636|10|34|15|8|5|14|11
3|3|2011-11-19||Buffalo|W|61|53|18|49|.367|7|24|.292|18|26|.692|8|37|11|8|2|16|18||20|60|.333|2|11|.182|11|19|.579|11|38|5|12|2|15|23
4|4|2011-11-22||Elon|L|55|56|19|58|.328|2|8|.250|15|29|.517|17|38|9|6|7|8|18||20|44|.455|4|7|.571|12|23|.522|6|30|6|3|5|13|25
5|5|2011-11-25|@|Bucknell|L|56|62|19|51|.373|9|32|.281|9|14|.643|6|26|11|3|1|10|23||22|45|.489|2|6|.333|16|26|.615|7|33|8|2|3|11|15
6|6|2011-11-26|N|Morehead State|L|56|68|20|53|.377|5|25|.200|11|16|.688|9|24|14|3|1|14|19||20|40|.500|6|11|.545|22|29|.759|5|28|8|8|3|15|22
7|7|2011-11-27|N|West Alabama|W|66|42|23|58|.397|12|35|.343|8|13|.615|13|43|19|12|3|11|13||16|50|.320|2|10|.200|8|15|.533|8|32|3|7|3|16|9
8|8|2011-11-30||Lafayette|W|69|54|28|55|.509|5|20|.250|8|14|.571|15|35|18|12|6|11|11||21|49|.429|6|17|.353|6|8|.750|6|20|8|6|0|15|12
9|9|2011-12-07|@|Rutgers|W|59|57|20|49|.408|7|23|.304|12|17|.706|8|27|17|6|2|15|15||20|53|.377|4|16|.250|13|18|.722|13|35|8|8|5|18|19
10|10|2011-12-10|@|Drexel|L|60|64|22|47|.468|4|14|.286|12|15|.800|3|24|11|3|4|9|20||20|51|.392|4|10|.400|20|24|.833|8|31|11|1|1|8|14
11|11|2011-12-14|@|Rider|W (1 OT)|72|71|28|60|.467|8|20|.400|8|17|.471|11|38|19|9|3|15|18||26|60|.433|6|11|.545|13|21|.619|12|37|10|9|7|14|14
12|12|2011-12-18|@|Northeastern|W|71|62|25|46|.543|5|11|.455|16|20|.800|6|23|16|9|2|18|15||24|48|.500|6|13|.462|8|14|.571|6|21|12|8|4|20|17
13|13|2011-12-22|@|Siena|L|59|63|21|55|.382|13|31|.419|4|6|.667|6|33|14|4|3|10|20||22|55|.400|3|8|.375|16|27|.593|9|32|12|6|7|6|10
14|14|2011-12-30|@|Florida State|W (3 OT)|75|73|27|65|.415|8|23|.348|13|18|.722|9|38|12|8|6|19|21||29|69|.420|4|18|.222|11|22|.500|13|43|9|9|8|16|20
15|15|2012-01-01|@|Florida A&M|W|76|61|29|55|.527|11|24|.458|7|13|.538|5|28|18|5|2|7|11||24|64|.375|4|9|.444|9|11|.818|15|35|9|3|6|5|12
16|16|2012-01-08||College of New Jersey|W|79|68|29|54|.537|6|15|.400|15|26|.577|15|46|14|2|4|13|16||25|60|.417|4|14|.286|14|19|.737|6|17|7|6|1|5|20
17|17|2012-01-13|@|Cornell|L|59|67|21|58|.362|6|27|.222|11|16|.688|9|37|13|4|9|13|20||24|61|.393|2|11|.182|17|27|.630|8|36|10|8|5|6|14
18|18|2012-01-14|@|Columbia|W|62|58|18|43|.419|7|14|.500|19|25|.760|5|21|10|10|3|6|20||18|46|.391|3|11|.273|19|23|.826|13|35|7|1|2|14|21
19|19|2012-01-30|@|Pennsylvania|L|67|82|26|45|.578|6|16|.375|9|17|.529|2|17|17|6|3|10|23||26|49|.531|10|18|.556|20|30|.667|11|31|14|7|2|9|17
20|20|2012-02-03|@|Brown|W|77|63|32|61|.525|10|22|.455|3|4|.750|10|35|17|4|3|14|17||24|56|.429|6|15|.400|9|20|.450|12|30|11|6|3|9|11
21|21|2012-02-04|@|Yale|L|54|58|19|57|.333|4|21|.190|12|15|.800|9|33|9|4|6|7|19||20|57|.351|3|20|.150|15|21|.714|12|39|12|3|2|10|16
22|22|2012-02-10||Dartmouth|W|59|47|19|51|.373|8|17|.471|13|20|.650|8|35|9|8|4|10|18||19|49|.388|2|8|.250|7|14|.500|5|33|5|4|2|13|17
23|23|2012-02-11||Harvard|W|70|62|25|50|.500|3|11|.273|17|24|.708|6|30|15|2|3|7|15||25|56|.446|5|18|.278|7|11|.636|6|27|11|4|6|7|22
24|24|2012-02-17||Columbia|W|77|66|24|47|.511|6|16|.375|23|27|.852|7|29|12|6|3|8|16||23|50|.460|5|14|.357|15|20|.750|7|24|7|5|0|9|21
25|25|2012-02-18||Cornell|W|75|57|29|52|.558|10|21|.476|7|8|.875|8|26|20|7|2|15|12||21|47|.447|8|22|.364|7|11|.636|7|18|10|5|2|17|12
26|26|2012-02-24|@|Harvard|L|64|67|25|54|.463|8|17|.471|6|10|.600|4|28|12|2|3|14|17||24|49|.490|4|16|.250|15|22|.682|4|28|14|7|4|7|11
27|27|2012-02-25|@|Dartmouth|W|85|61|34|52|.654|12|17|.706|5|8|.625|3|27|25|9|4|11|14||19|51|.373|5|16|.313|18|21|.857|8|25|10|8|1|12|9
28|28|2012-03-02||Yale|W|64|57|23|49|.469|5|12|.417|13|17|.765|1|26|9|10|9|9|14||20|53|.377|5|11|.455|12|17|.706|10|35|9|6|3|13|13
29|29|2012-03-03||Brown|W|81|47|32|59|.542|9|18|.500|8|10|.800|6|37|17|7|2|7|10||18|62|.290|4|18|.222|7|15|.467|15|37|5|3|1|12|11
30|30|2012-03-06||Pennsylvania|W|62|52|21|36|.583|4|13|.308|16|20|.800|3|31|13|7|8|20|10||22|57|.386|6|18|.333|2|3|.667|6|19|8|11|2|13|21
31|31|2012-03-13|@|Evansville|W|95|86|36|60|.600|10|22|.455|13|18|.722|9|27|22|9|2|10|14||31|52|.596|7|14|.500|17|21|.810|5|22|19|4|4|12|17
32|32|2012-03-19|@|Pittsburgh|L|61|82|23|56|.411|10|27|.370|5|6|.833|5|26|16|4|4|10|11||34|65|.523|9|20|.450|5|9|.556|11|37|16|4|0|8|8
