ranker|game_season|date_game|game_location|opp_id|game_result|pts|opp_pts|fg|fga|fg_pct|fg3|fg3a|fg3_pct|ft|fta|ft_pct|orb|trb|ast|stl|blk|tov|pf|x|opp_fg|opp_fga|opp_fg_pct|opp_fg3|opp_fg3a|opp_fg3_pct|opp_ft|opp_fta|opp_ft_pct|opp_orb|opp_trb|opp_ast|opp_stl|opp_blk|opp_tov|opp_pf|
1|1|2011-11-11|@|George Mason|L (1 OT)|90|92|30|71|.423|6|25|.240|24|31|.774|12|37|13|7|3|19|27||37|72|.514|2|14|.143|16|28|.571|13|39|18|5|3|15|23
2|2|2011-11-15|@|Texas|L|90|100|31|72|.431|9|25|.360|19|32|.594|17|35|10|6|3|15|30||28|59|.475|9|21|.429|35|44|.795|11|39|18|9|2|11|23
3|3|2011-11-20|@|Nebraska|L|63|83|23|61|.377|8|23|.348|9|11|.818|14|32|10|4|2|18|15||32|56|.571|10|23|.435|9|12|.750|6|29|24|10|1|13|17
4|4|2011-11-25||Hofstra|W|85|73|32|57|.561|5|13|.385|16|25|.640|11|29|18|8|6|12|21||24|52|.462|5|13|.385|20|25|.800|9|27|11|6|1|17|27
5|5|2011-11-26||Boston University|L|64|70|24|61|.393|6|21|.286|10|12|.833|14|32|11|7|4|13|17||28|56|.500|4|14|.286|10|14|.714|7|30|17|4|4|15|14
6|6|2011-11-27||Cleveland State|L|45|67|21|53|.396|0|8|.000|3|10|.300|18|36|10|6|5|20|12||29|56|.518|5|18|.278|4|7|.571|10|25|19|12|0|10|15
7|7|2011-11-30|@|Brown|L|56|65|20|58|.345|6|21|.286|10|21|.476|16|42|7|5|3|14|17||23|53|.434|10|29|.345|9|16|.563|5|30|16|7|4|11|21
8|8|2011-12-04||Maine|L (1 OT)|74|76|25|75|.333|8|34|.235|16|23|.696|23|44|15|8|4|18|19||26|56|.464|5|16|.313|19|22|.864|9|31|13|10|0|16|22
9|9|2011-12-07||Virginia Tech|L|67|78|22|55|.400|2|11|.182|21|24|.875|10|24|10|5|4|11|12||30|55|.545|7|16|.438|11|13|.846|9|30|17|9|5|13|20
10|10|2011-12-10|@|Georgia State|L|64|96|24|55|.436|3|19|.158|13|17|.765|5|29|13|5|5|16|19||34|62|.548|8|20|.400|20|26|.769|8|32|19|11|4|9|14
11|11|2011-12-18||Yale|L|65|68|23|53|.434|3|10|.300|16|29|.552|14|34|12|12|7|15|22||20|43|.465|9|21|.429|19|22|.864|3|18|14|6|2|17|23
12|12|2011-12-23||Providence|L|61|80|20|66|.303|3|20|.150|18|24|.750|13|29|14|8|7|11|26||28|58|.483|2|9|.222|22|35|.629|16|42|15|9|5|16|21
13|13|2011-12-29|N|James Madison|W|79|60|27|54|.500|7|17|.412|18|29|.621|15|38|10|7|4|19|19||21|60|.350|8|24|.333|10|17|.588|10|25|11|9|3|16|24
14|14|2011-12-30|@|Central Florida|L|54|65|21|59|.356|5|21|.238|7|8|.875|16|33|9|7|5|14|19||22|49|.449|6|18|.333|15|22|.682|11|29|14|5|3|12|12
15|15|2012-01-02|@|Boston College|W (2 OT)|78|72|21|68|.309|9|29|.310|27|35|.771|22|46|8|12|2|8|17||26|54|.481|9|27|.333|11|16|.688|5|31|16|5|8|16|23
16|16|2012-01-07||Richmond|L|53|70|19|47|.404|4|15|.267|11|15|.733|6|26|9|2|3|11|13||28|53|.528|11|21|.524|3|5|.600|4|19|19|7|2|6|13
17|17|2012-01-11|@|George Washington|L|61|69|22|57|.386|5|22|.227|12|28|.429|13|32|9|6|3|7|18||26|52|.500|2|10|.200|15|23|.652|10|39|15|5|6|9|21
18|18|2012-01-14||Duquesne|L|71|78|26|64|.406|6|20|.300|13|16|.813|16|35|8|7|5|16|23||27|55|.491|5|16|.313|19|33|.576|10|31|16|10|2|14|14
19|19|2012-01-18|@|Fordham|L|64|66|26|60|.433|6|20|.300|6|10|.600|20|41|17|6|2|18|14||24|55|.436|7|19|.368|11|15|.733|12|27|15|11|3|14|17
20|20|2012-01-21|@|La Salle|L|66|80|29|67|.433|2|16|.125|6|9|.667|15|37|10|7|6|14|16||30|53|.566|8|17|.471|12|16|.750|3|26|19|6|3|10|13
21|21|2012-01-25||St. Bonaventure|L (1 OT)|66|72|23|59|.390|6|16|.375|14|20|.700|8|32|10|4|6|15|25||24|59|.407|2|11|.182|22|32|.688|13|36|10|9|6|12|20
22|22|2012-01-28|@|Dayton|W|86|81|30|57|.526|8|20|.400|18|24|.750|12|31|17|10|2|12|16||31|65|.477|11|29|.379|8|10|.800|14|33|21|1|1|16|19
23|23|2012-02-01||Massachusetts|W (1 OT)|81|78|29|73|.397|8|25|.320|15|23|.652|16|41|12|9|6|20|16||28|60|.467|7|22|.318|15|25|.600|4|27|14|16|6|20|23
24|24|2012-02-04||Temple|L|56|73|18|50|.360|5|14|.357|15|24|.625|11|33|12|3|2|13|7||29|56|.518|9|25|.360|6|7|.857|4|29|16|8|3|7|20
25|25|2012-02-08|@|Xavier|L|66|84|23|63|.365|6|22|.273|14|16|.875|4|22|9|7|2|16|19||30|57|.526|3|11|.273|21|25|.840|8|39|19|9|7|17|16
26|26|2012-02-11|@|Charlotte|L|66|73|23|65|.354|5|22|.227|15|20|.750|14|40|7|8|2|20|24||24|50|.480|6|19|.316|19|38|.500|4|32|17|11|2|17|19
27|27|2012-02-15||Saint Joseph's|L|69|80|26|64|.406|6|17|.353|11|17|.647|16|29|12|4|2|10|14||29|52|.558|8|20|.400|14|14|1.000|9|28|17|6|6|10|15
28|28|2012-02-18|@|St. Bonaventure|L|61|81|19|56|.339|4|17|.235|19|24|.792|14|29|6|6|1|11|18||25|50|.500|9|21|.429|22|24|.917|10|34|18|8|4|12|19
29|29|2012-02-25||Saint Louis|W|64|62|22|54|.407|1|10|.100|19|25|.760|12|39|9|4|7|9|9||22|61|.361|10|29|.345|8|10|.800|10|31|14|5|3|6|19
30|30|2012-02-29||Fordham|W|78|58|27|63|.429|5|19|.263|19|27|.704|17|58|14|5|5|11|13||25|79|.316|4|23|.174|4|10|.400|15|34|11|8|10|6|18
31|31|2012-03-03|@|Massachusetts|L|83|89|31|71|.437|8|21|.381|13|19|.684|16|45|17|5|3|15|20||29|68|.426|14|30|.467|17|25|.680|11|35|19|9|5|11|18
