ranker|game_season|date_game|game_location|opp_id|game_result|pts|opp_pts|fg|fga|fg_pct|fg3|fg3a|fg3_pct|ft|fta|ft_pct|orb|trb|ast|stl|blk|tov|pf|x|opp_fg|opp_fga|opp_fg_pct|opp_fg3|opp_fg3a|opp_fg3_pct|opp_ft|opp_fta|opp_ft_pct|opp_orb|opp_trb|opp_ast|opp_stl|opp_blk|opp_tov|opp_pf|
1|1|2011-11-11||Rider|W|83|57|31|67|.463|11|26|.423|10|20|.500|17|41|15|15|2|13|26||16|45|.356|7|21|.333|18|26|.692|10|28|6|7|2|25|22
2|2|2011-11-15|@|Saint Peter's|W|69|52|23|46|.500|10|17|.588|13|18|.722|5|22|19|8|2|12|21||19|44|.432|6|20|.300|8|19|.421|5|20|11|4|5|16|15
3|3|2011-11-19|@|Pennsylvania|L|60|66|20|56|.357|7|21|.333|13|22|.591|11|29|11|4|2|12|21||22|43|.512|10|20|.500|12|18|.667|4|30|15|6|1|16|20
4|4|2011-11-22|@|James Madison|W|82|77|25|51|.490|3|12|.250|29|35|.829|12|35|10|6|2|12|25||22|53|.415|16|34|.471|17|28|.607|12|26|17|6|6|11|26
5|5|2011-11-25|N|La Salle|W|51|44|14|50|.280|0|6|.000|23|34|.676|13|42|7|12|4|13|16||15|47|.319|3|22|.136|11|18|.611|4|24|9|8|3|17|23
6|6|2011-11-27|@|Pittsburgh|L|71|81|22|59|.373|6|21|.286|21|27|.778|13|30|18|3|1|8|25||26|54|.481|8|21|.381|21|32|.656|13|34|17|3|7|8|23
7|7|2011-12-01||Fairleigh Dickinson|W|66|54|21|49|.429|6|15|.400|18|24|.750|11|31|15|12|1|20|20||18|51|.353|1|9|.111|17|22|.773|10|28|4|12|2|22|19
8|8|2011-12-03||Monmouth|W|69|51|22|45|.489|3|13|.231|22|31|.710|17|34|14|8|1|18|27||14|39|.359|2|9|.222|21|27|.778|5|13|7|7|0|16|29
9|9|2011-12-06|@|Duquesne|W|64|60|22|53|.415|5|17|.294|15|18|.833|12|35|12|4|4|12|13||24|63|.381|6|23|.261|6|13|.462|15|34|17|2|6|9|16
10|10|2011-12-08||Cleveland State|L|58|62|19|40|.475|7|16|.438|13|23|.565|8|21|10|10|5|21|20||16|40|.400|7|19|.368|23|29|.793|7|20|8|10|1|19|24
11|11|2011-12-17||Louisiana-Lafayette|W|72|64|21|56|.375|4|10|.400|26|35|.743|15|34|10|5|2|17|18||23|51|.451|8|18|.444|10|13|.769|7|23|13|10|6|18|26
12|12|2011-12-20||Hampton|W|64|54|19|49|.388|9|18|.500|17|22|.773|9|30|11|8|2|16|16||20|50|.400|4|20|.200|10|18|.556|12|32|12|7|6|14|17
13|13|2011-12-22|@|Youngstown State|W|59|56|20|56|.357|8|21|.381|11|15|.733|14|37|12|3|3|8|14||19|51|.373|12|28|.429|6|10|.600|7|21|14|5|5|6|13
14|14|2011-12-29|@|Memphis|L|47|64|16|69|.232|3|18|.167|12|19|.632|18|33|8|12|4|7|15||23|45|.511|6|11|.545|12|17|.706|9|42|15|4|13|20|17
15|15|2012-01-02|@|Ohio|W|70|67|25|47|.532|7|16|.438|13|16|.813|11|38|14|9|4|31|24||24|68|.353|3|26|.115|16|23|.696|12|21|13|15|3|13|16
16|16|2012-01-05|@|Bryant|W|84|53|31|64|.484|10|22|.455|12|20|.600|16|36|19|12|0|8|11||17|47|.362|11|28|.393|8|10|.800|6|21|14|1|1|23|16
17|17|2012-01-07|@|Central Connecticut State|L|53|68|20|66|.303|2|15|.133|11|14|.786|21|41|8|7|3|15|19||22|46|.478|8|18|.444|16|21|.762|5|28|14|4|5|14|16
18|18|2012-01-12||Quinnipiac|L|76|78|23|54|.426|6|18|.333|24|26|.923|11|25|11|4|4|9|23||24|41|.585|7|10|.700|23|32|.719|6|26|13|6|0|12|23
19|19|2012-01-14||Sacred Heart|W|70|67|24|49|.490|9|19|.474|13|24|.542|13|34|19|9|0|19|20||20|47|.426|12|24|.500|15|19|.789|8|25|11|11|1|16|20
20|20|2012-01-19|@|Fairleigh Dickinson|W|67|55|21|53|.396|5|17|.294|20|25|.800|10|31|9|9|1|10|16||20|45|.444|5|12|.417|10|16|.625|6|26|12|7|4|17|16
21|21|2012-01-21|@|Monmouth|W (1 OT)|81|73|23|53|.434|12|27|.444|23|34|.676|9|32|15|5|5|12|21||29|65|.446|9|23|.391|6|14|.429|11|29|17|3|2|11|25
22|22|2012-01-26||Long Island University|W|75|66|25|54|.463|8|21|.381|17|27|.630|9|29|13|11|5|13|20||22|50|.440|3|16|.188|19|20|.950|7|29|7|6|1|19|20
23|23|2012-01-28||St. Francis (NY)|L|68|81|22|68|.324|5|25|.200|19|27|.704|17|37|11|10|2|11|25||24|46|.522|10|17|.588|23|36|.639|6|30|12|3|1|16|23
24|24|2012-02-02|@|Wagner|L|69|80|24|56|.429|6|21|.286|15|20|.750|8|22|13|8|5|17|27||20|41|.488|6|14|.429|34|40|.850|7|31|11|8|3|16|21
25|25|2012-02-04|@|Mount St. Mary's|W|67|62|24|45|.533|5|17|.294|14|18|.778|11|32|15|6|2|16|23||18|46|.391|6|18|.333|20|26|.769|3|15|14|8|4|12|16
26|26|2012-02-08|@|Saint Francis (PA)|W|78|74|28|50|.560|7|18|.389|15|23|.652|7|21|23|9|1|12|22||24|39|.615|6|15|.400|20|28|.714|3|20|17|4|2|17|19
27|27|2012-02-11||Saint Francis (PA)|W|70|56|23|51|.451|6|15|.400|18|23|.783|6|27|18|13|3|14|18||22|45|.489|5|12|.417|7|14|.500|6|29|11|5|2|24|21
28|28|2012-02-16||Bryant|W|69|40|24|60|.400|2|18|.111|19|29|.655|14|36|12|19|0|9|16||12|38|.316|4|17|.235|12|19|.632|7|28|6|6|6|25|18
29|29|2012-02-18||Central Connecticut State|W|68|60|25|46|.543|5|14|.357|13|18|.722|7|32|18|7|3|17|23||18|53|.340|9|22|.409|15|25|.600|9|24|10|10|3|12|17
30|30|2012-02-23|@|Sacred Heart|W|55|53|19|52|.365|8|22|.364|9|15|.600|8|27|9|9|1|12|18||17|39|.436|4|13|.308|15|20|.750|2|26|12|9|2|15|16
31|31|2012-02-25|@|Quinnipiac|L|69|73|24|58|.414|6|17|.353|15|17|.882|14|24|7|7|3|10|27||23|49|.469|5|12|.417|22|32|.688|14|32|10|4|4|14|15
32|32|2012-03-01||Monmouth|W|87|68|29|55|.527|16|29|.552|13|25|.520|12|38|20|9|3|15|21||23|53|.434|3|19|.158|19|25|.760|5|23|10|7|0|12|19
33|33|2012-03-04|@|Wagner|W|71|64|18|56|.321|5|14|.357|30|40|.750|19|39|7|6|5|12|30||16|46|.348|5|16|.313|27|40|.675|7|23|10|6|5|11|29
34|34|2012-03-07|@|Long Island University|L|73|90|27|73|.370|5|26|.192|14|21|.667|19|34|11|9|1|10|32||27|51|.529|5|14|.357|31|40|.775|11|38|15|3|6|12|19
35|35|2012-03-13|@|Indiana State|W|67|60|25|56|.446|8|22|.364|9|13|.692|8|29|18|5|1|9|20||21|45|.467|5|17|.294|13|23|.565|4|27|13|3|4|11|17
36|36|2012-03-17|@|Toledo|W|69|51|23|46|.500|10|21|.476|13|20|.650|9|31|20|11|2|15|15||18|51|.353|4|15|.267|11|16|.688|8|22|10|7|1|13|13
37|37|2012-03-21|@|Fairfield|L|61|67|22|62|.355|5|17|.294|12|24|.500|19|38|11|4|1|15|17||26|51|.510|3|12|.250|12|19|.632|9|29|16|5|5|13|17
