ranker|game_season|date_game|game_location|opp_id|game_result|pts|opp_pts|fg|fga|fg_pct|fg3|fg3a|fg3_pct|ft|fta|ft_pct|orb|trb|ast|stl|blk|tov|pf|x|opp_fg|opp_fga|opp_fg_pct|opp_fg3|opp_fg3a|opp_fg3_pct|opp_ft|opp_fta|opp_ft_pct|opp_orb|opp_trb|opp_ast|opp_stl|opp_blk|opp_tov|opp_pf|
1|1|2011-11-11||Tennessee State|W|71|37|25|48|.521|8|16|.500|13|18|.722|8|29|16|9|5|13|14||14|47|.298|4|13|.308|5|7|.714|6|22|6|3|3|22|21
2|2|2011-11-15|@|Southern Illinois|W|61|42|22|52|.423|5|14|.357|12|18|.667|5|33|12|7|4|7|24||8|39|.205|1|9|.111|25|37|.676|8|34|1|1|6|14|21
3|3|2011-11-20||Washington|W|77|64|28|53|.528|9|21|.429|12|16|.750|4|25|16|6|1|8|11||25|59|.424|4|12|.333|10|16|.625|12|35|10|5|1|16|19
4|4|2011-11-24|N|Boston College|W|62|51|22|52|.423|6|20|.300|12|16|.750|6|23|13|7|2|7|10||19|43|.442|5|17|.294|8|13|.615|7|31|10|2|1|20|11
5|5|2011-11-25|N|Villanova|W|80|68|26|51|.510|14|27|.519|14|22|.636|4|26|14|5|3|7|19||25|52|.481|5|15|.333|13|17|.765|4|28|13|2|1|12|21
6|6|2011-11-27|N|Oklahoma|W|83|63|29|48|.604|9|17|.529|16|20|.800|4|27|19|1|1|11|17||25|60|.417|3|10|.300|10|15|.667|9|25|5|5|1|12|22
7|7|2011-11-29|@|Loyola Marymount|L|68|75|19|40|.475|7|17|.412|23|29|.793|7|24|10|4|1|15|21||22|49|.449|7|13|.538|24|30|.800|12|28|10|10|1|10|18
8|8|2011-12-03||Portland|W|73|53|25|48|.521|7|17|.412|16|22|.727|10|28|13|7|3|11|16||20|43|.465|3|9|.333|10|17|.588|6|19|7|4|1|16|19
9|9|2011-12-07||Vermont|W|62|43|23|47|.489|8|18|.444|8|13|.615|9|31|13|8|2|17|15||16|44|.364|2|10|.200|9|15|.600|8|24|8|8|2|19|18
10|10|2011-12-10||Illinois-Springfield|W|72|62|23|59|.390|4|23|.174|22|30|.733|12|31|9|9|3|9|15||25|47|.532|3|10|.300|9|15|.600|3|25|16|5|6|18|23
11|11|2011-12-17||Alabama State|W|65|35|22|47|.468|9|19|.474|12|19|.632|11|37|17|8|7|14|12||14|48|.292|1|12|.083|6|8|.750|6|24|6|5|4|12|17
12|12|2011-12-22||Arkansas State|W|70|46|29|54|.537|9|21|.429|3|5|.600|8|27|14|5|6|8|14||16|47|.340|3|11|.273|11|15|.733|8|22|7|4|2|11|11
13|13|2011-12-27||Texas Southern|W|71|39|25|52|.481|6|15|.400|15|19|.789|9|35|17|10|9|12|13||15|49|.306|2|10|.200|7|17|.412|8|28|6|9|5|19|15
14|14|2011-12-31|@|New Mexico|L|60|64|23|53|.434|3|18|.167|11|16|.688|7|27|10|4|0|8|28||19|39|.487|2|7|.286|24|35|.686|5|30|7|4|3|11|17
15|15|2012-01-04|@|Dayton|L (1 OT)|72|79|24|62|.387|5|19|.263|19|26|.731|9|27|10|8|2|15|25||24|55|.436|7|14|.500|24|28|.857|12|40|12|2|5|20|22
16|16|2012-01-07||George Washington|W|78|56|30|60|.500|7|15|.467|11|16|.688|14|32|13|8|4|11|17||20|47|.426|4|12|.333|12|18|.667|6|19|11|5|4|15|15
17|17|2012-01-11||Temple|L|67|72|26|62|.419|6|16|.375|9|14|.643|14|32|11|8|5|10|17||30|53|.566|5|7|.714|7|11|.636|3|24|11|6|6|13|13
18|18|2012-01-14|@|Charlotte|W|68|67|26|57|.456|9|22|.409|7|11|.636|9|28|17|12|1|17|18||25|46|.543|7|14|.500|10|15|.667|3|26|16|11|4|22|17
19|19|2012-01-21||Duquesne|W|68|41|24|51|.471|7|18|.389|13|21|.619|9|35|14|10|7|9|11||17|55|.309|4|15|.267|3|5|.600|11|26|7|6|5|15|20
20|20|2012-01-25|@|Xavier|W|73|68|22|51|.431|7|21|.333|22|28|.786|8|26|18|10|2|13|23||17|42|.405|5|13|.385|29|32|.906|5|26|11|5|4|17|22
21|21|2012-01-28|@|Massachusetts|L|59|72|23|67|.343|5|24|.208|8|19|.421|14|32|11|7|0|15|18||25|50|.500|5|11|.455|17|21|.810|5|33|15|9|4|19|21
22|22|2012-02-01||St. Bonaventure|W|86|62|28|54|.519|4|21|.190|26|31|.839|8|27|11|6|2|8|21||20|39|.513|5|12|.417|17|22|.773|2|17|8|4|3|15|23
23|23|2012-02-04||Dayton|W|58|50|18|45|.400|4|17|.235|18|31|.581|6|31|12|7|2|12|17||14|57|.246|4|24|.167|18|23|.783|12|36|6|8|4|11|23
24|24|2012-02-08|@|Saint Joseph's|W|72|60|24|53|.453|10|20|.500|14|20|.700|7|22|12|9|1|10|21||20|51|.392|4|16|.250|16|21|.762|12|34|9|4|7|17|15
25|25|2012-02-11|@|La Salle|W|59|51|22|61|.361|5|18|.278|10|12|.833|13|30|13|11|2|17|11||20|50|.400|4|10|.400|7|9|.778|8|32|9|10|4|20|14
26|26|2012-02-15||Richmond|W|64|50|22|45|.489|5|12|.417|15|20|.750|7|33|13|4|4|13|18||18|51|.353|1|15|.067|13|17|.765|6|21|8|6|5|10|22
27|27|2012-02-18||Fordham|W|66|46|25|61|.410|9|27|.333|7|11|.636|12|37|19|8|3|6|11||18|50|.360|3|11|.273|7|11|.636|11|35|8|2|4|13|12
28|28|2012-02-25|@|Rhode Island|L|62|64|22|61|.361|10|29|.345|8|10|.800|10|31|14|5|3|6|19||22|54|.407|1|10|.100|19|25|.760|12|39|9|4|7|9|9
29|29|2012-02-28||Xavier|W|70|59|22|57|.386|6|21|.286|20|24|.833|6|30|15|6|3|8|15||21|52|.404|5|13|.385|12|18|.667|10|35|11|2|5|12|20
30|30|2012-03-03|@|Duquesne|W|75|60|29|55|.527|8|18|.444|9|13|.692|8|31|17|5|1|14|17||22|49|.449|6|14|.429|10|15|.667|5|19|8|6|4|14|17
31|31|2012-03-09|N|La Salle|W|78|71|25|56|.446|9|20|.450|19|22|.864|7|28|16|3|7|15|15||25|56|.446|8|20|.400|13|15|.867|5|27|10|7|5|12|21
32|32|2012-03-10|N|Xavier|L|64|71|22|54|.407|6|24|.250|14|20|.700|7|23|14|8|1|9|18||24|45|.533|5|11|.455|18|21|.857|4|29|9|3|2|11|20
33|33|2012-03-16|N|Memphis|W|61|54|21|46|.457|5|13|.385|14|18|.778|6|31|7|6|1|16|12||21|54|.389|2|15|.133|10|17|.588|8|26|4|8|3|11|17
34|34|2012-03-18|N|Michigan State|L|61|65|18|51|.353|7|25|.280|18|23|.783|7|25|9|5|1|6|16||25|46|.543|4|10|.400|11|17|.647|4|29|12|2|1|11|19
