ranker|game_season|date_game|game_location|opp_id|game_result|pts|opp_pts|fg|fga|fg_pct|fg3|fg3a|fg3_pct|ft|fta|ft_pct|orb|trb|ast|stl|blk|tov|pf|x|opp_fg|opp_fga|opp_fg_pct|opp_fg3|opp_fg3a|opp_fg3_pct|opp_ft|opp_fta|opp_ft_pct|opp_orb|opp_trb|opp_ast|opp_stl|opp_blk|opp_tov|opp_pf|
1|1|2011-11-11|@|Western Kentucky|W|72|61|24|49|.490|6|14|.429|18|25|.720|3|33|12|7|9|15|20||18|68|.265|4|19|.211|21|27|.778|18|44|8|6|3|12|20
2|2|2011-11-17|N|Georgia Tech|W|66|53|20|51|.392|9|17|.529|17|17|1.000|10|34|13|4|7|10|13||21|57|.368|1|12|.083|10|12|.833|10|27|4|2|5|10|11
3|3|2011-11-18|N|Seton Hall|L|70|78|25|51|.490|6|18|.333|14|18|.778|4|27|16|6|6|15|19||26|54|.481|8|21|.381|18|25|.720|5|28|16|6|3|12|18
4|4|2011-11-20|N|Tulsa|W|79|75|29|49|.592|7|8|.875|14|18|.778|5|25|6|5|5|13|13||29|63|.460|9|18|.500|8|10|.800|13|27|6|6|4|10|18
5|5|2011-11-23|@|Iona|L (2 OT)|99|104|38|72|.528|8|22|.364|15|21|.714|10|40|19|3|6|18|19||38|84|.452|9|24|.375|19|24|.792|15|40|19|10|1|11|21
6|6|2011-11-26||Penn State|W|65|47|20|49|.408|6|16|.375|19|25|.760|6|40|17|2|12|16|14||19|71|.268|7|28|.250|2|7|.286|13|36|11|6|3|11|20
7|7|2011-11-30||Drexel|W|62|49|22|50|.440|3|10|.300|15|23|.652|6|32|12|11|16|11|12||20|64|.313|8|19|.421|1|5|.200|14|35|12|6|2|15|18
8|8|2011-12-04|@|American|L|60|66|25|59|.424|3|17|.176|7|15|.467|13|32|12|6|8|9|18||22|51|.431|8|18|.444|14|16|.875|8|29|9|5|2|10|15
9|9|2011-12-07||Boston University|W|75|68|25|50|.500|9|21|.429|16|26|.615|5|23|12|5|6|8|14||22|59|.373|7|19|.368|17|22|.773|15|39|8|4|2|14|18
10|10|2011-12-10||Creighton|W|80|71|29|59|.492|3|10|.300|19|29|.655|12|37|14|7|7|13|13||27|61|.443|11|21|.524|6|9|.667|4|24|15|7|1|14|26
11|11|2011-12-17||Villanova|W|74|58|31|61|.508|7|16|.438|5|10|.500|10|36|21|5|7|11|15||21|63|.333|5|27|.185|11|13|.846|10|28|10|7|4|8|19
12|12|2011-12-21||Coppin State|W|81|72|28|55|.509|12|29|.414|13|16|.813|7|34|21|5|8|18|11||28|69|.406|14|30|.467|2|3|.667|8|26|18|5|2|11|14
13|13|2011-12-28||Morgan State|W|81|50|33|64|.516|6|19|.316|9|18|.500|13|42|18|9|17|10|17||18|71|.254|3|18|.167|11|19|.579|21|44|9|7|2|13|16
14|14|2011-12-31|@|Harvard|L|69|74|27|51|.529|6|17|.353|9|16|.563|5|25|12|7|4|14|15||29|57|.509|6|15|.400|10|13|.769|7|27|15|4|5|14|15
15|15|2012-01-04|@|Duquesne|W (1 OT)|84|82|29|61|.475|9|18|.500|17|28|.607|11|37|15|3|10|15|18||28|63|.444|11|18|.611|15|20|.750|9|29|16|5|6|12|21
16|16|2012-01-07||Charlotte|L|52|57|23|57|.404|2|21|.095|4|7|.571|3|30|13|4|8|15|14||20|59|.339|4|14|.286|13|22|.591|11|38|10|13|4|9|13
17|17|2012-01-11||Fordham|W|80|62|25|51|.490|12|24|.500|18|32|.563|6|33|24|4|10|5|17||22|65|.338|5|14|.357|13|26|.500|14|38|14|3|4|4|22
18|18|2012-01-14|@|Massachusetts|L|62|71|25|59|.424|6|23|.261|6|8|.750|10|33|15|7|6|15|14||23|61|.377|11|27|.407|14|16|.875|15|38|16|10|4|10|14
19|19|2012-01-18|@|Xavier|L|55|68|21|56|.375|4|18|.222|9|10|.900|12|32|9|5|4|19|14||27|55|.491|4|16|.250|10|15|.667|7|26|18|7|7|8|13
20|20|2012-01-21|@|Pennsylvania|L|80|84|27|52|.519|12|25|.480|14|17|.824|6|27|14|5|8|15|20||28|53|.528|8|20|.400|20|27|.741|7|28|15|9|2|11|17
21|21|2012-01-25||Dayton|W|77|63|29|55|.527|5|16|.313|14|21|.667|4|26|24|7|7|4|13||22|63|.349|7|27|.259|12|15|.800|15|38|10|2|3|13|19
22|22|2012-01-28|@|Temple|L|60|78|23|56|.411|3|14|.214|11|18|.611|14|30|10|3|2|12|15||30|50|.600|8|15|.533|10|16|.625|2|26|18|7|2|10|21
23|23|2012-02-01|@|Richmond|W|70|60|27|59|.458|4|15|.267|12|15|.800|15|46|11|2|5|15|12||21|60|.350|6|22|.273|12|12|1.000|6|25|12|9|4|10|16
24|24|2012-02-04||La Salle|W|70|66|24|54|.444|1|10|.100|21|29|.724|12|42|14|7|4|15|15||22|66|.333|11|25|.440|11|14|.786|14|33|12|10|1|12|21
25|25|2012-02-08||Saint Louis|L|60|72|20|51|.392|4|16|.250|16|21|.762|12|34|9|4|7|17|15||24|53|.453|10|20|.500|14|20|.700|7|22|12|9|1|10|21
26|26|2012-02-11||Massachusetts|W|73|62|25|57|.439|7|20|.350|16|24|.667|12|42|14|5|7|14|12||24|71|.338|7|27|.259|7|10|.700|10|31|14|4|2|9|20
27|27|2012-02-15|@|Rhode Island|W|80|69|29|52|.558|8|20|.400|14|14|1.000|9|28|17|6|6|10|15||26|64|.406|6|17|.353|11|17|.647|16|29|12|4|2|10|14
28|28|2012-02-18|@|George Washington|W|73|66|26|58|.448|7|14|.500|14|21|.667|15|40|12|2|5|14|15||24|58|.414|4|12|.333|14|18|.778|8|28|10|8|3|6|20
29|29|2012-02-22||Richmond|L|49|52|16|42|.381|5|16|.313|12|20|.600|6|28|9|1|5|10|12||18|44|.409|7|19|.368|9|18|.500|5|24|12|5|3|10|18
30|30|2012-02-25||Temple|W|82|72|24|51|.471|9|24|.375|25|34|.735|7|32|13|3|5|10|18||26|57|.456|4|15|.267|16|23|.696|9|31|13|8|1|8|26
31|31|2012-02-29|@|St. Bonaventure|L (2 OT)|93|98|32|63|.508|12|30|.400|17|21|.810|4|29|20|4|5|8|22||33|74|.446|10|18|.556|22|30|.733|18|44|22|3|0|9|18
32|32|2012-03-06||Charlotte|W|80|64|29|53|.547|10|21|.476|12|19|.632|5|40|19|1|8|9|10||28|68|.412|5|19|.263|3|8|.375|5|26|13|7|2|5|17
33|33|2012-03-09|N|St. Bonaventure|L|68|71|23|53|.434|9|22|.409|13|18|.722|6|23|14|4|4|4|18||27|50|.540|1|8|.125|16|23|.696|11|33|8|1|7|11|15
34|34|2012-03-14||Northern Iowa|L|65|67|23|52|.442|6|21|.286|13|22|.591|6|33|12|4|10|9|15||24|64|.375|3|20|.150|16|20|.800|11|34|11|5|1|5|15
