ranker|game_season|date_game|game_location|opp_id|game_result|pts|opp_pts|fg|fga|fg_pct|fg3|fg3a|fg3_pct|ft|fta|ft_pct|orb|trb|ast|stl|blk|tov|pf|x|opp_fg|opp_fga|opp_fg_pct|opp_fg3|opp_fg3a|opp_fg3_pct|opp_ft|opp_fta|opp_ft_pct|opp_orb|opp_trb|opp_ast|opp_stl|opp_blk|opp_tov|opp_pf|
1|1|2011-11-14||Stephen F. Austin|W|66|61|22|48|.458|8|21|.381|14|20|.700|6|27|13|7|4|16|18||22|45|.489|6|14|.429|11|21|.524|2|25|10|7|3|17|19
2|2|2011-11-16||San Diego Christian|W|89|63|32|60|.533|6|18|.333|19|29|.655|13|39|17|10|3|13|20||22|51|.431|3|17|.176|16|21|.762|4|25|8|6|1|18|26
3|3|2011-11-20||Montana|L|60|73|23|62|.371|5|14|.357|9|17|.529|12|28|11|7|2|15|12||30|50|.600|4|9|.444|9|12|.750|2|29|16|9|4|18|15
4|4|2011-11-25|N|New Orleans|W|64|56|22|47|.468|5|17|.294|15|27|.556|13|43|14|6|5|24|17||18|59|.305|4|18|.222|16|22|.727|8|25|11|12|1|14|23
5|5|2011-11-26|N|Alcorn State|W|66|65|25|54|.463|6|17|.353|10|12|.833|6|27|14|6|3|12|12||25|53|.472|7|16|.438|8|11|.727|5|25|16|9|7|12|13
6|6|2011-11-27|N|Tulane|L|46|65|16|43|.372|5|17|.294|9|14|.643|3|25|10|4|6|14|18||19|54|.352|7|20|.350|20|24|.833|11|35|14|8|2|7|14
7|7|2011-12-03|@|California-Irvine|L|79|99|25|61|.410|11|31|.355|18|29|.621|8|27|12|3|0|17|20||39|63|.619|11|22|.500|10|17|.588|8|36|29|7|3|15|22
8|8|2011-12-07||San Diego State|L|62|74|26|55|.473|3|16|.188|7|12|.583|8|28|10|5|4|9|18||27|54|.500|5|14|.357|15|21|.714|7|28|16|7|4|10|11
9|9|2011-12-10||Maine|W|77|63|29|51|.569|8|14|.571|11|21|.524|7|35|16|6|4|14|16||24|61|.393|6|23|.261|9|9|1.000|8|29|11|4|1|13|21
10|10|2011-12-13||California-Santa Barbara|L|61|65|21|57|.368|6|16|.375|13|18|.722|8|25|11|8|3|9|15||24|46|.522|5|14|.357|12|14|.857|3|25|12|5|8|15|22
11|11|2011-12-17|@|Stanford|L|55|75|20|48|.417|5|15|.333|10|13|.769|4|24|10|5|3|17|22||26|51|.510|7|21|.333|16|24|.667|7|31|13|10|2|15|18
12|12|2011-12-22|N|South Alabama|L|62|68|22|52|.423|7|22|.318|11|14|.786|5|22|16|8|2|15|21||24|58|.414|8|18|.444|12|18|.667|15|41|17|4|3|20|14
13|13|2011-12-31|@|Brigham Young|L|52|88|14|61|.230|5|27|.185|19|26|.731|9|30|6|5|1|12|23||29|59|.492|7|20|.350|23|30|.767|9|47|22|10|5|13|20
14|14|2012-01-05||Saint Mary's (CA)|L|72|78|25|50|.500|7|14|.500|15|20|.750|7|22|12|8|4|15|25||23|53|.434|7|18|.389|25|33|.758|12|28|11|7|2|14|15
15|15|2012-01-07||Loyola Marymount|L|68|79|25|63|.397|8|21|.381|10|12|.833|6|27|14|8|6|15|17||25|62|.403|11|20|.550|18|23|.783|10|35|9|8|3|14|13
16|16|2012-01-12|@|Santa Clara|W|75|62|22|45|.489|5|16|.313|26|35|.743|8|34|13|3|4|14|28||16|58|.276|6|25|.240|24|35|.686|19|39|10|7|2|14|26
17|17|2012-01-16||Brigham Young|L|63|82|24|59|.407|6|19|.316|9|12|.750|5|24|15|10|6|11|14||28|62|.452|11|24|.458|15|21|.714|11|42|16|4|4|14|11
18|18|2012-01-19|@|Portland|W|82|63|28|51|.549|14|19|.737|12|17|.706|6|22|23|8|6|14|18||23|53|.434|2|12|.167|15|20|.750|15|34|11|8|6|16|19
19|19|2012-01-21|@|Gonzaga|L|60|77|26|61|.426|5|17|.294|3|6|.500|5|25|11|9|2|8|16||29|58|.500|4|11|.364|15|20|.750|10|39|13|3|5|11|8
20|20|2012-01-26||Pepperdine|W|65|56|22|47|.468|4|11|.364|17|31|.548|7|27|13|4|3|8|21||20|52|.385|4|13|.308|12|22|.545|14|36|10|3|2|13|20
21|21|2012-01-28|@|San Francisco|L|70|84|28|55|.509|6|13|.462|8|15|.533|5|28|12|5|4|12|19||29|57|.509|9|18|.500|17|24|.708|9|32|20|7|5|10|20
22|22|2012-02-02|@|Saint Mary's (CA)|L|73|84|28|47|.596|4|11|.364|13|18|.722|5|20|21|4|1|11|19||29|63|.460|8|19|.421|18|22|.818|16|30|16|4|2|6|14
23|23|2012-02-04||Santa Clara|W|70|65|19|49|.388|7|14|.500|25|39|.641|12|33|10|6|6|12|19||23|61|.377|4|19|.211|15|18|.833|8|27|11|7|7|12|28
24|24|2012-02-09|@|Pepperdine|W|70|57|25|49|.510|6|18|.333|14|22|.636|6|33|15|5|1|9|15||23|55|.418|5|16|.313|6|14|.429|8|25|19|5|2|8|19
25|25|2012-02-11||San Francisco|L|70|81|27|60|.450|8|23|.348|8|11|.727|5|23|15|11|4|17|13||28|54|.519|9|25|.360|16|17|.941|5|31|18|8|4|18|16
26|26|2012-02-16||Portland|W (1 OT)|78|75|29|60|.483|8|15|.533|12|21|.571|5|28|21|10|4|13|18||27|58|.466|8|17|.471|13|21|.619|6|29|12|5|8|15|16
27|27|2012-02-18|@|Cal State Bakersfield|L|63|72|22|47|.468|4|15|.267|15|23|.652|7|21|13|6|1|13|20||27|50|.540|6|14|.429|12|16|.750|9|29|18|8|7|15|18
28|28|2012-02-23|@|Loyola Marymount|W|60|57|22|50|.440|7|15|.467|9|11|.818|11|33|11|9|2|19|14||23|54|.426|4|17|.235|7|13|.538|9|27|9|12|6|14|15
29|29|2012-02-25||Gonzaga|L|57|65|22|53|.415|6|23|.261|7|15|.467|8|26|11|5|3|8|24||19|44|.432|7|13|.538|20|27|.741|10|36|8|4|1|12|17
30|30|2012-03-01|N|Pepperdine|W|76|54|27|48|.563|8|16|.500|14|22|.636|5|27|17|9|4|9|17||20|51|.392|7|21|.333|7|14|.500|10|31|7|3|0|18|17
31|31|2012-03-02|N|Brigham Young|L|68|73|26|55|.473|6|23|.261|10|16|.625|5|27|14|7|1|18|16||29|53|.547|7|15|.467|8|14|.571|5|30|17|10|5|17|17
