ranker|game_season|date_game|game_location|opp_id|game_result|pts|opp_pts|fg|fga|fg_pct|fg3|fg3a|fg3_pct|ft|fta|ft_pct|orb|trb|ast|stl|blk|tov|pf|x|opp_fg|opp_fga|opp_fg_pct|opp_fg3|opp_fg3a|opp_fg3_pct|opp_ft|opp_fta|opp_ft_pct|opp_orb|opp_trb|opp_ast|opp_stl|opp_blk|opp_tov|opp_pf|
1|1|2011-11-12||Western Michigan|W|82|76|29|63|.460|9|28|.321|15|20|.750|9|28|14|7|4|12|23||29|61|.475|2|15|.133|16|28|.571|11|36|10|5|3|11|19
2|2|2011-11-14|@|Minnesota|L|55|71|19|52|.365|6|20|.300|11|21|.524|8|31|8|8|2|17|19||27|47|.574|6|14|.429|11|21|.524|5|30|19|14|9|15|21
3|3|2011-11-16|@|Georgia|L|61|72|22|56|.393|5|20|.250|12|23|.522|16|39|11|4|0|13|15||27|67|.403|6|29|.207|12|15|.800|17|37|12|6|6|7|15
4|4|2011-11-21|N|Niagara|W|79|71|23|57|.404|4|20|.200|29|47|.617|12|35|9|8|3|10|16||26|57|.456|3|12|.250|16|23|.696|9|33|10|5|2|19|33
5|5|2011-11-22|N|Sam Houston State|W|77|60|22|51|.431|10|24|.417|23|32|.719|10|28|16|8|1|15|15||23|58|.397|6|24|.250|8|12|.667|9|30|4|8|1|15|25
6|6|2011-11-23|@|Mercer|W|74|61|24|53|.453|8|26|.308|18|26|.692|7|24|10|8|1|12|21||19|48|.396|8|20|.400|15|20|.750|6|28|13|7|3|23|25
7|7|2011-11-26|@|Nebraska|L|64|76|21|62|.339|8|26|.308|14|18|.778|10|30|10|5|1|10|16||28|57|.491|5|14|.357|15|18|.833|7|36|13|8|3|12|20
8|8|2011-12-01|@|IUPUI|W (1 OT)|97|93|35|77|.455|14|32|.438|13|17|.765|11|42|20|5|0|14|17||34|78|.436|11|25|.440|14|17|.824|15|42|19|6|2|12|15
9|9|2011-12-03|@|Western Illinois|W|67|66|20|53|.377|9|22|.409|18|23|.783|10|30|14|7|0|7|14||26|54|.481|5|16|.313|9|13|.692|9|34|12|5|4|13|23
10|10|2011-12-06||Southwest State (MN)|W|92|69|32|61|.525|4|15|.267|24|35|.686|13|36|19|12|2|12|17||28|57|.491|5|18|.278|8|13|.615|6|28|12|8|3|18|23
11|11|2011-12-10||North Dakota|W|92|54|33|58|.569|9|15|.600|17|27|.630|13|42|19|7|3|13|17||18|50|.360|3|13|.231|15|23|.652|7|20|6|6|3|15|22
12|12|2011-12-12||Dakota State|W|93|60|34|64|.531|9|19|.474|16|20|.800|16|39|20|10|3|12|14||25|59|.424|5|14|.357|5|7|.714|7|19|11|4|0|14|17
13|13|2011-12-15|@|North Dakota|L|70|89|23|54|.426|9|24|.375|15|19|.789|8|27|10|6|2|18|14||34|58|.586|9|19|.474|12|16|.750|4|25|18|12|0|12|15
14|14|2011-12-18|@|Washington|W|92|73|28|51|.549|10|16|.625|26|32|.813|6|26|12|6|1|5|17||26|63|.413|5|18|.278|16|22|.727|17|33|14|2|3|9|20
15|15|2011-12-28||IPFW|W|94|58|35|65|.538|13|29|.448|11|19|.579|14|43|21|3|5|7|19||21|57|.368|4|21|.190|12|21|.571|7|28|8|4|2|9|20
16|16|2011-12-30||Oakland|W|76|64|26|51|.510|9|19|.474|15|18|.833|6|25|15|8|4|9|15||25|51|.490|5|19|.263|9|14|.643|5|25|13|3|0|11|18
17|17|2012-01-05|@|Southern Utah|W|75|68|25|56|.446|4|17|.235|21|30|.700|7|29|12|7|2|7|15||28|58|.483|2|7|.286|10|11|.909|5|28|12|1|5|11|23
18|18|2012-01-07|@|Oral Roberts|L|75|97|30|54|.556|9|18|.500|6|9|.667|5|19|15|2|0|10|17||37|61|.607|10|21|.476|13|14|.929|9|28|20|7|1|6|14
19|19|2012-01-12||South Dakota|W|86|56|31|65|.477|9|25|.360|15|16|.938|5|41|18|8|4|6|16||19|59|.322|6|18|.333|12|19|.632|7|30|11|2|3|15|15
20|20|2012-01-14||Missouri-Kansas City|W|85|58|29|53|.547|8|15|.533|19|23|.826|9|38|17|6|5|14|21||20|54|.370|5|17|.294|13|23|.565|4|19|7|6|0|10|20
21|21|2012-01-21|@|North Dakota State|W (1 OT)|91|88|27|58|.466|11|24|.458|26|34|.765|4|25|16|6|3|9|18||33|66|.500|7|19|.368|15|17|.882|9|33|18|6|4|14|23
22|22|2012-01-26|@|Oakland|L|87|92|30|66|.455|14|33|.424|13|19|.684|13|37|16|4|1|11|22||27|58|.466|14|28|.500|24|32|.750|7|32|22|6|2|7|17
23|23|2012-01-28|@|IPFW|W|74|43|24|52|.462|9|20|.450|17|23|.739|6|37|12|9|1|17|19||16|49|.327|2|17|.118|9|17|.529|3|26|10|10|2|18|21
24|24|2012-02-02||Oral Roberts|W|75|60|26|54|.481|6|21|.286|17|20|.850|10|23|16|9|0|7|16||23|46|.500|3|13|.231|11|14|.786|7|24|10|5|3|14|21
25|25|2012-02-04||Southern Utah|W|66|56|20|43|.465|5|16|.313|21|30|.700|6|19|9|8|2|10|15||22|47|.468|3|5|.600|9|12|.750|12|31|9|4|0|18|27
26|26|2012-02-09|@|South Dakota|L|68|72|24|67|.358|10|32|.313|10|14|.714|15|34|14|7|1|9|15||29|52|.558|7|20|.350|7|13|.538|6|33|21|5|3|13|16
27|27|2012-02-11|@|Missouri-Kansas City|W|75|62|24|54|.444|7|17|.412|20|25|.800|9|33|10|6|1|9|16||20|53|.377|9|24|.375|13|19|.684|7|25|12|4|3|9|22
28|28|2012-02-15||North Dakota State|W|80|57|29|52|.558|6|11|.545|16|21|.762|5|22|14|8|3|3|10||23|56|.411|5|17|.294|6|8|.750|13|32|9|3|3|16|17
29|29|2012-02-18||Buffalo|W|86|65|27|55|.491|7|17|.412|25|31|.806|9|34|14|7|3|9|18||26|58|.448|6|20|.300|7|11|.636|8|31|13|4|2|15|23
30|30|2012-02-23||Western Illinois|W|74|57|26|50|.520|9|15|.600|13|17|.765|5|30|19|4|1|8|15||22|48|.458|3|16|.188|10|12|.833|3|17|14|4|2|8|16
31|31|2012-02-25||IUPUI|W|75|64|27|54|.500|8|17|.471|13|20|.650|9|30|15|3|1|6|10||25|53|.472|6|18|.333|8|10|.800|7|26|8|5|2|7|12
32|32|2012-03-03|N|IUPUI|W|77|56|30|53|.566|4|10|.400|13|14|.929|8|27|18|9|0|12|11||23|53|.434|6|19|.316|4|4|1.000|8|19|11|7|1|15|16
33|33|2012-03-05|N|Southern Utah|W|63|47|23|45|.511|5|17|.294|12|17|.706|4|25|12|8|1|8|19||18|45|.400|3|8|.375|8|19|.421|10|29|7|3|3|12|16
34|34|2012-03-06|N|Western Illinois|W (1 OT)|52|50|19|54|.352|7|18|.389|7|9|.778|6|33|9|6|3|9|8||21|52|.404|6|13|.462|2|6|.333|5|32|10|5|3|10|11
35|35|2012-03-15|N|Baylor|L|60|68|21|50|.420|10|30|.333|8|14|.571|4|17|16|7|1|13|17||23|52|.442|8|20|.400|14|20|.700|12|31|9|6|2|12|16
