ranker|game_season|date_game|game_location|opp_id|game_result|pts|opp_pts|fg|fga|fg_pct|fg3|fg3a|fg3_pct|ft|fta|ft_pct|orb|trb|ast|stl|blk|tov|pf|x|opp_fg|opp_fga|opp_fg_pct|opp_fg3|opp_fg3a|opp_fg3_pct|opp_ft|opp_fta|opp_ft_pct|opp_orb|opp_trb|opp_ast|opp_stl|opp_blk|opp_tov|opp_pf|
1|1|2011-11-11||Dillard|W|67|48|24|51|.471|4|12|.333|15|25|.600|4|29|17|8|4|5|24||15|41|.366|3|9|.333|15|26|.577|6|30|8|1|2|16|22
2|2|2011-11-13|@|Texas A&M|L|58|83|22|54|.407|5|15|.333|9|14|.643|2|19|14|4|1|11|24||30|53|.566|5|14|.357|18|28|.643|11|41|13|6|4|14|13
3|3|2011-11-17|@|Rice|L|65|80|23|52|.442|3|11|.273|16|23|.696|5|28|12|5|1|13|20||27|60|.450|9|24|.375|17|25|.680|11|38|14|9|5|9|19
4|4|2011-11-22|@|Providence|L|53|59|20|59|.339|4|20|.200|9|12|.750|8|36|8|6|3|19|31||13|49|.265|1|4|.250|32|47|.681|15|43|6|9|2|17|14
5|5|2011-11-25|N|Florida A&M|W|64|61|20|46|.435|6|11|.545|18|23|.783|5|27|11|1|1|12|18||24|64|.375|5|16|.313|8|11|.727|12|35|7|6|3|12|19
6|6|2011-11-26|N|Northern Colorado|L|57|77|20|57|.351|3|18|.167|14|16|.875|7|22|11|8|3|15|19||31|60|.517|5|14|.357|10|15|.667|12|36|10|4|2|16|15
7|7|2011-11-30|@|Tulane|L|53|78|21|53|.396|4|15|.267|7|11|.636|5|28|10|2|3|16|16||29|62|.468|9|21|.429|11|17|.647|12|38|14|10|5|10|11
8|8|2011-12-09|N|MacMurray|W|66|57|22|63|.349|2|12|.167|20|27|.741|17|47|16|10|7|20|23||17|60|.283|5|20|.250|18|27|.667|11|35|10|12|2|17|20
9|9|2011-12-10|N|Jacksonville State|L|50|55|19|52|.365|2|9|.222|10|13|.769|10|39|14|4|6|19|19||17|57|.298|5|17|.294|16|27|.593|11|33|11|10|1|9|9
10|10|2011-12-12|@|Southeastern Louisiana|L (1 OT)|61|65|19|51|.373|4|15|.267|19|27|.704|3|26|8|7|3|18|29||19|54|.352|3|16|.188|24|41|.585|17|43|8|9|2|21|25
11|11|2011-12-17|@|Texas-El Paso|L|57|87|22|59|.373|5|18|.278|8|12|.667|11|31|14|3|1|14|14||30|60|.500|12|23|.522|15|16|.938|7|33|22|8|6|6|12
12|12|2011-12-19|@|New Mexico State|L|66|91|23|65|.354|7|18|.389|13|20|.650|8|29|10|6|3|17|25||31|60|.517|5|12|.417|24|35|.686|15|51|9|6|4|22|18
13|13|2011-12-29||Loyola (LA)|W|73|68|29|58|.500|5|15|.333|10|14|.714|9|29|14|10|5|18|16||23|60|.383|6|14|.429|16|21|.762|13|33|9|10|0|16|17
14|14|2012-01-03|@|Prairie View|W|73|65|23|48|.479|7|15|.467|20|25|.800|4|29|14|2|3|14|22||23|62|.371|2|14|.143|17|29|.586|14|32|7|6|4|13|21
15|15|2012-01-05|@|Texas Southern|L|39|73|14|49|.286|5|20|.250|6|14|.429|5|26|10|2|7|21|20||25|58|.431|6|13|.462|17|32|.531|13|48|13|14|3|14|17
16|16|2012-01-07||Grambling|W|72|59|27|55|.491|7|16|.438|11|16|.688|4|25|14|10|1|8|20||20|53|.377|2|13|.154|17|24|.708|13|35|4|6|1|13|14
17|17|2012-01-09||Jackson State|W|68|37|26|47|.553|5|8|.625|11|17|.647|7|33|12|9|4|17|12||14|54|.259|1|11|.091|8|14|.571|11|24|4|7|5|15|18
18|18|2012-01-14|@|Arkansas-Pine Bluff|W|69|68|19|42|.452|9|21|.429|22|30|.733|6|24|8|6|0|12|17||24|49|.490|4|13|.308|16|24|.667|9|33|12|6|3|10|21
19|19|2012-01-16|@|Mississippi Valley State|L|56|77|19|49|.388|6|14|.429|12|17|.706|9|29|12|4|2|20|13||30|68|.441|11|35|.314|6|8|.750|18|40|19|6|1|12|16
20|20|2012-01-21||Alabama A&M|W (1 OT)|75|69|24|55|.436|3|13|.231|24|31|.774|7|30|12|9|10|12|15||25|62|.403|7|16|.438|12|20|.600|12|37|12|6|6|17|23
21|21|2012-01-23||Alabama State|W|68|56|26|48|.542|3|11|.273|13|26|.500|3|26|7|6|6|7|24||18|54|.333|7|21|.333|13|28|.464|16|40|11|4|2|12|23
22|22|2012-01-28||Alcorn State|W|65|54|24|58|.414|5|11|.455|12|20|.600|14|46|11|5|6|17|20||15|60|.250|1|14|.071|23|28|.821|9|30|1|9|3|10|18
23|23|2012-02-04|@|Grambling|W|57|53|18|47|.383|5|20|.250|16|23|.696|12|32|4|6|2|12|17||18|45|.400|5|14|.357|12|17|.706|6|26|5|4|3|11|19
24|24|2012-02-06|@|Jackson State|W (1 OT)|49|44|17|45|.378|4|11|.364|11|18|.611|4|34|7|3|4|10|15||15|66|.227|6|22|.273|8|14|.571|17|39|8|5|6|5|18
25|25|2012-02-11||Arkansas-Pine Bluff|L|58|64|23|64|.359|4|21|.190|8|13|.615|12|38|12|8|2|14|20||19|54|.352|3|12|.250|23|31|.742|9|32|6|11|3|12|12
26|26|2012-02-13||Mississippi Valley State|L|53|58|17|57|.298|2|16|.125|17|24|.708|8|31|7|11|5|11|20||17|54|.315|7|21|.333|17|29|.586|16|45|6|8|4|21|18
27|27|2012-02-18|@|Alabama A&M|W|72|65|25|47|.532|6|14|.429|16|22|.727|2|27|10|5|3|10|19||23|55|.418|6|17|.353|13|18|.722|6|26|13|5|2|9|18
28|28|2012-02-20|@|Alabama State|W|55|53|18|45|.400|3|14|.214|16|24|.667|4|25|13|6|5|10|15||19|53|.358|6|21|.286|9|17|.529|15|37|11|7|2|14|21
29|29|2012-02-25|@|Alcorn State|L|40|60|13|38|.342|5|14|.357|9|11|.818|3|21|6|4|1|7|17||20|44|.455|5|7|.714|15|22|.682|6|25|6|9|1|6|8
30|30|2012-03-01||Prairie View|W|64|63|24|53|.453|7|17|.412|9|14|.643|9|28|12|6|7|11|18||24|60|.400|5|14|.357|10|23|.435|14|32|4|7|1|7|17
31|31|2012-03-03||Texas Southern|W|56|54|18|40|.450|5|17|.294|15|25|.600|7|25|12|7|2|16|19||17|46|.370|7|17|.412|13|19|.684|10|29|3|6|1|15|23
