ranker|game_season|date_game|game_location|opp_id|game_result|pts|opp_pts|fg|fga|fg_pct|fg3|fg3a|fg3_pct|ft|fta|ft_pct|orb|trb|ast|stl|blk|tov|pf|x|opp_fg|opp_fga|opp_fg_pct|opp_fg3|opp_fg3a|opp_fg3_pct|opp_ft|opp_fta|opp_ft_pct|opp_orb|opp_trb|opp_ast|opp_stl|opp_blk|opp_tov|opp_pf|
1|1|2011-11-12||Ohio Dominican|L|63|64|25|63|.397|1|10|.100|12|21|.571|18|37|9|14|7|21|23||23|48|.479|5|12|.417|13|24|.542|8|30|8|8|5|26|20
2|2|2011-11-15||Saint Louis|L|42|61|8|39|.205|1|9|.111|25|37|.676|8|34|1|1|6|14|21||22|52|.423|5|14|.357|12|18|.667|5|33|12|7|4|7|24
3|3|2011-11-19|@|Northeastern|L|57|64|17|53|.321|2|13|.154|21|23|.913|9|24|9|9|4|11|20||22|43|.512|5|11|.455|15|18|.833|7|26|12|8|8|16|17
4|4|2011-11-25||Chicago State|W|73|57|26|55|.473|6|15|.400|15|27|.556|10|30|12|15|1|13|14||23|50|.460|3|8|.375|8|15|.533|6|27|11|12|0|20|22
5|5|2011-12-07||Western Kentucky|L|55|62|19|54|.352|2|11|.182|15|17|.882|7|29|12|10|2|18|25||21|48|.438|3|9|.333|17|30|.567|11|35|11|7|2|16|18
6|6|2011-12-11|@|Western Michigan|L|43|54|17|59|.288|6|22|.273|3|5|.600|8|25|9|12|4|15|22||17|47|.362|3|16|.188|17|27|.630|15|44|12|8|7|20|12
7|7|2011-12-17|@|Northern Illinois|W|62|49|19|45|.422|4|19|.211|20|29|.690|9|30|7|11|5|17|22||14|48|.292|3|18|.167|18|28|.643|16|33|6|8|2|22|23
8|8|2011-12-19||Southern Illinois-Edwardsville|W|80|57|30|60|.500|5|17|.294|15|20|.750|9|35|16|8|3|14|24||17|47|.362|4|11|.364|19|31|.613|4|27|5|9|3|18|20
9|9|2011-12-22|N|Kansas State|L|58|83|18|61|.295|5|22|.227|17|29|.586|15|27|7|9|1|13|25||25|46|.543|9|14|.643|24|32|.750|8|40|14|6|4|19|25
10|10|2011-12-23|N|Clemson|L (1 OT)|75|83|28|66|.424|8|18|.444|11|15|.733|10|31|15|9|4|14|26||26|61|.426|5|15|.333|26|34|.765|13|40|11|6|1|14|17
11|11|2011-12-25|N|Xavier|L|77|87|28|70|.400|5|20|.250|16|22|.727|13|33|15|3|5|11|28||24|51|.471|3|8|.375|36|48|.750|10|31|13|6|5|10|16
12|12|2011-12-29|@|Evansville|L|60|78|23|56|.411|2|15|.133|12|18|.667|17|32|11|10|4|23|27||24|47|.511|4|9|.444|26|37|.703|10|25|10|9|2|18|17
13|13|2012-01-01||Illinois State|W|86|71|31|61|.508|8|17|.471|16|25|.640|15|39|13|4|3|8|16||24|53|.453|10|23|.435|13|16|.813|5|25|9|5|2|11|23
14|14|2012-01-04|@|Bradley|W|74|65|31|54|.574|4|9|.444|8|16|.500|8|28|20|5|2|9|16||25|56|.446|4|12|.333|11|15|.733|11|30|16|5|2|13|13
15|15|2012-01-07||Wichita State|L|73|83|26|53|.491|6|19|.316|15|23|.652|6|28|14|7|4|12|19||29|58|.500|8|19|.421|17|25|.680|12|34|13|5|0|13|16
16|16|2012-01-10|@|Missouri State|L|65|77|24|55|.436|6|17|.353|11|19|.579|9|23|15|14|4|21|24||24|49|.490|4|10|.400|25|27|.926|9|30|12|5|3|20|17
17|17|2012-01-13||Indiana State|W|73|67|26|51|.510|7|20|.350|14|20|.700|8|29|14|7|6|14|21||23|56|.411|5|20|.250|16|22|.727|11|32|8|9|0|14|22
18|18|2012-01-15|@|Creighton|L|71|90|28|68|.412|4|14|.286|11|19|.579|8|26|17|7|3|5|23||27|49|.551|8|18|.444|28|34|.824|5|38|16|2|2|12|17
19|19|2012-01-18||Drake|L (1 OT)|68|75|23|58|.397|4|17|.235|18|26|.692|18|37|10|4|4|19|20||24|51|.471|7|16|.438|20|27|.741|8|28|8|8|2|16|20
20|20|2012-01-21|@|Wichita State|L|42|85|17|50|.340|2|10|.200|6|17|.353|10|31|8|1|5|22|20||33|61|.541|4|16|.250|15|22|.682|9|34|17|8|7|9|20
21|21|2012-01-24||Bradley|W|77|60|28|47|.596|5|13|.385|16|26|.615|6|35|17|7|7|17|24||20|55|.364|3|18|.167|17|29|.586|11|28|7|9|1|14|20
22|22|2012-01-28|@|Illinois State|L|40|60|15|50|.300|4|13|.308|6|14|.429|5|26|5|6|3|11|19||20|45|.444|5|16|.313|15|21|.714|6|38|12|7|6|11|17
23|23|2012-01-31|@|Northern Iowa|L|49|58|18|51|.353|5|16|.313|8|12|.667|9|30|8|3|2|10|22||17|41|.415|4|13|.308|20|28|.714|5|27|11|5|1|11|14
24|24|2012-02-04||Evansville|W|53|52|19|44|.432|2|12|.167|13|19|.684|13|31|11|9|5|18|16||18|44|.409|4|11|.364|12|16|.750|6|21|15|8|1|16|18
25|25|2012-02-08||Missouri State|L|54|56|23|51|.451|5|16|.313|3|10|.300|9|21|10|5|1|9|17||21|41|.512|3|12|.250|11|16|.688|7|29|9|4|0|16|13
26|26|2012-02-11|@|Indiana State|L|68|78|27|56|.482|5|16|.313|9|13|.692|11|25|16|11|1|14|21||25|39|.641|12|12|1.000|16|21|.762|1|20|13|7|3|17|11
27|27|2012-02-14||Creighton|L|69|88|30|60|.500|7|18|.389|2|10|.200|9|16|15|8|0|6|16||31|40|.775|12|14|.857|14|20|.700|5|29|21|3|2|16|14
28|28|2012-02-18|@|Ball State|L|62|71|22|54|.407|6|20|.300|12|21|.571|13|37|18|6|1|14|27||21|46|.457|10|20|.500|19|33|.576|9|32|11|7|3|12|17
29|29|2012-02-22|@|Drake|L|63|78|21|61|.344|1|16|.063|20|29|.690|16|34|5|6|3|11|26||24|43|.558|5|8|.625|25|37|.676|1|27|12|7|5|11|20
30|30|2012-02-25||Northern Iowa|L|61|65|24|56|.429|4|12|.333|9|15|.600|8|31|14|5|1|9|23||17|42|.405|8|19|.421|23|30|.767|4|29|9|3|1|11|16
31|31|2012-03-01|N|Indiana State|L|51|66|18|50|.360|3|12|.250|12|14|.857|9|28|10|4|2|14|15||25|50|.500|3|7|.429|13|18|.722|4|26|9|9|3|9|15
