ranker|game_season|date_game|game_location|opp_id|game_result|pts|opp_pts|fg|fga|fg_pct|fg3|fg3a|fg3_pct|ft|fta|ft_pct|orb|trb|ast|stl|blk|tov|pf|x|opp_fg|opp_fga|opp_fg_pct|opp_fg3|opp_fg3a|opp_fg3_pct|opp_ft|opp_fta|opp_ft_pct|opp_orb|opp_trb|opp_ast|opp_stl|opp_blk|opp_tov|opp_pf|
1|1|2011-11-11||McMurry|W|78|49|25|57|.439|13|31|.419|15|26|.577|11|32|16|10|4|11|21||16|54|.296|6|28|.214|11|19|.579|19|41|7|7|1|25|22
2|2|2011-11-14|N|Colorado State|L|56|75|16|42|.381|7|25|.280|17|27|.630|4|16|8|4|1|9|15||26|50|.520|9|17|.529|14|15|.933|10|29|13|2|2|14|23
3|3|2011-11-15|N|Fresno State|L|52|54|19|44|.432|5|19|.263|9|13|.692|6|31|7|0|3|16|15||16|51|.314|8|22|.364|14|18|.778|9|28|10|7|2|7|19
4|4|2011-11-19||Florida Gulf Coast|W|65|64|20|47|.426|8|23|.348|17|23|.739|10|30|12|5|2|16|14||22|56|.393|10|20|.500|10|12|.833|12|32|8|10|0|13|22
5|5|2011-11-21|@|Oral Roberts|L|56|62|20|48|.417|6|17|.353|10|15|.667|5|16|7|10|0|9|22||18|38|.474|4|14|.286|22|27|.815|7|30|11|3|3|15|16
6|6|2011-11-22|N|Arkansas-Pine Bluff|W|64|55|17|42|.405|7|20|.350|23|29|.793|7|24|10|3|4|9|17||24|55|.436|2|11|.182|5|11|.455|13|37|8|2|2|12|25
7|7|2011-11-27||Georgia Southern|W|55|49|17|46|.370|8|21|.381|13|15|.867|13|34|13|3|3|15|12||19|46|.413|5|18|.278|6|12|.500|7|23|7|6|2|11|19
8|8|2011-12-04|@|Arkansas-Little Rock|W (1 OT)|69|63|22|44|.500|9|22|.409|16|22|.727|3|19|15|5|0|15|16||20|44|.455|7|22|.318|16|21|.762|9|29|8|5|3|21|22
9|9|2011-12-15|N|Jackson State|L|58|59|22|51|.431|9|25|.360|5|13|.385|14|30|15|6|2|15|14||23|46|.500|9|19|.474|4|6|.667|4|23|11|9|0|13|14
10|10|2011-12-19|@|Southeast Missouri State|W|84|65|24|57|.421|12|27|.444|24|33|.727|12|35|14|12|2|9|18||22|48|.458|7|21|.333|14|20|.700|6|29|12|4|5|16|22
11|11|2011-12-22||Dallas Christian|W|77|41|29|57|.509|8|24|.333|11|15|.733|11|43|18|8|0|11|12||15|56|.268|4|29|.138|7|8|.875|8|25|5|8|0|12|12
12|12|2011-12-28|N|Oklahoma State|L (2 OT)|58|68|21|60|.350|7|27|.259|9|13|.692|5|30|13|11|2|14|14||24|60|.400|7|24|.292|13|20|.650|8|40|11|7|4|15|14
13|13|2011-12-31||Louisiana Tech|W|73|65|21|47|.447|9|18|.500|22|28|.786|11|34|12|4|2|13|11||29|60|.483|6|25|.240|1|4|.250|9|28|13|5|5|11|24
14|14|2012-01-03|@|Mississippi|L|48|50|19|52|.365|8|29|.276|2|5|.400|10|28|15|6|4|11|14||15|44|.341|6|23|.261|14|17|.824|8|31|13|3|2|14|12
15|15|2012-01-07|@|Tulsa|W|57|55|23|53|.434|5|15|.333|6|10|.600|5|20|11|11|0|6|11||20|45|.444|5|19|.263|10|12|.833|9|33|9|2|4|17|11
16|16|2012-01-11||Rice|L|52|68|19|49|.388|7|26|.269|7|14|.500|6|18|10|8|3|13|18||25|48|.521|4|15|.267|14|18|.778|8|34|16|8|5|17|15
17|17|2012-01-14|@|Texas-El Paso|L (1 OT)|64|70|21|43|.488|6|21|.286|16|25|.640|1|20|13|5|3|14|16||24|48|.500|6|21|.286|16|20|.800|3|27|19|8|0|13|19
18|18|2012-01-18||Houston|W|70|54|23|49|.469|11|22|.500|13|21|.619|5|24|14|6|2|8|9||20|46|.435|9|24|.375|5|9|.556|4|28|10|2|3|15|18
19|19|2012-01-21|@|Memphis|L|45|63|15|46|.326|5|27|.185|10|12|.833|6|23|11|8|2|16|18||23|54|.426|2|16|.125|15|19|.789|13|35|13|11|2|12|12
20|20|2012-01-25|@|Tulane|L|74|80|28|49|.571|10|22|.455|8|11|.727|3|24|18|4|2|16|27||25|56|.446|10|29|.345|20|32|.625|15|32|17|9|1|9|15
21|21|2012-01-28||Tulsa|L|60|66|19|45|.422|6|11|.545|16|21|.762|4|14|9|10|4|15|17||23|44|.523|10|17|.588|10|16|.625|11|28|16|6|8|16|16
22|22|2012-02-01|@|East Carolina|L|43|62|17|39|.436|0|11|.000|9|15|.600|4|20|9|6|1|12|18||23|48|.479|10|28|.357|6|12|.500|10|32|16|9|3|9|16
23|23|2012-02-04||Central Florida|L|52|59|18|44|.409|6|22|.273|10|14|.714|6|20|11|6|0|9|19||17|45|.378|8|25|.320|17|22|.773|13|31|11|6|1|9|16
24|24|2012-02-08||Texas Christian|W|68|62|25|48|.521|11|24|.458|7|11|.636|4|27|18|10|2|17|15||22|47|.468|8|20|.400|10|18|.556|3|23|12|12|1|15|14
25|25|2012-02-11|@|Rice|L|39|43|13|40|.325|7|24|.292|6|9|.667|3|28|11|7|5|15|13||15|46|.326|6|19|.316|7|10|.700|6|30|11|9|0|16|13
26|26|2012-02-15||Alabama-Birmingham|L|28|47|8|46|.174|3|29|.103|9|14|.643|6|24|3|10|2|7|17||15|44|.341|8|27|.296|9|18|.500|12|44|13|3|0|14|16
27|27|2012-02-18||Marshall|L|68|73|24|51|.471|7|23|.304|13|23|.565|7|28|9|6|1|15|25||23|48|.479|7|21|.333|20|31|.645|8|28|13|6|4|11|18
28|28|2012-02-22||Tulane|W|64|50|23|43|.535|7|17|.412|11|18|.611|4|27|15|6|4|17|23||13|45|.289|2|22|.091|22|31|.710|14|33|7|8|0|18|19
29|29|2012-02-25|@|Houston|L|59|62|19|47|.404|14|29|.483|7|10|.700|5|20|12|10|3|11|19||23|42|.548|5|13|.385|11|16|.688|5|28|11|8|4|15|14
30|30|2012-02-29|@|Southern Mississippi|L|60|67|20|44|.455|11|23|.478|9|16|.563|1|16|9|9|1|9|20||24|46|.522|3|13|.231|16|23|.696|10|32|11|8|2|12|17
31|31|2012-03-03||Texas-El Paso|W|57|48|20|55|.364|10|30|.333|7|9|.778|8|33|15|5|2|10|20||15|46|.326|6|21|.286|12|22|.545|7|32|9|4|3|12|13
32|32|2012-03-07|N|Marshall|L|56|74|18|54|.333|6|24|.250|14|21|.667|9|29|9|7|6|12|20||27|57|.474|4|17|.235|16|23|.696|11|39|12|10|3|13|18
