ranker|game_season|date_game|game_location|opp_id|game_result|pts|opp_pts|fg|fga|fg_pct|fg3|fg3a|fg3_pct|ft|fta|ft_pct|orb|trb|ast|stl|blk|tov|pf|x|opp_fg|opp_fga|opp_fg_pct|opp_fg3|opp_fg3a|opp_fg3_pct|opp_ft|opp_fta|opp_ft_pct|opp_orb|opp_trb|opp_ast|opp_stl|opp_blk|opp_tov|opp_pf|
1|1|2011-11-11||Centenary (LA)|W|84|43|31|62|.500|3|15|.200|19|27|.704|16|32|13|17|3|12|18||13|38|.342|3|12|.250|14|15|.933|4|22|3|2|4|32|21
2|2|2011-11-14|@|San Diego|L|61|66|22|45|.489|6|14|.429|11|21|.524|2|25|10|7|3|17|19||22|48|.458|8|21|.381|14|20|.700|6|27|13|7|4|16|18
3|3|2011-11-20|@|Texas Tech|L|54|66|18|50|.360|4|19|.211|14|25|.560|10|24|6|7|1|15|24||22|35|.629|6|11|.545|16|24|.667|3|25|13|5|2|20|28
4|4|2011-11-26|@|Texas-El Paso|W|53|35|23|47|.489|2|7|.286|5|12|.417|9|29|17|3|0|8|13||13|42|.310|3|11|.273|6|8|.750|4|20|8|3|7|9|12
5|5|2011-11-30||Wiley|W|72|66|26|59|.441|8|16|.500|12|17|.706|16|41|16|10|3|16|14||25|56|.446|7|14|.500|9|14|.643|8|25|13|10|3|17|18
6|6|2011-12-03|@|Texas A&M|L|42|55|15|52|.288|1|14|.071|11|15|.733|4|23|9|5|6|6|15||20|48|.417|4|12|.333|11|18|.611|11|39|11|3|3|12|14
7|7|2011-12-10||Alabama State|W|74|48|29|58|.500|2|9|.222|14|19|.737|16|42|24|8|1|10|14||19|48|.396|6|15|.400|4|14|.286|8|20|12|6|2|14|16
8|8|2011-12-11||Florida International|L|56|58|21|47|.447|4|12|.333|10|16|.625|12|23|14|7|3|12|15||21|36|.583|4|7|.571|12|15|.800|6|18|11|7|2|17|22
9|9|2011-12-17||Texas College|W|64|57|21|53|.396|4|15|.267|18|27|.667|16|38|17|9|3|21|15||21|50|.420|2|12|.167|13|18|.722|7|20|7|15|4|17|20
10|10|2011-12-20|N|Prairie View|L|50|53|22|49|.449|0|8|.000|6|14|.429|4|26|14|5|0|15|17||20|49|.408|6|18|.333|7|14|.500|8|27|7|7|1|16|21
11|11|2011-12-21|N|North Carolina Central|L|57|65|19|51|.373|2|16|.125|17|20|.850|9|34|8|3|0|15|20||23|51|.451|8|24|.333|11|20|.550|4|20|15|7|2|9|16
12|12|2011-12-22|@|Oregon|L|45|55|19|52|.365|1|12|.083|6|9|.667|9|27|10|7|2|12|20||18|43|.419|5|18|.278|14|23|.609|6|30|6|6|2|14|12
13|13|2011-12-30||Texas-Tyler|W|93|36|31|64|.484|4|11|.364|27|40|.675|16|43|17|17|2|9|16||13|41|.317|2|16|.125|8|13|.615|5|28|7|3|1|33|26
14|14|2012-01-04|@|Texas State|W|66|65|20|49|.408|5|12|.417|21|27|.778|7|28|11|7|4|10|12||26|50|.520|9|19|.474|4|6|.667|2|22|16|5|4|11|20
15|15|2012-01-07||Southeastern Louisiana|W|63|36|23|43|.535|5|12|.417|12|18|.667|7|26|12|11|0|16|16||14|38|.368|1|4|.250|7|10|.700|6|18|8|8|3|23|17
16|16|2012-01-11|@|Central Arkansas|W|67|56|25|49|.510|2|6|.333|15|28|.536|8|36|13|4|3|13|16||22|58|.379|4|17|.235|8|20|.400|11|25|11|4|3|10|22
17|17|2012-01-14||Texas-San Antonio|L|52|59|21|48|.438|2|13|.154|8|13|.615|12|32|10|6|5|16|13||22|49|.449|7|13|.538|8|10|.800|7|23|12|9|4|13|15
18|18|2012-01-21|@|Texas-Arlington|L|54|63|23|50|.460|4|15|.267|4|9|.444|7|28|17|7|1|23|23||19|44|.432|4|13|.308|21|27|.778|6|26|10|9|3|17|16
19|19|2012-01-25||Sam Houston State|W (1 OT)|67|66|24|51|.471|4|12|.333|15|24|.625|5|30|16|5|4|9|20||21|51|.412|7|15|.467|17|25|.680|7|27|9|3|2|10|17
20|20|2012-01-28|@|Texas A&M-Corpus Christi|W|64|49|24|55|.436|4|9|.444|12|19|.632|12|36|7|7|3|10|17||19|47|.404|4|14|.286|7|16|.438|5|26|11|6|7|14|17
21|21|2012-02-01||Texas State|W|71|63|26|43|.605|3|6|.500|16|25|.640|7|39|21|7|3|23|16||23|59|.390|8|27|.296|9|11|.818|2|11|10|11|2|15|20
22|22|2012-02-05|@|McNeese State|L|56|66|22|48|.458|3|14|.214|9|12|.750|5|24|10|3|3|14|22||19|45|.422|6|15|.400|22|30|.733|6|25|8|11|2|8|15
23|23|2012-02-08||Nicholls State|W (1 OT)|62|58|18|45|.400|5|15|.333|21|29|.724|7|25|14|7|2|10|17||19|36|.528|7|16|.438|13|21|.619|2|23|8|6|2|19|21
24|24|2012-02-11|@|Texas-San Antonio|W|59|51|21|49|.429|8|17|.471|9|16|.563|12|32|15|11|1|14|12||19|42|.452|6|20|.300|7|10|.700|6|24|6|7|4|19|16
25|25|2012-02-15||Texas-Arlington|L|47|51|17|60|.283|2|18|.111|11|18|.611|14|41|10|7|2|11|22||13|43|.302|6|18|.333|19|30|.633|7|34|8|6|6|13|22
26|26|2012-02-18||High Point|W|69|62|27|56|.482|7|16|.438|8|15|.533|10|34|24|9|5|11|14||19|52|.365|11|27|.407|13|15|.867|8|28|9|9|2|14|16
27|27|2012-02-22|@|Lamar|W|62|52|25|46|.543|0|4|.000|12|19|.632|9|39|15|4|6|18|15||19|66|.288|1|13|.077|13|22|.591|19|32|8|10|5|7|16
28|28|2012-02-25||Texas A&M-Corpus Christi|W|74|41|33|54|.611|2|7|.286|6|17|.353|11|37|22|6|10|10|16||13|50|.260|2|15|.133|13|18|.722|11|26|5|2|4|14|15
29|29|2012-02-29|@|Sam Houston State|W|58|47|20|41|.488|6|12|.500|12|17|.706|7|27|18|8|0|13|19||15|38|.395|5|16|.313|12|18|.667|6|21|12|7|2|13|17
30|30|2012-03-03||Northwestern State|W|62|52|22|55|.400|1|10|.100|17|38|.447|19|40|10|4|2|10|15||18|46|.391|5|15|.333|11|17|.647|7|26|10|5|6|17|31
31|31|2012-03-07|N|Sam Houston State|W|68|46|20|36|.556|4|8|.500|24|30|.800|7|29|14|6|2|15|13||19|47|.404|5|16|.313|3|7|.429|8|20|11|7|0|16|23
32|32|2012-03-08|N|Lamar|L|44|55|16|53|.302|3|13|.231|9|14|.643|11|34|8|5|4|14|17||20|45|.444|1|5|.200|14|19|.737|5|26|7|11|5|9|13
