ranker|game_season|date_game|game_location|opp_id|game_result|pts|opp_pts|fg|fga|fg_pct|fg3|fg3a|fg3_pct|ft|fta|ft_pct|orb|trb|ast|stl|blk|tov|pf|x|opp_fg|opp_fga|opp_fg_pct|opp_fg3|opp_fg3a|opp_fg3_pct|opp_ft|opp_fta|opp_ft_pct|opp_orb|opp_trb|opp_ast|opp_stl|opp_blk|opp_tov|opp_pf|
1|1|2011-11-11|@|Saint Louis|L|37|71|14|47|.298|4|13|.308|5|7|.714|6|22|6|3|3|22|21||25|48|.521|8|16|.500|13|18|.722|8|29|16|9|5|13|14
2|2|2011-11-14|@|Western Kentucky|L|49|52|18|46|.391|1|13|.077|12|18|.667|6|27|7|12|1|19|16||19|46|.413|5|19|.263|9|12|.750|9|31|12|6|3|25|19
3|3|2011-11-16||Fisk|W|81|57|28|73|.384|5|20|.250|20|28|.714|25|48|17|12|5|19|26||18|50|.360|3|12|.250|18|22|.818|6|26|10|6|5|25|25
4|4|2011-11-20|@|South Carolina|W|64|63|21|47|.447|10|22|.455|12|21|.571|3|23|15|9|1|13|23||22|55|.400|7|26|.269|12|20|.600|8|29|13|5|7|16|21
5|5|2011-11-22|@|North Carolina|L|69|102|28|71|.394|11|31|.355|2|5|.400|7|23|19|6|3|12|16||41|66|.621|11|18|.611|9|16|.563|10|41|32|9|6|11|10
6|6|2011-11-25|N|Mississippi Valley State|L (2 OT)|89|90|28|55|.509|13|25|.520|20|31|.645|12|33|17|5|1|21|23||27|57|.474|12|26|.462|24|33|.727|13|31|10|8|1|16|26
7|7|2011-11-26|N|Morgan State|W|69|64|21|50|.420|9|16|.563|18|25|.720|9|32|15|5|7|10|18||23|54|.426|5|18|.278|13|17|.765|8|28|14|5|6|10|23
8|8|2011-12-01||Middle Tennessee|L|62|77|19|58|.328|5|21|.238|19|27|.704|11|28|8|8|5|11|25||23|45|.511|7|14|.500|24|38|.632|8|34|13|5|4|15|25
9|9|2011-12-06|@|Belmont|L|62|75|24|58|.414|7|22|.318|7|10|.700|10|29|9|7|3|9|22||24|50|.480|6|20|.300|21|25|.840|9|33|13|8|1|14|17
10|10|2011-12-10||Central Michigan|W|65|57|22|55|.400|4|16|.250|17|24|.708|13|34|11|8|6|16|13||23|59|.390|7|19|.368|4|8|.500|14|37|12|6|3|19|21
11|11|2011-12-17|@|Delaware State|W|59|55|18|46|.391|5|14|.357|18|25|.720|5|27|9|5|4|9|13||19|51|.373|3|11|.273|14|16|.875|9|27|9|8|6|9|22
12|12|2011-12-19||Le Moyne Owen|W|92|55|34|61|.557|11|22|.500|13|25|.520|12|42|24|13|3|22|20||19|58|.328|5|17|.294|12|20|.600|4|22|9|9|3|20|23
13|13|2011-12-21||Alabama A&M|W|78|68|21|38|.553|7|11|.636|29|44|.659|7|33|15|6|6|21|20||24|57|.421|4|17|.235|16|21|.762|8|22|10|7|2|15|30
14|14|2011-12-29||Tennessee-Martin|W|83|67|32|57|.561|6|17|.353|13|20|.650|10|33|15|8|2|14|19||25|56|.446|6|18|.333|11|19|.579|8|27|13|3|1|18|20
15|15|2011-12-31|@|Eastern Kentucky|L|68|73|25|67|.373|9|30|.300|9|13|.692|15|31|11|6|1|9|19||25|47|.532|8|19|.421|15|23|.652|6|30|12|6|3|11|17
16|16|2012-01-05|@|Tennessee Tech|L|86|92|29|56|.518|10|19|.526|18|22|.818|8|21|13|8|2|17|22||31|53|.585|9|14|.643|21|25|.840|6|24|17|10|2|17|18
17|17|2012-01-07|@|Jacksonville State|L|65|72|17|57|.298|4|20|.200|27|33|.818|15|37|9|2|2|15|23||24|48|.500|4|11|.364|20|29|.690|6|24|10|6|4|12|22
18|18|2012-01-11||Morehead State|W|77|72|23|47|.489|13|25|.520|18|23|.783|9|27|18|6|5|13|12||26|53|.491|10|26|.385|10|14|.714|7|22|14|7|2|11|17
19|19|2012-01-14||Southern Illinois-Edwardsville|W|52|49|21|49|.429|3|15|.200|7|11|.636|7|40|10|7|4|17|13||16|48|.333|7|17|.412|10|18|.556|3|26|8|10|1|14|17
20|20|2012-01-16|@|Austin Peay|L|63|69|24|57|.421|5|16|.313|10|15|.667|13|35|11|7|2|21|23||24|48|.500|4|14|.286|17|26|.654|7|28|14|7|7|20|18
21|21|2012-01-19|@|Eastern Illinois|W|55|46|22|49|.449|2|12|.167|9|12|.750|8|31|11|5|4|11|9||20|55|.364|3|21|.143|3|3|1.000|7|26|8|3|4|10|14
22|22|2012-01-26|@|Tennessee-Martin|W|72|59|23|48|.479|2|10|.200|24|34|.706|5|26|13|10|7|11|22||20|46|.435|4|13|.308|15|24|.625|8|27|12|5|1|20|23
23|23|2012-01-28||Eastern Kentucky|W (2 OT)|91|85|31|64|.484|5|21|.238|24|35|.686|14|35|18|11|4|10|15||30|58|.517|13|30|.433|12|17|.706|6|29|17|6|1|16|26
24|24|2012-01-30||Austin Peay|W|77|57|30|57|.526|7|17|.412|10|14|.714|6|34|16|7|2|9|25||19|49|.388|2|14|.143|17|27|.630|7|27|3|5|1|12|16
25|25|2012-02-04|@|Southeast Missouri State|W|75|72|25|59|.424|5|13|.385|20|31|.645|14|33|7|10|4|4|15||27|66|.409|10|24|.417|8|14|.571|17|42|15|1|4|17|23
26|26|2012-02-09|@|Murray State|W|72|68|25|52|.481|5|11|.455|17|31|.548|10|32|13|15|2|16|21||23|50|.460|10|23|.435|12|19|.632|7|31|13|8|3|18|23
27|27|2012-02-11||Tennessee Tech|W|68|53|23|53|.434|5|14|.357|17|23|.739|8|29|11|7|4|15|16||21|59|.356|4|21|.190|7|14|.500|18|42|9|6|3|24|17
28|28|2012-02-14||Jacksonville State|W (1 OT)|69|64|20|46|.435|6|13|.462|23|29|.793|7|33|9|2|4|14|16||24|61|.393|5|25|.200|11|16|.688|13|33|11|6|4|12|22
29|29|2012-02-19|@|Miami (OH)|W|68|61|21|45|.467|6|19|.316|20|25|.800|7|26|10|9|3|9|17||19|43|.442|9|21|.429|14|27|.519|8|27|9|3|3|14|20
30|30|2012-02-23||Murray State|L|62|80|23|57|.404|2|15|.133|14|23|.609|18|33|6|3|0|18|18||26|46|.565|12|22|.545|16|19|.842|5|22|12|11|5|16|23
31|31|2012-03-02|N|Morehead State|W|59|52|20|38|.526|4|16|.250|15|19|.789|3|26|16|12|5|19|15||20|56|.357|7|19|.368|5|8|.625|11|27|12|8|1|18|17
32|32|2012-03-03|N|Murray State|L|52|54|22|47|.468|3|11|.273|5|10|.500|10|32|14|5|4|16|15||18|48|.375|4|18|.222|14|16|.875|7|20|9|8|4|10|12
33|33|2012-03-13|@|Mercer|L|60|68|22|62|.355|9|26|.346|7|11|.636|6|28|12|9|4|16|18||20|49|.408|8|20|.400|20|24|.833|4|37|14|10|7|17|14
