ranker|game_season|date_game|game_location|opp_id|game_result|pts|opp_pts|fg|fga|fg_pct|fg3|fg3a|fg3_pct|ft|fta|ft_pct|orb|trb|ast|stl|blk|tov|pf|x|opp_fg|opp_fga|opp_fg_pct|opp_fg3|opp_fg3a|opp_fg3_pct|opp_ft|opp_fta|opp_ft_pct|opp_orb|opp_trb|opp_ast|opp_stl|opp_blk|opp_tov|opp_pf|
1|1|2011-11-13||Boston University|W|82|46|31|67|.463|11|26|.423|9|12|.750|10|30|23|11|8|10|14||17|57|.298|4|25|.160|8|13|.615|15|39|5|4|1|24|14
2|2|2011-11-15||Rhode Island|W|100|90|28|59|.475|9|21|.429|35|44|.795|11|39|18|9|2|11|23||31|72|.431|9|25|.360|19|32|.594|17|35|10|6|3|15|30
3|3|2011-11-19|N|Oregon State|L (1 OT)|95|100|33|60|.550|7|18|.389|22|30|.733|11|30|15|8|3|23|35||31|63|.492|7|18|.389|31|43|.721|16|31|16|7|6|15|27
4|4|2011-11-21|N|North Carolina State|L|74|77|25|53|.472|5|16|.313|19|25|.760|10|31|13|6|3|13|28||20|44|.455|4|12|.333|33|44|.750|8|28|14|7|3|11|23
5|5|2011-11-26||Sam Houston State|W|56|40|18|57|.316|4|17|.235|16|26|.615|17|42|12|4|5|10|8||18|56|.321|4|18|.222|0|2|.000|9|33|8|6|3|13|23
6|6|2011-11-29||North Texas|W|73|57|24|52|.462|6|18|.333|19|27|.704|9|29|13|7|3|8|17||19|62|.306|6|25|.240|13|19|.684|18|42|8|6|1|16|23
7|7|2011-12-03|@|UCLA|W|69|59|29|53|.547|7|19|.368|4|7|.571|10|30|13|6|3|11|14||22|57|.386|5|10|.500|10|20|.500|17|29|9|6|1|7|13
8|8|2011-12-06||Texas-Arlington|W|80|62|28|58|.483|6|25|.240|18|27|.667|10|34|15|7|4|12|14||20|60|.333|9|23|.391|13|17|.765|12|33|9|6|5|14|21
9|9|2011-12-10||Texas State|W|86|52|27|48|.563|9|18|.500|23|30|.767|6|37|17|5|5|15|21||15|58|.259|7|22|.318|15|24|.625|11|23|6|6|3|14|24
10|10|2011-12-13||Nicholls State|W|93|40|36|76|.474|7|27|.259|14|20|.700|23|50|17|10|9|8|14||14|51|.275|2|17|.118|10|15|.667|6|23|9|2|2|20|22
11|11|2011-12-17||Temple|W|77|65|26|56|.464|2|17|.118|23|35|.657|16|46|7|4|3|14|20||23|51|.451|9|18|.500|10|20|.500|3|20|14|9|3|11|26
12|12|2011-12-21|@|North Carolina|L|63|82|24|69|.348|9|25|.360|6|9|.667|15|31|10|9|6|13|19||28|63|.444|3|7|.429|23|31|.742|19|46|15|9|6|13|15
13|13|2011-12-31||Rice|W|73|59|21|44|.477|8|18|.444|23|30|.767|7|33|9|8|3|18|23||16|52|.308|8|19|.421|19|26|.731|8|23|7|11|2|13|24
14|14|2012-01-04|@|Iowa State|L|71|77|22|54|.407|3|14|.214|24|32|.750|11|35|10|6|3|15|28||23|45|.511|10|21|.476|21|37|.568|5|25|14|6|3|14|26
15|15|2012-01-07||Oklahoma State|W|58|49|18|60|.300|3|18|.167|19|29|.655|13|36|9|11|5|10|17||19|47|.404|6|16|.375|5|11|.455|7|32|6|0|7|21|29
16|16|2012-01-11||Texas A&M|W|61|51|18|41|.439|3|7|.429|22|31|.710|6|24|9|7|3|12|18||19|48|.396|5|17|.294|8|16|.500|10|30|6|5|4|17|25
17|17|2012-01-14|@|Missouri|L|73|84|27|59|.458|9|16|.563|10|14|.714|12|29|16|5|1|13|20||29|54|.537|10|21|.476|16|21|.762|6|24|20|6|4|9|13
18|18|2012-01-18|@|Kansas State|L|80|84|27|59|.458|7|22|.318|19|21|.905|12|27|15|5|1|16|28||28|59|.475|7|15|.467|21|39|.538|16|29|16|4|3|12|20
19|19|2012-01-21||Kansas|L|66|69|21|61|.344|8|19|.421|16|17|.941|13|40|14|4|4|9|23||25|56|.446|5|15|.333|14|23|.609|10|33|10|5|5|6|19
20|20|2012-01-24||Iowa State|W|62|55|24|55|.436|3|14|.214|11|18|.611|10|36|10|6|4|15|13||20|60|.333|5|21|.238|10|16|.625|12|34|9|9|2|11|18
21|21|2012-01-28|@|Baylor|L|71|76|24|60|.400|7|24|.292|16|26|.615|11|24|14|9|2|9|25||22|47|.468|5|15|.333|27|34|.794|11|37|14|2|4|18|22
22|22|2012-01-30||Missouri|L|66|67|24|57|.421|2|12|.167|16|24|.667|15|35|5|4|6|13|14||27|56|.482|5|14|.357|8|11|.727|5|23|11|7|5|10|18
23|23|2012-02-04||Texas Tech|W|74|57|23|53|.434|3|12|.250|25|31|.806|13|35|11|8|10|11|18||22|54|.407|4|11|.364|9|14|.643|6|21|8|3|4|14|19
24|24|2012-02-06|@|Texas A&M|W|70|68|25|52|.481|6|11|.545|14|19|.737|9|24|14|5|2|8|24||20|40|.500|5|10|.500|23|29|.793|6|26|7|4|2|12|17
25|25|2012-02-11||Kansas State|W|75|64|18|41|.439|4|10|.400|35|48|.729|11|33|6|9|6|16|16||24|58|.414|8|21|.381|8|12|.667|11|29|9|7|3|15|33
26|26|2012-02-14|@|Oklahoma|W|69|58|20|52|.385|5|19|.263|24|29|.828|11|31|10|8|3|11|10||24|58|.414|5|15|.333|5|8|.625|10|27|15|5|1|13|22
27|27|2012-02-18|@|Oklahoma State|L|78|90|28|57|.491|8|16|.500|14|18|.778|7|25|9|5|1|15|30||21|41|.512|5|14|.357|43|56|.768|5|27|9|11|8|8|17
28|28|2012-02-20||Baylor|L|72|77|25|52|.481|8|17|.471|14|20|.700|8|24|14|6|2|10|24||22|55|.400|9|18|.500|24|29|.828|14|32|17|3|2|11|23
29|29|2012-02-25|@|Texas Tech|W (1 OT)|71|67|22|56|.393|4|16|.250|23|30|.767|11|33|15|9|2|16|22||22|53|.415|2|14|.143|21|29|.724|8|32|12|8|2|18|24
30|30|2012-02-29||Oklahoma|W|72|64|27|61|.443|6|24|.250|12|18|.667|12|35|14|10|0|13|16||26|60|.433|4|9|.444|8|11|.727|12|34|10|5|3|16|15
31|31|2012-03-03|@|Kansas|L|63|73|21|56|.375|3|17|.176|18|21|.857|10|26|13|5|4|11|20||24|49|.490|4|10|.400|21|30|.700|9|35|11|8|3|14|16
32|32|2012-03-08|N|Iowa State|W|71|65|25|68|.368|3|15|.200|18|24|.750|15|34|8|5|1|6|12||26|60|.433|5|18|.278|8|9|.889|9|36|13|3|4|13|21
33|33|2012-03-09|N|Missouri|L|67|81|27|64|.422|5|13|.385|8|14|.571|19|37|10|4|3|12|16||30|57|.526|10|22|.455|11|15|.733|8|27|15|7|3|8|13
34|34|2012-03-16|N|Cincinnati|L|59|65|20|57|.351|7|20|.350|12|14|.857|9|33|11|6|5|11|15||27|59|.458|3|16|.188|8|16|.500|11|37|17|4|4|9|16
