ranker|game_season|date_game|game_location|opp_id|game_result|pts|opp_pts|fg|fga|fg_pct|fg3|fg3a|fg3_pct|ft|fta|ft_pct|orb|trb|ast|stl|blk|tov|pf|x|opp_fg|opp_fga|opp_fg_pct|opp_fg3|opp_fg3a|opp_fg3_pct|opp_ft|opp_fta|opp_ft_pct|opp_orb|opp_trb|opp_ast|opp_stl|opp_blk|opp_tov|opp_pf|
1|1|2011-11-18|N|Texas State|L|91|94|28|52|.538|9|16|.563|26|27|.963|8|32|18|5|5|20|27||33|66|.500|11|24|.458|17|29|.586|10|22|19|4|3|8|20
2|2|2011-11-19|N|South Carolina Upstate|W|75|70|26|54|.481|3|12|.250|20|25|.800|10|30|11|6|1|12|12||26|54|.481|9|22|.409|9|12|.750|4|22|18|7|3|13|18
3|3|2011-11-20|@|Texas-Pan American|W|64|54|22|54|.407|5|13|.385|15|19|.789|9|31|11|13|4|12|22||19|62|.306|7|25|.280|9|12|.750|16|39|14|5|4|21|19
4|4|2011-11-21|N|Victory|W|90|47|32|61|.525|5|13|.385|21|26|.808|11|41|15|7|1|14|15||15|58|.259|5|24|.208|12|17|.706|10|29|8|7|2|22|26
5|5|2011-11-26||Illinois-Chicago|W|82|67|26|50|.520|4|9|.444|26|45|.578|6|26|16|10|4|14|14||27|73|.370|8|30|.267|5|9|.556|22|46|9|6|2|25|32
6|6|2011-11-30||North Carolina-Wilmington|W|75|73|27|56|.482|6|21|.286|15|21|.714|12|34|16|7|1|13|17||26|59|.441|8|23|.348|13|20|.650|14|29|13|11|3|10|18
7|7|2011-12-03|@|Chicago State|W|73|61|22|53|.415|8|20|.400|21|30|.700|15|37|14|6|3|16|13||21|61|.344|6|14|.429|13|17|.765|15|33|13|4|5|17|26
8|8|2011-12-07||Temple|L|58|77|23|58|.397|2|13|.154|10|17|.588|10|26|8|12|1|14|15||28|53|.528|11|24|.458|10|12|.833|8|36|22|6|4|22|16
9|9|2011-12-10||Loyola (IL)|L|55|57|20|46|.435|7|20|.350|8|11|.727|3|25|13|6|2|12|17||20|49|.408|5|15|.333|12|22|.545|10|33|11|4|0|13|13
10|10|2011-12-17||Youngstown State|W|86|77|28|63|.444|7|15|.467|23|27|.852|12|43|17|6|4|12|19||27|66|.409|8|25|.320|15|20|.750|9|31|14|7|7|11|23
11|11|2011-12-20||Norfolk State|L|70|72|23|57|.404|8|18|.444|16|24|.667|8|25|11|7|2|11|16||30|54|.556|2|12|.167|10|15|.667|7|34|11|6|5|18|23
12|12|2011-12-22|@|Florida Gulf Coast|L|80|83|28|62|.452|11|29|.379|13|21|.619|12|34|16|3|3|14|19||31|61|.508|8|22|.364|13|23|.565|11|28|17|8|1|13|16
13|13|2011-12-28||Cleveland State|L|64|72|22|48|.458|5|16|.313|15|26|.577|8|34|14|5|2|17|13||28|60|.467|7|23|.304|9|11|.818|7|31|17|11|4|10|22
14|14|2012-01-03||Indiana-Northwest|W|107|43|39|71|.549|8|19|.421|21|25|.840|22|50|24|14|5|13|16||12|49|.245|6|21|.286|13|16|.813|8|20|4|10|1|24|17
15|15|2012-01-07|@|Central Michigan|L|69|85|25|55|.455|5|16|.313|14|20|.700|8|25|14|4|1|14|17||30|54|.556|8|17|.471|17|21|.810|8|28|13|6|1|13|21
16|16|2012-01-10||Ball State|L|68|70|25|56|.446|6|20|.300|12|15|.800|9|31|12|12|1|13|20||23|46|.500|10|19|.526|14|22|.636|5|30|16|10|2|17|14
17|17|2012-01-14|@|Western Michigan|L|52|74|20|56|.357|3|20|.150|9|17|.529|8|22|5|6|2|10|9||30|61|.492|6|19|.316|8|12|.667|17|47|18|2|5|15|19
18|18|2012-01-18||Northern Illinois|W|71|41|25|47|.532|9|19|.474|12|14|.857|9|31|14|10|3|17|21||13|43|.302|3|16|.188|12|23|.522|12|27|5|12|2|23|18
19|19|2012-01-21|@|Eastern Michigan|L|38|41|15|50|.300|3|18|.167|5|7|.714|4|20|10|9|4|11|9||15|46|.326|5|15|.333|6|9|.667|10|33|11|5|8|17|11
20|20|2012-01-25|@|Miami (OH)|W|63|61|26|54|.481|4|13|.308|7|8|.875|10|33|12|7|1|13|17||20|49|.408|8|23|.348|13|19|.684|8|25|13|5|2|11|11
21|21|2012-01-28||Kent State|L|61|77|23|59|.390|1|16|.063|14|17|.824|12|32|13|11|1|18|14||27|51|.529|8|20|.400|15|20|.750|5|29|19|13|1|16|18
22|22|2012-02-01|@|Akron|L|72|86|28|59|.475|2|9|.222|14|16|.875|10|27|8|7|0|17|21||30|50|.600|8|19|.421|18|29|.621|10|29|15|9|5|18|16
23|23|2012-02-04||Buffalo|L|65|72|22|58|.379|7|13|.538|14|21|.667|7|30|15|3|1|9|20||26|61|.426|6|20|.300|14|23|.609|16|48|17|3|5|12|19
24|24|2012-02-08||Ohio|W|77|73|25|58|.431|2|11|.182|25|36|.694|20|44|8|7|2|15|21||21|54|.389|8|22|.364|23|29|.793|9|28|11|10|3|14|27
25|25|2012-02-11|@|Bowling Green State|L|63|66|22|46|.478|12|19|.632|7|8|.875|6|27|10|4|3|16|18||28|63|.444|4|15|.267|6|20|.300|19|36|8|12|2|11|9
26|26|2012-02-15|@|Ball State|W|63|55|19|36|.528|12|17|.706|13|24|.542|3|26|12|5|2|15|17||20|65|.308|9|30|.300|6|13|.462|24|45|13|11|3|13|23
27|27|2012-02-18|@|Sam Houston State|W|59|58|24|53|.453|6|19|.316|5|10|.500|4|27|18|5|2|9|19||23|52|.442|3|13|.231|9|16|.563|7|35|16|4|1|10|18
28|28|2012-02-22||Central Michigan|W|72|67|25|43|.581|4|10|.400|18|24|.750|5|26|11|5|1|17|19||27|52|.519|5|18|.278|8|16|.500|8|23|12|10|0|12|21
29|29|2012-02-25||Western Michigan|W|83|74|30|62|.484|9|19|.474|14|18|.778|11|30|17|4|2|5|19||30|61|.492|5|17|.294|9|14|.643|15|33|13|2|6|9|18
30|30|2012-02-29|@|Northern Illinois|L|61|65|19|43|.442|5|16|.313|18|20|.900|2|20|9|5|3|10|16||21|51|.412|7|21|.333|16|19|.842|11|31|12|3|1|9|19
31|31|2012-03-03||Eastern Michigan|W|76|51|24|52|.462|9|22|.409|19|26|.731|10|37|14|5|3|9|13||20|64|.313|3|20|.150|8|13|.615|17|35|11|5|1|9|23
32|32|2012-03-05||Miami (OH)|W|60|53|22|55|.400|4|15|.267|12|18|.667|12|37|11|9|0|8|10||20|50|.400|9|29|.310|4|5|.800|4|26|15|6|3|12|17
33|33|2012-03-07|N|Central Michigan|W|75|72|23|51|.451|6|12|.500|23|30|.767|14|37|11|8|3|17|24||25|67|.373|7|25|.280|15|25|.600|23|39|11|5|1|10|23
34|34|2012-03-08|N|Ohio|L|57|65|18|43|.419|8|18|.444|13|21|.619|5|26|12|5|2|16|22||21|55|.382|6|23|.261|17|24|.708|14|37|10|10|2|11|18
35|35|2012-03-13||McNeese State|W|76|63|27|44|.614|8|17|.471|14|18|.778|3|26|19|6|3|12|11||26|61|.426|7|18|.389|4|7|.571|10|23|14|8|1|13|16
36|36|2012-03-17||Robert Morris|L|51|69|18|51|.353|4|15|.267|11|16|.688|8|22|10|7|1|13|13||23|46|.500|10|21|.476|13|20|.650|9|31|20|11|2|15|15
