ranker|game_season|date_game|game_location|opp_id|game_result|pts|opp_pts|fg|fga|fg_pct|fg3|fg3a|fg3_pct|ft|fta|ft_pct|orb|trb|ast|stl|blk|tov|pf|x|opp_fg|opp_fga|opp_fg_pct|opp_fg3|opp_fg3a|opp_fg3_pct|opp_ft|opp_fta|opp_ft_pct|opp_orb|opp_trb|opp_ast|opp_stl|opp_blk|opp_tov|opp_pf|
1|1|2011-11-11||Alabama A&M|W|72|63|24|50|.480|2|8|.250|22|34|.647|5|29|12|5|2|13|15||23|55|.418|8|20|.400|9|16|.563|9|34|12|6|2|17|29
2|2|2011-11-15||Nicholls State|W|96|50|34|58|.586|13|31|.419|15|23|.652|8|36|25|7|6|12|18||18|53|.340|2|11|.182|12|18|.667|7|24|6|5|1|17|19
3|3|2011-11-18||Maryland-Eastern Shore|W|73|52|22|58|.379|8|24|.333|21|32|.656|12|38|17|9|7|9|19||15|50|.300|5|20|.250|17|24|.708|7|32|12|2|5|15|21
4|4|2011-11-22|@|Navy|W|57|55|21|53|.396|6|23|.261|9|16|.563|9|32|13|7|5|14|15||17|44|.386|5|19|.263|16|23|.696|3|29|9|6|1|15|17
5|5|2011-11-25||Alcorn State|W|83|41|27|51|.529|7|11|.636|22|28|.786|5|36|17|9|4|16|16||14|50|.280|3|19|.158|10|16|.625|5|26|5|8|8|19|25
6|6|2011-11-26||New Orleans|W|72|53|26|53|.491|4|8|.500|16|24|.667|12|33|16|6|8|14|9||21|52|.404|3|11|.273|8|9|.889|10|26|9|7|4|12|19
7|7|2011-11-27|N|San Diego|W|65|46|19|54|.352|7|20|.350|20|24|.833|11|35|14|8|2|7|14||16|43|.372|5|17|.294|9|14|.643|3|25|10|4|6|14|18
8|8|2011-11-30||Southern|W|78|53|29|62|.468|9|21|.429|11|17|.647|12|38|14|10|5|10|11||21|53|.396|4|15|.267|7|11|.636|5|28|10|2|3|16|16
9|9|2011-12-03||Georgia Tech|W|57|52|16|52|.308|8|16|.500|17|21|.810|8|31|11|4|6|11|11||21|60|.350|5|17|.294|5|9|.556|9|35|10|6|12|13|18
10|10|2011-12-06|@|Wofford|L|50|61|20|51|.392|2|16|.125|8|13|.615|8|27|5|4|3|11|13||24|52|.462|7|20|.350|6|7|.857|6|25|16|4|4|11|10
11|11|2011-12-10||MacMurray|W|89|59|34|69|.493|9|26|.346|12|16|.750|17|40|16|12|1|8|12||21|47|.447|10|25|.400|7|11|.636|6|22|20|6|2|22|17
12|12|2011-12-11||Jacksonville State|W|59|51|19|48|.396|4|12|.333|17|30|.567|12|35|13|9|3|14|16||19|54|.352|5|19|.263|8|12|.667|6|25|11|8|6|14|20
13|13|2011-12-22|@|Syracuse|L|61|80|17|50|.340|7|16|.438|20|30|.667|15|29|8|3|3|11|15||26|51|.510|10|21|.476|18|22|.818|9|28|16|7|11|7|19
14|14|2011-12-31|@|Texas-Pan American|W|53|42|22|56|.393|4|12|.333|5|14|.357|13|43|8|8|5|19|22||14|50|.280|5|21|.238|9|19|.474|6|30|10|4|3|16|17
15|15|2012-01-04|@|Central Florida|L|53|60|23|58|.397|4|16|.250|3|6|.500|7|29|14|7|3|12|16||23|58|.397|6|13|.462|8|13|.615|13|40|13|8|7|12|10
16|16|2012-01-07||Southern Mississippi|L (1 OT)|66|71|20|47|.426|6|15|.400|20|27|.741|5|28|10|7|5|14|25||21|57|.368|7|19|.368|22|28|.786|12|32|11|5|5|13|23
17|17|2012-01-14||Rice|L|49|50|15|41|.366|5|15|.333|14|28|.500|6|34|6|8|9|14|19||16|56|.286|5|15|.333|13|18|.722|12|39|11|3|3|13|25
18|18|2012-01-18|@|Tulsa|L|56|60|19|48|.396|7|15|.467|11|14|.786|5|25|10|8|2|13|16||20|49|.408|6|18|.333|14|15|.933|7|28|11|6|12|12|13
19|19|2012-01-21||Texas-El Paso|W|66|58|24|50|.480|5|17|.294|13|19|.684|6|23|13|10|1|12|12||21|41|.512|4|12|.333|12|17|.706|5|24|15|6|1|18|20
20|20|2012-01-25||Southern Methodist|W|80|74|25|56|.446|10|29|.345|20|32|.625|15|32|17|9|1|9|15||28|49|.571|10|22|.455|8|11|.727|3|24|18|4|2|16|27
21|21|2012-01-28|@|Rice|L|74|88|26|59|.441|5|14|.357|17|23|.739|10|29|14|6|1|12|21||32|64|.500|9|21|.429|15|22|.682|10|34|20|9|6|11|20
22|22|2012-02-01|@|Marshall|L|44|63|18|45|.400|5|17|.294|3|9|.333|5|21|12|7|3|11|19||23|57|.404|7|17|.412|10|16|.625|16|40|17|4|3|12|15
23|23|2012-02-04||Houston|W|75|54|30|60|.500|5|15|.333|10|15|.667|12|31|13|16|7|12|13||21|51|.412|1|12|.083|11|13|.846|8|24|11|8|6|18|11
24|24|2012-02-11|@|Texas-El Paso|L (1 OT)|52|54|19|45|.422|5|15|.333|9|16|.563|2|29|10|2|4|15|22||18|52|.346|4|13|.308|14|28|.500|6|30|13|5|2|12|19
25|25|2012-02-15||Memphis|L|64|82|24|52|.462|7|18|.389|9|16|.563|9|28|15|4|1|20|16||34|55|.618|4|14|.286|10|20|.500|7|25|17|13|2|11|15
26|26|2012-02-18|@|Alabama-Birmingham|L|73|81|22|51|.431|9|18|.500|20|25|.800|5|25|9|6|2|12|29||20|50|.400|7|21|.333|34|41|.829|11|34|13|5|4|12|19
27|27|2012-02-22|@|Southern Methodist|L|50|64|13|45|.289|2|22|.091|22|31|.710|14|33|7|8|0|18|19||23|43|.535|7|17|.412|11|18|.611|4|27|15|6|4|17|23
28|28|2012-02-25||Tulsa|L|69|73|24|51|.471|8|19|.421|13|23|.565|6|22|12|8|1|8|15||27|50|.540|6|18|.333|13|19|.684|10|31|13|3|5|13|21
29|29|2012-02-29|@|Houston|L|53|82|19|59|.322|5|21|.238|10|13|.769|11|25|9|3|2|8|11||35|58|.603|6|15|.400|6|9|.667|11|41|20|4|6|11|15
30|30|2012-03-03||East Carolina|L|49|66|17|45|.378|4|20|.200|11|18|.611|4|21|10|3|2|13|16||24|50|.480|4|15|.267|14|17|.824|10|36|16|7|4|13|20
31|31|2012-03-07|N|Alabama-Birmingham|L|64|72|25|64|.391|2|16|.125|12|16|.750|15|27|11|6|0|7|24||21|40|.525|4|9|.444|26|36|.722|11|33|12|4|1|13|17
