ranker|game_season|date_game|game_location|opp_id|game_result|pts|opp_pts|fg|fga|fg_pct|fg3|fg3a|fg3_pct|ft|fta|ft_pct|orb|trb|ast|stl|blk|tov|pf|x|opp_fg|opp_fga|opp_fg_pct|opp_fg3|opp_fg3a|opp_fg3_pct|opp_ft|opp_fta|opp_ft_pct|opp_orb|opp_trb|opp_ast|opp_stl|opp_blk|opp_tov|opp_pf|
1|1|2011-11-11||Arkansas-Little Rock|W|65|49|20|52|.385|7|19|.368|18|30|.600|14|47|12|2|8|17|17||16|58|.276|3|13|.231|14|19|.737|6|25|6|7|3|8|24
2|2|2011-11-13||Southeastern Louisiana|W|67|52|24|47|.511|5|14|.357|14|20|.700|8|36|16|5|1|12|13||20|56|.357|7|23|.304|5|8|.625|8|25|8|5|2|8|18
3|3|2011-11-17|N|Western Kentucky|W|65|49|23|56|.411|4|15|.267|15|23|.652|12|46|14|5|10|15|15||18|67|.269|8|31|.258|5|7|.714|10|34|10|5|2|13|22
4|4|2011-11-18|N|Northwestern|L|65|69|22|50|.440|6|16|.375|15|19|.789|9|36|13|2|6|15|20||22|59|.373|9|23|.391|16|22|.727|6|20|12|9|5|6|18
5|5|2011-11-20|N|Saint Joseph's|L|75|79|29|63|.460|9|18|.500|8|10|.800|13|27|6|6|4|10|18||29|49|.592|7|8|.875|14|18|.778|5|25|6|5|5|13|13
6|6|2011-11-22|@|Jackson State|W|57|51|20|43|.465|3|14|.214|14|20|.700|9|29|7|4|5|12|14||18|44|.409|3|12|.250|12|17|.706|6|24|2|8|3|9|15
7|7|2011-11-26|@|Missouri State|L (1 OT)|64|69|21|52|.404|6|19|.316|16|30|.533|8|39|8|5|4|21|21||23|65|.354|6|22|.273|17|25|.680|10|34|13|10|5|11|24
8|8|2011-11-30|@|Oklahoma State|L|56|59|20|53|.377|3|13|.231|13|19|.684|11|35|10|11|4|19|23||17|46|.370|5|14|.357|20|29|.690|5|24|6|11|6|17|19
9|9|2011-12-03||Arizona State|L|64|67|23|55|.418|10|19|.526|8|16|.500|11|27|11|4|3|11|18||25|41|.610|4|7|.571|13|22|.591|5|27|10|7|5|13|18
10|10|2011-12-07||Wichita State|L|67|77|22|50|.440|10|19|.526|13|23|.565|5|23|12|3|7|9|21||24|46|.522|6|13|.462|23|28|.821|4|29|12|5|5|12|21
11|11|2011-12-17||Texas-Arlington|W (1 OT)|80|75|22|47|.468|5|18|.278|31|43|.721|8|43|9|7|8|24|24||25|63|.397|8|25|.320|17|30|.567|5|25|14|10|1|16|28
12|12|2011-12-19||Creighton|L|64|83|25|58|.431|5|16|.313|9|19|.474|11|27|11|11|1|15|14||34|58|.586|3|6|.500|12|16|.750|7|32|16|11|6|15|19
13|13|2011-12-28||Mercer|W|68|62|22|49|.449|4|9|.444|20|34|.588|15|39|11|8|6|15|16||24|53|.453|6|12|.500|8|15|.533|6|22|12|8|6|15|26
14|14|2011-12-31|@|Texas Christian|W|74|66|20|40|.500|6|10|.600|28|38|.737|11|32|11|2|12|19|25||18|49|.367|6|13|.462|24|35|.686|9|21|10|10|6|10|27
15|15|2012-01-04|@|Houston|L (1 OT)|69|70|28|59|.475|0|5|.000|13|16|.813|10|29|11|9|0|16|22||21|45|.467|2|4|.500|26|35|.743|7|28|7|7|6|21|20
16|16|2012-01-07||Southern Methodist|L|55|57|20|45|.444|5|19|.263|10|12|.833|9|33|9|2|4|17|11||23|53|.434|5|15|.333|6|10|.600|5|20|11|11|0|6|11
17|17|2012-01-11||Texas-El Paso|W|59|48|20|44|.455|5|10|.500|14|17|.824|4|28|15|3|3|10|9||20|48|.417|4|9|.444|4|6|.667|5|25|11|1|1|12|16
18|18|2012-01-14|@|East Carolina|W|70|67|22|48|.458|8|12|.667|18|25|.720|8|32|17|4|3|13|15||23|60|.383|7|26|.269|14|17|.824|10|31|13|8|8|8|20
19|19|2012-01-18||Tulane|W|60|56|20|49|.408|6|18|.333|14|15|.933|7|28|11|6|12|12|13||19|48|.396|7|15|.467|11|14|.786|5|25|10|8|2|13|16
20|20|2012-01-21|@|Rice|W|70|46|26|49|.531|3|12|.250|15|24|.625|5|41|9|4|9|13|17||17|55|.309|2|13|.154|10|21|.476|7|26|10|5|2|9|18
21|21|2012-01-25||Central Florida|W|66|61|25|49|.510|6|13|.462|10|18|.556|8|26|10|4|4|12|22||20|53|.377|6|17|.353|15|21|.714|14|34|7|2|3|16|20
22|22|2012-01-28|@|Southern Methodist|W|66|60|23|44|.523|10|17|.588|10|16|.625|11|28|16|6|8|16|16||19|45|.422|6|11|.545|16|21|.762|4|14|9|10|4|15|17
23|23|2012-02-04||Marshall|W|79|70|25|45|.556|5|11|.455|24|33|.727|7|30|10|4|2|15|19||22|55|.400|3|13|.231|23|28|.821|9|26|8|11|1|10|28
24|24|2012-02-08|@|Texas-El Paso|L|55|64|19|56|.339|6|24|.250|11|22|.500|14|35|9|2|0|13|26||22|46|.478|0|4|.000|20|32|.625|6|34|13|5|3|10|18
25|25|2012-02-11||Houston|W|72|48|24|49|.490|6|16|.375|18|21|.857|8|31|13|4|4|10|17||17|42|.405|5|9|.556|9|18|.500|6|21|7|6|3|14|18
26|26|2012-02-15|@|Southern Mississippi|L (1 OT)|69|77|25|56|.446|7|17|.412|12|18|.667|5|29|13|4|7|14|24||21|56|.375|4|14|.286|31|35|.886|12|37|7|7|5|12|21
27|27|2012-02-18||Rice|W|69|50|20|47|.426|8|16|.500|21|26|.808|10|37|11|5|3|11|14||18|54|.333|4|15|.267|10|14|.714|2|21|9|6|2|12|22
28|28|2012-02-25|@|Tulane|W|73|69|27|50|.540|6|18|.333|13|19|.684|10|31|13|3|5|13|21||24|51|.471|8|19|.421|13|23|.565|6|22|12|8|1|8|15
29|29|2012-02-29|@|Alabama-Birmingham|L|64|68|25|66|.379|2|11|.182|12|16|.750|17|41|4|5|3|12|21||24|51|.471|6|15|.400|14|21|.667|7|31|9|4|4|11|16
30|30|2012-03-03||Memphis|L|66|78|22|50|.440|4|9|.444|18|27|.667|7|28|11|4|3|14|16||29|53|.547|6|13|.462|14|17|.824|4|29|19|9|5|12|23
31|31|2012-03-08|N|Marshall|L (3 OT)|100|105|26|56|.464|8|16|.500|40|58|.690|8|33|12|5|3|20|33||36|75|.480|5|17|.294|28|43|.651|17|41|12|10|1|15|38
