ranker|game_season|date_game|game_location|opp_id|game_result|pts|opp_pts|fg|fga|fg_pct|fg3|fg3a|fg3_pct|ft|fta|ft_pct|orb|trb|ast|stl|blk|tov|pf|x|opp_fg|opp_fga|opp_fg_pct|opp_fg3|opp_fg3a|opp_fg3_pct|opp_ft|opp_fta|opp_ft_pct|opp_orb|opp_trb|opp_ast|opp_stl|opp_blk|opp_tov|opp_pf|
1|1|2011-11-11||Brigham Young|W|69|62|22|48|.458|5|15|.333|20|29|.690|10|30|11|6|3|18|21||22|47|.468|3|14|.214|15|22|.682|9|26|16|7|4|19|26
2|2|2011-11-15|@|Weber State|L|63|73|23|51|.451|3|9|.333|14|23|.609|8|34|3|3|3|15|24||20|54|.370|12|23|.522|21|27|.778|10|37|9|10|1|10|21
3|3|2011-11-19||Southern Utah|W|65|62|25|54|.463|3|14|.214|12|24|.500|16|35|11|2|4|8|19||21|47|.447|6|13|.462|14|20|.700|9|26|17|4|1|6|22
4|4|2011-11-22|@|Texas A&M-Corpus Christi|L (1 OT)|55|58|19|57|.333|4|9|.444|13|18|.722|14|38|6|5|1|16|23||22|58|.379|2|17|.118|12|22|.545|14|40|12|5|4|12|18
5|5|2011-11-26|@|Idaho State|W|75|62|26|45|.578|13|19|.684|10|16|.625|5|25|21|4|5|16|27||17|52|.327|3|18|.167|25|30|.833|10|22|6|5|2|10|18
6|6|2011-11-30||Denver|L|54|67|19|41|.463|2|4|.500|14|19|.737|7|27|6|0|2|11|12||25|48|.521|8|20|.400|9|11|.818|5|21|16|3|3|6|17
7|7|2011-12-03|@|Pacific|L|57|65|20|61|.328|3|18|.167|14|20|.700|17|32|5|4|2|13|20||21|55|.382|6|23|.261|17|20|.850|15|37|17|7|7|13|18
8|8|2011-12-06||Utah Valley|W|63|54|23|50|.460|5|11|.455|12|20|.600|9|38|16|4|3|14|12||22|56|.393|5|11|.455|5|10|.500|7|28|8|7|3|13|17
9|9|2011-12-10|@|Wichita State|L|76|83|28|52|.538|5|15|.333|15|21|.714|3|20|9|5|2|12|25||26|57|.456|11|25|.440|20|28|.714|13|35|16|3|5|13|18
10|10|2011-12-17||Seattle|W|78|53|22|44|.500|6|11|.545|28|37|.757|5|35|14|6|3|11|19||19|65|.292|3|23|.130|12|18|.667|17|38|7|5|1|15|24
11|11|2011-12-20||Texas-Arlington|W|73|69|25|51|.490|11|25|.440|12|18|.667|12|32|19|7|2|17|14||27|61|.443|6|23|.261|9|13|.692|15|29|13|5|1|12|18
12|12|2011-12-21||Saint Peter's|W|72|47|25|52|.481|4|10|.400|18|23|.783|7|36|16|4|7|12|16||18|56|.321|4|15|.267|7|13|.538|8|27|11|6|2|14|24
13|13|2011-12-22||Kent State|W|81|62|30|53|.566|5|13|.385|16|19|.842|5|37|23|2|5|13|15||25|73|.342|5|24|.208|7|14|.500|18|35|9|8|3|8|18
14|14|2011-12-31|@|Mississippi State|L|64|66|27|56|.482|4|11|.364|6|9|.667|5|30|9|2|0|9|17||26|60|.433|7|16|.438|7|12|.583|12|34|14|2|3|9|9
15|15|2012-01-05||Fresno State|W|72|53|28|43|.651|4|7|.571|12|16|.750|3|28|19|1|7|11|10||22|58|.379|3|16|.188|6|8|.750|10|23|12|7|3|7|15
16|16|2012-01-07||Nevada|L|71|78|23|46|.500|7|14|.500|18|24|.750|3|23|14|3|1|7|17||28|58|.483|10|26|.385|12|19|.632|11|32|13|4|0|8|15
17|17|2012-01-12|@|New Mexico State|L|60|80|20|50|.400|3|16|.188|17|27|.630|4|28|8|2|2|10|25||30|61|.492|3|12|.250|17|29|.586|12|39|14|2|2|6|19
18|18|2012-01-14|@|Louisiana Tech|W|69|65|26|53|.491|2|9|.222|15|23|.652|7|31|8|6|6|14|16||24|62|.387|12|29|.414|5|10|.500|11|32|17|7|3|14|21
19|19|2012-01-19|@|Seattle|L|66|73|23|54|.426|7|23|.304|13|16|.813|6|21|8|7|3|12|19||25|47|.532|8|14|.571|15|23|.652|8|32|13|6|2|17|15
20|20|2012-01-21|@|Idaho|L|54|57|21|43|.488|2|13|.154|10|14|.714|4|31|7|6|6|16|17||20|49|.408|4|13|.308|13|20|.650|5|24|10|8|0|8|14
21|21|2012-01-26||Hawaii|W|77|72|24|49|.490|6|16|.375|23|29|.793|5|26|17|6|6|8|18||29|71|.408|3|17|.176|11|19|.579|23|47|15|4|1|9|25
22|22|2012-01-28||San Jose State|W|82|65|28|58|.483|10|21|.476|16|18|.889|10|37|19|4|4|6|17||25|59|.424|5|22|.227|10|15|.667|11|29|13|1|0|5|19
23|23|2012-02-02|@|Nevada|L|52|53|23|57|.404|5|14|.357|1|4|.250|14|37|14|4|2|16|17||18|48|.375|8|24|.333|9|15|.600|7|23|9|10|5|10|11
24|24|2012-02-04|@|Fresno State|L|54|60|20|48|.417|4|18|.222|10|11|.909|8|33|9|0|1|16|16||21|54|.389|5|15|.333|13|17|.765|7|22|10|12|2|2|13
25|25|2012-02-09||Louisiana Tech|W|77|63|30|54|.556|6|13|.462|11|13|.846|6|33|13|1|4|11|17||23|58|.397|8|27|.296|9|16|.563|8|27|12|1|2|9|17
26|26|2012-02-11||New Mexico State|L|69|80|26|52|.500|10|20|.500|7|13|.538|6|20|20|4|4|10|16||30|54|.556|7|11|.636|13|21|.619|11|33|16|9|4|10|15
27|27|2012-02-14||Montana Tech|W|70|58|23|48|.479|4|18|.222|20|27|.741|11|32|13|5|2|7|9||25|56|.446|6|21|.286|2|3|.667|10|25|10|3|0|11|19
28|28|2012-02-18||California-Santa Barbara|L|64|72|21|51|.412|5|20|.250|17|25|.680|9|28|15|5|1|8|20||25|47|.532|8|15|.533|14|21|.667|7|29|12|4|4|10|19
29|29|2012-02-24||Idaho|W|67|50|24|52|.462|9|19|.474|10|13|.769|9|35|16|4|3|9|14||18|50|.360|6|15|.400|8|15|.533|9|28|13|3|2|11|15
30|30|2012-03-01|@|San Jose State|W|71|61|27|49|.551|9|19|.474|8|12|.667|4|20|18|4|2|8|15||22|57|.386|5|18|.278|12|14|.857|15|33|13|3|2|13|15
31|31|2012-03-03|@|Hawaii|W|61|60|22|50|.440|5|20|.250|12|26|.462|12|36|7|3|4|12|23||21|48|.438|3|10|.300|15|24|.625|6|24|7|4|0|10|24
32|32|2012-03-08|N|Louisiana Tech|L|70|72|22|48|.458|4|11|.364|22|27|.815|12|32|13|6|0|11|18||27|51|.529|8|17|.471|10|16|.625|7|21|12|5|2|11|18
33|33|2012-03-14||Cal State Bakersfield|W|75|69|23|46|.500|3|15|.200|26|36|.722|10|35|14|5|7|17|20||23|58|.397|7|22|.318|16|22|.727|11|29|12|11|3|13|27
34|34|2012-03-17||Idaho|W|76|56|29|59|.492|6|16|.375|12|14|.857|7|25|21|5|1|11|18||20|49|.408|4|14|.286|12|18|.667|10|30|13|7|5|18|18
35|35|2012-03-21||Loyola Marymount|W|77|69|20|51|.392|5|21|.238|32|35|.914|14|42|14|7|6|22|19||27|66|.409|8|22|.364|7|14|.500|13|30|13|14|0|19|21
36|36|2012-03-25||Oakland|W|105|81|37|58|.638|12|16|.750|19|25|.760|4|37|26|3|4|11|20||26|71|.366|13|35|.371|16|22|.727|10|30|14|5|1|6|24
37|37|2012-03-28||Mercer|L|67|70|22|53|.415|7|23|.304|16|22|.727|7|35|15|1|1|9|19||23|57|.404|6|21|.286|18|23|.783|7|30|13|4|1|6|19
