ranker|game_season|date_game|game_location|opp_id|game_result|pts|opp_pts|fg|fga|fg_pct|fg3|fg3a|fg3_pct|ft|fta|ft_pct|orb|trb|ast|stl|blk|tov|pf|x|opp_fg|opp_fga|opp_fg_pct|opp_fg3|opp_fg3a|opp_fg3_pct|opp_ft|opp_fta|opp_ft_pct|opp_orb|opp_trb|opp_ast|opp_stl|opp_blk|opp_tov|opp_pf|
1|1|2011-11-07|@|Arizona|L|64|73|21|52|.404|5|20|.250|17|24|.708|7|31|15|4|1|18|23||23|48|.479|4|11|.364|23|32|.719|6|33|12|10|2|15|21
2|2|2011-11-11|@|Georgia Southern|W|90|81|27|50|.540|4|19|.211|32|45|.711|16|35|10|5|1|19|25||26|53|.491|6|11|.545|23|32|.719|11|28|11|7|1|20|32
3|3|2011-11-14||Holy Cross (IN)|W|88|38|33|54|.611|6|16|.375|16|21|.762|1|40|20|9|3|6|8||14|60|.233|5|22|.227|5|8|.625|6|28|11|4|0|12|17
4|4|2011-11-18||Akron|W|62|59|19|46|.413|0|14|.000|24|38|.632|10|36|11|8|6|16|14||26|60|.433|4|11|.364|3|7|.429|7|26|13|10|7|16|31
5|5|2011-11-19||Indiana-Kokomo|W|79|48|26|64|.406|7|24|.292|20|25|.800|13|47|17|7|7|8|17||15|60|.250|5|25|.200|13|15|.867|8|31|6|4|3|12|18
6|6|2011-11-20||Duquesne|W|84|68|28|48|.583|9|20|.450|19|25|.760|9|30|19|5|2|16|13||26|53|.491|9|23|.391|7|14|.500|3|16|13|3|1|8|19
7|7|2011-11-25|@|Ohio State|L|47|80|19|56|.339|8|23|.348|1|2|.500|9|29|11|1|3|18|17||31|60|.517|6|16|.375|12|21|.571|9|35|23|12|1|6|11
8|8|2011-12-03|@|Butler|W (1 OT)|77|71|27|51|.529|5|16|.313|18|27|.667|3|33|11|5|2|14|24||24|70|.343|6|20|.300|17|29|.586|19|40|12|4|5|13|25
9|9|2011-12-07|@|IPFW|L|76|85|29|57|.509|8|23|.348|10|19|.526|11|26|16|9|2|18|17||31|51|.608|7|12|.583|16|20|.800|6|24|16|11|3|17|21
10|10|2011-12-10||Bowling Green State|W|82|79|25|46|.543|6|21|.286|26|33|.788|7|28|14|6|3|17|19||30|56|.536|2|6|.333|17|26|.654|7|22|16|11|1|10|25
11|11|2011-12-17||Oakland|L|80|82|27|53|.509|11|25|.440|15|22|.682|7|34|19|5|2|18|19||27|61|.443|11|27|.407|17|25|.680|8|26|8|8|1|11|20
12|12|2011-12-20|@|Northern Illinois|W|59|48|18|43|.419|7|21|.333|16|19|.842|5|24|8|9|0|12|14||18|47|.383|5|20|.250|7|9|.778|7|28|10|5|2|20|18
13|13|2011-12-23|N|IUPUI|L|88|97|30|67|.448|8|19|.421|20|24|.833|12|28|16|10|1|12|33||25|49|.510|6|13|.462|41|48|.854|10|30|10|6|9|16|19
14|14|2011-12-29||Milwaukee|L|55|57|22|55|.400|1|17|.059|10|17|.588|11|35|10|6|4|13|16||20|51|.392|8|21|.381|9|18|.500|9|31|10|4|3|11|16
15|15|2011-12-31||Green Bay|W|90|87|30|56|.536|10|21|.476|20|25|.800|8|23|15|10|1|12|15||29|49|.592|12|24|.500|17|23|.739|7|21|20|9|2|16|19
16|16|2012-01-06|@|Detroit Mercy|W|73|71|24|48|.500|8|20|.400|17|23|.739|7|30|14|5|2|17|23||24|57|.421|4|16|.250|19|27|.704|12|29|13|10|3|11|22
17|17|2012-01-08|@|Wright State|L|55|73|19|47|.404|3|16|.188|14|22|.636|7|30|10|2|2|16|20||26|53|.491|4|15|.267|17|22|.773|5|31|13|7|2|8|18
18|18|2012-01-13||Youngstown State|W|76|62|27|59|.458|7|20|.350|15|18|.833|7|33|20|5|3|7|13||24|61|.393|7|18|.389|7|9|.778|7|29|14|2|7|7|15
19|19|2012-01-15||Cleveland State|W|72|66|27|45|.600|6|17|.353|12|19|.632|4|28|19|4|7|16|13||24|60|.400|6|22|.273|12|17|.706|9|28|16|10|1|10|23
20|20|2012-01-19|@|Loyola (IL)|W|69|48|29|51|.569|8|19|.421|3|8|.375|6|32|17|8|4|13|16||21|49|.429|3|12|.250|3|8|.375|5|22|14|6|3|8|12
21|21|2012-01-21|@|Illinois-Chicago|W|60|55|22|50|.440|3|12|.250|13|16|.813|9|27|12|9|6|11|13||20|49|.408|9|22|.409|6|11|.545|5|23|15|3|1|13|17
22|22|2012-01-26|@|Green Bay|L|60|75|19|46|.413|8|18|.444|14|23|.609|4|30|10|3|2|10|18||26|57|.456|6|15|.400|17|25|.680|10|38|13|5|3|6|20
23|23|2012-01-28|@|Milwaukee|W|55|52|20|57|.351|5|19|.263|10|14|.714|11|26|9|8|4|12|20||17|48|.354|6|22|.273|12|19|.632|10|33|9|4|7|12|17
24|24|2012-02-02||Detroit Mercy|W|78|73|24|44|.545|12|22|.545|18|24|.750|4|22|17|6|3|15|17||26|55|.473|6|21|.286|15|20|.750|8|25|15|7|2|9|18
25|25|2012-02-04||Wright State|W|63|54|21|32|.656|8|17|.471|13|20|.650|1|29|18|3|3|23|17||16|54|.296|5|24|.208|17|22|.773|7|23|8|12|0|13|24
26|26|2012-02-09|@|Cleveland State|W|59|41|18|43|.419|11|22|.500|12|19|.632|5|34|13|6|5|16|14||14|54|.259|1|13|.077|12|18|.667|10|32|3|9|7|10|15
27|27|2012-02-11|@|Youngstown State|L|53|71|15|47|.319|5|22|.227|18|23|.783|6|28|10|5|2|13|16||25|58|.431|5|19|.263|16|20|.800|9|34|18|6|5|9|20
28|28|2012-02-14||Illinois-Chicago|W|74|65|23|38|.605|12|19|.632|16|26|.615|1|19|19|7|4|11|15||24|53|.453|6|20|.300|11|15|.733|8|26|17|6|0|11|22
29|29|2012-02-17|@|Loyola Marymount|L|53|61|18|48|.375|10|28|.357|7|9|.778|5|19|10|9|2|12|14||23|51|.451|5|16|.313|10|13|.769|12|36|8|5|1|14|13
30|30|2012-02-21||Loyola (IL)|W (1 OT)|66|62|21|47|.447|10|23|.435|14|19|.737|3|25|17|6|3|13|16||24|57|.421|5|15|.333|9|16|.563|11|32|16|6|2|12|19
31|31|2012-02-24||Butler|W|71|59|20|42|.476|5|19|.263|26|33|.788|7|30|11|6|4|12|20||21|55|.382|4|14|.286|13|22|.591|10|27|13|7|3|10|26
32|32|2012-03-03||Butler|W|65|46|23|43|.535|6|16|.375|13|21|.619|10|37|11|5|2|15|15||17|51|.333|2|11|.182|10|17|.588|7|20|9|6|0|10|20
33|33|2012-03-06||Detroit Mercy|L|50|70|16|44|.364|2|18|.111|16|18|.889|4|32|8|3|2|18|19||24|57|.421|4|15|.267|18|27|.667|10|30|12|9|5|6|18
34|34|2012-03-14|@|Miami (FL)|L|50|66|19|53|.358|5|27|.185|7|9|.778|10|29|9|5|0|9|12||26|53|.491|10|22|.455|4|6|.667|7|31|16|5|3|8|9
