ranker|game_season|date_game|game_location|opp_id|game_result|pts|opp_pts|fg|fga|fg_pct|fg3|fg3a|fg3_pct|ft|fta|ft_pct|orb|trb|ast|stl|blk|tov|pf|x|opp_fg|opp_fga|opp_fg_pct|opp_fg3|opp_fg3a|opp_fg3_pct|opp_ft|opp_fta|opp_ft_pct|opp_orb|opp_trb|opp_ast|opp_stl|opp_blk|opp_tov|opp_pf|
1|1|2011-11-11||Oregon|W|78|64|27|66|.409|9|28|.321|15|27|.556|15|38|16|11|6|8|20||26|53|.491|6|20|.300|6|17|.353|7|33|15|4|5|20|24
2|2|2011-11-13||Cleveland State|L|58|71|18|51|.353|4|17|.235|18|26|.692|13|31|6|10|3|20|15||27|54|.500|5|17|.294|12|20|.600|8|33|13|15|4|16|21
3|3|2011-11-15||Bucknell|W|80|68|31|68|.456|10|30|.333|8|15|.533|13|36|13|2|3|5|16||24|51|.471|4|10|.400|16|20|.800|2|27|10|3|2|8|19
4|4|2011-11-19|N|North Carolina State|W|86|79|28|54|.519|9|25|.360|21|33|.636|11|35|14|8|1|15|20||31|62|.500|4|11|.364|13|22|.591|10|32|16|12|1|13|22
5|5|2011-11-21|N|Oregon State|W|64|62|26|55|.473|7|19|.368|5|6|.833|8|29|12|5|2|22|15||26|60|.433|2|14|.143|8|14|.571|11|28|14|15|6|15|12
6|6|2011-11-25||Monmouth|W|95|73|32|56|.571|11|25|.440|20|27|.741|9|36|16|9|2|15|15||26|58|.448|8|19|.421|13|17|.765|5|19|14|10|0|17|21
7|7|2011-11-28||Xavier|L (1 OT)|70|82|27|64|.422|7|22|.318|9|12|.750|8|30|16|7|10|18|20||28|74|.378|6|15|.400|20|27|.741|20|48|8|8|4|13|17
8|8|2011-12-02|@|Louisville|L (1 OT)|60|62|18|44|.409|10|26|.385|14|24|.583|6|28|10|7|2|16|14||25|60|.417|5|20|.250|7|11|.636|13|35|13|7|3|15|18
9|9|2011-12-07|@|Davidson|W|87|83|30|62|.484|7|15|.467|20|26|.769|12|31|8|4|6|15|27||27|61|.443|5|22|.227|24|30|.800|10|30|15|8|3|10|22
10|10|2011-12-17||Indiana State|L|55|61|19|50|.380|6|22|.273|11|18|.611|7|31|9|4|4|15|10||22|51|.431|10|21|.476|7|10|.700|4|28|14|8|1|14|14
11|11|2011-12-19||Longwood|W|99|71|36|71|.507|12|29|.414|15|21|.714|11|31|13|11|2|10|10||26|59|.441|10|20|.500|9|10|.900|6|27|14|2|2|19|18
12|12|2011-12-21||Lafayette|W|89|58|35|60|.583|15|30|.500|4|6|.667|7|35|21|9|2|15|13||23|54|.426|5|18|.278|7|8|.875|4|23|9|9|1|16|10
13|13|2011-12-29|@|Marquette|W|74|57|23|49|.469|10|22|.455|18|24|.750|9|38|17|9|4|17|23||19|59|.322|3|15|.200|16|30|.533|14|32|12|7|1|14|19
14|14|2012-01-02||Miami (OH)|W|69|62|23|52|.442|8|18|.444|15|17|.882|8|25|13|7|9|9|8||26|55|.473|9|21|.429|1|1|1.000|8|28|9|7|1|10|16
15|15|2012-01-07||Auburn|W|65|35|22|49|.449|13|29|.448|8|16|.500|8|39|12|8|6|11|14||15|55|.273|3|13|.231|2|10|.200|11|30|6|4|5|12|16
16|16|2012-01-10|@|South Carolina|W|67|57|23|40|.575|13|22|.591|8|8|1.000|5|23|19|4|2|17|15||22|53|.415|4|13|.308|9|11|.818|11|20|4|9|2|9|11
17|17|2012-01-14||Georgia|W|77|66|21|41|.512|5|15|.333|30|44|.682|10|33|10|2|5|11|18||21|54|.389|8|27|.296|16|20|.800|8|23|13|7|3|9|26
18|18|2012-01-19|@|Alabama|W|69|59|20|50|.400|8|18|.444|21|29|.724|11|40|12|2|6|16|12||23|70|.329|6|24|.250|7|10|.700|12|30|13|13|5|8|22
19|19|2012-01-21||Mississippi State|L (1 OT)|77|78|29|60|.483|14|27|.519|5|9|.556|5|32|16|4|5|13|16||27|62|.435|10|20|.500|14|21|.667|10|34|12|10|2|10|11
20|20|2012-01-24||Tennessee|W|65|47|23|54|.426|8|18|.444|11|17|.647|9|29|12|10|6|15|20||18|51|.353|1|10|.100|10|14|.714|13|37|8|6|3|25|18
21|21|2012-01-28||Middle Tennessee|W|84|77|27|54|.500|6|19|.316|24|30|.800|9|27|11|4|2|9|18||27|47|.574|7|13|.538|16|22|.727|4|21|15|5|2|14|23
22|22|2012-01-31|@|Arkansas|L|74|82|26|52|.500|6|21|.286|16|23|.696|6|28|15|1|7|11|18||28|61|.459|9|23|.391|17|24|.708|11|32|13|5|4|8|21
23|23|2012-02-04|@|Florida|L|65|73|22|53|.415|8|25|.320|13|18|.722|8|29|12|9|3|17|17||23|60|.383|11|24|.458|16|17|.941|10|32|12|9|2|14|18
24|24|2012-02-08||Louisiana State|W|76|61|27|54|.500|7|20|.350|15|23|.652|8|30|14|3|3|7|10||24|65|.369|3|21|.143|10|10|1.000|13|34|9|3|4|6|18
25|25|2012-02-11||Kentucky|L|63|69|23|63|.365|8|21|.381|9|14|.643|12|31|14|4|4|10|15||28|58|.483|3|14|.214|10|15|.667|9|33|12|4|12|6|16
26|26|2012-02-16|@|Mississippi|W|102|76|30|48|.625|12|19|.632|30|38|.789|7|31|20|3|6|12|19||29|72|.403|5|16|.313|13|18|.722|16|27|14|4|7|11|23
27|27|2012-02-19|@|Georgia|W|61|52|17|40|.425|10|22|.455|17|21|.810|5|27|8|7|3|20|19||20|55|.364|3|23|.130|9|14|.643|12|29|7|9|6|11|14
28|28|2012-02-22||South Carolina|W|59|48|15|39|.385|4|16|.250|25|28|.893|8|30|12|4|9|12|9||18|55|.327|8|23|.348|4|4|1.000|10|25|9|5|4|11|20
29|29|2012-02-25|@|Kentucky|L|74|83|26|63|.413|7|18|.389|15|23|.652|14|23|7|6|4|7|18||32|56|.571|2|10|.200|17|20|.850|8|33|11|5|8|9|18
30|30|2012-02-28||Florida|W|77|67|23|44|.523|12|24|.500|19|26|.731|6|23|14|3|2|11|13||26|58|.448|8|24|.333|7|11|.636|12|26|7|7|2|9|21
31|31|2012-03-03|@|Tennessee|L|61|68|23|59|.390|7|21|.333|8|16|.500|12|27|12|7|2|10|20||21|48|.438|3|16|.188|23|29|.793|11|39|12|8|7|10|16
32|32|2012-03-09|N|Georgia|W|63|41|25|57|.439|6|25|.240|7|11|.636|7|32|11|8|1|8|14||15|47|.319|2|17|.118|9|16|.563|8|31|7|3|3|17|16
33|33|2012-03-10|N|Mississippi|W|65|53|23|56|.411|9|29|.310|10|16|.625|11|34|14|5|2|10|17||17|42|.405|3|8|.375|16|23|.696|4|28|6|6|4|12|17
34|34|2012-03-11|N|Kentucky|W|71|64|22|51|.431|6|18|.333|21|32|.656|9|36|8|5|2|11|16||23|64|.359|6|28|.214|12|19|.632|12|30|12|6|8|8|22
35|35|2012-03-15|N|Harvard|W|79|70|25|46|.543|8|18|.444|21|30|.700|10|35|13|8|5|16|18||25|56|.446|9|24|.375|11|14|.786|8|22|14|4|0|10|21
36|36|2012-03-17|N|Wisconsin|L|57|60|20|46|.435|5|19|.263|12|16|.750|7|32|8|4|3|12|17||23|55|.418|10|33|.303|4|8|.500|8|27|13|4|1|8|16
