ranker|game_season|date_game|game_location|opp_id|game_result|pts|opp_pts|fg|fga|fg_pct|fg3|fg3a|fg3_pct|ft|fta|ft_pct|orb|trb|ast|stl|blk|tov|pf|x|opp_fg|opp_fga|opp_fg_pct|opp_fg3|opp_fg3a|opp_fg3_pct|opp_ft|opp_fta|opp_ft_pct|opp_orb|opp_trb|opp_ast|opp_stl|opp_blk|opp_tov|opp_pf|
1|1|2011-11-13||South Carolina State|W|75|38|25|51|.490|8|19|.421|17|23|.739|10|41|18|9|2|13|17||13|51|.255|3|16|.188|9|20|.450|8|24|6|7|3|15|21
2|2|2011-11-15||Winthrop|W|69|48|22|46|.478|6|18|.333|19|19|1.000|6|28|13|2|3|9|16||17|42|.405|5|13|.385|9|19|.474|2|18|5|3|2|10|18
3|3|2011-11-18|N|Texas Christian|L|55|57|15|40|.375|6|15|.400|19|29|.655|6|25|11|7|1|19|18||19|43|.442|5|13|.385|14|17|.824|5|27|8|3|0|19|23
4|4|2011-11-19|N|Drexel|W|49|35|14|39|.359|3|12|.250|18|21|.857|4|26|9|5|4|8|16||14|54|.259|3|21|.143|4|6|.667|12|34|6|4|2|13|20
5|5|2011-11-21|N|Drake|W|60|52|20|38|.526|0|5|.000|20|23|.870|4|22|8|10|1|16|21||16|41|.390|2|10|.200|18|23|.783|5|20|6|9|1|15|20
6|6|2011-11-25||Green Bay|W|68|42|23|45|.511|2|8|.250|20|29|.690|9|37|11|7|7|13|18||15|50|.300|2|11|.182|10|12|.833|7|22|3|9|1|15|22
7|7|2011-11-29||Michigan|W|70|58|22|53|.415|9|25|.360|17|22|.773|8|33|16|7|3|8|12||22|50|.440|10|22|.455|4|7|.571|2|24|8|5|3|11|20
8|8|2011-12-03||Longwood|W|86|53|29|56|.518|6|19|.316|22|34|.647|10|40|20|11|5|10|13||20|53|.377|3|19|.158|10|13|.769|2|20|7|7|1|14|21
9|9|2011-12-06||George Mason|W|68|48|26|43|.605|7|14|.500|9|17|.529|5|23|10|10|7|14|17||19|40|.475|2|8|.250|8|16|.500|5|22|6|8|1|20|17
10|10|2011-12-18|@|Oregon|W|67|54|25|55|.455|6|15|.400|11|13|.846|9|38|12|2|0|8|19||23|54|.426|3|15|.200|5|14|.357|6|25|11|4|0|6|14
11|11|2011-12-21|@|Seattle|W|83|77|26|47|.553|4|11|.364|27|38|.711|8|27|12|5|2|13|17||29|63|.460|8|22|.364|11|15|.733|13|29|11|11|1|13|29
12|12|2011-12-27||Maryland-Eastern Shore|W|69|42|30|60|.500|6|20|.300|3|6|.500|8|35|22|5|5|10|11||15|54|.278|4|18|.222|8|9|.889|9|27|4|3|1|12|11
13|13|2011-12-30||Towson|W|57|50|16|46|.348|7|19|.368|18|26|.692|13|29|9|7|2|10|12||20|45|.444|5|18|.278|5|10|.500|6|24|5|2|6|13|20
14|14|2012-01-02|@|Louisiana State|W|57|52|21|47|.447|6|10|.600|9|13|.692|4|25|11|12|0|15|14||21|48|.438|5|18|.278|5|8|.625|5|24|10|5|6|16|16
15|15|2012-01-07||Miami (FL)|W|52|51|21|55|.382|4|13|.308|6|10|.600|10|30|10|5|1|7|15||18|51|.353|5|17|.294|10|13|.769|12|36|5|4|1|11|14
16|16|2012-01-12|@|Duke|L|58|61|24|61|.393|3|16|.188|7|9|.778|14|34|16|4|1|9|18||24|46|.522|5|20|.250|8|19|.421|6|27|11|3|6|11|16
17|17|2012-01-19|@|Georgia Tech|W|70|38|28|58|.483|5|16|.313|9|13|.692|10|41|14|3|5|8|16||14|48|.292|1|15|.067|9|19|.474|5|22|4|5|4|6|17
18|18|2012-01-22||Virginia Tech|L|45|47|15|46|.326|1|14|.071|14|22|.636|10|29|4|5|1|12|13||19|42|.452|5|13|.385|4|7|.571|4|25|10|5|2|13|19
19|19|2012-01-26||Boston College|W|66|49|27|53|.509|4|10|.400|8|8|1.000|4|29|16|10|2|8|12||18|45|.400|7|20|.350|6|9|.667|3|24|8|5|4|15|13
20|20|2012-01-28|@|North Carolina State|W|61|60|19|43|.442|7|15|.467|16|23|.696|4|20|8|5|2|11|14||23|57|.404|2|15|.133|12|21|.571|16|40|12|10|2|11|17
21|21|2012-01-31||Clemson|W|65|61|24|43|.558|6|14|.429|11|15|.733|5|31|15|3|5|11|12||22|54|.407|8|21|.381|9|11|.818|4|17|12|5|1|4|13
22|22|2012-02-04|@|Florida State|L|55|58|21|45|.467|6|18|.333|7|8|.875|4|23|11|10|1|20|17||22|46|.478|5|12|.417|9|16|.563|8|24|7|10|5|19|13
23|23|2012-02-08||Wake Forest|W|68|44|29|54|.537|5|11|.455|5|8|.625|4|30|19|11|3|9|15||14|41|.341|4|13|.308|12|17|.706|3|25|9|4|2|17|7
24|24|2012-02-11|@|North Carolina|L|52|70|20|55|.364|3|16|.188|9|13|.692|7|31|9|3|4|12|19||24|68|.353|1|10|.100|21|27|.778|19|48|14|7|6|8|11
25|25|2012-02-14|@|Clemson|L|48|60|22|44|.500|3|16|.188|1|1|1.000|3|26|12|5|1|18|16||23|50|.460|5|15|.333|9|13|.692|5|22|13|14|2|9|9
26|26|2012-02-18||Maryland|W|71|44|26|54|.481|6|10|.600|13|15|.867|5|33|9|7|3|7|14||14|52|.269|7|19|.368|9|16|.563|10|32|3|4|0|15|17
27|27|2012-02-21|@|Virginia Tech|W|61|59|25|42|.595|6|15|.400|5|10|.500|4|24|14|8|2|12|19||18|40|.450|8|16|.500|15|21|.714|3|18|8|4|1|11|15
28|28|2012-02-25||North Carolina|L|51|54|21|60|.350|6|23|.261|3|6|.500|5|29|7|3|7|4|17||17|51|.333|2|14|.143|18|23|.783|9|44|8|2|4|11|11
29|29|2012-03-01||Florida State|L|60|63|20|44|.455|4|9|.444|16|20|.800|5|17|13|8|3|15|17||23|45|.511|7|16|.438|10|13|.769|6|25|11|9|2|18|16
30|30|2012-03-04|@|Maryland|W (1 OT)|75|72|24|53|.453|5|13|.385|22|34|.647|5|34|13|5|2|12|20||25|62|.403|8|17|.471|14|26|.538|9|33|10|7|3|12|21
31|31|2012-03-09|N|North Carolina State|L|64|67|23|53|.434|2|12|.167|16|20|.800|9|33|10|8|2|10|16||27|50|.540|5|15|.333|8|18|.444|6|28|18|8|2|11|16
32|32|2012-03-16|N|Florida|L|45|71|18|47|.383|3|18|.167|6|10|.600|2|21|12|5|1|13|15||28|53|.528|4|23|.174|11|17|.647|9|36|11|6|0|12|10
