ranker|game_season|date_game|game_location|opp_id|game_result|pts|opp_pts|fg|fga|fg_pct|fg3|fg3a|fg3_pct|ft|fta|ft_pct|orb|trb|ast|stl|blk|tov|pf|x|opp_fg|opp_fga|opp_fg_pct|opp_fg3|opp_fg3a|opp_fg3_pct|opp_ft|opp_fta|opp_ft_pct|opp_orb|opp_trb|opp_ast|opp_stl|opp_blk|opp_tov|opp_pf|
1|1|2011-11-11|N|Citadel|W|103|100|36|72|.500|7|26|.269|24|30|.800|11|38|14|5|5|12|26||34|65|.523|7|17|.412|25|32|.781|8|35|23|6|2|11|26
2|2|2011-11-12|N|Air Force|L|65|75|22|56|.393|10|30|.333|11|15|.733|6|25|11|6|4|14|21||28|56|.500|6|22|.273|13|18|.722|11|40|20|5|4|14|16
3|3|2011-11-15||Alice Lloyd|W|101|74|37|85|.435|14|43|.326|13|21|.619|13|41|26|13|4|9|15||28|68|.412|10|27|.370|8|11|.727|11|48|13|3|1|27|19
4|4|2011-11-19||Maryland-Baltimore County|W|84|79|29|65|.446|9|36|.250|17|25|.680|13|31|17|5|3|9|21||28|52|.538|3|11|.273|20|32|.625|11|31|14|3|1|14|23
5|5|2011-11-23|@|Ohio State|L|74|107|25|65|.385|9|30|.300|15|24|.625|5|23|11|9|1|16|18||46|68|.676|5|10|.500|10|17|.588|9|44|30|9|4|19|19
6|6|2011-12-01|@|Coastal Carolina|L|78|87|24|61|.393|8|24|.333|22|33|.667|6|26|6|10|4|12|24||34|64|.531|0|9|.000|19|29|.655|13|48|18|3|5|17|24
7|7|2011-12-03|@|Charleston Southern|L|81|114|34|68|.500|5|24|.208|8|15|.533|9|26|12|6|2|15|18||42|69|.609|13|22|.591|17|20|.850|10|38|20|11|3|12|15
8|8|2011-12-06|@|Pittsburgh|L|70|97|25|68|.368|7|30|.233|13|20|.650|8|27|13|7|4|9|16||35|73|.479|13|33|.394|14|18|.778|20|55|24|3|4|14|20
9|9|2011-12-08||Central Pennsylvania College|W|109|86|43|88|.489|9|35|.257|14|23|.609|14|39|24|21|6|14|18||35|71|.493|4|14|.286|12|18|.667|13|45|14|5|0|32|17
10|10|2011-12-10||Milligan|W|122|73|38|59|.644|12|25|.480|34|47|.723|12|40|22|12|9|12|16||25|69|.362|4|18|.222|19|20|.950|9|25|13|7|2|17|30
11|11|2011-12-12|@|Longwood|L|89|110|31|68|.456|11|31|.355|16|19|.842|11|31|15|6|3|10|9||43|81|.531|20|40|.500|4|7|.571|17|44|27|5|2|9|12
12|12|2011-12-22|@|Old Dominion|L|73|81|24|54|.444|8|24|.333|17|29|.586|3|22|14|12|4|17|30||23|55|.418|6|19|.316|29|46|.630|16|46|13|8|1|19|24
13|13|2011-12-31||Presbyterian|W (1 OT)|78|70|26|47|.553|6|17|.353|20|23|.870|1|29|14|11|3|16|21||24|61|.393|11|29|.379|11|18|.611|10|29|17|3|2|18|21
14|14|2012-01-02||Gardner-Webb|W|76|72|28|62|.452|7|30|.233|13|20|.650|6|30|14|8|8|10|16||27|62|.435|6|19|.316|12|19|.632|8|36|13|8|3|13|18
15|15|2012-01-05|@|North Carolina-Asheville|L|85|94|28|58|.483|8|23|.348|21|26|.808|12|36|15|5|6|17|21||32|66|.485|10|19|.526|20|24|.833|10|31|24|10|4|9|19
16|16|2012-01-07|@|Winthrop|L|84|91|26|53|.491|9|21|.429|23|30|.767|6|26|13|8|2|17|22||35|63|.556|5|16|.313|16|23|.696|11|33|21|10|3|13|21
17|17|2012-01-10||Liberty|W|71|57|28|62|.452|9|31|.290|6|9|.667|11|33|12|5|1|9|12||23|61|.377|2|11|.182|9|11|.818|10|34|10|5|0|11|11
18|18|2012-01-14||Radford|W|80|76|25|56|.446|10|25|.400|20|27|.741|10|23|11|9|7|10|15||29|56|.518|5|14|.357|13|17|.765|14|33|9|6|1|18|22
19|19|2012-01-19||High Point|W|88|77|31|63|.492|6|23|.261|20|24|.833|12|32|15|5|2|11|22||24|56|.429|8|26|.308|21|30|.700|11|27|10|4|2|15|22
20|20|2012-01-21|@|Campbell|L|73|80|26|72|.361|7|32|.219|14|19|.737|14|35|11|9|3|12|17||30|64|.469|5|16|.313|15|23|.652|14|42|23|8|8|14|20
21|21|2012-01-26|@|Radford|W|65|60|21|48|.438|3|14|.214|20|30|.667|6|27|7|11|1|20|22||20|47|.426|4|16|.250|16|30|.533|7|30|9|14|3|22|21
22|22|2012-02-02||North Carolina-Asheville|L|86|89|27|52|.519|10|23|.435|22|35|.629|11|25|15|8|2|17|22||32|56|.571|4|14|.286|21|24|.875|9|30|16|9|0|18|24
23|23|2012-02-04||Winthrop|W|86|79|24|49|.490|16|27|.593|22|26|.846|2|19|14|8|3|11|13||32|63|.508|9|22|.409|6|12|.500|10|34|13|4|1|16|18
24|24|2012-02-09|@|Presbyterian|L|74|94|23|57|.404|12|30|.400|16|20|.800|7|22|10|4|1|6|18||34|57|.596|6|14|.429|20|28|.714|9|34|13|3|2|11|16
25|25|2012-02-11|@|Gardner-Webb|L|61|77|21|63|.333|6|34|.176|13|23|.565|11|31|7|8|2|17|21||29|61|.475|2|13|.154|17|23|.739|12|44|15|9|2|18|25
26|26|2012-02-14|@|Liberty|L|69|78|27|67|.403|6|28|.214|9|16|.563|13|28|8|5|0|13|19||32|56|.571|2|5|.400|12|23|.522|10|37|14|8|3|17|17
27|27|2012-02-18||William & Mary|W|73|65|22|56|.393|8|22|.364|21|25|.840|9|35|12|7|10|15|19||25|66|.379|4|22|.182|11|16|.688|11|35|11|6|1|13|20
28|28|2012-02-23||Charleston Southern|W|90|81|31|63|.492|11|29|.379|17|21|.810|8|37|14|8|7|22|18||29|69|.420|3|18|.167|20|24|.833|8|31|13|14|4|17|20
29|29|2012-02-25||Coastal Carolina|L|64|81|20|72|.278|6|33|.182|18|22|.818|18|34|7|8|4|10|17||30|57|.526|6|9|.667|15|19|.789|8|41|13|7|6|17|19
30|30|2012-02-27||Radford|W|55|53|16|47|.340|7|20|.350|16|25|.640|6|31|9|13|3|11|17||16|48|.333|8|19|.421|13|23|.565|10|36|8|4|2|15|19
31|31|2012-02-29|N|Coastal Carolina|W|85|68|28|49|.571|14|28|.500|15|22|.682|5|22|20|9|0|11|13||26|51|.510|5|12|.417|11|15|.733|8|27|15|6|2|16|16
32|32|2012-03-01|N|Winthrop|W|75|55|25|47|.532|6|17|.353|19|23|.826|2|25|14|8|7|10|19||20|61|.328|2|15|.133|13|21|.619|15|34|5|3|2|15|22
33|33|2012-03-03|@|North Carolina-Asheville|L|64|80|21|54|.389|7|23|.304|15|17|.882|11|28|11|4|3|19|22||29|55|.527|3|14|.214|19|27|.704|8|29|24|12|1|10|14
