ranker|game_season|date_game|game_location|opp_id|game_result|pts|opp_pts|fg|fga|fg_pct|fg3|fg3a|fg3_pct|ft|fta|ft_pct|orb|trb|ast|stl|blk|tov|pf|x|opp_fg|opp_fga|opp_fg_pct|opp_fg3|opp_fg3a|opp_fg3_pct|opp_ft|opp_fta|opp_ft_pct|opp_orb|opp_trb|opp_ast|opp_stl|opp_blk|opp_tov|opp_pf|
1|1|2011-11-14|@|Gonzaga|L|81|89|29|61|.475|9|20|.450|14|21|.667|9|30|15|9|4|13|27||23|56|.411|13|29|.448|30|37|.811|13|39|17|8|5|13|19
2|2|2011-11-17||Sacramento State|W|79|68|27|53|.509|6|20|.300|19|32|.594|11|27|16|10|2|12|13||27|56|.482|6|16|.375|8|12|.667|9|30|15|6|2|17|25
3|3|2011-11-20|@|Portland|W|83|73|28|50|.560|3|9|.333|24|34|.706|4|28|16|12|5|17|25||24|60|.400|5|21|.238|20|28|.714|15|37|11|10|1|20|25
4|4|2011-11-24|N|Oklahoma|L|59|74|22|52|.423|7|17|.412|8|11|.727|10|30|12|5|3|22|18||27|60|.450|9|20|.450|11|18|.611|11|28|14|7|3|11|14
5|5|2011-11-25|N|New Mexico|L|62|72|22|50|.440|5|18|.278|13|22|.591|7|31|13|5|1|18|17||24|55|.436|9|19|.474|15|20|.750|8|30|19|8|4|15|22
6|6|2011-11-27|N|California-Riverside|L|63|64|24|53|.453|5|17|.294|10|15|.667|7|35|10|1|3|12|11||26|62|.419|8|16|.500|4|5|.800|7|29|14|3|7|6|14
7|7|2011-11-30||Grambling|W|69|37|24|56|.429|7|23|.304|14|18|.778|13|39|18|7|1|11|11||14|55|.255|4|25|.160|5|8|.625|7|27|8|6|2|14|15
8|8|2011-12-03||Eastern Washington|W|75|49|23|46|.500|6|17|.353|23|30|.767|11|41|16|4|4|20|20||15|59|.254|4|23|.174|15|20|.750|8|23|4|9|0|12|25
9|9|2011-12-07|@|Idaho|W|66|64|24|51|.471|7|21|.333|11|15|.733|11|30|15|1|3|14|13||24|54|.444|4|13|.308|12|15|.800|11|23|9|10|3|9|13
10|10|2011-12-11||Santa Clara|W|93|55|31|46|.674|6|13|.462|25|32|.781|7|31|19|7|2|12|15||20|50|.400|3|15|.200|12|22|.545|11|24|7|7|1|15|21
11|11|2011-12-18||Western Oregon|W|66|42|22|44|.500|9|22|.409|13|22|.591|8|33|15|5|4|15|17||12|46|.261|4|17|.235|14|21|.667|11|26|7|7|2|18|23
12|12|2011-12-22|N|Pepperdine|W|67|56|23|57|.404|7|16|.438|14|19|.737|6|31|15|6|5|10|16||21|59|.356|4|15|.267|10|16|.625|9|31|13|5|7|11|14
13|13|2011-12-29||Oregon|L|75|92|26|57|.456|9|21|.429|14|20|.700|7|21|18|8|2|10|22||34|49|.694|9|16|.563|15|25|.600|6|30|20|3|1|16|22
14|14|2011-12-31||Oregon State|W|81|76|28|52|.538|6|12|.500|19|24|.792|7|28|15|5|2|16|15||26|57|.456|8|23|.348|16|22|.727|9|28|17|10|4|15|21
15|15|2012-01-05|@|Utah|L (1 OT)|60|62|21|48|.438|8|15|.533|10|22|.455|7|33|16|4|2|10|15||26|55|.473|5|20|.250|5|10|.500|5|29|15|5|3|9|19
16|16|2012-01-07|@|Colorado|L|60|71|19|52|.365|8|21|.381|14|19|.737|10|31|9|7|1|13|18||23|49|.469|9|23|.391|16|23|.696|10|35|14|5|4|14|20
17|17|2012-01-15|@|Washington|L|65|75|23|51|.451|7|24|.292|12|16|.750|3|20|13|4|3|12|21||24|63|.381|10|26|.385|17|28|.607|21|44|14|5|2|10|19
18|18|2012-01-19||Stanford|W|81|69|25|48|.521|4|13|.308|27|29|.931|5|29|12|2|1|7|18||24|59|.407|8|33|.242|13|19|.684|11|27|12|2|4|9|21
19|19|2012-01-21||California|W|77|75|26|49|.531|8|18|.444|17|22|.773|7|28|16|8|2|16|17||29|62|.468|6|20|.300|11|14|.786|7|25|16|6|3|10|15
20|20|2012-01-26|@|Arizona|L|61|85|18|52|.346|4|21|.190|21|25|.840|7|29|11|0|1|16|18||30|59|.508|15|26|.577|10|20|.500|9|31|23|9|0|9|20
21|21|2012-01-28|@|Arizona State|L|67|71|23|49|.469|7|17|.412|14|17|.824|10|28|16|4|1|18|24||24|44|.545|7|15|.467|16|28|.571|7|23|18|8|5|16|17
22|22|2012-02-02||Southern California|W|60|53|20|42|.476|6|14|.429|14|19|.737|7|31|14|1|1|13|8||21|50|.420|9|25|.360|2|3|.667|3|18|13|4|1|9|15
23|23|2012-02-04||UCLA|L|60|63|20|53|.377|8|22|.364|12|14|.857|9|32|8|5|1|15|20||22|48|.458|4|14|.286|15|24|.625|4|26|11|9|5|10|16
24|24|2012-02-09|@|Oregon State|W|83|73|28|54|.519|6|12|.500|21|27|.778|12|33|14|7|4|10|19||22|59|.373|10|28|.357|19|23|.826|12|28|12|6|6|14|21
25|25|2012-02-11|@|Oregon|L|69|78|27|54|.500|8|19|.421|7|11|.636|11|24|15|6|3|10|19||26|47|.553|11|20|.550|15|18|.833|7|22|16|3|3|11|14
26|26|2012-02-16||Arizona|L|72|76|25|50|.500|7|21|.333|15|24|.625|7|26|11|3|4|12|21||26|50|.520|9|19|.474|15|21|.714|9|28|16|2|2|12|18
27|27|2012-02-18||Arizona State|W|72|50|21|44|.477|9|21|.429|21|28|.750|6|30|17|4|1|9|16||16|42|.381|6|18|.333|12|17|.706|3|21|7|6|1|14|25
28|28|2012-02-25||Washington|L|55|59|18|52|.346|2|18|.111|17|32|.531|12|38|14|2|6|15|18||19|53|.358|4|17|.235|17|24|.708|8|33|10|5|1|12|26
29|29|2012-03-01|@|UCLA|L|46|78|17|49|.347|2|13|.154|10|21|.476|9|23|8|7|5|12|6||32|55|.582|11|16|.688|3|6|.500|6|29|26|8|7|9|19
30|30|2012-03-03|@|Southern California|W|43|38|18|42|.429|1|8|.125|6|11|.545|7|33|8|0|4|10|15||13|45|.289|6|21|.286|6|10|.600|5|24|10|5|1|6|15
31|31|2012-03-07|N|Oregon State|L|64|69|24|50|.480|6|15|.400|10|16|.625|6|27|14|6|5|14|22||23|52|.442|5|16|.313|18|29|.621|10|30|12|10|3|10|16
32|32|2012-03-13|@|San Francisco|W|89|75|29|48|.604|6|13|.462|25|28|.893|6|35|20|2|5|11|20||21|58|.362|8|27|.296|25|36|.694|13|28|14|7|1|6|20
33|33|2012-03-19||Wyoming|W|61|41|18|43|.419|4|16|.250|21|29|.724|5|33|12|5|3|10|15||16|45|.356|2|16|.125|7|11|.636|3|20|9|5|1|11|18
34|34|2012-03-21|@|Oregon State|W|72|55|27|56|.482|8|15|.533|10|17|.588|11|31|10|7|0|13|22||19|50|.380|2|12|.167|15|28|.536|12|32|11|7|4|15|20
35|35|2012-03-26||Pittsburgh|W|67|66|22|43|.512|9|15|.600|14|19|.737|7|26|16|3|4|8|10||24|54|.444|10|20|.500|8|15|.533|12|28|18|4|2|7|14
36|36|2012-03-28|@|Pittsburgh|L|53|57|17|39|.436|4|13|.308|15|18|.833|4|24|9|6|4|12|19||18|44|.409|6|20|.300|15|21|.714|8|26|14|3|3|12|20
37|37|2012-03-30|@|Pittsburgh|L|65|71|21|40|.525|4|13|.308|19|29|.655|8|28|9|0|1|9|21||24|48|.500|4|15|.267|19|26|.731|7|23|16|3|1|3|22
