ranker|game_season|date_game|game_location|opp_id|game_result|pts|opp_pts|fg|fga|fg_pct|fg3|fg3a|fg3_pct|ft|fta|ft_pct|orb|trb|ast|stl|blk|tov|pf|x|opp_fg|opp_fga|opp_fg_pct|opp_fg3|opp_fg3a|opp_fg3_pct|opp_ft|opp_fta|opp_ft_pct|opp_orb|opp_trb|opp_ast|opp_stl|opp_blk|opp_tov|opp_pf|
1|1|2011-11-13||Charleston Southern|W|85|57|31|58|.534|11|22|.500|12|23|.522|13|39|17|5|9|15|19||18|62|.290|5|24|.208|16|21|.762|11|25|12|8|0|23|23
2|2|2011-11-17|N|Colorado|W|67|58|27|60|.450|8|23|.348|5|8|.625|11|38|12|10|3|15|14||21|49|.429|5|11|.455|11|19|.579|5|27|13|9|2|17|13
3|3|2011-11-18|N|Alabama|L|60|70|22|65|.338|7|20|.350|9|15|.600|17|40|9|7|5|17|21||23|53|.434|1|8|.125|23|28|.821|9|36|11|8|14|13|20
4|4|2011-11-20|N|Temple|L (1 OT)|74|78|29|70|.414|4|20|.200|12|22|.545|13|39|15|5|7|10|21||28|62|.452|7|18|.389|15|25|.600|7|38|14|3|6|12|19
5|5|2011-11-25|N|Alabama-Birmingham|W|68|46|21|53|.396|3|14|.214|23|30|.767|12|37|12|6|1|13|20||17|53|.321|1|16|.063|11|17|.647|9|26|5|1|3|16|24
6|6|2011-12-01||Cal State Fullerton|W|75|60|27|56|.482|5|17|.294|16|23|.696|10|34|17|9|2|18|15||24|51|.471|4|18|.222|8|15|.533|4|25|9|13|2|23|19
7|7|2011-12-04||Nevada-Las Vegas|W|89|70|32|54|.593|12|23|.522|13|19|.684|8|27|20|3|1|6|18||24|51|.471|5|20|.250|17|23|.739|8|24|13|2|3|7|21
8|8|2011-12-07|@|Tulsa|W|77|67|24|46|.522|6|13|.462|23|28|.821|4|29|12|5|5|12|21||22|50|.440|10|19|.526|13|23|.565|5|23|12|3|7|9|21
9|9|2011-12-10||Utah State|W|83|76|26|57|.456|11|25|.440|20|28|.714|13|35|16|3|5|13|18||28|52|.538|5|15|.333|15|21|.714|3|20|9|5|2|12|25
10|10|2011-12-14||Chicago State|W|94|44|32|72|.444|9|35|.257|21|28|.750|16|52|24|10|5|9|15||15|55|.273|2|19|.105|12|20|.600|6|29|3|5|6|19|22
11|11|2011-12-19||Newman|W|102|53|39|62|.629|8|18|.444|16|23|.696|8|36|21|15|3|16|13||18|64|.281|4|21|.190|13|16|.813|10|24|6|10|2|20|19
12|12|2011-12-28|@|Bradley|W|90|51|33|63|.524|7|16|.438|17|22|.773|15|45|18|11|2|14|22||14|55|.255|3|14|.214|20|29|.690|13|28|6|5|4|16|21
13|13|2011-12-31||Creighton|L|61|68|19|57|.333|5|26|.192|18|25|.720|10|36|9|5|3|10|17||23|54|.426|8|15|.533|14|18|.778|5|29|12|4|1|11|17
14|14|2012-01-04|@|Evansville|W|67|66|26|44|.591|4|11|.364|11|13|.846|6|30|15|5|5|15|15||23|52|.442|9|17|.529|11|14|.786|7|20|17|7|1|8|12
15|15|2012-01-07|@|Southern Illinois|W|83|73|29|58|.500|8|19|.421|17|25|.680|12|34|13|5|0|13|16||26|53|.491|6|19|.316|15|23|.652|6|28|14|7|4|12|19
16|16|2012-01-10||Illinois State|W|65|62|22|53|.415|4|18|.222|17|22|.773|10|34|9|3|4|8|17||21|53|.396|7|25|.280|13|15|.867|7|30|6|4|0|9|17
17|17|2012-01-13||Bradley|W|78|41|29|52|.558|8|18|.444|12|15|.800|7|39|17|6|2|14|13||17|59|.288|2|13|.154|5|12|.417|10|25|11|8|1|12|13
18|18|2012-01-15|@|Indiana State|W|75|65|21|52|.404|10|20|.500|23|29|.793|12|35|10|5|3|9|17||24|63|.381|7|19|.368|10|15|.667|17|38|17|4|3|11|20
19|19|2012-01-18|@|Northern Iowa|W|71|68|23|48|.479|5|19|.263|20|24|.833|4|25|8|6|1|8|20||25|52|.481|6|20|.300|12|16|.750|5|27|12|5|2|10|17
20|20|2012-01-21||Southern Illinois|W|85|42|33|61|.541|4|16|.250|15|22|.682|9|34|17|8|7|9|20||17|50|.340|2|10|.200|6|17|.353|10|31|8|1|5|22|20
21|21|2012-01-25||Evansville|W|86|74|29|46|.630|4|9|.444|24|32|.750|2|28|19|4|7|11|17||26|60|.433|5|14|.357|17|22|.773|8|21|15|4|3|10|27
22|22|2012-01-28|@|Drake|L (3 OT)|86|93|31|76|.408|7|25|.280|17|19|.895|10|38|15|11|3|18|29||32|73|.438|5|17|.294|24|36|.667|12|43|16|10|6|13|20
23|23|2012-02-01|@|Missouri State|W|74|67|27|55|.491|8|21|.381|12|14|.857|8|30|16|4|3|10|14||25|56|.446|7|21|.333|10|14|.714|7|25|16|5|0|10|15
24|24|2012-02-04||Indiana State|W|71|66|23|56|.411|1|8|.125|24|30|.800|8|33|10|7|8|9|13||24|61|.393|8|22|.364|10|16|.625|13|35|11|4|1|14|24
25|25|2012-02-08||Northern Iowa|W|82|57|33|59|.559|12|19|.632|4|4|1.000|8|32|20|6|2|8|10||20|51|.392|8|21|.381|9|13|.692|6|22|11|5|0|11|9
26|26|2012-02-11|@|Creighton|W|89|68|32|55|.582|8|16|.500|17|17|1.000|8|36|17|0|3|9|18||23|57|.404|5|23|.217|17|22|.773|7|21|14|4|2|6|16
27|27|2012-02-15||Missouri State|W|73|58|25|42|.595|11|19|.579|12|15|.800|2|27|17|4|3|12|9||25|64|.391|7|15|.467|1|2|.500|7|24|14|4|1|6|15
28|28|2012-02-18|@|Davidson|W|91|74|35|55|.636|5|9|.556|16|21|.762|5|33|15|3|6|10|13||27|62|.435|9|27|.333|11|16|.688|6|22|15|4|2|8|17
29|29|2012-02-22|@|Illinois State|W|68|55|26|55|.473|10|23|.435|6|8|.750|7|31|15|9|2|14|17||20|53|.377|6|15|.400|9|14|.643|8|31|9|7|3|13|13
30|30|2012-02-25||Drake|W|81|58|29|65|.446|6|25|.240|17|20|.850|10|38|16|8|8|10|10||21|59|.356|9|23|.391|7|9|.778|3|26|6|6|2|15|17
31|31|2012-03-02|N|Indiana State|W|72|48|31|62|.500|7|14|.500|3|5|.600|11|40|15|9|5|13|18||14|52|.269|5|22|.227|15|21|.714|7|22|5|8|3|12|10
32|32|2012-03-03|N|Illinois State|L|64|65|22|63|.349|7|23|.304|13|17|.765|14|40|6|4|3|14|21||19|56|.339|7|21|.333|20|22|.909|10|34|6|7|3|8|16
33|33|2012-03-15|N|Virginia Commonwealth|L|59|62|24|62|.387|5|16|.313|6|10|.600|11|33|13|8|4|12|12||25|59|.424|6|23|.261|6|9|.667|8|31|9|8|3|11|12
