ranker|game_season|date_game|game_location|opp_id|game_result|pts|opp_pts|fg|fga|fg_pct|fg3|fg3a|fg3_pct|ft|fta|ft_pct|orb|trb|ast|stl|blk|tov|pf|x|opp_fg|opp_fga|opp_fg_pct|opp_fg3|opp_fg3a|opp_fg3_pct|opp_ft|opp_fta|opp_ft_pct|opp_orb|opp_trb|opp_ast|opp_stl|opp_blk|opp_tov|opp_pf|
1|1|2011-11-11||Morgan State|W|74|63|28|57|.491|6|14|.429|12|24|.500|9|36|18|8|7|15|24||19|58|.328|2|15|.133|23|36|.639|9|33|10|9|5|12|20
2|2|2011-11-15||IPFW|W|86|63|32|57|.561|11|21|.524|11|22|.500|7|36|19|6|9|16|19||21|67|.313|6|24|.250|15|19|.789|13|35|14|5|2|14|18
3|3|2011-11-18||Miami (OH)|W|66|60|26|60|.433|2|9|.222|12|21|.571|11|33|14|11|4|9|13||21|49|.429|8|19|.421|10|12|.833|4|28|15|5|5|18|21
4|4|2011-11-25||Georgia|W|70|56|24|49|.490|3|8|.375|19|30|.633|10|39|16|5|3|14|17||18|56|.321|7|26|.269|13|16|.813|10|28|9|6|2|14|20
5|5|2011-11-28|@|Vanderbilt|W (1 OT)|82|70|28|74|.378|6|15|.400|20|27|.741|20|48|8|8|4|13|17||27|64|.422|7|22|.318|9|12|.750|8|30|16|7|10|18|20
6|6|2011-12-03||Purdue|W|66|63|22|41|.537|6|12|.500|16|27|.593|9|30|9|6|3|22|17||23|56|.411|5|18|.278|12|21|.571|10|23|9|13|1|13|25
7|7|2011-12-07|@|Butler|W|73|61|21|53|.396|2|12|.167|29|37|.784|10|36|9|8|1|13|22||19|62|.306|2|21|.095|21|28|.750|16|39|9|5|1|16|26
8|8|2011-12-10||Cincinnati|W|76|53|29|56|.518|5|14|.357|13|18|.722|11|35|16|6|8|12|19||17|61|.279|1|16|.063|18|23|.783|10|30|8|5|2|10|19
9|9|2011-12-18||Oral Roberts|L|42|64|17|52|.327|1|11|.091|7|11|.636|10|33|11|2|5|17|10||25|56|.446|7|20|.350|7|11|.636|6|28|17|13|4|9|13
10|10|2011-12-22|N|Long Beach State|L|58|68|23|51|.451|3|12|.250|9|13|.692|8|24|9|6|3|15|18||23|49|.469|7|19|.368|15|28|.536|8|28|13|6|2|11|17
11|11|2011-12-24|N|Hawaii|L (1 OT)|82|84|30|67|.448|9|24|.375|13|25|.520|13|38|12|10|1|14|27||31|65|.477|4|13|.308|18|30|.600|10|35|16|6|0|16|22
12|12|2011-12-25|N|Southern Illinois|W|87|77|24|51|.471|3|8|.375|36|48|.750|10|31|13|6|5|10|16||28|70|.400|5|20|.250|16|22|.727|13|33|15|3|5|11|28
13|13|2011-12-31||Gonzaga|L|65|72|25|59|.424|3|18|.167|12|19|.632|6|27|9|12|4|11|20||26|59|.441|8|19|.421|12|17|.706|12|41|15|7|2|17|15
14|14|2012-01-04|@|La Salle|L|70|80|25|62|.403|4|14|.286|16|20|.800|7|39|12|4|4|14|18||26|65|.400|9|26|.346|19|24|.792|8|32|20|5|4|7|16
15|15|2012-01-07|@|Fordham|W|67|59|23|56|.411|6|15|.400|15|22|.682|12|41|18|4|4|13|22||20|53|.377|6|13|.462|13|22|.591|8|28|11|11|10|9|19
16|16|2012-01-11||Duquesne|W|78|50|32|56|.571|5|16|.313|9|14|.643|15|37|20|6|6|11|16||19|54|.352|2|16|.125|10|17|.588|13|26|14|9|5|9|14
17|17|2012-01-14||St. Bonaventure|W|77|64|27|54|.500|8|16|.500|15|19|.789|6|29|20|6|0|14|23||20|51|.392|5|18|.278|19|22|.864|5|27|12|5|2|15|20
18|18|2012-01-18||Saint Joseph's|W|68|55|27|55|.491|4|16|.250|10|15|.667|7|26|18|7|7|8|13||21|56|.375|4|18|.222|9|10|.900|12|32|9|5|4|19|14
19|19|2012-01-21|@|Dayton|L|72|87|26|56|.464|8|14|.571|12|24|.500|6|25|16|4|1|9|21||27|54|.500|11|28|.393|22|28|.786|9|37|17|2|3|11|20
20|20|2012-01-25||Saint Louis|L|68|73|17|42|.405|5|13|.385|29|32|.906|5|26|11|5|4|17|22||22|51|.431|7|21|.333|22|28|.786|8|26|18|10|2|13|23
21|21|2012-01-28|@|Charlotte|W|74|70|29|59|.492|5|15|.333|11|16|.688|8|28|18|6|0|9|19||20|50|.400|10|24|.417|20|23|.870|8|32|13|5|2|14|16
22|22|2012-02-01|@|George Washington|W|59|58|22|53|.415|5|12|.417|10|20|.500|7|37|13|3|1|10|14||22|62|.355|10|21|.476|4|9|.444|9|35|13|5|3|7|18
23|23|2012-02-04|@|Memphis|L|68|72|25|54|.463|6|15|.400|12|15|.800|5|28|17|4|1|13|23||22|51|.431|4|14|.286|24|28|.857|7|25|11|7|3|12|15
24|24|2012-02-08||Rhode Island|W|84|66|30|57|.526|3|11|.273|21|25|.840|8|39|19|9|7|17|16||23|63|.365|6|22|.273|14|16|.875|4|22|9|7|2|16|19
25|25|2012-02-11|@|Temple|L|72|85|26|59|.441|6|14|.429|14|17|.824|7|27|12|7|2|11|21||28|60|.467|9|20|.450|20|32|.625|15|38|11|7|6|10|20
26|26|2012-02-18||Dayton|W (1 OT)|86|83|28|58|.483|4|12|.333|26|37|.703|9|36|8|7|4|15|22||26|65|.400|10|31|.323|21|26|.808|14|38|18|7|6|17|27
27|27|2012-02-21|@|Massachusetts|L|73|80|24|59|.407|11|24|.458|14|17|.824|8|36|18|7|3|20|20||27|61|.443|10|27|.370|16|18|.889|6|26|20|7|6|13|18
28|28|2012-02-25||Richmond|W|65|57|25|62|.403|2|11|.182|13|17|.765|18|38|11|6|3|11|15||23|48|.479|5|18|.278|6|7|.857|3|22|10|5|4|14|19
29|29|2012-02-28|@|Saint Louis|L|59|70|21|52|.404|5|13|.385|12|18|.667|10|35|11|2|5|12|20||22|57|.386|6|21|.286|20|24|.833|6|30|15|6|3|8|15
30|30|2012-03-03||Charlotte|W|72|63|25|57|.439|3|15|.200|19|28|.679|11|33|11|9|8|8|16||24|60|.400|5|20|.250|10|13|.769|12|37|11|3|1|14|22
31|31|2012-03-09|N|Dayton|W|70|69|24|50|.480|4|13|.308|18|29|.621|7|31|10|3|4|8|20||21|54|.389|8|26|.308|19|22|.864|6|26|11|5|1|8|22
32|32|2012-03-10|N|Saint Louis|W|71|64|24|45|.533|5|11|.455|18|21|.857|4|29|9|3|2|11|20||22|54|.407|6|24|.250|14|20|.700|7|23|14|8|1|9|18
33|33|2012-03-11|N|St. Bonaventure|L|56|67|20|59|.339|2|13|.154|14|19|.737|10|25|7|5|1|6|18||20|51|.392|5|16|.313|22|25|.880|12|37|15|4|8|14|20
34|34|2012-03-16|N|Notre Dame|W|67|63|22|44|.500|5|10|.500|18|27|.667|8|27|11|6|1|10|14||25|49|.510|9|21|.429|4|9|.444|6|21|19|6|1|11|16
35|35|2012-03-18|N|Lehigh|W|70|58|24|54|.444|7|15|.467|15|21|.714|10|39|8|2|6|13|15||21|64|.328|3|22|.136|13|20|.650|13|33|4|6|5|8|20
36|36|2012-03-23|N|Baylor|L|70|75|24|56|.429|3|15|.200|19|24|.792|10|26|10|7|4|10|15||29|57|.509|5|15|.333|12|14|.857|7|32|21|7|3|12|17
