ranker|game_season|date_game|game_location|opp_id|game_result|pts|opp_pts|fg|fga|fg_pct|fg3|fg3a|fg3_pct|ft|fta|ft_pct|orb|trb|ast|stl|blk|tov|pf|x|opp_fg|opp_fga|opp_fg_pct|opp_fg3|opp_fg3a|opp_fg3_pct|opp_ft|opp_fta|opp_ft_pct|opp_orb|opp_trb|opp_ast|opp_stl|opp_blk|opp_tov|opp_pf|
1|1|2010-11-12||Millikin|W|89|41|33|64|.516|8|20|.400|15|23|.652|13|40|22|15|9|14|17||17|53|.321|3|11|.273|4|14|.286|9|28|5|8|1|26|24
2|2|2010-11-16|@|Dayton|L|68|76|22|60|.367|14|36|.389|10|13|.769|9|25|18|0|2|7|17||30|56|.536|6|15|.400|10|16|.625|12|40|13|4|3|12|16
3|3|2010-11-20||Youngstown State|W (1 OT)|91|84|30|54|.556|5|13|.385|26|40|.650|9|38|17|2|4|13|21||28|72|.389|10|33|.303|18|25|.720|15|35|16|6|1|9|25
4|4|2010-11-24||Cleveland State|L|51|64|18|50|.360|3|16|.188|12|17|.706|5|26|10|2|6|16|16||23|61|.377|6|20|.300|12|18|.667|11|32|8|6|1|12|17
5|5|2010-12-01|@|Detroit Mercy|W|77|69|30|61|.492|7|17|.412|10|13|.769|6|25|14|13|3|10|20||25|56|.446|7|15|.467|12|16|.750|12|35|14|4|4|20|17
6|6|2010-12-04|@|Illinois-Chicago|W|54|52|22|58|.379|5|21|.238|5|10|.500|6|28|12|9|2|14|20||19|53|.358|1|7|.143|13|18|.722|8|37|10|3|0|17|12
7|7|2010-12-12|@|Temple|L|47|82|18|61|.295|8|28|.286|3|4|.750|6|25|9|5|5|11|16||34|61|.557|5|13|.385|9|13|.692|7|40|19|6|6|9|11
8|8|2010-12-15|@|Minnesota|L|58|66|22|63|.349|10|31|.323|4|6|.667|11|32|13|9|4|17|19||25|60|.417|4|16|.250|12|22|.545|15|45|18|12|8|17|10
9|9|2010-12-18||Bethune-Cookman|W (1 OT)|77|66|23|49|.469|6|19|.316|25|40|.625|8|38|14|6|2|11|18||24|58|.414|4|16|.250|14|20|.700|4|28|13|8|1|10|25
10|10|2010-12-21|N|Arkansas-Little Rock|W|75|61|28|58|.483|11|23|.478|8|11|.727|12|32|16|11|5|16|19||18|47|.383|8|16|.500|17|20|.850|8|25|9|9|1|20|16
11|11|2010-12-22|N|Stetson|W|72|56|21|50|.420|14|29|.483|16|17|.941|8|25|18|6|3|17|27||20|48|.417|2|13|.154|14|27|.519|14|34|6|8|2|23|20
12|12|2010-12-23|N|Miami (FL)|L|61|69|21|62|.339|6|27|.222|13|20|.650|16|34|9|5|0|13|27||21|50|.420|1|11|.091|26|36|.722|13|37|9|5|4|15|18
13|13|2010-12-29||Arkansas-Pine Bluff|W|87|60|31|67|.463|9|26|.346|16|22|.727|11|36|19|13|5|7|14||22|56|.393|7|19|.368|9|12|.750|9|32|11|3|4|19|16
14|14|2011-01-03||Oral Roberts|W|84|80|29|63|.460|9|24|.375|17|21|.810|4|14|13|11|4|6|21||29|49|.592|4|13|.308|18|25|.720|8|37|15|3|1|21|23
15|15|2011-01-08||Kent State|W|65|62|21|59|.356|6|23|.261|17|25|.680|13|37|13|3|5|10|17||20|57|.351|5|14|.357|17|22|.773|10|34|9|7|1|14|20
16|16|2011-01-12||Ohio|L|70|79|23|62|.371|7|25|.280|17|23|.739|12|33|15|5|2|13|20||27|51|.529|13|25|.520|12|20|.600|4|27|21|5|3|15|20
17|17|2011-01-16|@|Buffalo|L|70|73|27|53|.509|9|16|.563|7|13|.538|7|25|15|9|3|20|21||25|53|.472|9|17|.529|14|24|.583|10|32|17|11|4|19|17
18|18|2011-01-19|@|Miami (OH)|L|76|84|29|62|.468|7|24|.292|11|14|.786|8|29|13|5|2|8|24||26|60|.433|9|19|.474|23|28|.821|13|38|10|3|3|10|19
19|19|2011-01-22||Bowling Green State|W|63|58|21|48|.438|7|21|.333|14|20|.700|4|26|17|10|2|16|10||22|50|.440|7|19|.368|7|10|.700|5|27|15|9|0|20|21
20|20|2011-01-26|@|Northern Illinois|L|74|83|28|67|.418|12|30|.400|6|12|.500|6|29|12|2|3|8|27||24|54|.444|6|19|.316|29|40|.725|8|43|11|6|1|6|18
21|21|2011-01-30||Central Michigan|W|63|43|22|46|.478|4|11|.364|15|22|.682|6|34|14|9|5|17|16||17|56|.304|5|17|.294|4|14|.286|12|30|6|7|2|15|22
22|22|2011-02-02|@|Eastern Michigan|L|56|60|19|62|.306|5|21|.238|13|18|.722|17|38|7|6|0|12|15||20|49|.408|8|21|.381|12|19|.632|7|37|17|6|2|13|17
23|23|2011-02-05|@|Toledo|W|59|41|22|48|.458|11|27|.407|4|6|.667|7|30|16|7|4|15|17||15|47|.319|3|13|.231|8|17|.471|11|29|10|8|0|15|10
24|24|2011-02-09||Western Michigan|W|83|71|28|58|.483|9|24|.375|18|21|.857|4|30|21|8|4|12|22||23|57|.404|0|12|.000|25|29|.862|8|32|7|8|1|11|19
25|25|2011-02-12||Ball State|W|75|60|25|61|.410|8|24|.333|17|22|.773|15|34|13|8|5|8|22||22|47|.468|3|10|.300|13|20|.650|7|28|12|1|2|14|17
26|26|2011-02-15|@|Bowling Green State|W|89|54|32|58|.552|16|28|.571|9|10|.900|11|43|23|5|2|12|22||19|62|.306|0|8|.000|16|22|.727|15|28|8|6|2|8|16
27|27|2011-02-19||Creighton|W|76|67|26|60|.433|3|9|.333|21|24|.875|5|29|13|8|2|8|16||23|60|.383|6|18|.333|15|23|.652|12|40|12|3|3|17|19
28|28|2011-02-23||Miami (OH)|W|72|55|26|54|.481|7|18|.389|13|22|.591|9|35|16|6|1|6|12||19|48|.396|5|23|.217|12|19|.632|4|25|8|4|2|10|19
29|29|2011-02-26||Buffalo|W|69|60|22|47|.468|8|18|.444|17|19|.895|4|25|18|4|2|11|17||24|54|.444|5|13|.385|7|14|.500|8|29|9|6|1|13|21
30|30|2011-03-01|@|Ohio|L|55|80|20|50|.400|7|23|.304|8|11|.727|3|17|7|6|3|12|16||29|56|.518|8|20|.400|14|16|.875|10|34|15|8|0|11|15
31|31|2011-03-04|@|Kent State|L|68|79|28|56|.500|7|21|.333|5|9|.556|6|22|16|6|3|11|17||33|65|.508|4|15|.267|9|11|.818|14|34|11|5|2|9|16
32|32|2011-03-08||Eastern Michigan|W|67|53|23|47|.489|4|8|.500|17|23|.739|6|30|12|4|3|12|18||19|51|.373|4|25|.160|11|23|.478|8|29|9|5|1|12|22
33|33|2011-03-10|N|Miami (OH)|W (2 OT)|82|75|27|74|.365|7|24|.292|21|30|.700|15|47|14|7|2|11|28||24|60|.400|7|24|.292|20|36|.556|7|37|13|2|3|12|26
34|34|2011-03-11|@|Western Michigan|W|79|68|27|56|.482|9|20|.450|16|25|.640|7|36|18|6|3|13|24||22|71|.310|5|20|.250|19|30|.633|22|45|10|8|2|13|23
35|35|2011-03-12|N|Kent State|W (1 OT)|66|65|25|61|.410|8|19|.421|8|17|.471|13|42|13|3|15|12|18||23|69|.333|7|19|.368|12|23|.522|18|44|13|8|8|7|17
36|36|2011-03-18|N|Notre Dame|L|56|69|23|64|.359|7|21|.333|3|6|.500|6|27|10|6|4|8|21||21|47|.447|7|17|.412|20|26|.769|3|35|16|5|5|13|11
