ranker|game_season|date_game|game_location|opp_id|game_result|pts|opp_pts|fg|fga|fg_pct|fg3|fg3a|fg3_pct|ft|fta|ft_pct|orb|trb|ast|stl|blk|tov|pf|x|opp_fg|opp_fga|opp_fg_pct|opp_fg3|opp_fg3a|opp_fg3_pct|opp_ft|opp_fta|opp_ft_pct|opp_orb|opp_trb|opp_ast|opp_stl|opp_blk|opp_tov|opp_pf|
1|1|2010-11-12|@|Creighton|L|57|71|24|58|.414|9|25|.360|0|4|.000|8|28|14|5|3|15|21||20|49|.408|7|16|.438|24|28|.857|9|35|10|7|1|11|12
2|2|2010-11-14|@|Iowa State|L|47|74|16|59|.271|3|22|.136|12|13|.923|10|30|7|8|4|16|21||26|54|.481|6|13|.462|16|22|.727|9|41|19|11|6|12|14
3|3|2010-11-16|@|Northern Arizona|L|46|74|15|50|.300|4|18|.222|12|22|.545|10|28|11|6|6|20|19||23|50|.460|9|15|.600|19|24|.792|9|31|18|10|3|18|21
4|4|2010-11-20||Kennesaw State|W|74|59|26|55|.473|6|15|.400|16|24|.667|8|30|11|13|5|15|23||19|50|.380|6|16|.375|15|21|.714|8|30|6|9|0|17|21
5|5|2010-11-22|@|Loyola (IL)|L|46|74|16|47|.340|4|15|.267|10|23|.435|13|28|7|5|4|19|25||22|47|.468|2|8|.250|28|33|.848|8|34|14|9|2|12|21
6|6|2010-11-27|@|Central Florida|L|48|84|20|58|.345|8|18|.444|0|5|.000|6|22|14|6|3|16|20||30|53|.566|7|18|.389|17|24|.708|7|38|22|10|3|12|14
7|7|2010-11-30|@|Tulane|L|69|84|27|45|.600|5|12|.417|10|22|.455|6|22|18|8|5|23|34||24|50|.480|8|17|.471|28|36|.778|12|28|14|10|1|16|24
8|8|2010-12-11|@|Arkansas State|L|53|77|19|55|.345|5|23|.217|10|19|.526|7|28|7|3|3|14|25||24|50|.480|6|17|.353|23|31|.742|10|38|12|8|3|14|18
9|9|2010-12-14|@|Mississippi State|L|46|67|18|62|.290|6|27|.222|4|7|.571|11|29|7|8|5|13|18||25|57|.439|5|14|.357|12|19|.632|12|42|11|6|2|17|12
10|10|2010-12-16||Oakwood|W|54|49|15|46|.326|1|15|.067|23|46|.500|13|53|6|6|9|21|24||16|65|.246|2|17|.118|15|32|.469|15|36|8|13|1|16|32
11|11|2010-12-20||Belmont|L|53|66|17|47|.362|4|19|.211|15|18|.833|12|33|10|8|9|18|15||22|55|.400|10|23|.435|12|15|.800|10|27|15|12|3|13|15
12|12|2010-12-22|@|Southern Methodist|L|38|49|14|50|.280|5|17|.294|5|6|.833|10|28|8|5|4|13|17||13|39|.333|7|22|.318|16|18|.889|3|23|10|8|3|13|12
13|13|2010-12-30||Albany State (GA)|W|61|53|22|51|.431|3|15|.200|14|26|.538|10|37|13|9|5|15|17||20|65|.308|3|18|.167|10|14|.714|15|37|6|8|1|17|21
14|14|2011-01-04||Jackson State|L (1 OT)|52|58|18|50|.360|3|16|.188|13|34|.382|14|31|6|11|2|20|31||17|41|.415|3|10|.300|21|32|.656|9|33|13|9|2|22|27
15|15|2011-01-06||Grambling|W|50|47|13|43|.302|3|11|.273|21|39|.538|11|30|6|8|8|14|23||14|47|.298|1|5|.200|18|24|.750|5|27|6|6|1|20|27
16|16|2011-01-08|@|Arkansas-Pine Bluff|W (1 OT)|68|62|17|52|.327|5|19|.263|29|43|.674|13|33|10|4|5|14|29||17|51|.333|3|12|.250|25|38|.658|13|37|10|6|2|17|33
17|17|2011-01-10|@|Mississippi Valley State|L|70|74|25|56|.446|5|19|.263|15|21|.714|10|24|12|9|1|16|22||24|43|.558|8|13|.615|18|29|.621|6|30|18|11|2|18|21
18|18|2011-01-15|@|Alabama A&M|L|60|75|22|48|.458|4|16|.250|12|23|.522|8|18|8|9|0|15|19||27|51|.529|5|16|.313|16|21|.762|12|34|17|5|3|15|20
19|19|2011-01-22||Southern|L|52|64|18|52|.346|5|24|.208|11|26|.423|14|30|11|8|0|15|18||22|47|.468|7|16|.438|13|18|.722|9|31|11|7|3|21|16
20|20|2011-01-24||Alcorn State|W|81|68|30|69|.435|6|25|.240|15|25|.600|18|38|22|9|5|17|27||22|57|.386|4|15|.267|20|27|.741|12|31|10|4|3|21|24
21|21|2011-01-29|@|Prairie View|L|61|69|17|57|.298|4|26|.154|23|38|.605|18|37|5|7|8|13|23||21|50|.420|7|17|.412|20|30|.667|12|33|12|4|4|16|26
22|22|2011-01-31|@|Texas Southern|L|59|73|21|55|.382|6|19|.316|11|22|.500|13|33|14|5|3|16|17||26|51|.510|7|18|.389|14|23|.609|6|27|16|10|2|11|18
23|23|2011-02-05||Arkansas-Pine Bluff|W|60|48|21|47|.447|3|14|.214|15|27|.556|9|28|19|10|6|11|19||14|44|.318|6|14|.429|14|23|.609|11|25|6|5|2|16|20
24|24|2011-02-07||Mississippi Valley State|W|90|63|31|63|.492|3|11|.273|25|29|.862|17|37|18|8|6|14|23||22|56|.393|0|10|.000|19|27|.704|15|30|9|5|2|21|23
25|25|2011-02-12||Alabama A&M|W|82|68|28|54|.519|3|10|.300|23|35|.657|17|49|15|7|6|19|30||20|62|.323|3|18|.167|25|40|.625|14|29|8|10|3|12|23
26|26|2011-02-19|@|Southern|W|63|50|20|51|.392|2|10|.200|21|26|.808|11|35|13|9|3|16|23||17|45|.378|3|12|.250|13|24|.542|7|19|9|5|4|14|20
27|27|2011-02-21|@|Alcorn State|W|62|53|23|47|.489|9|15|.600|7|17|.412|9|44|19|0|13|18|20||17|61|.279|4|11|.364|15|26|.577|11|29|5|10|3|6|14
28|28|2011-02-26||Prairie View|W|68|61|23|51|.451|5|12|.417|17|27|.630|14|34|11|10|4|15|22||19|43|.442|4|12|.333|19|25|.760|8|24|12|5|2|18|23
29|29|2011-02-28||Texas Southern|W|60|48|21|43|.488|4|11|.364|14|24|.583|12|33|14|11|4|16|24||13|41|.317|5|19|.263|17|29|.586|11|26|6|6|0|17|16
30|30|2011-03-03|@|Jackson State|W|63|53|20|46|.435|5|14|.357|18|31|.581|11|34|11|5|3|13|20||18|48|.375|5|15|.333|12|18|.667|7|23|8|6|1|16|26
31|31|2011-03-05|@|Grambling|L|73|74|21|58|.362|4|10|.400|27|44|.614|12|35|10|5|4|7|20||23|54|.426|8|20|.400|20|33|.606|11|35|11|2|2|10|25
32|32|2011-03-10|N|Alabama A&M|W|81|61|26|55|.473|5|9|.556|24|28|.857|11|36|12|11|5|15|22||21|46|.457|4|14|.286|15|26|.577|6|19|14|9|7|18|22
33|33|2011-03-11|N|Texas Southern|W|73|66|19|41|.463|7|14|.500|28|42|.667|10|34|10|6|3|19|28||18|44|.409|8|18|.444|22|34|.647|4|21|12|9|2|13|28
34|34|2011-03-12|N|Grambling|W|65|48|23|58|.397|4|11|.364|15|22|.682|11|35|12|7|6|6|16||16|53|.302|3|10|.300|13|19|.684|13|35|8|3|7|13|19
35|35|2011-03-16|N|Texas-San Antonio|L|61|70|22|62|.355|7|26|.269|10|12|.833|11|36|13|6|3|12|22||23|54|.426|4|16|.250|20|30|.667|8|38|14|4|0|13|14
