ranker|game_season|date_game|game_location|opp_id|game_result|pts|opp_pts|fg|fga|fg_pct|fg3|fg3a|fg3_pct|ft|fta|ft_pct|orb|trb|ast|stl|blk|tov|pf|x|opp_fg|opp_fga|opp_fg_pct|opp_fg3|opp_fg3a|opp_fg3_pct|opp_ft|opp_fta|opp_ft_pct|opp_orb|opp_trb|opp_ast|opp_stl|opp_blk|opp_tov|opp_pf|
1|1|2010-11-12||Saint Francis (PA)|W|62|52|22|51|.431|5|19|.263|13|19|.684|9|32|12|7|4|12|16||22|50|.440|5|14|.357|3|11|.273|5|28|9|5|2|17|19
2|2|2010-11-15|@|Albany (NY)|W|57|44|21|48|.438|7|23|.304|8|15|.533|6|27|14|2|5|6|15||17|54|.315|5|19|.263|5|6|.833|13|33|8|3|2|11|19
3|3|2010-11-17||Maryland-Eastern Shore|W|65|58|23|55|.418|7|19|.368|12|15|.800|9|28|18|8|3|8|17||20|45|.444|3|10|.300|15|18|.833|3|20|10|4|0|13|17
4|4|2010-11-20|@|Florida Atlantic|W|82|72|28|55|.509|7|17|.412|19|26|.731|8|36|11|7|2|11|29||19|61|.311|5|14|.357|29|36|.806|13|35|8|4|5|10|20
5|5|2010-11-23|@|Howard|W|66|54|22|60|.367|10|32|.313|12|21|.571|16|45|17|5|3|17|20||16|47|.340|3|14|.214|19|27|.704|7|30|6|12|3|16|25
6|6|2010-11-28||Columbia|L|62|64|24|49|.490|5|10|.500|9|10|.900|5|30|11|2|6|15|20||21|60|.350|7|23|.304|15|23|.652|12|29|8|8|0|9|16
7|7|2010-12-01|@|West Virginia|L|50|71|18|49|.367|3|15|.200|11|15|.733|12|25|9|7|0|11|20||26|51|.510|3|13|.231|16|23|.696|15|32|13|5|4|11|12
8|8|2010-12-05|N|Florida|L|48|67|19|44|.432|4|15|.267|6|9|.667|6|24|11|1|3|17|15||25|51|.490|6|17|.353|11|13|.846|7|27|18|10|3|10|13
9|9|2010-12-14|@|Maryland-Baltimore County|W|66|53|20|52|.385|9|23|.391|17|23|.739|12|34|14|4|3|9|19||16|41|.390|5|14|.357|16|23|.696|3|23|10|6|3|14|22
10|10|2010-12-16|@|Northwestern|L|62|78|23|50|.460|6|15|.400|10|12|.833|4|22|17|3|2|13|22||25|50|.500|7|16|.438|21|25|.840|6|26|18|9|4|10|15
11|11|2010-12-20|@|Mount St. Mary's|W|69|64|24|55|.436|8|18|.444|13|16|.813|7|26|15|3|0|9|21||23|47|.489|4|13|.308|14|20|.700|5|25|12|3|3|11|18
12|12|2010-12-22|@|Pittsburgh|L|46|61|19|46|.413|5|17|.294|3|4|.750|4|22|14|4|2|11|20||22|55|.400|4|13|.308|13|25|.520|14|37|15|4|4|5|11
13|13|2010-12-29|N|Fordham|W|73|57|24|53|.453|7|20|.350|18|26|.692|9|37|17|3|1|7|22||20|54|.370|4|11|.364|13|24|.542|12|37|5|2|2|8|21
14|14|2010-12-30|N|Delaware|W|83|71|28|49|.571|3|11|.273|24|31|.774|8|29|15|5|2|6|19||24|46|.522|8|15|.533|15|24|.625|4|20|15|0|0|13|21
15|15|2011-01-03||Brown|W|77|67|25|54|.463|8|18|.444|19|28|.679|5|29|15|2|2|5|17||23|52|.442|5|14|.357|16|20|.800|5|30|12|3|1|9|22
16|16|2011-01-08||Lehigh|W|82|75|26|53|.491|5|16|.313|25|32|.781|12|41|12|2|2|14|22||23|54|.426|6|16|.375|23|29|.793|5|19|7|8|1|9|28
17|17|2011-01-12||Bucknell|L|60|75|25|63|.397|5|24|.208|5|5|1.000|9|27|12|4|1|9|18||25|50|.500|5|13|.385|20|23|.870|6|33|13|5|6|8|15
18|18|2011-01-15|@|Colgate|W|66|57|22|49|.449|5|19|.263|17|23|.739|8|34|10|4|3|13|16||22|60|.367|4|12|.333|9|11|.818|7|26|11|5|2|10|21
19|19|2011-01-19||Army|W|65|62|22|46|.478|6|15|.400|15|29|.517|5|36|14|5|5|10|18||19|52|.365|6|17|.353|18|22|.818|4|26|9|3|1|10|22
20|20|2011-01-22|@|Holy Cross|W|60|57|25|57|.439|4|18|.222|6|12|.500|8|35|11|5|2|6|13||22|53|.415|5|17|.294|8|14|.571|7|34|11|6|1|8|14
21|21|2011-01-26|@|Navy|L|53|72|19|53|.358|4|22|.182|11|12|.917|12|35|10|6|2|15|15||25|52|.481|11|27|.407|11|13|.846|2|23|15|9|1|9|20
22|22|2011-01-29||Lafayette|W|73|60|25|53|.472|8|15|.533|15|19|.789|9|31|15|4|4|10|18||20|46|.435|6|14|.429|14|20|.700|2|22|13|4|3|11|23
23|23|2011-02-06|@|Lehigh|W|62|61|24|54|.444|5|17|.294|9|15|.600|11|34|15|1|3|10|12||21|52|.404|5|11|.455|14|18|.778|5|26|9|5|2|7|17
24|24|2011-02-09|@|Bucknell|L|60|66|18|47|.383|9|19|.474|15|23|.652|7|29|14|4|1|13|21||20|50|.400|8|18|.444|18|23|.783|7|29|9|5|1|12|17
25|25|2011-02-12||Colgate|W|69|60|21|41|.512|4|11|.364|23|28|.821|6|21|12|7|5|10|12||20|48|.417|8|14|.571|12|12|1.000|8|21|10|7|3|10|20
26|26|2011-02-16|@|Army|W|65|59|25|54|.463|8|22|.364|7|13|.538|8|34|16|5|2|8|11||23|52|.442|5|24|.208|8|13|.615|3|26|10|5|1|9|17
27|27|2011-02-20||Holy Cross|W|64|60|22|50|.440|2|11|.182|18|23|.783|9|32|14|1|7|8|15||24|56|.429|3|8|.375|9|14|.643|8|27|10|3|2|6|16
28|28|2011-02-23||Navy|W|69|58|20|38|.526|11|21|.524|18|22|.818|5|28|15|7|2|20|20||18|51|.353|10|24|.417|12|19|.632|6|18|12|11|0|12|20
29|29|2011-02-26|@|Lafayette|W (2 OT)|95|92|34|60|.567|10|22|.455|17|19|.895|7|31|20|3|3|14|25||30|63|.476|8|22|.364|24|30|.800|8|25|19|9|3|6|21
30|30|2011-03-02||Colgate|W|69|53|23|50|.460|5|17|.294|18|28|.643|7|32|18|3|2|6|15||21|52|.404|4|11|.364|7|11|.636|4|27|11|3|1|10|20
31|31|2011-03-06||Lafayette|L (2 OT)|71|73|25|64|.391|3|16|.188|18|27|.667|11|34|12|3|4|9|15||27|59|.458|7|17|.412|12|14|.857|6|35|16|3|1|12|20
