ranker|game_season|date_game|game_location|opp_id|game_result|pts|opp_pts|fg|fga|fg_pct|fg3|fg3a|fg3_pct|ft|fta|ft_pct|orb|trb|ast|stl|blk|tov|pf|x|opp_fg|opp_fga|opp_fg_pct|opp_fg3|opp_fg3a|opp_fg3_pct|opp_ft|opp_fta|opp_ft_pct|opp_orb|opp_trb|opp_ast|opp_stl|opp_blk|opp_tov|opp_pf|
1|1|2010-11-18||Grambling|W|75|52|27|57|.474|9|24|.375|12|18|.667|11|33|18|11|8|16|23||15|43|.349|3|14|.214|19|25|.760|3|21|11|11|4|20|16
2|2|2010-11-22||Florida Gulf Coast|W|90|47|35|63|.556|14|30|.467|6|11|.545|8|39|23|14|8|21|19||15|59|.254|2|19|.105|15|21|.714|8|30|6|10|1|24|14
3|3|2010-11-24||Southeast Missouri State|W|66|56|23|57|.404|6|18|.333|14|20|.700|11|29|12|12|10|13|21||19|57|.333|2|7|.286|16|25|.640|20|44|4|5|4|23|19
4|4|2010-11-26|N|Alabama-Birmingham|L (1 OT)|65|70|25|66|.379|3|21|.143|12|20|.600|11|32|7|11|3|9|22||24|50|.480|7|12|.583|15|24|.625|5|33|17|2|1|16|17
5|5|2010-12-01||Oklahoma|W|84|74|28|55|.509|5|11|.455|23|26|.885|5|21|11|11|8|12|17||29|62|.468|7|20|.350|9|12|.750|15|39|16|4|5|22|22
6|6|2010-12-04||Troy|W|75|60|22|57|.386|8|25|.320|23|28|.821|8|40|14|5|9|12|12||25|67|.373|8|22|.364|2|6|.333|6|33|14|4|2|13|24
7|7|2010-12-08|N|Seton Hall|W|71|62|27|62|.435|6|15|.400|11|17|.647|13|43|11|6|10|10|17||23|65|.354|7|19|.368|9|14|.643|7|33|10|8|4|12|18
8|8|2010-12-15||Mississippi Valley State|W|87|64|33|74|.446|5|17|.294|16|23|.696|19|44|17|8|9|11|17||23|62|.371|5|21|.238|13|19|.684|11|36|14|4|5|18|23
9|9|2010-12-18|N|Texas A&M|L (1 OT)|62|71|19|47|.404|8|24|.333|16|28|.571|8|30|7|11|11|24|27||22|55|.400|3|13|.231|24|31|.774|11|37|11|9|1|18|24
10|10|2010-12-22||Texas Southern|W|67|59|25|55|.455|6|22|.273|11|16|.688|8|26|15|11|5|12|15||20|50|.400|4|16|.250|15|17|.882|12|33|11|6|3|20|17
11|11|2010-12-29||North Carolina A&T|W|87|59|31|68|.456|15|33|.455|10|15|.667|12|42|22|11|10|14|13||20|72|.278|6|22|.273|13|17|.765|15|41|10|4|4|16|18
12|12|2010-12-31||Texas-Arlington|W|87|74|27|55|.491|10|22|.455|23|39|.590|12|32|15|8|3|13|20||27|59|.458|5|16|.313|15|20|.750|11|33|13|4|4|16|25
13|13|2011-01-04|@|Texas|L|46|79|17|49|.347|3|13|.231|9|12|.750|6|28|5|8|5|23|17||32|70|.457|9|18|.500|6|13|.462|13|37|15|13|8|10|13
14|14|2011-01-08||Tennessee|W|68|65|25|50|.500|6|13|.462|12|18|.667|6|20|15|9|4|14|20||25|56|.446|6|16|.375|9|14|.643|17|37|11|5|3|18|17
15|15|2011-01-12|@|Louisiana State|L|53|56|19|57|.333|2|20|.100|13|16|.813|4|26|9|7|3|10|25||19|48|.396|1|13|.077|17|31|.548|10|43|14|6|3|14|14
16|16|2011-01-15||Alabama|W|70|65|22|52|.423|2|9|.222|24|35|.686|8|25|8|9|4|9|19||23|53|.434|2|10|.200|17|22|.773|9|35|11|4|7|14|23
17|17|2011-01-19|@|South Carolina|L (1 OT)|74|81|24|49|.490|3|10|.300|23|34|.676|7|35|13|8|5|17|26||27|67|.403|7|23|.304|20|30|.667|13|34|9|6|8|16|24
18|18|2011-01-22|@|Florida|L|43|75|15|51|.294|2|14|.143|11|17|.647|6|26|5|4|1|13|14||30|60|.500|5|16|.313|10|14|.714|10|41|18|6|5|7|17
19|19|2011-01-25||Auburn|W|73|64|22|46|.478|3|11|.273|26|34|.765|9|36|14|5|9|17|17||24|68|.353|3|11|.273|13|18|.722|14|31|10|8|2|11|25
20|20|2011-01-29|@|Vanderbilt|W|89|78|31|54|.574|7|16|.438|20|28|.714|7|26|9|5|2|7|24||23|49|.469|7|20|.350|25|26|.962|6|21|12|2|4|8|22
21|21|2011-02-02||Georgia|L|59|60|22|51|.431|4|12|.333|11|20|.550|3|24|8|6|12|8|15||25|63|.397|4|8|.500|6|9|.667|11|38|13|3|7|12|18
22|22|2011-02-05||Mississippi|L|60|69|18|50|.360|3|10|.300|21|30|.700|8|24|10|4|5|9|14||25|56|.446|6|18|.333|13|14|.929|13|38|11|2|12|12|22
23|23|2011-02-09|@|Mississippi State|L|56|67|20|60|.333|7|20|.350|9|14|.643|9|27|8|7|5|13|17||22|47|.468|7|16|.438|16|18|.889|7|36|8|5|5|21|14
24|24|2011-02-12||Louisiana State|W|80|61|24|50|.480|7|12|.583|25|29|.862|6|27|12|6|2|13|18||22|51|.431|3|11|.273|14|18|.778|6|24|11|4|3|17|19
25|25|2011-02-16||Florida A&M|W|94|55|36|67|.537|11|24|.458|11|21|.524|7|44|21|8|7|10|11||22|65|.338|6|22|.273|5|12|.417|4|26|12|7|2|10|14
26|26|2011-02-19|@|Alabama|L|56|69|18|46|.391|7|15|.467|13|17|.765|8|28|9|2|6|18|13||28|59|.475|4|15|.267|9|13|.692|12|31|13|11|6|9|14
27|27|2011-02-23||Kentucky|W (1 OT)|77|76|28|73|.384|7|21|.333|14|18|.778|14|35|7|3|6|8|18||30|71|.423|3|19|.158|13|15|.867|17|43|10|4|11|8|16
28|28|2011-02-26|@|Auburn|W|57|55|19|48|.396|6|16|.375|13|18|.722|9|31|10|4|4|17|17||19|53|.358|3|12|.250|14|18|.778|8|24|10|9|5|10|20
29|29|2011-03-02||Mississippi State|L|78|88|26|57|.456|11|22|.500|15|20|.750|9|29|14|4|2|12|17||29|59|.492|9|22|.409|21|26|.808|12|31|15|6|2|8|15
30|30|2011-03-05|@|Mississippi|L|74|84|27|62|.435|10|18|.556|10|16|.625|11|24|12|4|3|9|17||30|55|.545|14|22|.636|10|13|.769|8|26|20|4|11|11|15
31|31|2011-03-10|N|Tennessee|L|68|74|21|46|.457|8|25|.320|18|25|.720|7|24|12|3|3|15|19||30|62|.484|2|15|.133|12|16|.750|13|29|10|8|3|10|19
