ranker|game_season|date_game|game_location|opp_id|game_result|pts|opp_pts|fg|fga|fg_pct|fg3|fg3a|fg3_pct|ft|fta|ft_pct|orb|trb|ast|stl|blk|tov|pf|x|opp_fg|opp_fga|opp_fg_pct|opp_fg3|opp_fg3a|opp_fg3_pct|opp_ft|opp_fta|opp_ft_pct|opp_orb|opp_trb|opp_ast|opp_stl|opp_blk|opp_tov|opp_pf|
1|1|2010-11-12||North Carolina-Asheville|L (1 OT)|69|70|22|59|.373|6|16|.375|19|34|.559|18|47|8|8|8|20|29||20|58|.345|7|21|.333|23|33|.697|12|37|14|10|5|15|24
2|2|2010-11-19||Samford|L|68|79|25|59|.424|8|19|.421|10|15|.667|11|32|11|5|0|10|19||26|45|.578|18|33|.545|9|15|.600|1|24|22|5|2|10|15
3|3|2010-11-20||Campbell|L|54|61|19|53|.358|8|19|.421|8|10|.800|12|32|13|3|3|24|21||21|49|.429|2|11|.182|17|25|.680|7|27|8|9|5|14|14
4|4|2010-11-21||Middle Tennessee|W|68|66|24|53|.453|4|13|.308|16|28|.571|10|38|16|3|4|10|21||21|50|.420|9|21|.429|15|21|.714|5|24|10|2|0|9|22
5|5|2010-11-27||Jacksonville|L|55|69|19|51|.373|3|13|.231|14|26|.538|13|35|10|10|1|22|18||27|58|.466|6|18|.333|9|19|.474|11|34|13|14|1|19|23
6|6|2010-11-30||Georgia Southwestern|W|78|50|31|60|.517|2|10|.200|14|18|.778|10|31|14|14|3|11|18||16|49|.327|8|21|.381|10|16|.625|9|29|6|3|4|23|18
7|7|2010-12-05||Arkansas-Pine Bluff|W|76|72|25|55|.455|6|17|.353|20|27|.741|17|32|18|8|3|12|20||25|45|.556|9|20|.450|13|17|.765|5|22|21|8|1|18|21
8|8|2010-12-11|N|Rutgers|L|54|63|16|53|.302|6|23|.261|16|20|.800|7|27|10|6|7|9|17||20|59|.339|7|22|.318|16|19|.842|16|40|13|3|5|10|18
9|9|2010-12-15|@|South Florida|L|49|61|17|50|.340|7|18|.389|8|14|.571|7|28|10|6|2|14|30||17|39|.436|5|18|.278|22|39|.564|11|39|13|7|3|14|14
10|10|2010-12-18||Presbyterian|L|59|62|23|56|.411|3|16|.188|10|14|.714|5|18|11|15|1|5|17||23|38|.605|10|20|.500|6|11|.545|4|31|13|1|3|20|17
11|11|2010-12-21||South Carolina Upstate|W|68|54|19|41|.463|7|18|.389|23|31|.742|8|31|16|8|5|11|12||21|58|.362|9|31|.290|3|8|.375|10|25|14|6|1|12|21
12|12|2010-12-29||Georgia Southern|W (1 OT)|88|84|27|58|.466|8|20|.400|26|40|.650|14|35|18|16|3|18|23||25|53|.472|11|25|.440|23|29|.793|8|30|18|13|3|25|30
13|13|2010-12-31||Grambling|W|63|45|21|58|.362|3|14|.214|18|25|.720|18|43|8|13|8|18|18||17|52|.327|5|17|.294|6|15|.400|12|34|6|11|6|23|21
14|14|2011-01-03||Florida State|W|65|60|22|47|.468|8|19|.421|13|18|.722|3|29|15|9|4|18|24||21|60|.350|5|26|.192|13|26|.500|15|37|15|10|7|14|17
15|15|2011-01-08||Louisiana State|L|55|62|19|61|.311|8|24|.333|9|15|.600|15|31|13|10|4|14|20||24|56|.429|5|19|.263|9|16|.563|15|37|14|9|4|18|13
16|16|2011-01-11|@|Kentucky|L|54|78|21|61|.344|3|11|.273|9|15|.600|12|33|11|7|4|15|19||29|58|.500|11|26|.423|9|17|.529|11|36|18|6|9|14|15
17|17|2011-01-16|@|Mississippi State|L|66|85|24|67|.358|7|23|.304|11|24|.458|12|31|12|7|2|13|20||31|50|.620|7|17|.412|16|26|.615|7|34|20|7|10|17|18
18|18|2011-01-20||Florida|L|40|45|18|48|.375|3|11|.273|1|8|.125|6|27|9|9|2|13|17||15|53|.283|5|26|.192|10|14|.714|13|34|9|5|5|14|12
19|19|2011-01-22||Alabama|L|58|68|19|50|.380|4|14|.286|16|22|.727|12|34|13|7|3|21|23||20|48|.417|4|20|.200|24|30|.800|7|24|12|15|5|15|18
20|20|2011-01-25|@|Arkansas|L|64|73|24|68|.353|3|11|.273|13|18|.722|14|31|10|8|2|11|25||22|46|.478|3|11|.273|26|34|.765|9|36|14|5|9|17|17
21|21|2011-01-29|@|South Carolina|W|79|64|26|63|.413|1|5|.200|26|34|.765|15|45|10|4|2|9|17||24|70|.343|7|33|.212|9|16|.563|11|32|10|4|11|8|26
22|22|2011-02-03||Tennessee|L|56|69|22|51|.431|2|13|.154|10|20|.500|7|20|6|4|3|14|18||23|51|.451|4|19|.211|19|24|.792|13|36|17|7|2|13|21
23|23|2011-02-05|@|Georgia|L (1 OT)|72|81|29|69|.420|9|18|.500|5|14|.357|8|28|9|12|1|9|23||25|51|.490|6|17|.353|25|37|.676|9|40|22|4|8|17|15
24|24|2011-02-12||Mississippi State|W|65|62|26|59|.441|6|12|.500|7|12|.583|8|25|14|4|1|12|16||21|48|.438|9|24|.375|11|15|.733|8|31|12|6|6|16|16
25|25|2011-02-16|@|Mississippi|L|59|90|21|51|.412|3|15|.200|14|21|.667|11|23|9|9|0|17|22||25|44|.568|13|25|.520|27|32|.844|10|30|19|11|6|17|21
26|26|2011-02-19||Vanderbilt|L|60|77|22|50|.440|5|12|.417|11|17|.647|8|26|14|10|3|19|22||24|50|.480|9|21|.429|20|28|.714|7|29|13|5|6|16|19
27|27|2011-02-23|@|Alabama|L|49|51|18|42|.429|3|8|.375|10|19|.526|9|23|5|7|5|19|29||11|42|.262|2|12|.167|27|40|.675|16|30|4|8|6|18|18
28|28|2011-02-26||Arkansas|L|55|57|19|53|.358|3|12|.250|14|18|.778|8|24|10|9|5|10|20||19|48|.396|6|16|.375|13|18|.722|9|31|10|4|4|17|17
29|29|2011-03-02||Mississippi|W|76|73|20|51|.392|5|16|.313|31|40|.775|12|32|12|3|5|9|18||21|52|.404|11|29|.379|20|24|.833|6|28|10|4|1|8|27
30|30|2011-03-05|@|Louisiana State|W|60|51|18|49|.367|2|11|.182|22|30|.733|10|42|7|4|5|21|21||19|52|.365|2|15|.133|11|19|.579|4|24|11|11|3|18|23
31|31|2011-03-10|N|Georgia|L|51|69|19|49|.388|2|14|.143|11|16|.688|5|22|7|4|1|8|21||21|51|.412|5|20|.250|22|31|.710|16|36|13|3|5|7|14
