ranker|game_season|date_game|game_location|opp_id|game_result|pts|opp_pts|fg|fga|fg_pct|fg3|fg3a|fg3_pct|ft|fta|ft_pct|orb|trb|ast|stl|blk|tov|pf|x|opp_fg|opp_fga|opp_fg_pct|opp_fg3|opp_fg3a|opp_fg3_pct|opp_ft|opp_fta|opp_ft_pct|opp_orb|opp_trb|opp_ast|opp_stl|opp_blk|opp_tov|opp_pf|
1|1|2010-11-12|@|Saint Louis|W|64|62|21|44|.477|3|6|.500|19|27|.704|10|31|11|8|2|16|18||22|47|.468|4|18|.222|14|21|.667|4|19|12|9|7|13|21
2|2|2010-11-15|@|Chattanooga|W|70|67|24|61|.393|8|26|.308|14|24|.583|14|39|10|11|6|16|15||26|60|.433|8|25|.320|7|12|.583|7|27|19|7|4|14|20
3|3|2010-11-18|@|Lipscomb|L (1 OT)|101|104|36|69|.522|4|19|.211|25|38|.658|7|28|15|9|4|13|28||32|61|.525|10|29|.345|30|40|.750|9|42|21|5|3|22|30
4|4|2010-11-21|@|Southern Illinois|L|65|72|23|50|.460|6|11|.545|13|18|.722|7|20|10|5|3|10|18||29|56|.518|4|11|.364|10|15|.667|15|36|13|4|1|14|17
5|5|2010-11-23|@|Purdue|L|65|87|27|53|.509|1|10|.100|10|16|.625|9|31|10|4|1|18|22||32|69|.464|9|28|.321|14|24|.583|16|37|24|11|2|9|17
6|6|2010-11-26|N|Charleston Southern|W|70|64|24|47|.511|6|12|.500|16|27|.593|12|36|13|9|2|22|15||22|55|.400|9|23|.391|11|13|.846|7|20|16|15|2|17|21
7|7|2010-11-27|N|Oakland|L (1 OT)|70|78|25|67|.373|5|18|.278|15|22|.682|11|32|15|14|4|15|22||28|62|.452|5|20|.250|17|25|.680|13|43|20|5|7|20|20
8|8|2010-12-02|@|Southeast Missouri State|W|78|60|26|52|.500|6|14|.429|20|25|.800|8|24|13|7|3|11|19||23|48|.479|4|16|.250|10|22|.455|10|26|13|5|3|17|23
9|9|2010-12-04|@|Eastern Illinois|W (1 OT)|77|73|24|67|.358|9|23|.391|20|26|.769|18|30|13|11|3|15|21||24|49|.490|3|9|.333|22|25|.880|5|25|19|10|5|17|22
10|10|2010-12-07||Lipscomb|L|70|73|27|66|.409|7|24|.292|9|17|.529|16|35|17|9|3|12|16||28|56|.500|5|17|.294|12|17|.706|12|39|13|6|2|19|19
11|11|2010-12-11||Fontbonne|W|112|52|43|75|.573|8|23|.348|18|24|.750|16|44|23|14|0|6|8||19|54|.352|7|21|.333|7|11|.636|6|24|11|2|0|23|16
12|12|2010-12-16|@|Memphis|L (1 OT)|68|70|23|74|.311|8|24|.333|14|19|.737|19|46|10|15|8|20|20||23|56|.411|9|20|.450|15|30|.500|6|36|18|12|9|24|20
13|13|2010-12-18||Eastern Kentucky|W|78|51|30|57|.526|3|8|.375|15|20|.750|11|37|15|8|6|10|12||19|52|.365|3|18|.167|10|13|.769|8|26|10|5|2|14|19
14|14|2010-12-21||Morehead State|W (1 OT)|86|85|33|59|.559|6|11|.545|14|22|.636|13|28|19|8|3|9|21||29|62|.468|11|20|.550|16|22|.727|16|33|14|3|1|12|20
15|15|2010-12-28||Brescia|W|101|46|39|68|.574|12|24|.500|11|15|.733|13|49|30|13|11|16|16||16|63|.254|7|29|.241|7|15|.467|12|29|7|4|6|21|16
16|16|2011-01-03||Chattanooga|W|89|57|31|62|.500|11|27|.407|16|29|.552|9|37|20|11|8|10|22||14|59|.237|5|26|.192|24|28|.857|16|42|9|5|0|19|24
17|17|2011-01-08|@|Murray State|W|66|64|23|52|.442|5|10|.500|15|24|.625|8|24|12|4|2|10|17||24|57|.421|5|17|.294|11|21|.524|18|39|10|6|1|13|21
18|18|2011-01-10|@|Tennessee-Martin|W|71|61|28|55|.509|3|11|.273|12|20|.600|7|26|18|9|9|10|21||19|50|.380|7|20|.350|16|20|.800|8|33|9|5|5|18|20
19|19|2011-01-15|@|Tennessee State|L (1 OT)|74|76|28|70|.400|8|23|.348|10|18|.556|13|27|13|8|1|13|19||28|59|.475|7|18|.389|13|23|.565|20|46|14|6|5|24|19
20|20|2011-01-20||Tennessee Tech|L|68|71|21|59|.356|6|17|.353|20|28|.714|13|31|12|9|4|15|20||27|55|.491|6|16|.375|11|21|.524|12|35|10|8|3|22|22
21|21|2011-01-22||Jacksonville State|W|80|66|26|49|.531|4|11|.364|24|31|.774|9|25|16|10|2|13|12||26|52|.500|5|15|.333|9|15|.600|9|27|14|6|5|20|24
22|22|2011-01-27|@|Eastern Kentucky|W|61|52|18|44|.409|4|13|.308|21|31|.677|11|36|13|8|3|8|13||19|47|.404|10|28|.357|4|6|.667|4|21|11|3|2|10|20
23|23|2011-01-29|@|Morehead State|L|56|69|20|57|.351|5|23|.217|11|19|.579|8|21|11|7|3|11|20||25|50|.500|3|10|.300|16|22|.727|13|41|9|9|2|14|13
24|24|2011-02-03||Tennessee-Martin|W|82|53|33|54|.611|5|8|.625|11|18|.611|8|32|15|8|7|17|18||17|52|.327|7|20|.350|12|16|.750|7|21|9|10|1|19|19
25|25|2011-02-05||Murray State|L|58|67|25|50|.500|2|13|.154|6|11|.545|3|24|16|6|3|14|20||21|51|.412|5|19|.263|20|28|.714|9|30|12|7|0|11|12
26|26|2011-02-07|@|Tennessee Tech|L|64|70|21|52|.404|3|17|.176|19|23|.826|8|28|12|5|2|17|24||24|51|.471|3|15|.200|19|32|.594|10|34|17|9|3|15|16
27|27|2011-02-12||Tennessee State|W|79|64|29|52|.558|4|9|.444|17|26|.654|10|33|18|8|6|19|20||20|57|.351|8|26|.308|16|19|.842|11|28|7|6|2|22|24
28|28|2011-02-15|@|Jacksonville State|W|73|70|24|57|.421|3|5|.600|22|30|.733|16|35|13|12|1|14|14||25|53|.472|11|21|.524|9|14|.643|9|28|15|9|10|13|22
29|29|2011-02-19|@|Fairfield|L|69|76|24|54|.444|7|15|.467|14|19|.737|13|32|9|10|2|24|20||28|58|.483|3|14|.214|17|22|.773|12|33|14|14|4|17|19
30|30|2011-02-24||Eastern Illinois|W|65|56|23|61|.377|4|13|.308|15|22|.682|16|47|13|8|8|14|14||22|63|.349|7|20|.350|5|7|.714|8|31|12|5|6|14|23
31|31|2011-02-26||Southeast Missouri State|W|75|52|28|59|.475|6|13|.462|13|21|.619|7|42|18|8|3|13|23||18|55|.327|5|16|.313|11|24|.458|7|31|12|4|6|17|20
32|32|2011-03-03|N|Southeast Missouri State|W|76|60|25|53|.472|4|10|.400|22|30|.733|10|40|12|7|9|13|21||22|59|.373|4|13|.308|12|21|.571|9|32|10|3|5|9|23
33|33|2011-03-04|N|Morehead State|L|49|68|17|54|.315|6|16|.375|9|13|.692|13|28|9|5|4|17|14||26|58|.448|1|12|.083|15|19|.789|15|37|10|11|8|12|18
34|34|2011-03-15|@|Boise State|L|80|83|30|57|.526|4|10|.400|16|20|.800|13|42|10|4|6|19|21||31|66|.470|7|20|.350|14|20|.700|6|20|17|6|1|7|16
