ranker|game_season|date_game|game_location|opp_id|game_result|pts|opp_pts|fg|fga|fg_pct|fg3|fg3a|fg3_pct|ft|fta|ft_pct|orb|trb|ast|stl|blk|tov|pf|x|opp_fg|opp_fga|opp_fg_pct|opp_fg3|opp_fg3a|opp_fg3_pct|opp_ft|opp_fta|opp_ft_pct|opp_orb|opp_trb|opp_ast|opp_stl|opp_blk|opp_tov|opp_pf|
1|1|2010-11-14||Eastern Illinois|W|77|46|25|62|.403|6|19|.316|21|36|.583|16|41|14|11|2|7|19||16|51|.314|3|13|.231|11|19|.579|13|38|6|3|3|21|25
2|2|2010-11-17||Indiana State|W|75|60|24|48|.500|4|10|.400|23|34|.676|8|24|14|7|0|14|20||22|52|.423|4|17|.235|12|16|.750|13|33|13|4|4|26|27
3|3|2010-11-20|@|Butler|L|55|88|17|52|.327|2|5|.400|19|29|.655|10|30|6|4|2|10|21||29|61|.475|8|24|.333|22|30|.733|11|42|11|5|3|8|26
4|4|2010-11-25|N|St. John's (NY)|L (1 OT)|73|78|25|50|.500|5|13|.385|18|23|.783|2|29|19|2|1|12|25||28|55|.509|6|15|.400|16|30|.533|7|28|20|5|4|8|22
5|5|2010-11-26|N|Southern Utah|W|73|54|28|49|.571|6|13|.462|11|17|.647|4|22|20|11|1|11|21||19|44|.432|1|13|.077|15|23|.652|5|24|14|4|3|19|12
6|6|2010-11-27|@|Alaska-Anchorage|L|44|62|14|48|.292|2|13|.154|14|20|.700|7|24|8|2|2|10|22||18|42|.429|6|18|.333|20|28|.714|5|28|14|5|4|8|16
7|7|2010-12-08|@|Eastern Illinois|W|58|51|22|53|.415|4|21|.190|10|19|.526|7|35|16|3|1|9|15||18|65|.277|4|15|.267|11|15|.733|17|42|8|4|3|9|16
8|8|2010-12-11|@|DePaul|W (1 OT)|79|77|29|55|.527|3|11|.273|18|31|.581|11|35|17|7|0|19|20||29|62|.468|6|16|.375|13|18|.722|8|29|17|8|3|13|26
9|9|2010-12-21||Mount St. Joseph|W|95|43|32|54|.593|7|15|.467|24|32|.750|13|47|20|7|3|15|16||14|57|.246|3|28|.107|12|20|.600|9|21|8|8|1|16|24
10|10|2010-12-28|@|Valparaiso|L|52|69|19|47|.404|3|10|.300|11|18|.611|8|23|9|9|4|14|19||26|50|.520|7|24|.292|10|13|.769|9|31|16|8|2|15|18
11|11|2010-12-31||North Carolina A&T|W|80|68|23|54|.426|3|16|.188|31|38|.816|14|42|16|3|1|14|13||24|63|.381|10|27|.370|10|13|.769|8|28|13|3|3|11|29
12|12|2011-01-03||Southern Illinois-Edwardsville|W|76|46|24|48|.500|2|11|.182|26|37|.703|10|32|17|13|3|9|12||18|52|.346|3|16|.188|7|10|.700|11|28|7|2|4|24|26
13|13|2011-01-08|@|Northern Illinois|W|75|70|27|60|.450|5|14|.357|16|21|.762|10|38|13|4|2|9|20||26|62|.419|8|19|.421|10|18|.556|11|30|14|2|4|8|20
14|14|2011-01-12||Western Michigan|W|72|63|21|42|.500|5|9|.556|25|35|.714|9|30|12|8|1|15|17||24|61|.393|4|16|.250|11|14|.786|14|31|13|2|2|16|26
15|15|2011-01-15||Central Michigan|W|64|55|16|29|.552|2|3|.667|30|42|.714|2|28|9|4|4|21|15||23|52|.442|6|14|.429|3|10|.300|5|18|11|8|2|14|28
16|16|2011-01-19|@|Eastern Michigan|W|60|51|21|43|.488|4|9|.444|14|24|.583|4|36|13|4|3|17|17||19|60|.317|3|20|.150|10|15|.667|9|28|10|10|2|9|23
17|17|2011-01-22|@|Toledo|W|70|60|19|46|.413|6|18|.333|26|31|.839|7|24|12|8|1|16|20||20|49|.408|7|15|.467|13|21|.619|13|34|12|7|3|21|24
18|18|2011-01-24||Morehead State|L|48|50|14|42|.333|4|15|.267|16|25|.640|14|31|10|4|0|13|10||20|45|.444|5|16|.313|5|8|.625|7|26|7|6|2|12|20
19|19|2011-01-27||Kent State|L|53|66|19|52|.365|3|9|.333|12|18|.667|15|34|13|5|2|17|15||27|57|.474|7|19|.368|5|7|.714|8|28|17|12|8|15|18
20|20|2011-01-29||Ohio|L|60|61|24|51|.471|4|10|.400|8|16|.500|7|27|13|5|6|15|19||18|49|.367|6|18|.333|19|21|.905|9|32|14|5|3|17|18
21|21|2011-02-01|@|Miami (OH)|L|75|89|26|61|.426|8|22|.364|15|18|.833|9|27|15|5|2|7|19||32|59|.542|16|32|.500|9|13|.692|7|29|16|3|9|11|19
22|22|2011-02-05||Buffalo|W|72|71|23|43|.535|8|15|.533|18|22|.818|9|22|15|9|0|15|16||26|48|.542|5|14|.357|14|18|.778|8|21|17|10|3|14|17
23|23|2011-02-09|@|Bowling Green State|L|64|65|23|56|.411|5|19|.263|13|16|.813|14|38|14|5|3|18|13||25|58|.431|5|18|.278|10|15|.667|8|30|10|13|5|12|16
24|24|2011-02-12|@|Akron|L|60|75|22|47|.468|3|10|.300|13|20|.650|7|28|12|1|2|14|17||25|61|.410|8|24|.333|17|22|.773|15|34|13|8|5|8|22
25|25|2011-02-15||Toledo|W|83|62|26|57|.456|7|22|.318|24|32|.750|22|37|20|15|2|16|19||22|42|.524|5|14|.357|13|22|.591|8|22|13|7|2|24|27
26|26|2011-02-19|@|Wofford|L|61|66|22|58|.379|4|10|.400|13|17|.765|14|39|11|5|1|11|20||24|60|.400|8|19|.421|10|19|.526|12|34|13|5|6|8|15
27|27|2011-02-23||Eastern Michigan|W|64|49|21|55|.382|2|10|.200|20|25|.800|13|41|14|7|4|10|15||17|53|.321|7|22|.318|8|11|.727|9|30|8|7|4|14|20
28|28|2011-02-26|@|Central Michigan|W|65|58|22|40|.550|6|13|.462|15|23|.652|5|27|10|3|2|11|22||20|48|.417|6|15|.400|12|23|.522|9|23|7|5|5|6|21
29|29|2011-03-02|@|Western Michigan|L|70|87|23|56|.411|5|18|.278|19|26|.731|12|25|9|5|1|9|19||33|54|.611|9|16|.563|12|16|.750|11|30|15|3|3|12|21
30|30|2011-03-05||Northern Illinois|W|67|57|24|50|.480|8|21|.381|11|26|.423|5|27|16|9|3|7|18||22|55|.400|7|20|.350|6|15|.400|10|35|17|2|1|16|22
31|31|2011-03-10|N|Ohio|W (1 OT)|76|73|26|62|.419|8|19|.421|16|23|.696|9|32|15|3|3|13|21||25|64|.391|5|19|.263|18|25|.720|13|41|14|8|4|11|20
32|32|2011-03-11|@|Kent State|L|68|79|23|53|.434|5|20|.250|17|24|.708|5|20|14|5|2|10|19||31|56|.554|4|10|.400|13|21|.619|12|34|16|5|2|16|18
