ranker|game_season|date_game|game_location|opp_id|game_result|pts|opp_pts|fg|fga|fg_pct|fg3|fg3a|fg3_pct|ft|fta|ft_pct|orb|trb|ast|stl|blk|tov|pf|x|opp_fg|opp_fga|opp_fg_pct|opp_fg3|opp_fg3a|opp_fg3_pct|opp_ft|opp_fta|opp_ft_pct|opp_orb|opp_trb|opp_ast|opp_stl|opp_blk|opp_tov|opp_pf|
1|1|2010-11-12||St. Francis (NY)|W|79|49|26|54|.481|4|21|.190|23|30|.767|6|36|14|4|5|9|18||16|58|.276|7|27|.259|10|14|.714|9|31|7|5|3|18|23
2|2|2010-11-18||Yale|L|67|75|21|52|.404|3|19|.158|22|27|.815|9|27|11|5|5|10|15||26|52|.500|12|21|.571|11|14|.786|4|28|15|4|3|11|23
3|3|2010-11-22||Holy Cross|W|69|54|25|57|.439|10|29|.345|9|11|.818|10|30|16|7|2|5|14||21|49|.429|6|14|.429|6|11|.545|9|29|9|3|2|11|13
4|4|2010-11-25|N|Texas A&M|W|67|65|22|45|.489|9|19|.474|14|17|.824|5|14|14|6|1|8|18||22|49|.449|7|19|.368|14|17|.824|13|29|13|3|2|14|16
5|5|2010-11-26|N|Wisconsin|L|55|65|21|54|.389|7|24|.292|6|7|.857|10|31|10|2|4|9|17||26|57|.456|3|16|.188|10|13|.769|10|30|9|2|5|3|9
6|6|2010-11-28|N|California|W|68|46|24|49|.490|10|24|.417|10|16|.625|4|27|15|11|1|10|13||17|48|.354|7|20|.350|5|10|.500|6|24|11|4|2|15|16
7|7|2010-12-01||Indiana|W|88|76|28|55|.509|10|24|.417|22|28|.786|14|30|17|5|1|6|16||28|55|.509|7|22|.318|13|20|.650|11|24|15|4|2|10|20
8|8|2010-12-04|N|Massachusetts|W|76|71|25|50|.500|7|17|.412|19|24|.792|7|26|15|5|2|22|18||30|66|.455|3|16|.188|8|14|.571|13|30|12|8|2|15|24
9|9|2010-12-08||Providence|W|88|86|30|58|.517|12|24|.500|16|28|.571|5|31|18|4|6|12|19||27|71|.380|11|33|.333|21|29|.724|16|44|16|5|3|12|23
10|10|2010-12-12|@|Maryland|W|79|75|28|58|.483|13|29|.448|10|14|.714|9|31|16|5|3|14|16||32|65|.492|3|17|.176|8|14|.571|11|34|19|6|5|9|14
11|11|2010-12-19||Bryant|W|93|77|34|59|.576|13|23|.565|12|17|.706|5|23|25|9|2|5|13||29|60|.483|11|29|.379|8|14|.571|14|32|15|1|2|16|13
12|12|2010-12-22||Bucknell|W|84|80|30|63|.476|12|30|.400|12|15|.800|14|30|19|1|2|5|6||30|61|.492|15|29|.517|5|6|.833|9|28|17|1|4|6|14
13|13|2010-12-29|@|Rhode Island|L|65|67|22|46|.478|12|25|.480|9|13|.692|9|25|14|2|0|18|14||24|51|.471|10|26|.385|9|10|.900|5|21|14|6|4|8|13
14|14|2011-01-01|@|South Carolina|W|85|70|33|64|.516|13|32|.406|6|10|.600|10|41|23|4|0|14|13||26|68|.382|7|26|.269|11|18|.611|10|27|12|11|3|7|12
15|15|2011-01-05||Harvard|L|69|78|29|57|.509|7|18|.389|4|8|.500|5|26|18|7|5|14|19||25|56|.446|5|15|.333|23|24|.958|6|28|14|3|0|10|14
16|16|2011-01-08||Georgia Tech|W|86|75|28|51|.549|9|19|.474|21|29|.724|8|33|14|6|2|14|13||30|63|.476|5|19|.263|10|15|.667|8|27|12|7|1|13|23
17|17|2011-01-11||North Carolina State|W|75|66|27|61|.443|9|23|.391|12|17|.706|11|38|15|4|3|8|13||28|63|.444|5|15|.333|5|12|.417|11|34|12|2|4|9|13
18|18|2011-01-15|@|Miami (FL)|L|71|72|27|58|.466|8|25|.320|9|12|.750|11|31|12|4|4|10|15||25|61|.410|8|21|.381|14|15|.933|15|34|13|10|4|8|14
19|19|2011-01-19||Virginia|W|70|67|22|54|.407|6|21|.286|20|25|.800|10|32|12|3|3|5|11||25|57|.439|9|23|.391|8|12|.667|11|33|12|2|5|7|21
20|20|2011-01-22|@|Florida State|L|51|67|17|48|.354|8|23|.348|9|18|.500|7|22|12|6|2|10|18||24|47|.511|7|17|.412|12|16|.750|9|33|11|6|7|13|18
21|21|2011-01-27|@|Duke|L|68|84|28|61|.459|7|20|.350|5|9|.556|10|31|16|3|0|13|14||30|60|.500|10|22|.455|14|19|.737|8|31|16|10|6|7|14
22|22|2011-02-01||North Carolina|L|74|106|24|68|.353|13|33|.394|13|21|.619|14|32|18|5|4|16|15||39|68|.574|11|21|.524|17|20|.850|10|39|27|6|4|9|16
23|23|2011-02-05||Virginia Tech|W|58|56|23|53|.434|7|20|.350|5|8|.625|7|30|11|2|6|8|17||20|58|.345|3|14|.214|13|17|.765|14|36|6|3|2|6|16
24|24|2011-02-08|@|Clemson|L|69|77|23|60|.383|9|30|.300|14|16|.875|15|35|13|4|2|10|19||27|51|.529|6|18|.333|17|23|.739|5|27|16|7|6|7|18
25|25|2011-02-12||Maryland|W|76|72|27|56|.482|10|26|.385|12|16|.750|8|33|16|4|4|15|16||27|64|.422|6|17|.353|12|18|.667|12|32|15|4|3|14|17
26|26|2011-02-19|@|North Carolina|L|46|48|14|52|.269|7|27|.259|11|14|.786|8|25|9|11|2|8|12||21|57|.368|2|11|.182|4|8|.500|14|39|10|3|4|13|14
27|27|2011-02-23||Miami (FL)|L|64|73|19|49|.388|8|23|.348|18|24|.750|7|26|13|8|1|11|19||26|51|.510|7|15|.467|14|22|.636|10|31|15|5|1|13|17
28|28|2011-02-26|@|Virginia|W|63|44|24|47|.511|9|23|.391|6|8|.750|5|28|13|4|3|10|12||17|53|.321|4|21|.190|6|8|.750|10|27|8|5|1|7|11
29|29|2011-03-01|@|Virginia Tech|W|76|61|23|51|.451|10|22|.455|20|26|.769|8|38|15|1|2|10|15||24|56|.429|3|17|.176|10|13|.769|2|22|6|4|2|6|17
30|30|2011-03-06||Wake Forest|W|84|68|32|55|.582|12|22|.545|8|13|.615|7|26|23|8|2|13|10||28|54|.519|6|15|.400|6|9|.667|7|23|13|5|6|15|16
31|31|2011-03-10|N|Wake Forest|W|81|67|29|54|.537|10|25|.400|13|20|.650|9|31|17|1|1|12|15||27|62|.435|5|16|.313|8|14|.571|9|27|11|8|3|7|21
32|32|2011-03-11|N|Clemson|L|47|70|17|50|.340|6|24|.250|7|10|.700|5|22|13|4|2|13|17||23|51|.451|8|17|.471|16|23|.696|8|37|14|7|8|10|14
33|33|2011-03-15|@|McNeese State|W|82|64|30|57|.526|11|23|.478|11|13|.846|12|40|17|5|1|15|14||22|61|.361|10|26|.385|10|13|.769|11|26|10|5|0|11|13
34|34|2011-03-19||Northwestern|L|67|85|24|46|.522|5|15|.333|14|19|.737|2|18|13|7|3|11|9||34|62|.548|15|36|.417|2|3|.667|9|27|27|6|2|8|16
