ranker|game_season|date_game|game_location|opp_id|game_result|pts|opp_pts|fg|fga|fg_pct|fg3|fg3a|fg3_pct|ft|fta|ft_pct|orb|trb|ast|stl|blk|tov|pf|x|opp_fg|opp_fga|opp_fg_pct|opp_fg3|opp_fg3a|opp_fg3_pct|opp_ft|opp_fta|opp_ft_pct|opp_orb|opp_trb|opp_ast|opp_stl|opp_blk|opp_tov|opp_pf|
1|1|2010-11-12|@|Fordham|W|69|65|25|60|.417|10|34|.294|9|13|.692|7|31|17|4|4|11|22||23|68|.338|7|26|.269|12|21|.571|18|46|13|5|2|10|15
2|2|2010-11-16|@|Rhode Island|L|67|92|22|55|.400|6|23|.261|17|25|.680|11|29|15|5|0|20|16||38|66|.576|7|21|.333|9|12|.750|5|27|19|15|3|9|20
3|3|2010-11-20||Sacred Heart|W|81|67|24|38|.632|8|16|.500|25|30|.833|0|22|19|6|0|14|14||25|49|.510|5|11|.455|12|18|.667|6|17|9|8|4|13|25
4|4|2010-11-24||St. Francis (NY)|W|67|63|23|42|.548|5|10|.500|16|24|.667|4|27|13|3|4|11|15||24|56|.429|5|18|.278|10|13|.769|7|23|7|6|1|8|24
5|5|2010-11-27|@|New Hampshire|L|66|70|19|45|.422|8|19|.421|20|22|.909|4|23|7|9|3|17|18||23|54|.426|3|15|.200|21|27|.778|11|27|12|9|4|12|20
6|6|2010-12-02|@|Hartford|L|46|58|16|46|.348|6|23|.261|8|14|.571|5|30|6|3|1|16|15||24|57|.421|5|18|.278|5|9|.556|10|34|13|8|5|10|16
7|7|2010-12-04|@|Maine|W|62|54|20|51|.392|5|17|.294|17|17|1.000|10|31|8|3|4|13|15||21|58|.362|5|19|.263|7|12|.583|8|27|11|8|1|9|18
8|8|2010-12-06|@|Providence|L|64|91|24|57|.421|9|25|.360|7|11|.636|8|26|13|7|4|18|9||36|72|.500|11|26|.423|8|13|.615|18|44|22|13|5|13|9
9|9|2010-12-21||Army|L|86|88|27|57|.474|8|21|.381|24|27|.889|5|25|16|6|5|7|16||35|63|.556|12|20|.600|6|11|.545|8|34|18|1|3|12|20
10|10|2010-12-29|@|Central Connecticut State|L|51|67|16|46|.348|4|21|.190|15|23|.652|3|24|11|4|0|13|17||27|57|.474|4|11|.364|9|15|.600|11|36|16|10|3|11|21
11|11|2010-12-31||Bryant|W|84|71|29|66|.439|14|35|.400|12|16|.750|8|41|26|8|3|10|18||25|61|.410|5|14|.357|16|24|.667|7|37|12|7|4|10|18
12|12|2011-01-03|@|American|L|67|77|23|52|.442|5|14|.357|16|20|.800|5|30|12|3|1|9|22||25|54|.463|8|18|.444|19|28|.679|5|29|15|2|2|5|17
13|13|2011-01-08||Lyndon State|W|88|55|35|75|.467|5|26|.192|13|24|.542|18|55|20|11|2|18|19||19|64|.297|5|15|.333|12|22|.545|11|37|8|7|4|18|20
14|14|2011-01-15||Yale|L|64|69|21|56|.375|6|17|.353|16|19|.842|5|33|11|2|5|8|15||29|66|.439|4|17|.235|7|12|.583|11|39|7|5|5|6|17
15|15|2011-01-17||Quinnipiac|W|87|78|28|54|.519|5|17|.294|26|32|.813|4|32|16|4|2|11|18||28|64|.438|5|10|.500|17|24|.708|9|31|13|3|4|11|26
16|16|2011-01-22|@|Yale|L|51|59|18|69|.261|6|23|.261|9|16|.563|11|44|10|6|2|12|20||22|57|.386|1|14|.071|14|24|.583|8|41|14|7|8|10|13
17|17|2011-01-28|@|Princeton|L|60|78|20|50|.400|3|16|.188|17|28|.607|5|25|6|2|3|7|20||27|57|.474|7|20|.350|17|26|.654|12|40|12|5|3|10|19
18|18|2011-01-29|@|Pennsylvania|L (1 OT)|78|80|28|59|.475|11|28|.393|11|16|.688|3|32|19|6|0|16|23||28|62|.452|8|22|.364|16|25|.640|3|32|21|7|3|13|17
19|19|2011-02-04||Columbia|W|87|79|34|56|.607|8|15|.533|11|17|.647|6|35|18|5|2|14|13||31|71|.437|5|23|.217|12|13|.923|9|29|16|6|2|5|20
20|20|2011-02-05||Cornell|L|79|91|31|68|.456|11|29|.379|6|10|.600|4|28|21|4|4|8|17||28|57|.491|16|34|.471|19|23|.826|5|41|16|3|4|12|13
21|21|2011-02-11|@|Dartmouth|W|75|66|25|59|.424|6|22|.273|19|23|.826|9|39|9|5|4|10|17||25|62|.403|4|20|.200|12|18|.667|7|33|7|4|2|9|22
22|22|2011-02-12|@|Harvard|L|78|85|30|62|.484|11|23|.478|7|7|1.000|3|19|11|10|2|13|20||30|54|.556|9|18|.500|16|20|.800|8|33|15|7|6|18|12
23|23|2011-02-18||Pennsylvania|L|62|70|23|59|.390|9|30|.300|7|12|.583|6|21|14|9|2|13|15||23|47|.489|8|17|.471|16|18|.889|8|35|15|9|5|16|17
24|24|2011-02-19||Princeton|W|75|65|23|47|.489|4|9|.444|25|27|.926|4|30|15|6|2|10|16||21|55|.382|4|21|.190|19|24|.792|9|26|11|7|2|10|17
25|25|2011-02-25||Harvard|L|68|74|25|53|.472|10|23|.435|8|11|.727|6|28|14|4|3|14|13||26|58|.448|8|24|.333|14|16|.875|8|33|15|7|2|10|14
26|26|2011-02-26||Dartmouth|W|100|76|29|56|.518|13|27|.481|29|34|.853|7|38|21|5|8|9|15||28|70|.400|11|27|.407|9|10|.900|9|29|14|5|5|9|24
27|27|2011-03-04|@|Cornell|L|66|75|24|59|.407|9|25|.360|9|16|.563|6|27|16|3|5|10|13||29|61|.475|7|18|.389|10|17|.588|9|38|16|5|3|10|17
28|28|2011-03-05|@|Columbia|L|74|91|26|70|.371|4|22|.182|18|24|.750|9|34|15|4|1|3|11||35|70|.500|9|25|.360|12|18|.667|10|45|16|2|3|9|22
