ranker|game_season|date_game|game_location|opp_id|game_result|pts|opp_pts|fg|fga|fg_pct|fg3|fg3a|fg3_pct|ft|fta|ft_pct|orb|trb|ast|stl|blk|tov|pf|x|opp_fg|opp_fga|opp_fg_pct|opp_fg3|opp_fg3a|opp_fg3_pct|opp_ft|opp_fta|opp_ft_pct|opp_orb|opp_trb|opp_ast|opp_stl|opp_blk|opp_tov|opp_pf|
1|1|2010-11-12|@|Villanova|L|52|68|19|56|.339|8|22|.364|6|8|.750|5|24|15|2|2|12|16||24|57|.421|10|27|.370|10|14|.714|10|38|14|4|4|12|10
2|2|2010-11-14|@|Marquette|L|61|72|23|51|.451|9|19|.474|6|11|.545|5|30|17|2|1|18|25||22|48|.458|5|13|.385|23|34|.676|7|34|12|11|1|14|15
3|3|2010-11-17||Binghamton|W|66|38|26|55|.473|5|17|.294|9|13|.692|8|35|16|7|0|10|11||14|57|.246|6|23|.261|4|8|.500|13|31|10|4|2|15|12
4|4|2010-11-20|@|Saint Francis (PA)|L|67|68|26|51|.510|5|13|.385|10|14|.714|6|24|14|6|5|12|13||29|55|.527|6|21|.286|4|7|.571|8|29|22|7|1|12|17
5|5|2010-11-22|N|Presbyterian|W|71|47|28|55|.509|9|18|.500|6|9|.667|6|40|17|6|2|13|17||17|52|.327|6|23|.261|7|13|.538|6|24|11|6|4|14|13
6|6|2010-11-23|N|Princeton|L|55|66|22|57|.386|2|14|.143|9|11|.818|3|22|12|3|3|11|20||21|49|.429|8|18|.444|16|21|.762|7|38|11|4|2|14|17
7|7|2010-11-24|@|James Madison|L|75|85|26|49|.531|7|17|.412|16|19|.842|4|21|14|4|2|14|24||26|52|.500|10|19|.526|23|30|.767|8|24|16|3|1|9|14
8|8|2010-11-29||Wagner|L|73|77|22|51|.431|6|15|.400|23|31|.742|5|20|16|6|2|11|17||26|47|.553|7|12|.583|18|20|.900|4|27|18|7|4|13|23
9|9|2010-12-01||Columbia|W|73|68|22|62|.355|6|12|.500|23|27|.852|10|30|14|6|2|4|15||23|54|.426|8|25|.320|14|18|.778|7|32|13|1|3|14|23
10|10|2010-12-04||Boston University|W|52|49|18|58|.310|6|23|.261|10|12|.833|8|34|11|3|3|10|13||20|60|.333|5|20|.250|4|9|.444|9|34|11|3|3|10|13
11|11|2010-12-17|@|La Salle|W|89|77|34|62|.548|9|18|.500|12|16|.750|8|26|23|7|4|10|19||29|57|.509|6|15|.400|13|22|.591|11|30|16|3|2|13|15
12|12|2010-12-20|@|Cornell|W|75|64|25|50|.500|6|9|.667|19|25|.760|7|35|15|3|1|10|17||22|53|.415|9|21|.429|11|18|.611|7|26|12|4|2|9|23
13|13|2010-12-22|@|Boston College|L|80|84|30|61|.492|15|29|.517|5|6|.833|9|28|17|1|4|6|14||30|63|.476|12|30|.400|12|15|.800|14|30|19|1|2|5|6
14|14|2010-12-28|@|Loyola (MD)|W|70|59|22|49|.449|7|15|.467|19|21|.905|4|35|11|3|3|14|20||20|61|.328|6|21|.286|13|20|.650|11|31|11|8|5|11|21
15|15|2010-12-30||Dartmouth|W|74|57|24|53|.453|6|15|.400|20|23|.870|11|38|11|6|3|16|18||20|58|.345|3|8|.375|14|19|.737|6|20|7|10|3|9|22
16|16|2011-01-02|@|Richmond|W|62|61|24|52|.462|8|16|.500|6|9|.667|6|34|15|4|0|17|21||23|54|.426|6|16|.375|9|18|.500|7|30|11|10|5|11|15
17|17|2011-01-08|@|Navy|W|71|64|27|57|.474|3|11|.273|14|16|.875|6|32|11|4|1|9|18||20|56|.357|8|33|.242|16|17|.941|6|29|13|5|1|11|15
18|18|2011-01-12|@|American|W|75|60|25|50|.500|5|13|.385|20|23|.870|6|33|13|5|6|8|15||25|63|.397|5|24|.208|5|5|1.000|9|27|12|4|1|9|18
19|19|2011-01-16||Holy Cross|W|74|72|27|60|.450|7|20|.350|13|17|.765|8|27|16|4|3|3|17||26|57|.456|7|18|.389|13|21|.619|8|32|15|1|3|10|17
20|20|2011-01-19||Lafayette|W|75|56|25|53|.472|8|22|.364|17|27|.630|12|36|16|3|4|11|15||20|54|.370|8|20|.400|8|14|.571|7|22|12|5|3|9|21
21|21|2011-01-22||Colgate|W|76|49|24|52|.462|8|21|.381|20|25|.800|3|30|17|8|4|6|21||12|48|.250|3|16|.188|22|34|.647|10|33|6|4|0|18|21
22|22|2011-01-26|@|Lehigh|W|81|68|22|54|.407|7|19|.368|30|34|.882|4|27|16|5|9|9|31||18|59|.305|0|13|.000|32|40|.800|12|37|9|2|3|8|22
23|23|2011-01-29|@|Army|L|70|90|25|53|.472|8|21|.381|12|15|.800|6|26|18|5|3|17|22||31|58|.534|12|26|.462|16|19|.842|7|28|21|7|0|11|15
24|24|2011-02-05||Navy|W|75|49|31|58|.534|8|17|.471|5|6|.833|11|43|20|7|2|20|16||16|58|.276|5|31|.161|12|18|.667|9|23|10|13|5|12|14
25|25|2011-02-09||American|W|66|60|20|50|.400|8|18|.444|18|23|.783|7|29|9|5|1|12|17||18|47|.383|9|19|.474|15|23|.652|7|29|14|4|1|13|21
26|26|2011-02-12|@|Holy Cross|W|60|56|22|51|.431|5|12|.417|11|19|.579|4|25|10|2|2|6|19||21|53|.396|2|13|.154|12|21|.571|12|40|6|2|2|13|19
27|27|2011-02-16|@|Lafayette|W (1 OT)|74|69|22|56|.393|6|13|.462|24|28|.857|7|34|12|3|3|16|23||20|52|.385|7|22|.318|22|26|.846|3|28|11|8|2|13|22
28|28|2011-02-20|@|Colgate|W|77|69|27|65|.415|8|16|.500|15|17|.882|7|36|14|5|3|7|19||25|59|.424|5|19|.263|14|23|.609|10|36|15|3|4|9|15
29|29|2011-02-23||Lehigh|W|72|55|29|61|.475|5|11|.455|9|12|.750|12|32|14|11|4|13|21||18|49|.367|4|15|.267|15|21|.714|10|26|7|7|5|18|17
30|30|2011-02-26||Army|W|78|64|25|53|.472|5|21|.238|23|28|.821|7|31|13|7|9|9|15||22|60|.367|10|27|.370|10|17|.588|11|31|13|4|2|14|19
31|31|2011-03-02||Army|W|78|51|24|56|.429|9|21|.429|21|26|.808|5|37|18|6|7|14|14||18|66|.273|4|25|.160|11|14|.786|10|35|7|9|2|15|24
32|32|2011-03-06||Lehigh|W|66|64|24|53|.453|6|14|.429|12|19|.632|7|34|18|3|5|14|15||21|54|.389|4|16|.250|18|23|.783|6|32|8|12|3|10|19
33|33|2011-03-11||Lafayette|W|72|57|21|50|.420|7|22|.318|23|28|.821|9|34|12|5|2|10|24||18|52|.346|4|18|.222|17|30|.567|9|28|9|5|2|11|22
34|34|2011-03-17|N|Connecticut|L|52|81|16|51|.314|7|21|.333|13|15|.867|1|21|6|3|1|5|10||32|66|.485|9|24|.375|8|9|.889|12|43|20|5|6|6|13
