ranker|game_season|date_game|game_location|opp_id|game_result|pts|opp_pts|fg|fga|fg_pct|fg3|fg3a|fg3_pct|ft|fta|ft_pct|orb|trb|ast|stl|blk|tov|pf|x|opp_fg|opp_fga|opp_fg_pct|opp_fg3|opp_fg3a|opp_fg3_pct|opp_ft|opp_fta|opp_ft_pct|opp_orb|opp_trb|opp_ast|opp_stl|opp_blk|opp_tov|opp_pf|
1|1|2010-11-13||Marian (IN)|W|83|54|31|58|.534|8|24|.333|13|16|.813|9|31|16|9|4|6|13||20|48|.417|7|17|.412|7|13|.538|5|17|9|2|1|15|19
2|2|2010-11-16|@|Louisville|L|73|88|21|60|.350|6|25|.240|25|36|.694|10|38|10|10|1|17|31||27|59|.458|6|23|.261|28|43|.651|10|44|18|11|7|14|28
3|3|2010-11-20||Ball State|W|88|55|29|61|.475|8|24|.333|22|30|.733|11|42|11|5|3|8|26||17|52|.327|2|5|.400|19|29|.655|10|30|6|4|2|10|21
4|4|2010-11-23|@|Siena|W|70|57|26|57|.456|8|19|.421|10|19|.526|11|39|13|9|0|11|14||24|53|.453|2|11|.182|7|15|.467|6|30|12|8|2|15|17
5|5|2010-11-27||Evansville|L (1 OT)|68|71|20|60|.333|5|14|.357|23|31|.742|16|41|8|1|2|17|22||24|54|.444|5|15|.333|18|28|.643|7|30|14|5|1|13|28
6|6|2010-12-01|@|Loyola (IL)|W|65|63|24|51|.471|9|18|.500|8|10|.800|9|31|14|2|3|10|17||23|56|.411|5|18|.278|12|18|.667|12|30|13|3|6|6|9
7|7|2010-12-04|N|Duke|L|70|82|26|58|.448|8|15|.533|10|20|.500|10|31|15|10|0|15|24||25|53|.472|8|26|.308|24|29|.828|7|32|11|9|1|15|19
8|8|2010-12-09|@|Xavier|L|49|51|15|48|.313|3|18|.167|16|18|.889|5|29|9|9|0|12|18||17|53|.321|2|18|.111|15|19|.789|13|39|9|8|3|13|15
9|9|2010-12-11||Mississippi Valley State|W|91|71|27|60|.450|8|26|.308|29|32|.906|12|31|17|3|3|6|17||27|53|.509|5|15|.333|12|16|.750|5|23|12|2|5|15|25
10|10|2010-12-18||Stanford|W|83|50|26|57|.456|9|23|.391|22|26|.846|11|36|14|3|1|8|20||16|51|.314|3|17|.176|15|24|.625|9|27|5|2|4|13|22
11|11|2010-12-22|N|Utah|W|74|62|24|65|.369|4|22|.182|22|32|.688|10|36|10|7|2|6|19||21|53|.396|6|22|.273|14|25|.560|8|33|11|5|7|14|29
12|12|2010-12-23|N|Florida State|W|67|64|19|50|.380|11|27|.407|18|23|.783|11|23|11|5|1|11|18||21|53|.396|10|28|.357|12|15|.800|15|35|6|4|3|18|24
13|13|2010-12-25|N|Washington State|W|84|68|28|56|.500|11|27|.407|17|24|.708|4|33|16|3|0|11|22||24|59|.407|7|24|.292|13|18|.722|5|28|10|3|2|9|20
14|14|2011-01-01||Valparaiso|W|76|59|25|51|.490|7|20|.350|19|20|.950|6|26|12|9|1|11|14||22|49|.449|10|22|.455|5|11|.455|4|19|15|7|2|16|19
15|15|2011-01-03|@|Milwaukee|L|52|76|21|54|.389|5|15|.333|5|10|.500|10|22|7|6|0|11|18||26|47|.553|11|23|.478|13|20|.650|9|35|15|4|2|12|13
16|16|2011-01-07||Cleveland State|W|79|56|26|54|.481|5|14|.357|22|28|.786|9|36|12|12|0|13|16||19|56|.339|5|18|.278|13|20|.650|7|28|5|5|3|18|21
17|17|2011-01-09||Youngstown State|W|84|79|25|51|.490|8|16|.500|26|33|.788|7|27|10|7|2|7|15||29|60|.483|14|24|.583|7|11|.636|11|30|18|4|2|11|27
18|18|2011-01-14|@|Detroit Mercy|W|87|64|29|51|.569|10|17|.588|19|25|.760|9|35|20|10|3|17|20||21|52|.404|4|17|.235|18|30|.600|10|25|3|11|3|16|20
19|19|2011-01-16|@|Wright State|L|64|69|23|51|.451|5|18|.278|13|18|.722|8|31|11|2|4|14|25||23|51|.451|4|17|.235|19|27|.704|7|25|12|6|1|8|17
20|20|2011-01-21||Green Bay|W|81|75|27|53|.509|6|15|.400|21|36|.583|9|33|17|3|1|10|19||29|60|.483|8|21|.381|9|17|.529|10|31|13|4|1|9|29
21|21|2011-01-23||Milwaukee|L (1 OT)|80|86|28|71|.394|6|24|.250|18|25|.720|14|40|9|1|2|9|24||31|57|.544|5|15|.333|19|29|.655|5|33|10|0|4|11|22
22|22|2011-01-29|@|Valparaiso|L (1 OT)|79|85|26|60|.433|13|28|.464|14|23|.609|13|35|14|6|3|17|25||27|52|.519|10|22|.455|21|32|.656|7|28|13|11|2|13|23
23|23|2011-02-03|@|Youngstown State|L|60|62|23|58|.397|9|24|.375|5|7|.714|12|38|10|2|1|14|15||26|57|.456|7|20|.350|3|9|.333|7|27|15|3|5|7|11
24|24|2011-02-05|@|Cleveland State|W|73|61|29|62|.468|8|22|.364|7|9|.778|8|27|17|2|2|5|20||18|45|.400|6|18|.333|19|25|.760|6|27|6|3|4|12|16
25|25|2011-02-07||Illinois-Chicago|W|72|65|28|55|.509|5|14|.357|11|16|.688|8|31|12|8|2|15|15||27|60|.450|6|21|.286|5|15|.333|12|29|8|6|2|13|16
26|26|2011-02-10||Wright State|W|71|63|26|46|.565|7|19|.368|12|15|.800|1|23|13|9|0|10|13||23|48|.479|8|18|.444|9|14|.643|3|22|11|6|0|13|16
27|27|2011-02-12||Detroit Mercy|W|66|51|21|56|.375|10|27|.370|14|18|.778|14|36|11|8|1|11|17||15|40|.375|4|16|.250|17|23|.739|4|24|7|7|4|14|22
28|28|2011-02-15|@|Green Bay|W|64|62|22|49|.449|7|18|.389|13|16|.813|7|31|11|6|0|13|18||22|51|.431|6|19|.316|12|16|.750|6|26|10|9|3|11|15
29|29|2011-02-19|@|Illinois-Chicago|W|79|52|32|64|.500|4|17|.235|11|15|.733|12|36|19|6|1|6|14||21|55|.382|7|21|.333|3|7|.429|5|23|15|2|4|11|12
30|30|2011-02-26||Loyola (IL)|W|63|56|24|58|.414|9|26|.346|6|13|.462|8|27|11|7|3|5|12||20|47|.426|9|22|.409|7|10|.700|6|29|10|1|2|14|18
31|31|2011-03-05|N|Cleveland State|W|76|68|25|53|.472|9|24|.375|17|26|.654|14|37|10|3|3|14|24||22|53|.415|3|14|.214|21|26|.808|7|25|9|10|1|8|22
32|32|2011-03-08|@|Milwaukee|W|59|44|21|50|.420|8|22|.364|9|11|.818|5|27|11|10|2|8|19||12|40|.300|4|18|.222|16|22|.727|5|27|7|5|1|16|13
33|33|2011-03-17|N|Old Dominion|W|60|58|22|54|.407|7|26|.269|9|11|.818|15|27|11|8|1|15|21||16|45|.356|5|15|.333|21|27|.778|12|26|8|9|2|14|17
34|34|2011-03-19|N|Pittsburgh|W|71|70|24|52|.462|12|27|.444|11|14|.786|4|21|12|2|2|6|18||26|46|.565|6|11|.545|12|18|.667|5|31|21|2|0|10|18
35|35|2011-03-24|N|Wisconsin|W|61|54|19|45|.422|5|18|.278|18|26|.692|10|35|7|8|2|13|19||17|56|.304|7|29|.241|13|19|.684|10|28|9|7|3|11|20
36|36|2011-03-26|N|Florida|W (1 OT)|74|71|24|60|.400|9|33|.273|17|27|.630|13|36|8|2|1|10|20||25|57|.439|3|14|.214|18|22|.818|8|33|10|6|3|7|24
37|37|2011-04-02|N|Virginia Commonwealth|W|70|62|21|59|.356|8|23|.348|20|26|.769|15|46|8|5|2|9|16||23|58|.397|8|22|.364|8|13|.615|5|30|17|3|4|10|24
38|38|2011-04-04|N|Connecticut|L|41|53|12|64|.188|9|33|.273|8|14|.571|19|40|5|8|2|6|17||19|55|.345|1|11|.091|14|16|.875|15|51|6|4|10|11|15
