ranker|game_season|date_game|game_location|opp_id|game_result|pts|opp_pts|fg|fga|fg_pct|fg3|fg3a|fg3_pct|ft|fta|ft_pct|orb|trb|ast|stl|blk|tov|pf|x|opp_fg|opp_fga|opp_fg_pct|opp_fg3|opp_fg3a|opp_fg3_pct|opp_ft|opp_fta|opp_ft_pct|opp_orb|opp_trb|opp_ast|opp_stl|opp_blk|opp_tov|opp_pf|
1|1|2010-11-12|N|Central Michigan|L|67|70|24|46|.522|8|15|.533|11|24|.458|5|24|12|4|1|10|15||27|65|.415|9|17|.529|7|11|.636|15|35|15|5|3|10|19
2|2|2010-11-13|@|Hawaii|L|70|84|25|62|.403|9|32|.281|11|13|.846|13|29|11|7|2|16|19||28|54|.519|10|24|.417|18|23|.783|10|28|15|8|6|14|15
3|3|2010-11-15|N|Montana State|L|76|80|24|52|.462|10|27|.370|18|20|.900|5|28|14|5|3|13|18||27|63|.429|9|30|.300|17|23|.739|13|36|15|8|1|9|18
4|4|2010-11-21|@|San Diego|W|62|59|19|48|.396|6|20|.300|18|23|.783|11|36|10|9|1|18|22||20|52|.385|6|15|.400|13|22|.591|11|32|12|3|3|15|20
5|5|2010-11-24|@|Southern California|L|54|81|20|57|.351|5|23|.217|9|14|.643|5|26|9|9|1|16|21||29|55|.527|6|12|.500|17|24|.708|9|40|14|8|3|16|12
6|6|2010-11-27||Cal State Bakersfield|W|85|75|23|45|.511|6|13|.462|33|37|.892|12|40|16|4|1|14|22||25|59|.424|7|15|.467|18|24|.750|7|20|10|4|3|6|26
7|7|2010-11-30|@|Montana|L|67|75|23|63|.365|5|16|.313|16|23|.696|15|39|11|6|1|17|30||23|58|.397|1|13|.077|28|42|.667|16|42|17|10|11|12|21
8|8|2010-12-04||San Diego|W|90|76|27|46|.587|8|15|.533|28|38|.737|6|25|19|3|1|9|22||21|43|.488|5|15|.333|29|35|.829|5|23|7|1|1|17|27
9|9|2010-12-08|@|Arizona|L|62|73|24|50|.480|7|13|.538|7|13|.538|5|19|15|6|0|15|23||26|58|.448|8|25|.320|13|18|.722|16|36|16|2|4|15|14
10|10|2010-12-12|@|Portland State|L|89|93|34|57|.596|9|20|.450|12|17|.706|10|25|19|5|3|16|22||32|61|.525|10|28|.357|19|23|.826|10|27|19|6|2|12|18
11|11|2010-12-18||Occidental|W|76|48|27|46|.587|7|19|.368|15|19|.789|7|22|20|5|0|9|12||18|43|.419|4|11|.364|8|10|.800|8|19|7|3|0|18|16
12|12|2010-12-22||Montana|L|57|71|19|58|.328|3|14|.214|16|23|.696|11|29|8|2|0|11|24||22|48|.458|3|14|.214|24|29|.828|8|37|13|4|4|15|20
13|13|2010-12-28||California-Davis|L|72|88|27|62|.435|3|15|.200|15|20|.750|11|35|14|4|1|14|19||30|60|.500|13|32|.406|15|18|.833|6|32|17|6|2|12|17
14|14|2010-12-30||Pacific|W|54|51|21|51|.412|4|14|.286|8|12|.667|9|28|9|5|1|3|14||16|44|.364|8|28|.286|11|16|.688|7|29|8|1|1|9|13
15|15|2011-01-05|@|California-Irvine|L|78|85|27|56|.482|5|19|.263|19|22|.864|10|35|8|5|1|24|28||26|57|.456|9|26|.346|24|38|.632|10|30|15|15|1|18|20
16|16|2011-01-08|@|California-Riverside|W (1 OT)|83|77|31|65|.477|9|18|.500|12|23|.522|13|47|8|7|3|21|25||25|66|.379|10|30|.333|17|26|.654|11|33|13|10|5|15|19
17|17|2011-01-13|@|Cal Poly|L|54|58|18|55|.327|2|18|.111|16|22|.727|15|37|7|7|2|12|17||21|53|.396|8|22|.364|8|13|.615|13|33|12|3|9|9|18
18|18|2011-01-15|@|Cal State Northridge|L|65|89|19|52|.365|6|19|.316|21|33|.636|6|26|12|4|1|14|27||30|54|.556|8|16|.500|21|33|.636|9|40|27|5|4|12|25
19|19|2011-01-19||Long Beach State|W|89|87|31|60|.517|4|11|.364|23|33|.697|13|36|12|9|2|11|20||32|61|.525|9|21|.429|14|19|.737|10|31|14|1|0|15|22
20|20|2011-01-22||California-Santa Barbara|W|63|58|18|44|.409|3|12|.250|24|31|.774|10|29|11|8|3|17|11||20|51|.392|8|23|.348|10|13|.769|6|25|15|2|7|21|21
21|21|2011-01-25|@|Cal State Bakersfield|L|75|77|25|56|.446|5|14|.357|20|27|.741|9|33|13|4|0|15|22||21|58|.362|8|27|.296|27|32|.844|13|37|18|10|6|11|20
22|22|2011-01-29|@|Long Beach State|L|60|75|24|63|.381|5|17|.294|7|11|.636|9|30|8|7|2|15|19||25|57|.439|7|24|.292|18|25|.720|10|41|19|11|4|12|12
23|23|2011-02-03||California-Irvine|W|80|74|27|51|.529|8|18|.444|18|22|.818|5|31|15|3|2|15|18||24|61|.393|11|32|.344|15|18|.833|9|25|11|3|2|13|23
24|24|2011-02-05||California-Riverside|L|69|70|20|43|.465|9|21|.429|20|23|.870|8|27|7|2|1|19|22||25|56|.446|7|16|.438|13|16|.813|11|26|13|3|0|14|17
25|25|2011-02-10||Cal State Northridge|L|68|70|21|44|.477|6|13|.462|20|29|.690|5|27|15|3|2|17|16||24|55|.436|10|25|.400|12|21|.571|7|29|13|3|3|15|21
26|26|2011-02-16|@|California-Santa Barbara|L|71|86|25|58|.431|4|9|.444|17|23|.739|4|22|16|6|0|13|21||28|50|.560|10|20|.500|20|25|.800|6|30|26|9|5|16|19
27|27|2011-02-19|@|Idaho State|L|79|84|27|54|.500|6|15|.400|19|26|.731|12|31|12|7|6|17|22||24|50|.480|12|28|.429|24|31|.774|8|21|13|10|1|10|21
28|28|2011-02-26||Cal Poly|L|70|75|25|60|.417|9|22|.409|11|18|.611|12|31|15|3|1|9|20||21|50|.420|12|27|.444|21|29|.724|11|34|14|1|0|9|15
29|29|2011-03-03|@|Pacific|W|82|80|30|56|.536|11|16|.688|11|15|.733|9|32|22|4|1|10|21||26|57|.456|7|22|.318|21|30|.700|7|25|15|6|8|8|15
30|30|2011-03-05|@|California-Davis|W|87|82|28|59|.475|12|27|.444|19|23|.826|8|35|17|5|1|12|17||27|62|.435|12|29|.414|16|23|.696|8|30|15|6|1|10|15
31|31|2011-03-10|N|Cal State Northridge|L|54|75|19|56|.339|4|15|.267|12|27|.444|12|30|8|4|0|16|27||24|48|.500|5|13|.385|22|34|.647|7|40|6|4|8|17|21
