ranker|game_season|date_game|game_location|opp_id|game_result|pts|opp_pts|fg|fga|fg_pct|fg3|fg3a|fg3_pct|ft|fta|ft_pct|orb|trb|ast|stl|blk|tov|pf|x|opp_fg|opp_fga|opp_fg_pct|opp_fg3|opp_fg3a|opp_fg3_pct|opp_ft|opp_fta|opp_ft_pct|opp_orb|opp_trb|opp_ast|opp_stl|opp_blk|opp_tov|opp_pf|
1|1|2010-11-12|@|Santa Clara|L|77|82|23|50|.460|7|17|.412|24|31|.774|7|30|10|12|1|21|31||25|57|.439|6|22|.273|26|40|.650|13|37|15|7|2|16|23
2|2|2010-11-14|@|Sacramento State|W (1 OT)|80|78|26|67|.388|10|26|.385|18|31|.581|17|46|9|6|5|15|28||23|58|.397|3|16|.188|29|42|.690|11|40|14|8|0|14|25
3|3|2010-11-17||Southern Utah|L|58|66|19|53|.358|6|21|.286|14|25|.560|9|31|6|4|7|14|20||24|63|.381|1|5|.200|17|21|.810|16|42|9|7|2|12|20
4|4|2010-11-20|@|Pepperdine|W|66|64|23|52|.442|7|20|.350|13|18|.722|7|25|12|4|4|7|13||25|62|.403|3|15|.200|11|18|.611|15|33|12|4|3|9|17
5|5|2010-11-24||San Jose State|W|82|77|29|62|.468|5|14|.357|19|22|.864|11|30|9|7|1|9|17||30|59|.508|5|14|.357|12|15|.800|11|31|11|2|7|14|19
6|6|2010-11-27|@|Cal State Fullerton|L|75|85|25|59|.424|7|15|.467|18|24|.750|7|20|10|4|3|6|26||23|45|.511|6|13|.462|33|37|.892|12|40|16|4|1|14|22
7|7|2010-11-30||Northern Arizona|L|77|81|29|71|.408|5|17|.294|14|18|.778|17|35|16|8|1|7|18||30|57|.526|8|18|.444|13|19|.684|9|34|16|4|4|13|20
8|8|2010-12-04||San Francisco|W|77|69|28|56|.500|5|11|.455|16|27|.593|11|33|20|5|3|15|21||25|56|.446|4|17|.235|15|21|.714|8|31|10|4|0|16|24
9|9|2010-12-07||Idaho State|W|75|56|27|50|.540|11|19|.579|10|12|.833|5|29|18|9|4|15|16||20|55|.364|1|12|.083|15|20|.750|13|33|6|8|0|18|15
10|10|2010-12-11|@|Utah State|L|58|77|24|61|.393|5|12|.417|5|11|.455|5|27|15|11|6|10|21||26|62|.419|5|16|.313|20|31|.645|18|53|18|5|1|14|12
11|11|2010-12-15||Portland State|W|92|77|37|62|.597|2|8|.250|16|24|.667|11|28|11|14|3|9|16||27|54|.500|7|16|.438|16|20|.800|8|25|15|2|1|16|14
12|12|2010-12-18||Cal State Northridge|W|70|69|26|64|.406|3|11|.273|15|27|.556|15|39|12|12|6|17|17||26|60|.433|4|15|.267|13|22|.591|13|40|9|9|4|22|18
13|13|2010-12-22||California-Riverside|W|89|80|31|55|.564|14|21|.667|13|19|.684|6|27|23|7|3|14|19||30|63|.476|4|15|.267|16|20|.800|11|29|13|7|0|12|17
14|14|2011-01-02||Colorado|L|73|85|23|65|.354|9|21|.429|18|22|.818|13|36|10|9|0|13|19||31|63|.492|4|16|.250|19|24|.792|11|40|12|10|1|11|16
15|15|2011-01-05|@|New Mexico|L|62|102|21|65|.323|9|29|.310|11|18|.611|14|28|12|3|2|22|24||38|67|.567|8|18|.444|18|24|.750|12|38|26|9|7|11|19
16|16|2011-01-11|@|Pacific|L|46|79|19|60|.317|2|19|.105|6|14|.429|12|33|8|4|3|13|17||31|56|.554|4|16|.250|13|19|.684|7|39|18|6|3|8|13
17|17|2011-01-15||Idaho|L (1 OT)|77|78|26|62|.419|8|20|.400|17|28|.607|12|32|15|8|5|14|18||28|56|.500|5|14|.357|17|21|.810|10|37|13|9|1|20|23
18|18|2011-01-19||California-Irvine|L|73|76|24|59|.407|4|14|.286|21|27|.778|10|37|7|10|1|11|17||26|63|.413|6|16|.375|18|23|.783|10|35|12|3|5|11|20
19|19|2011-01-22|@|San Diego|L|65|76|24|54|.444|6|17|.353|11|14|.786|7|18|11|8|1|14|23||29|42|.690|2|9|.222|16|24|.667|5|29|15|7|3|15|17
20|20|2011-01-25||Cal State Fullerton|W|77|75|21|58|.362|8|27|.296|27|32|.844|13|37|18|10|6|11|20||25|56|.446|5|14|.357|20|27|.741|9|33|13|4|0|15|22
21|21|2011-01-29||Cal Poly|L|61|77|21|57|.368|7|19|.368|12|16|.750|8|24|9|6|3|10|21||26|43|.605|10|19|.526|15|21|.714|4|33|13|3|2|11|14
22|22|2011-02-02|@|Southern Utah|L|59|63|20|58|.345|4|21|.190|15|28|.536|16|38|9|9|1|19|28||22|43|.512|3|9|.333|16|30|.533|4|30|16|6|7|20|22
23|23|2011-02-07|@|Fresno State|L|49|79|14|57|.246|4|19|.211|17|22|.773|11|25|10|12|2|15|15||31|62|.500|4|14|.286|13|15|.867|18|51|22|10|4|19|15
24|24|2011-02-16||Fresno State|L|55|73|17|61|.279|5|26|.192|16|18|.889|19|38|11|6|6|14|11||30|60|.500|6|16|.375|7|9|.778|8|30|16|10|5|12|14
25|25|2011-02-19|@|Longwood|L|72|79|22|70|.314|9|32|.281|19|23|.826|22|47|11|4|1|14|18||28|58|.483|6|17|.353|17|23|.739|9|33|19|7|0|9|16
26|26|2011-02-26||Seattle|L|54|73|17|53|.321|6|22|.273|14|23|.609|11|32|9|6|6|15|8||28|56|.500|11|20|.550|6|10|.600|9|37|20|7|2|15|20
27|27|2011-02-28|@|Gonzaga|L|49|96|21|61|.344|4|21|.190|3|10|.300|10|30|7|3|2|18|16||33|66|.500|11|29|.379|19|20|.950|11|43|20|5|7|10|12
28|28|2011-03-02|@|Boise State|L|59|95|20|59|.339|9|27|.333|10|14|.714|10|30|11|3|3|17|17||33|63|.524|13|27|.481|16|20|.800|11|40|15|10|3|11|13
