ranker|game_season|date_game|game_location|opp_id|game_result|pts|opp_pts|fg|fga|fg_pct|fg3|fg3a|fg3_pct|ft|fta|ft_pct|orb|trb|ast|stl|blk|tov|pf|x|opp_fg|opp_fga|opp_fg_pct|opp_fg3|opp_fg3a|opp_fg3_pct|opp_ft|opp_fta|opp_ft_pct|opp_orb|opp_trb|opp_ast|opp_stl|opp_blk|opp_tov|opp_pf|
1|1|2010-11-08|@|Illinois|L|65|79|22|63|.349|7|20|.350|14|22|.636|11|37|12|7|1|14|21||29|58|.500|8|24|.333|13|23|.565|8|38|17|9|8|14|22
2|2|2010-11-13|@|Southern California|L|49|62|18|52|.346|5|20|.250|8|11|.727|4|26|6|5|1|11|19||19|55|.345|7|22|.318|17|21|.810|15|44|9|4|4|14|12
3|3|2010-11-19||Navy|W|75|60|28|62|.452|6|17|.353|13|18|.722|12|44|12|5|1|17|18||19|59|.322|10|33|.303|12|18|.667|7|31|10|5|3|14|15
4|4|2010-11-20||Seattle|W|85|77|25|54|.463|4|12|.333|31|42|.738|4|34|11|5|2|20|30||28|70|.400|4|21|.190|17|31|.548|14|39|11|8|0|20|32
5|5|2010-11-21||Louisiana Tech|L|72|76|27|59|.458|7|18|.389|11|17|.647|7|31|13|5|1|9|20||25|54|.463|8|22|.364|18|26|.692|8|37|14|4|4|10|16
6|6|2010-11-27|@|Marist|W|77|56|24|53|.453|8|17|.471|21|30|.700|8|36|14|12|1|15|20||20|57|.351|6|26|.231|10|16|.625|8|32|11|5|2|17|23
7|7|2010-12-01|@|San Diego|W|90|82|31|57|.544|9|17|.529|19|27|.704|5|30|15|14|0|20|26||30|65|.462|8|27|.296|14|23|.609|12|33|13|8|4|18|23
8|8|2010-12-04||San Jose State|L|70|85|25|51|.490|7|19|.368|13|19|.684|2|27|13|4|1|16|22||27|66|.409|5|19|.263|26|32|.813|14|43|12|5|0|9|18
9|9|2010-12-10||Wyoming|W|83|68|28|48|.583|10|18|.556|17|20|.850|7|25|14|5|0|17|24||23|52|.442|5|22|.227|17|21|.810|13|28|12|7|1|18|19
10|10|2010-12-15||Vanguard|W|99|63|37|74|.500|13|25|.520|12|19|.632|12|44|16|11|4|13|21||19|58|.328|11|31|.355|14|21|.667|6|33|13|4|2|22|19
11|11|2010-12-18|@|Pepperdine|L|69|76|19|61|.311|5|29|.172|26|32|.813|9|34|10|6|2|14|26||23|63|.365|7|19|.368|23|29|.793|12|42|13|5|3|11|22
12|12|2010-12-23|@|UCLA|L|73|74|29|65|.446|7|12|.583|8|11|.727|10|32|13|8|1|11|21||26|54|.481|10|20|.500|12|23|.522|8|34|17|4|9|17|17
13|13|2010-12-28||California-Riverside|L|68|73|21|59|.356|7|24|.292|19|30|.633|6|37|12|4|1|8|24||21|63|.333|5|19|.263|26|36|.722|14|49|12|0|1|11|24
14|14|2010-12-30||Loyola Marymount|L|80|87|23|58|.397|8|24|.333|26|28|.929|11|28|10|8|3|13|22||30|54|.556|5|11|.455|22|30|.733|11|34|17|4|0|16|21
15|15|2011-01-05||Cal State Fullerton|W|85|78|26|57|.456|9|26|.346|24|38|.632|10|30|15|15|1|18|20||27|56|.482|5|19|.263|19|22|.864|10|35|8|5|1|24|28
16|16|2011-01-08|@|Long Beach State|L|78|86|27|62|.435|8|19|.421|16|22|.727|6|33|12|2|4|11|23||29|61|.475|6|20|.300|22|33|.667|10|38|15|4|0|10|15
17|17|2011-01-13|@|California-Santa Barbara|L|58|71|20|54|.370|4|16|.250|14|22|.636|12|28|8|5|4|15|20||25|56|.446|9|23|.391|12|16|.750|14|39|21|9|4|15|15
18|18|2011-01-15|@|Cal Poly|W|65|53|16|58|.276|6|22|.273|27|37|.730|14|39|10|13|1|8|21||17|55|.309|4|25|.160|15|19|.789|15|37|6|3|7|15|26
19|19|2011-01-19|@|Cal State Bakersfield|W|76|73|26|63|.413|6|16|.375|18|23|.783|10|35|12|3|5|11|20||24|59|.407|4|14|.286|21|27|.778|10|37|7|10|1|11|17
20|20|2011-01-22||Long Beach State|W|86|76|25|50|.500|9|18|.500|27|29|.931|4|34|18|5|7|16|24||28|69|.406|4|23|.174|16|21|.762|13|33|8|1|1|13|24
21|21|2011-01-27||Cal State Northridge|L|62|66|20|62|.323|7|31|.226|15|18|.833|16|35|11|7|1|10|17||23|47|.489|8|17|.471|12|20|.600|9|32|9|3|7|14|20
22|22|2011-01-29|@|California-Davis|L (2 OT)|107|108|41|75|.547|4|15|.267|21|35|.600|10|45|13|10|1|16|31||37|77|.481|13|28|.464|21|32|.656|8|37|25|6|0|15|22
23|23|2011-02-03|@|Cal State Fullerton|L|74|80|24|61|.393|11|32|.344|15|18|.833|9|25|11|3|2|13|23||27|51|.529|8|18|.444|18|22|.818|5|31|15|3|2|15|18
24|24|2011-02-05|@|Cal State Northridge|L|83|91|22|58|.379|10|25|.400|29|35|.829|6|23|14|9|2|12|30||26|48|.542|6|17|.353|33|42|.786|9|39|17|3|4|18|25
25|25|2011-02-10||Cal Poly|L|71|80|21|47|.447|6|21|.286|23|31|.742|5|31|8|2|1|11|22||27|60|.450|8|23|.348|18|26|.692|10|36|13|2|1|7|23
26|26|2011-02-12||California-Santa Barbara|W|66|63|23|49|.469|8|16|.500|12|15|.800|5|28|17|6|1|14|14||21|56|.375|12|32|.375|9|14|.643|9|33|15|6|3|13|17
27|27|2011-02-16|@|Pacific|L|51|75|17|55|.309|8|30|.267|9|12|.750|7|26|9|4|0|8|14||30|58|.517|11|26|.423|4|6|.667|7|38|24|2|4|8|14
28|28|2011-02-19|@|Nevada|L|63|74|23|60|.383|9|24|.375|8|11|.727|9|25|12|6|2|11|15||25|57|.439|10|24|.417|14|20|.700|14|42|16|6|2|16|13
29|29|2011-02-24||California-Davis|W (2 OT)|96|87|35|81|.432|8|25|.320|18|30|.600|17|47|12|8|3|9|19||34|72|.472|3|16|.188|16|20|.800|6|37|15|3|3|13|24
30|30|2011-02-26||Pacific|W (2 OT)|97|86|28|66|.424|11|26|.423|30|40|.750|8|38|20|10|1|9|19||27|73|.370|15|40|.375|17|21|.810|11|42|16|5|3|17|28
31|31|2011-03-05|@|California-Riverside|L|66|75|23|60|.383|5|18|.278|15|23|.652|7|29|6|5|0|7|19||29|60|.483|4|18|.222|13|18|.722|11|43|14|2|6|14|14
32|32|2011-03-10|N|Long Beach State|L|72|79|24|58|.414|7|23|.304|17|19|.895|9|32|11|1|2|15|26||23|49|.469|8|18|.444|25|33|.758|6|29|12|4|0|12|15
