ranker|game_season|date_game|game_location|opp_id|game_result|pts|opp_pts|fg|fga|fg_pct|fg3|fg3a|fg3_pct|ft|fta|ft_pct|orb|trb|ast|stl|blk|tov|pf|x|opp_fg|opp_fga|opp_fg_pct|opp_fg3|opp_fg3a|opp_fg3_pct|opp_ft|opp_fta|opp_ft_pct|opp_orb|opp_trb|opp_ast|opp_stl|opp_blk|opp_tov|opp_pf|
1|1|2010-11-12|N|Florida Atlantic|L|63|70|19|51|.373|7|20|.350|18|22|.818|7|31|12|5|0|18|31||23|50|.460|2|10|.200|22|43|.512|6|28|8|7|3|7|17
2|2|2010-11-13|@|Portland|L|60|75|23|60|.383|9|31|.290|5|10|.500|10|20|11|10|1|11|20||28|45|.622|9|14|.643|10|15|.667|4|30|15|9|2|17|15
3|3|2010-11-14|N|Milwaukee|L|62|73|22|56|.393|5|18|.278|13|17|.765|6|30|15|6|2|14|28||25|50|.500|5|15|.333|18|33|.545|6|31|9|6|3|14|24
4|4|2010-11-17||California-Santa Cruz|W|70|49|27|49|.551|5|18|.278|11|20|.550|9|43|20|4|4|18|18||18|55|.327|7|19|.368|6|12|.500|7|22|9|9|1|14|24
5|5|2010-11-21||Boise State|L|47|67|16|44|.364|6|14|.429|9|11|.818|8|27|10|5|4|22|16||25|55|.455|5|16|.313|12|17|.706|11|31|10|10|4|14|16
6|6|2010-11-23|@|Sacramento State|W|61|54|25|51|.490|4|15|.267|7|12|.583|4|28|15|7|6|11|19||18|55|.327|4|16|.250|14|20|.700|12|38|8|5|2|11|15
7|7|2010-11-27||Seattle|W|80|58|25|48|.521|7|18|.389|23|29|.793|4|33|18|4|7|14|17||20|65|.308|5|22|.227|13|21|.619|14|33|9|2|0|15|24
8|8|2010-12-01|@|California|L|62|74|23|47|.489|3|12|.250|13|15|.867|3|21|15|3|1|13|16||29|54|.537|6|17|.353|10|15|.667|7|29|20|8|0|13|18
9|9|2010-12-04||Notre Dame de Namur|W|80|53|27|57|.474|15|30|.500|11|17|.647|10|31|20|8|5|10|18||17|47|.362|5|13|.385|14|21|.667|8|27|11|4|0|17|16
10|10|2010-12-13|@|UCLA|L|67|74|28|64|.438|8|17|.471|3|4|.750|9|28|16|9|0|7|16||29|63|.460|7|17|.412|9|17|.529|20|47|15|5|7|15|10
11|11|2010-12-16|@|North Dakota State|L|71|76|26|51|.510|9|21|.429|10|12|.833|5|27|20|2|4|13|22||29|59|.492|5|12|.417|13|24|.542|12|33|14|6|1|12|15
12|12|2010-12-21||Southern Utah|W|74|65|22|42|.524|9|17|.529|21|29|.724|6|22|10|8|0|12|13||25|55|.455|6|12|.500|9|11|.818|12|26|15|10|4|15|18
13|13|2010-12-28|@|Cal State Fullerton|W|88|72|30|60|.500|13|32|.406|15|18|.833|6|32|17|6|2|12|17||27|62|.435|3|15|.200|15|20|.750|11|35|14|4|1|14|19
14|14|2010-12-30|@|Cal State Northridge|L|81|87|25|49|.510|9|25|.360|22|31|.710|6|26|15|10|1|16|23||31|58|.534|4|17|.235|21|28|.750|10|30|22|8|1|15|26
15|15|2011-01-06||California-Santa Barbara|L|65|77|23|49|.469|9|27|.333|10|16|.625|4|23|11|9|1|17|17||26|54|.481|8|18|.444|17|21|.810|6|31|16|12|1|14|14
16|16|2011-01-08||Cal Poly|L|43|48|16|51|.314|3|18|.167|8|12|.667|10|34|6|4|8|16|19||17|52|.327|3|12|.250|11|19|.579|13|38|10|8|2|11|13
17|17|2011-01-12|@|Long Beach State|L|56|60|23|56|.411|7|24|.292|3|4|.750|6|24|10|12|3|16|20||22|49|.449|3|15|.200|13|19|.684|10|32|8|9|2|21|8
18|18|2011-01-22||Pacific|L|54|87|20|58|.345|7|22|.318|7|15|.467|7|22|11|7|3|7|17||30|55|.545|15|21|.714|12|19|.632|12|46|23|4|2|14|14
19|19|2011-01-27||California-Riverside|W|82|52|26|51|.510|7|19|.368|23|29|.793|6|31|19|11|1|13|13||19|60|.317|3|14|.214|11|14|.786|12|34|7|7|2|19|21
20|20|2011-01-29||California-Irvine|W (2 OT)|108|107|37|77|.481|13|28|.464|21|32|.656|8|37|25|6|0|15|22||41|75|.547|4|15|.267|21|35|.600|10|45|13|10|1|16|31
21|21|2011-02-03|@|Cal Poly|L|56|65|16|45|.356|2|14|.143|22|27|.815|13|36|9|5|1|19|26||22|47|.468|2|11|.182|19|40|.475|13|33|10|9|2|7|22
22|22|2011-02-05|@|California-Santa Barbara|L (1 OT)|86|93|31|56|.554|11|18|.611|13|17|.765|8|27|20|4|4|17|22||34|61|.557|6|16|.375|19|27|.704|11|31|17|6|6|10|18
23|23|2011-02-10||Long Beach State|L|69|93|22|51|.431|8|23|.348|17|21|.810|2|19|11|6|1|12|22||31|48|.646|9|16|.563|22|33|.667|7|33|20|7|0|13|15
24|24|2011-02-12|@|Pacific|L|66|70|26|51|.510|10|15|.667|4|8|.500|3|22|20|7|0|9|19||25|50|.500|4|17|.235|16|20|.800|9|31|18|4|2|11|12
25|25|2011-02-15|@|Seattle|W|88|78|29|53|.547|8|17|.471|22|30|.733|4|38|17|9|9|22|20||29|77|.377|6|23|.261|14|25|.560|16|38|13|13|3|16|25
26|26|2011-02-19||Hawaii|L|69|83|25|54|.463|10|26|.385|9|16|.563|4|16|18|8|0|11|17||28|46|.609|11|20|.550|16|22|.727|6|31|17|4|2|15|17
27|27|2011-02-24|@|California-Irvine|L (2 OT)|87|96|34|72|.472|3|16|.188|16|20|.800|6|37|15|3|3|13|24||35|81|.432|8|25|.320|18|30|.600|17|47|12|8|3|9|19
28|28|2011-02-26|@|California-Riverside|L|81|85|29|58|.500|12|30|.400|11|13|.846|8|26|18|2|4|10|20||33|60|.550|2|11|.182|17|26|.654|14|34|14|5|2|9|17
29|29|2011-03-03||Cal State Northridge|W|78|66|22|46|.478|10|23|.435|24|29|.828|3|30|11|10|0|17|20||22|64|.344|7|29|.241|15|17|.882|9|29|11|10|1|17|23
30|30|2011-03-05||Cal State Fullerton|L|82|87|27|62|.435|12|29|.414|16|23|.696|8|30|15|6|1|10|15||28|59|.475|12|27|.444|19|23|.826|8|35|17|5|1|12|17
