ranker|game_season|date_game|game_location|opp_id|game_result|pts|opp_pts|fg|fga|fg_pct|fg3|fg3a|fg3_pct|ft|fta|ft_pct|orb|trb|ast|stl|blk|tov|pf|x|opp_fg|opp_fga|opp_fg_pct|opp_fg3|opp_fg3a|opp_fg3_pct|opp_ft|opp_fta|opp_ft_pct|opp_orb|opp_trb|opp_ast|opp_stl|opp_blk|opp_tov|opp_pf|
1|1|2010-11-12||St. Bonaventure|W|80|70|25|50|.500|6|19|.316|24|35|.686|12|30|13|7|1|14|20||26|53|.491|4|17|.235|14|21|.667|7|23|13|9|1|14|25
2|2|2010-11-14|@|Syracuse|L|67|86|24|70|.343|9|35|.257|10|16|.625|12|41|14|5|7|13|20||33|79|.418|9|23|.391|11|20|.550|19|54|18|5|6|11|14
3|3|2010-11-20||Eastern Michigan|W|71|51|21|56|.375|6|23|.261|23|28|.821|10|39|14|11|5|16|18||17|51|.333|5|20|.250|12|23|.522|8|29|13|6|3|21|25
4|4|2010-11-23||Buffalo|L|64|81|24|57|.421|6|20|.300|10|14|.714|8|24|12|6|1|16|22||29|51|.569|6|13|.462|17|26|.654|11|35|17|10|5|17|17
5|5|2010-11-30|@|Binghamton|W|55|45|20|50|.400|7|12|.583|8|12|.667|12|30|11|8|4|19|15||14|46|.304|3|18|.167|14|18|.778|7|21|8|8|3|17|18
6|6|2010-12-03|@|Iona|L|85|94|35|69|.507|7|23|.304|8|15|.533|10|35|14|4|1|15|22||35|74|.473|7|18|.389|17|27|.630|15|37|21|7|2|9|13
7|7|2010-12-05|@|Marist|L|64|74|23|71|.324|11|37|.297|7|10|.700|11|36|11|6|4|18|30||20|48|.417|6|19|.316|28|42|.667|6|38|8|8|1|16|13
8|8|2010-12-07|@|South Dakota|W|73|69|28|57|.491|8|18|.444|9|10|.900|11|42|17|2|5|23|18||26|70|.371|5|18|.278|12|19|.632|11|29|12|12|2|9|17
9|9|2010-12-10||St. Francis (NY)|L|58|76|19|55|.345|4|16|.250|16|25|.640|16|38|8|4|2|19|18||25|54|.463|11|29|.379|15|21|.714|7|27|17|7|4|9|21
10|10|2010-12-19|@|Northwestern State|L|74|86|24|66|.364|8|31|.258|18|24|.750|16|34|16|8|2|23|31||25|51|.490|8|20|.400|28|43|.651|10|38|13|11|6|20|22
11|11|2010-12-22|@|Lamar|W|78|72|29|66|.439|7|18|.389|13|20|.650|14|42|18|4|8|12|18||24|62|.387|5|19|.263|19|23|.826|9|31|13|4|2|10|15
12|12|2010-12-29||Northwestern State|W|85|52|29|70|.414|13|30|.433|14|26|.538|20|40|20|16|8|13|20||16|48|.333|5|18|.278|15|26|.577|10|30|10|7|5|29|25
13|13|2011-01-03|@|Saint Peter's|L|55|63|20|57|.351|7|26|.269|8|18|.444|12|32|10|11|6|14|23||20|46|.435|7|16|.438|16|23|.696|7|31|12|8|4|16|14
14|14|2011-01-07||Siena|W|62|61|23|51|.451|12|28|.429|4|8|.500|3|26|16|7|8|14|15||24|65|.369|6|18|.333|7|12|.583|18|40|14|7|1|14|10
15|15|2011-01-09||Rider|L|76|77|31|63|.492|8|20|.400|6|10|.600|10|30|19|5|5|7|16||26|59|.441|11|22|.500|14|19|.737|12|34|18|3|2|11|11
16|16|2011-01-15|@|Manhattan|W|72|51|28|60|.467|6|19|.316|10|14|.714|8|31|19|13|6|6|18||18|54|.333|3|11|.273|12|14|.857|11|34|9|4|4|16|15
17|17|2011-01-17|@|Siena|L|69|73|28|59|.475|9|23|.391|4|7|.571|8|29|12|7|10|11|17||28|64|.438|6|19|.316|11|17|.647|11|32|17|4|3|7|10
18|18|2011-01-21||Fairfield|L|60|67|22|58|.379|5|21|.238|11|14|.786|10|29|11|7|6|12|20||24|59|.407|4|11|.364|15|23|.652|13|38|11|6|1|13|17
19|19|2011-01-23||Iona|W|75|73|28|52|.538|9|19|.474|10|15|.667|6|28|21|6|8|15|17||26|65|.400|8|18|.444|13|17|.765|14|32|14|10|1|10|18
20|20|2011-01-28||Niagara|W|69|54|24|50|.480|7|18|.389|14|20|.700|12|34|18|10|2|12|19||15|47|.319|8|19|.421|16|23|.696|12|28|11|6|2|15|22
21|21|2011-01-31|@|Fairfield|L|55|70|19|56|.339|4|16|.250|13|18|.722|6|29|8|8|7|15|17||23|55|.418|4|12|.333|20|27|.741|8|39|14|8|4|12|14
22|22|2011-02-04||Marist|W|75|60|29|56|.518|10|23|.435|7|10|.700|14|29|21|3|3|5|16||20|46|.435|10|22|.455|10|15|.667|11|23|16|3|1|15|17
23|23|2011-02-06||Saint Peter's|W|59|45|21|57|.368|6|15|.400|11|14|.786|11|38|16|5|8|12|21||13|58|.224|4|15|.267|15|22|.682|15|37|8|9|7|11|16
24|24|2011-02-11|@|Rider|W|67|65|24|60|.400|9|26|.346|10|11|.909|11|31|14|5|1|9|14||25|56|.446|2|14|.143|13|15|.867|10|32|12|3|5|9|13
25|25|2011-02-13|@|Loyola (MD)|L|57|72|24|52|.462|3|13|.231|6|7|.857|10|29|10|8|4|19|17||29|68|.426|3|13|.231|11|13|.846|18|34|15|5|5|10|10
26|26|2011-02-16|@|Niagara|L|65|67|26|64|.406|9|21|.429|4|6|.667|17|33|17|5|1|12|20||25|47|.532|5|14|.357|12|23|.522|9|28|15|7|4|11|13
27|27|2011-02-19|@|Boston University|L|62|70|20|49|.408|7|19|.368|15|18|.833|10|28|16|5|4|14|19||22|50|.440|10|25|.400|16|21|.762|9|28|15|3|0|11|21
28|28|2011-02-25||Manhattan|W|72|63|20|45|.444|10|22|.455|22|29|.759|7|28|18|6|4|13|26||17|43|.395|1|8|.125|28|33|.848|6|23|5|7|1|13|22
29|29|2011-02-27||Loyola (MD)|W|75|58|27|55|.491|11|24|.458|10|11|.909|5|28|21|6|9|8|11||24|60|.400|6|18|.333|4|9|.444|13|32|13|1|3|13|16
30|30|2011-03-05|N|Rider|L|64|79|24|61|.393|7|27|.259|9|13|.692|8|30|14|9|5|13|22||24|52|.462|8|23|.348|23|27|.852|5|30|14|5|6|12|15
