ranker|game_season|date_game|game_location|opp_id|game_result|pts|opp_pts|fg|fga|fg_pct|fg3|fg3a|fg3_pct|ft|fta|ft_pct|orb|trb|ast|stl|blk|tov|pf|x|opp_fg|opp_fga|opp_fg_pct|opp_fg3|opp_fg3a|opp_fg3_pct|opp_ft|opp_fta|opp_ft_pct|opp_orb|opp_trb|opp_ast|opp_stl|opp_blk|opp_tov|opp_pf|
1|1|2010-11-12||Gardner-Webb|L|70|78|22|66|.333|8|34|.235|18|24|.750|10|33|10|9|3|15|24||26|54|.481|7|18|.389|19|30|.633|10|43|10|7|6|17|23
2|2|2010-11-13||South Carolina State|W|90|81|25|54|.463|7|22|.318|33|49|.673|12|38|12|9|3|17|26||27|64|.422|4|20|.200|23|31|.742|9|30|14|9|3|15|36
3|3|2010-11-18|N|George Mason|L|56|78|19|50|.380|5|17|.294|13|21|.619|8|29|5|6|9|17|14||34|71|.479|4|14|.286|6|11|.545|14|36|16|11|2|8|22
4|4|2010-11-19|N|East Carolina|W|74|63|26|55|.473|6|18|.333|16|21|.762|11|37|12|5|3|13|18||24|66|.364|3|23|.130|12|17|.706|14|32|11|7|1|11|21
5|5|2010-11-21|N|Coastal Carolina|L (2 OT)|75|79|21|51|.412|5|19|.263|28|38|.737|8|34|15|9|3|18|24||25|60|.417|6|20|.300|23|31|.742|10|31|11|10|4|13|26
6|6|2010-11-24|@|Oregon State|L|70|83|20|52|.385|14|31|.452|16|21|.762|9|31|18|6|3|19|21||28|56|.500|7|20|.350|20|28|.714|7|33|21|15|1|10|16
7|7|2010-11-27||Radford|W|73|52|25|49|.510|6|15|.400|17|21|.810|8|37|15|4|2|9|10||19|56|.339|5|20|.250|9|11|.818|6|24|11|4|2|10|16
8|8|2010-12-01|@|East Carolina|L|61|62|22|57|.386|8|24|.333|9|13|.692|12|35|11|3|2|6|12||24|57|.421|9|24|.375|5|9|.556|10|33|12|3|3|7|16
9|9|2010-12-07||Winthrop|W|68|57|22|50|.440|7|20|.350|17|23|.739|8|38|11|3|6|11|13||21|59|.356|6|22|.273|9|11|.818|7|26|9|5|2|10|24
10|10|2010-12-11|@|Davidson|L|68|82|21|54|.389|8|22|.364|18|25|.720|10|31|11|8|2|12|18||28|61|.459|12|29|.414|14|17|.824|12|37|14|3|3|13|21
11|11|2010-12-17|N|Tennessee|W|49|48|16|53|.302|5|19|.263|12|13|.923|8|31|10|6|4|9|11||22|63|.349|2|17|.118|2|7|.286|15|38|8|3|2|11|14
12|12|2010-12-22||Wright State|W|57|53|17|38|.447|7|20|.350|16|21|.762|4|31|8|3|4|14|16||18|54|.333|7|26|.269|10|12|.833|8|28|9|6|1|6|22
13|13|2010-12-30|@|Mercer|W|64|63|25|46|.543|6|15|.400|8|10|.800|4|23|12|12|3|22|18||24|52|.462|4|20|.200|11|19|.579|10|26|14|12|2|17|16
14|14|2011-01-02|@|Georgia Tech|W (2 OT)|86|83|27|67|.403|6|22|.273|26|33|.788|9|41|17|8|5|16|20||29|74|.392|13|31|.419|12|19|.632|6|31|21|11|9|14|25
15|15|2011-01-05|@|Richmond|L|59|71|26|58|.448|3|14|.214|4|4|1.000|14|37|11|9|3|18|16||24|53|.453|8|19|.421|15|16|.938|5|23|19|7|7|11|10
16|16|2011-01-08|@|St. Bonaventure|L (3 OT)|88|92|35|74|.473|10|27|.370|8|9|.889|14|35|20|10|1|23|28||28|58|.483|5|14|.357|31|42|.738|8|33|19|13|2|16|12
17|17|2011-01-15||Fordham|W|71|61|22|51|.431|11|22|.500|16|23|.696|13|38|12|3|2|17|12||25|59|.424|7|23|.304|4|5|.800|4|20|13|4|5|10|22
18|18|2011-01-19||Massachusetts|L|54|73|17|53|.321|7|22|.318|13|21|.619|10|30|11|5|1|10|18||27|55|.491|8|22|.364|11|17|.647|9|40|12|2|0|8|20
19|19|2011-01-22|@|Duquesne|L|67|83|25|57|.439|7|24|.292|10|13|.769|13|38|15|5|0|26|17||33|65|.508|6|24|.250|11|17|.647|7|24|21|16|4|8|16
20|20|2011-01-26|@|Temple|L|67|76|29|61|.475|3|17|.176|6|8|.750|9|29|14|4|2|12|18||28|56|.500|6|17|.353|14|25|.560|11|33|19|7|4|9|11
21|21|2011-01-29||La Salle|L (2 OT)|86|91|24|70|.343|7|25|.280|31|46|.674|19|54|12|4|6|16|26||29|77|.377|4|22|.182|29|34|.853|15|47|12|6|0|12|28
22|22|2011-02-02||Xavier|W|66|62|18|46|.391|6|15|.400|24|27|.889|2|30|13|6|4|11|16||22|57|.386|3|20|.150|15|18|.833|7|33|6|4|3|11|20
23|23|2011-02-05||George Washington|L|67|73|21|48|.438|8|14|.571|17|25|.680|8|26|6|3|1|13|17||29|57|.509|3|17|.176|12|18|.667|12|33|17|2|6|10|19
24|24|2011-02-12|@|Rhode Island|L (1 OT)|70|71|23|53|.434|8|26|.308|16|21|.762|8|32|13|8|4|18|21||25|64|.391|9|34|.265|12|19|.632|12|32|14|8|4|14|19
25|25|2011-02-16||Dayton|L|51|69|17|48|.354|4|19|.211|13|20|.650|6|22|4|12|2|15|17||24|48|.500|9|19|.474|12|15|.800|8|31|14|7|1|21|21
26|26|2011-02-19|@|Saint Louis|L|56|61|21|54|.389|5|12|.417|9|10|.900|10|32|9|8|3|14|14||26|62|.419|5|19|.263|4|13|.308|17|39|18|5|6|11|9
27|27|2011-02-23|@|George Washington|L|57|74|24|55|.436|5|14|.357|4|5|.800|8|21|14|8|3|15|18||27|52|.519|9|21|.429|11|16|.688|10|27|14|12|7|12|14
28|28|2011-02-26||Richmond|L|59|72|22|52|.423|9|20|.450|6|12|.500|8|28|10|2|3|14|17||23|54|.426|7|21|.333|19|19|1.000|7|33|10|5|4|9|15
29|29|2011-03-02|@|Xavier|L|48|68|18|50|.360|3|16|.188|9|17|.529|11|26|11|10|7|14|14||27|57|.474|5|21|.238|9|15|.600|17|39|19|10|5|14|16
30|30|2011-03-05||Saint Joseph's|L|70|71|24|57|.421|8|21|.381|14|19|.737|10|32|11|5|2|6|15||23|48|.479|11|19|.579|14|18|.778|3|23|16|5|8|6|16
