ranker|game_season|date_game|game_location|opp_id|game_result|pts|opp_pts|fg|fga|fg_pct|fg3|fg3a|fg3_pct|ft|fta|ft_pct|orb|trb|ast|stl|blk|tov|pf|x|opp_fg|opp_fga|opp_fg_pct|opp_fg3|opp_fg3a|opp_fg3_pct|opp_ft|opp_fta|opp_ft_pct|opp_orb|opp_trb|opp_ast|opp_stl|opp_blk|opp_tov|opp_pf|
1|1|2010-11-12||Concordia (IL)|W|79|75|22|63|.349|7|25|.280|28|43|.651|14|37|13|13|3|22|31||23|61|.377|3|13|.231|26|38|.684|15|43|12|11|3|29|30
2|2|2010-11-14|@|DePaul|L|81|114|31|72|.431|1|8|.125|18|22|.818|12|35|18|7|0|30|34||42|71|.592|5|22|.227|25|34|.735|9|37|31|17|7|20|23
3|3|2010-11-17|@|Notre Dame|L|62|102|21|61|.344|7|20|.350|13|20|.650|6|26|17|5|1|11|25||34|69|.493|12|31|.387|22|34|.647|20|56|29|3|6|9|15
4|4|2010-11-20|@|Brigham Young|L|60|109|22|63|.349|5|18|.278|11|16|.688|3|36|10|6|2|21|26||38|82|.463|11|31|.355|22|38|.579|18|54|23|16|2|7|16
5|5|2010-11-23|@|Saint Mary's (CA)|L|52|121|19|57|.333|4|10|.400|10|21|.476|5|20|8|7|5|26|22||43|74|.581|13|32|.406|22|28|.786|16|46|32|14|10|11|17
6|6|2010-11-26|N|Georgia Southern|W|64|59|21|55|.382|7|19|.368|15|21|.714|11|30|11|7|2|21|22||22|55|.400|4|15|.267|11|24|.458|10|31|14|13|2|18|18
7|7|2010-11-27|N|Liberty|L (1 OT)|65|67|21|64|.328|2|20|.100|21|26|.808|14|30|9|9|1|11|16||28|64|.438|4|15|.267|7|14|.500|16|40|14|1|6|20|21
8|8|2010-12-01|@|Wichita State|L|51|91|20|61|.328|3|12|.250|8|11|.727|7|26|8|7|0|17|19||30|59|.508|10|26|.385|21|25|.840|12|40|21|8|5|16|17
9|9|2010-12-04||Southern Illinois|L|61|75|22|46|.478|2|10|.200|15|25|.600|5|24|12|3|1|10|22||27|61|.443|2|14|.143|19|28|.679|15|40|12|4|0|6|24
10|10|2010-12-10|N|Central Arkansas|L|73|85|32|73|.438|4|15|.267|5|17|.294|21|47|13|6|7|21|25||24|59|.407|10|24|.417|27|33|.818|12|34|15|12|2|15|18
11|11|2010-12-11|@|Stephen F. Austin|L|38|94|16|46|.348|4|12|.333|2|3|.667|9|21|9|3|2|26|24||29|53|.547|10|19|.526|26|31|.839|11|29|20|15|0|10|14
12|12|2010-12-14||Trinity International (IL)|W|88|69|33|71|.465|3|14|.214|19|27|.704|15|49|18|10|6|20|25||20|64|.313|7|29|.241|22|34|.647|9|33|13|9|6|18|22
13|13|2010-12-17|@|Hawaii|L|57|86|21|59|.356|4|15|.267|11|21|.524|8|28|12|10|2|15|23||25|57|.439|12|25|.480|24|34|.706|13|44|17|7|4|17|16
14|14|2010-12-21|@|Iowa State|L|63|104|25|65|.385|4|12|.333|9|17|.529|10|32|11|8|3|23|25||33|66|.500|10|28|.357|28|35|.800|13|42|19|14|7|16|13
15|15|2010-12-23|@|Drake|L|51|102|19|55|.345|4|16|.250|9|25|.360|13|30|10|6|2|14|24||30|61|.492|15|28|.536|27|31|.871|9|43|25|8|4|7|21
16|16|2010-12-28|@|Texas Christian|L|72|99|25|59|.424|2|11|.182|20|28|.714|8|29|17|5|2|16|23||35|61|.574|12|22|.545|17|24|.708|7|36|25|11|2|15|24
17|17|2011-01-08||Utah Valley|L|82|93|28|64|.438|6|19|.316|20|27|.741|8|28|15|5|3|13|35||27|61|.443|3|16|.188|36|47|.766|16|46|10|4|2|13|23
18|18|2011-01-13||Houston Baptist|W|91|82|29|55|.527|4|11|.364|29|44|.659|9|36|19|9|3|16|24||27|64|.422|10|25|.400|18|28|.643|6|29|20|6|0|20|31
19|19|2011-01-15||Texas-Pan American|W|70|63|27|51|.529|5|14|.357|11|17|.647|10|33|15|2|2|15|21||21|46|.457|6|19|.316|15|20|.750|5|22|16|6|0|15|17
20|20|2011-01-22||NJIT|L|83|86|29|53|.547|13|25|.520|12|18|.667|4|23|21|4|4|15|21||29|56|.518|9|22|.409|19|25|.760|9|26|16|6|4|12|21
21|21|2011-01-27|@|Utah Valley|L|61|84|19|55|.345|8|19|.421|15|25|.600|6|27|9|5|1|12|32||24|49|.490|4|17|.235|32|41|.780|7|41|13|5|3|13|26
22|22|2011-02-03|@|Houston Baptist|L (1 OT)|94|97|29|64|.453|10|25|.400|26|41|.634|15|40|15|7|4|20|34||32|58|.552|9|19|.474|24|45|.533|8|34|20|8|4|18|29
23|23|2011-02-05|@|Texas-Pan American|W|70|64|23|52|.442|5|19|.263|19|22|.864|10|35|17|4|4|15|25||20|59|.339|6|30|.200|18|33|.545|12|29|9|3|3|7|18
24|24|2011-02-08|@|IPFW|L|50|95|17|61|.279|5|16|.313|11|17|.647|11|30|7|9|4|21|23||31|58|.534|10|21|.476|23|31|.742|9|41|24|8|4|15|14
25|25|2011-02-10||South Dakota|L|71|75|27|66|.409|6|16|.375|11|15|.733|16|39|16|6|1|8|19||28|58|.483|9|31|.290|10|21|.476|10|34|15|1|2|9|15
26|26|2011-02-12||North Dakota|L|70|80|25|52|.481|3|12|.250|17|24|.708|6|30|10|7|3|12|25||28|49|.571|9|17|.529|15|32|.469|6|27|15|2|3|12|17
27|27|2011-02-17||Olivet Nazarene|W|76|63|25|55|.455|4|14|.286|22|32|.688|10|30|10|10|1|15|23||23|46|.500|9|19|.474|8|21|.381|13|35|14|3|1|16|21
28|28|2011-02-22|@|Saint Louis|L|52|90|18|58|.310|2|13|.154|14|17|.824|7|20|9|8|2|16|18||36|70|.514|5|14|.357|13|19|.684|14|45|18|7|6|13|12
29|29|2011-02-26|@|South Dakota|L|73|105|29|69|.420|3|15|.200|12|23|.522|9|34|10|4|2|15|19||35|71|.493|15|33|.455|20|29|.690|10|43|23|10|6|9|19
30|30|2011-02-28|@|North Dakota|L|52|74|20|50|.400|4|13|.308|8|13|.615|4|27|8|3|1|15|20||27|63|.429|12|28|.429|8|15|.533|15|40|22|6|6|9|16
31|31|2011-03-05|@|NJIT|L|46|78|14|52|.269|3|14|.214|15|22|.682|8|26|5|6|5|13|12||29|64|.453|16|32|.500|4|7|.571|12|41|25|4|10|12|16
32|32|2011-03-10|N|South Dakota|L (1 OT)|70|73|30|66|.455|1|9|.111|9|18|.500|12|49|10|5|2|20|26||23|60|.383|4|17|.235|23|35|.657|6|35|8|8|2|10|14
