ranker|game_season|date_game|game_location|opp_id|game_result|pts|opp_pts|fg|fga|fg_pct|fg3|fg3a|fg3_pct|ft|fta|ft_pct|orb|trb|ast|stl|blk|tov|pf|x|opp_fg|opp_fga|opp_fg_pct|opp_fg3|opp_fg3a|opp_fg3_pct|opp_ft|opp_fta|opp_ft_pct|opp_orb|opp_trb|opp_ast|opp_stl|opp_blk|opp_tov|opp_pf|
1|1|2010-11-13||Binghamton|L|60|62|23|56|.411|3|18|.167|11|13|.846|10|30|15|1|2|12|16||22|48|.458|3|11|.273|15|18|.833|4|18|7|8|6|7|14
2|2|2010-11-15|@|Saint Francis (PA)|L|66|69|23|51|.451|6|14|.429|14|21|.667|8|29|15|3|5|11|23||23|54|.426|5|18|.278|18|24|.750|11|33|17|3|7|12|18
3|3|2010-11-19|@|Duke|L|58|110|21|68|.309|4|15|.267|12|15|.800|17|38|10|8|3|24|32||34|72|.472|12|30|.400|30|39|.769|18|43|24|13|7|12|19
4|4|2010-11-23|@|Columbia|L|63|76|23|53|.434|4|16|.250|13|16|.813|4|22|9|8|3|19|24||25|51|.490|1|5|.200|25|35|.714|10|36|5|11|4|16|18
5|5|2010-11-27|@|Dartmouth|L|63|80|20|56|.357|10|22|.455|13|19|.684|7|30|17|7|2|15|22||26|58|.448|7|19|.368|21|24|.875|9|40|11|7|4|11|17
6|6|2010-12-04||New Hampshire|L|60|65|21|51|.412|6|17|.353|12|21|.571|8|24|11|4|2|14|22||19|49|.388|4|17|.235|23|29|.793|8|30|8|6|3|9|17
7|7|2010-12-07|@|St. Francis (NY)|L|57|68|23|48|.479|2|9|.222|9|15|.600|11|33|12|8|1|23|21||21|56|.375|6|24|.250|20|29|.690|17|33|10|14|3|13|18
8|8|2010-12-11|@|Syracuse|L|43|100|10|56|.179|1|13|.077|22|26|.846|13|28|5|7|4|19|17||37|66|.561|11|25|.440|15|24|.625|17|45|20|15|14|9|20
9|9|2010-12-19|@|Maine|L|57|78|19|50|.380|6|17|.353|13|16|.813|7|24|12|11|4|15|20||26|53|.491|11|20|.550|15|23|.652|14|35|19|7|4|15|15
10|10|2010-12-22||Albany (NY)|L|61|63|19|49|.388|5|21|.238|18|27|.667|11|28|10|4|2|14|22||21|39|.538|2|9|.222|19|30|.633|4|21|7|5|1|11|24
11|11|2010-12-29|@|Stony Brook|L|54|63|20|50|.400|5|22|.227|9|15|.600|12|39|7|5|2|14|19||24|57|.421|3|15|.200|12|23|.522|13|32|7|8|0|8|15
12|12|2011-01-02|@|Longwood|W|80|61|30|58|.517|6|14|.429|14|22|.636|17|50|21|7|3|24|22||20|58|.345|4|22|.182|17|30|.567|9|19|12|8|1|14|16
13|13|2011-01-04|@|Maryland|L|40|95|16|61|.262|3|17|.176|5|7|.714|8|23|9|3|5|13|13||38|73|.521|9|21|.429|10|12|.833|13|45|27|9|6|9|9
14|14|2011-01-08||Army|L|66|73|23|58|.397|5|18|.278|15|26|.577|9|29|11|10|1|16|21||24|50|.480|5|19|.263|20|26|.769|3|26|11|4|1|18|20
15|15|2011-01-12|@|Lafayette|L|64|75|23|55|.418|5|19|.263|13|18|.722|10|30|11|7|4|21|25||23|52|.442|6|20|.300|23|29|.793|8|33|17|8|2|18|19
16|16|2011-01-15||American|L|57|66|22|60|.367|4|12|.333|9|11|.818|7|26|11|5|2|10|21||22|49|.449|5|19|.263|17|23|.739|8|34|10|4|3|13|16
17|17|2011-01-17||Dartmouth|W|67|64|22|53|.415|3|15|.200|20|26|.769|14|37|11|9|6|14|17||19|54|.352|7|18|.389|19|22|.864|8|23|12|7|1|13|19
18|18|2011-01-19||Lehigh|W|80|79|29|61|.475|6|18|.333|16|24|.667|10|30|14|5|2|11|19||30|57|.526|7|15|.467|12|22|.545|9|32|19|4|2|13|17
19|19|2011-01-22|@|Bucknell|L|49|76|12|48|.250|3|16|.188|22|34|.647|10|33|6|4|0|18|21||24|52|.462|8|21|.381|20|25|.800|3|30|17|8|4|6|21
20|20|2011-01-27|@|Holy Cross|W|79|72|31|56|.554|5|12|.417|12|16|.750|9|30|17|1|4|11|15||30|57|.526|3|17|.176|9|13|.692|6|19|15|6|5|7|17
21|21|2011-01-29||Navy|L (2 OT)|78|81|25|59|.424|6|21|.286|22|30|.733|11|43|13|7|2|25|27||25|59|.424|8|25|.320|23|28|.821|4|24|13|9|1|14|26
22|22|2011-02-02||Longwood|W|97|86|33|50|.660|11|16|.688|20|28|.714|4|26|23|6|5|18|22||29|62|.468|3|18|.167|25|31|.806|9|23|15|13|0|11|25
23|23|2011-02-05|@|Army|W|77|71|28|55|.509|10|17|.588|11|20|.550|7|31|14|5|4|11|17||25|66|.379|9|32|.281|12|16|.750|15|40|18|5|0|10|20
24|24|2011-02-09||Lafayette|L|65|80|23|49|.469|6|14|.429|13|26|.500|9|24|14|8|5|14|20||27|48|.563|13|22|.591|13|16|.813|4|28|20|6|3|15|23
25|25|2011-02-12|@|American|L|60|69|20|48|.417|8|14|.571|12|12|1.000|8|21|10|7|3|10|20||21|41|.512|4|11|.364|23|28|.821|6|21|12|7|5|10|12
26|26|2011-02-16|@|Lehigh|W (1 OT)|94|90|32|58|.552|12|21|.571|18|30|.600|2|29|20|7|0|12|22||28|66|.424|8|23|.348|26|32|.813|10|37|15|9|9|14|22
27|27|2011-02-20||Bucknell|L|69|77|25|59|.424|5|19|.263|14|23|.609|10|36|15|3|4|9|15||27|65|.415|8|16|.500|15|17|.882|7|36|14|5|3|7|19
28|28|2011-02-23||Holy Cross|L|75|77|29|59|.492|6|16|.375|11|20|.550|5|26|14|7|2|10|24||25|49|.510|4|9|.444|23|34|.676|7|31|13|5|3|11|20
29|29|2011-02-26|@|Navy|L|55|75|17|44|.386|4|16|.250|17|23|.739|9|31|11|3|6|22|18||25|57|.439|9|23|.391|16|17|.941|5|23|17|14|3|8|18
30|30|2011-03-02|@|American|L|53|69|21|52|.404|4|11|.364|7|11|.636|4|27|11|3|1|10|20||23|50|.460|5|17|.294|18|28|.643|7|32|18|3|2|6|15
