ranker|game_season|date_game|game_location|opp_id|game_result|pts|opp_pts|fg|fga|fg_pct|fg3|fg3a|fg3_pct|ft|fta|ft_pct|orb|trb|ast|stl|blk|tov|pf|x|opp_fg|opp_fga|opp_fg_pct|opp_fg3|opp_fg3a|opp_fg3_pct|opp_ft|opp_fta|opp_ft_pct|opp_orb|opp_trb|opp_ast|opp_stl|opp_blk|opp_tov|opp_pf|
1|1|2010-11-12||Idaho State|W|88|80|28|58|.483|6|15|.400|26|33|.788|8|28|17|10|1|7|17||31|56|.554|6|12|.500|12|15|.800|7|29|13|3|2|17|22
2|2|2010-11-16|@|Georgia|L|74|83|22|53|.415|3|14|.214|27|36|.750|11|32|8|8|2|14|30||25|53|.472|6|15|.400|27|43|.628|15|36|14|7|3|18|26
3|3|2010-11-20|@|San Francisco|L (1 OT)|81|83|29|68|.426|6|20|.300|17|28|.607|11|35|9|10|6|9|19||26|59|.441|12|19|.632|19|27|.704|12|39|15|2|4|17|23
4|4|2010-11-23||Alcorn State|W|91|51|32|67|.478|7|17|.412|20|25|.800|12|47|19|11|5|9|18||18|64|.281|3|16|.188|12|21|.571|10|30|8|9|5|15|18
5|5|2010-11-28|@|Harvard|L|66|82|19|49|.388|2|9|.222|26|32|.813|12|27|5|7|0|15|21||25|49|.510|10|23|.435|22|26|.846|10|29|22|6|6|16|23
6|6|2010-11-30||Texas-Pan American|W|83|64|32|59|.542|9|15|.600|10|13|.769|14|32|24|13|4|15|14||21|50|.420|11|26|.423|11|13|.846|9|22|12|10|3|21|16
7|7|2010-12-04||Oregon State|W|83|57|34|58|.586|8|23|.348|7|9|.778|7|29|20|6|4|12|17||21|54|.389|3|14|.214|12|21|.571|11|25|9|9|2|17|15
8|8|2010-12-08||Colorado State|W (1 OT)|90|83|26|54|.481|3|7|.429|35|41|.854|9|29|12|4|4|7|21||32|58|.552|5|15|.333|14|19|.737|10|31|14|1|3|15|26
9|9|2010-12-17||Citadel|W|89|61|34|57|.596|10|20|.500|11|16|.688|3|31|23|10|3|9|17||24|58|.414|3|14|.214|10|13|.769|7|29|14|3|1|13|13
10|10|2010-12-19||Longwood|W|104|59|38|72|.528|10|17|.588|18|23|.783|18|45|23|5|4|8|13||23|60|.383|4|18|.222|9|14|.643|11|30|14|2|3|13|19
11|11|2010-12-22|N|New Mexico|L|76|89|27|58|.466|5|22|.227|17|22|.773|7|19|9|6|2|12|25||30|49|.612|5|12|.417|24|28|.857|6|31|19|6|0|18|21
12|12|2010-12-23|N|Indiana|W|78|69|24|44|.545|3|10|.300|27|31|.871|7|27|10|10|0|14|23||24|59|.407|5|14|.357|16|25|.640|16|30|9|8|2|12|22
13|13|2010-12-29||Maryland-Eastern Shore|W|92|65|34|57|.596|5|12|.417|19|25|.760|10|34|19|5|5|9|15||25|60|.417|6|21|.286|9|15|.600|8|23|7|4|1|9|25
14|14|2011-01-02|@|Cal State Bakersfield|W|85|73|31|63|.492|4|16|.250|19|24|.792|11|40|12|10|1|11|16||23|65|.354|9|21|.429|18|22|.818|13|36|10|9|0|13|19
15|15|2011-01-05||Western New Mexico|W|92|70|36|76|.474|3|15|.200|17|23|.739|21|49|12|8|7|11|16||25|62|.403|6|19|.316|14|17|.824|8|27|12|7|4|16|21
16|16|2011-01-08||Missouri|W|89|76|33|69|.478|4|11|.364|19|23|.826|15|45|14|6|5|10|17||28|69|.406|4|16|.250|16|18|.889|11|32|13|8|10|9|21
17|17|2011-01-12|@|Kansas State|W|74|66|27|54|.500|8|12|.667|12|21|.571|10|30|13|6|1|20|22||23|57|.404|7|21|.333|13|21|.619|13|27|14|6|1|15|22
18|18|2011-01-15||Oklahoma State|W|75|71|18|48|.375|5|16|.313|34|39|.872|14|34|8|5|2|15|17||26|55|.473|8|20|.400|11|14|.786|5|22|9|10|5|10|27
19|19|2011-01-18|@|Nebraska|L|67|79|24|54|.444|12|30|.400|7|9|.778|6|24|13|5|1|16|15||30|53|.566|4|17|.235|15|18|.833|7|31|18|8|3|13|14
20|20|2011-01-22|@|Oklahoma|L|60|67|23|57|.404|1|10|.100|13|16|.813|9|29|9|8|1|13|22||24|46|.522|3|14|.214|16|25|.640|5|28|12|5|3|13|14
21|21|2011-01-25||Kansas|L|78|82|27|56|.482|9|13|.692|15|17|.882|2|19|14|6|3|6|17||29|57|.509|10|24|.417|14|18|.778|11|35|19|2|4|12|19
22|22|2011-01-29|@|Baylor|L|66|70|23|65|.354|4|16|.250|16|22|.727|18|36|8|12|3|10|24||23|49|.469|6|13|.462|18|24|.750|11|36|12|3|5|18|16
23|23|2011-02-01||Iowa State|W|95|69|33|66|.500|11|23|.478|18|21|.857|9|43|21|7|3|12|14||26|62|.419|11|26|.423|6|10|.600|5|29|18|4|3|17|19
24|24|2011-02-05|@|Missouri|L|73|89|26|63|.413|6|15|.400|15|20|.750|16|39|10|4|1|23|24||29|64|.453|7|19|.368|24|28|.857|11|31|14|15|5|13|19
25|25|2011-02-09||Texas A&M|L (1 OT)|70|73|24|62|.387|7|13|.538|15|16|.938|9|23|9|5|6|9|18||27|57|.474|4|11|.364|15|20|.750|14|39|14|7|4|8|16
26|26|2011-02-12||Kansas State|W|58|56|19|43|.442|2|10|.200|18|22|.818|6|33|6|2|5|16|27||16|52|.308|6|20|.300|18|31|.581|14|32|8|5|6|9|20
27|27|2011-02-19|@|Kansas|L|63|89|23|57|.404|2|15|.133|15|18|.833|8|25|10|7|3|15|15||33|63|.524|11|22|.500|12|21|.571|13|39|24|9|4|15|17
28|28|2011-02-23|@|Texas Tech|W|71|68|25|59|.424|4|14|.286|17|21|.810|11|37|12|6|0|11|19||25|61|.410|7|18|.389|11|20|.550|10|29|16|5|4|12|20
29|29|2011-02-26||Texas|W|91|89|32|60|.533|8|21|.381|19|32|.594|8|40|21|2|4|10|23||29|68|.426|11|23|.478|20|34|.588|14|36|19|5|3|6|26
30|30|2011-03-02|@|Iowa State|L|90|95|32|72|.444|12|30|.400|14|19|.737|12|32|14|2|3|7|17||36|63|.571|9|20|.450|14|20|.700|9|38|18|4|0|14|14
31|31|2011-03-05||Nebraska|W|67|57|23|56|.411|6|13|.462|15|18|.833|6|30|12|9|5|5|12||22|50|.440|6|18|.333|7|15|.467|6|32|14|3|4|15|17
32|32|2011-03-09|N|Iowa State|W|77|75|27|58|.466|4|13|.308|19|24|.792|13|46|14|4|3|15|17||28|73|.384|7|23|.304|12|18|.667|13|33|13|9|4|8|20
33|33|2011-03-10|N|Kansas State|W|87|75|29|50|.580|6|9|.667|23|27|.852|8|33|11|5|5|16|17||28|66|.424|7|23|.304|12|16|.750|14|27|16|9|5|11|20
34|34|2011-03-11|N|Kansas|L|83|90|31|63|.492|10|27|.370|11|18|.611|11|25|17|8|1|10|22||27|55|.491|7|17|.412|29|33|.879|15|39|14|4|2|15|18
35|35|2011-03-16||Texas Southern|W|88|74|30|49|.612|4|15|.267|24|31|.774|7|33|19|6|2|13|14||27|68|.397|8|28|.286|12|16|.750|12|27|14|9|2|9|22
36|36|2011-03-18||California|W|89|72|31|68|.456|9|20|.450|18|27|.667|15|39|13|8|1|5|19||23|53|.434|8|18|.444|18|24|.750|8|32|12|4|3|13|21
37|37|2011-03-22||Kent State|W|81|74|32|65|.492|4|15|.267|13|16|.813|14|36|20|6|2|8|11||30|60|.500|6|18|.333|8|11|.727|8|26|18|5|5|9|18
38|38|2011-03-29|N|Alabama|L|61|62|20|50|.400|8|25|.320|13|15|.867|8|26|14|7|3|16|12||28|56|.500|2|8|.250|4|11|.364|9|25|15|11|1|11|14
