ranker|game_season|date_game|game_location|opp_id|game_result|pts|opp_pts|fg|fga|fg_pct|fg3|fg3a|fg3_pct|ft|fta|ft_pct|orb|trb|ast|stl|blk|tov|pf|x|opp_fg|opp_fga|opp_fg_pct|opp_fg3|opp_fg3a|opp_fg3_pct|opp_ft|opp_fta|opp_ft_pct|opp_orb|opp_trb|opp_ast|opp_stl|opp_blk|opp_tov|opp_pf|
1|1|2010-11-12|@|Oklahoma|L|57|77|20|58|.345|7|23|.304|10|14|.714|9|29|9|5|1|7|18||25|49|.510|9|21|.429|18|24|.750|6|34|17|3|4|9|12
2|2|2010-11-16|@|Towson|L|74|89|27|64|.422|7|22|.318|13|22|.591|7|26|12|7|3|11|23||29|57|.509|9|19|.474|22|29|.759|11|43|15|9|3|17|18
3|3|2010-11-23||Maryland-Baltimore County|W (1 OT)|71|69|24|63|.381|5|20|.250|18|30|.600|10|37|9|10|4|15|21||24|65|.369|7|24|.292|14|29|.483|13|45|15|7|6|18|24
4|4|2010-11-30||Lincoln (MO)|W|70|57|23|49|.469|6|16|.375|18|33|.545|9|32|12|15|2|19|15||23|54|.426|3|13|.231|8|10|.800|5|22|9|8|1|24|23
5|5|2010-12-04|@|Morgan State|L|64|70|24|66|.364|4|18|.222|12|16|.750|15|34|12|7|1|15|16||24|59|.407|4|16|.250|18|20|.900|11|31|16|5|7|15|15
6|6|2010-12-07||Navy|W|65|64|24|53|.453|9|25|.360|8|11|.727|7|35|13|5|5|16|18||22|58|.379|10|29|.345|10|15|.667|7|28|13|8|1|11|16
7|7|2010-12-11||West Virginia Tech|W|79|63|27|56|.482|9|20|.450|16|24|.667|9|36|12|6|4|14|19||20|58|.345|6|26|.231|17|23|.739|10|29|11|8|5|12|18
8|8|2010-12-20|@|Connecticut|L|64|76|24|64|.375|11|27|.407|5|10|.500|11|23|11|7|2|12|16||28|69|.406|3|16|.188|17|24|.708|25|55|18|9|7|15|13
9|9|2010-12-23|@|Wisconsin|L|56|80|22|49|.449|6|12|.500|6|9|.667|4|20|2|3|0|9|14||27|56|.482|17|38|.447|9|13|.692|10|31|17|3|3|5|12
10|10|2010-12-28|@|Kentucky|L|61|91|22|61|.361|8|25|.320|9|13|.692|6|18|10|6|4|9|15||35|61|.574|8|22|.364|13|16|.813|10|38|21|2|7|12|15
11|11|2010-12-31|@|Texas|L|75|95|25|56|.446|13|27|.481|12|13|.923|4|16|8|3|1|9|21||31|61|.508|13|29|.448|20|28|.714|20|42|19|5|4|12|13
12|12|2011-01-03||Wilmington (DE)|W|78|73|26|56|.464|6|22|.273|20|31|.645|12|41|14|8|2|17|18||23|59|.390|9|31|.290|18|23|.783|8|26|11|4|1|12|24
13|13|2011-01-08||Hampton|L|59|67|20|62|.323|11|27|.407|8|13|.615|13|39|13|3|1|16|18||26|56|.464|7|21|.333|8|17|.471|9|33|17|7|6|11|17
14|14|2011-01-10||Howard|W|84|53|34|63|.540|10|21|.476|6|9|.667|11|34|20|12|3|13|17||17|46|.370|5|13|.385|14|23|.609|8|27|11|6|5|21|14
15|15|2011-01-15||North Carolina Central|L|71|77|27|60|.450|3|14|.214|14|22|.636|11|31|8|9|1|17|18||27|56|.482|5|22|.227|18|22|.818|11|33|9|10|3|18|20
16|16|2011-01-17||South Carolina State|W|84|80|26|60|.433|10|25|.400|22|27|.815|12|33|9|9|4|11|17||29|64|.453|12|24|.500|10|19|.526|13|34|18|5|6|15|22
17|17|2011-01-22|@|Maryland-Eastern Shore|W|77|68|24|64|.375|7|18|.389|22|32|.688|8|37|7|7|2|12|19||24|69|.348|7|29|.241|13|20|.650|12|42|17|9|1|15|22
18|18|2011-01-24|@|Delaware State|W|65|63|24|52|.462|5|17|.294|12|19|.632|12|37|6|7|0|16|17||22|54|.407|9|27|.333|10|13|.769|7|23|13|7|3|10|20
19|19|2011-01-29||North Carolina A&T|W|88|70|32|64|.500|12|29|.414|12|14|.857|12|40|15|6|4|14|21||22|57|.386|6|21|.286|20|25|.800|7|25|9|3|3|11|14
20|20|2011-01-31||Norfolk State|L (2 OT)|108|110|39|89|.438|8|28|.286|22|32|.688|15|44|19|9|3|11|28||37|75|.493|10|22|.455|26|44|.591|15|51|20|8|8|20|24
21|21|2011-02-05|@|Bethune-Cookman|W (1 OT)|90|79|28|59|.475|5|14|.357|29|39|.744|10|35|8|7|2|14|17||29|73|.397|9|24|.375|12|16|.750|15|35|12|5|5|12|30
22|22|2011-02-07|@|Florida A&M|L|58|60|22|56|.393|9|23|.391|5|8|.625|7|27|14|9|0|12|15||21|52|.404|10|22|.455|8|16|.500|10|36|15|7|4|17|14
23|23|2011-02-12|@|South Carolina State|W|70|62|24|60|.400|7|22|.318|15|20|.750|18|34|15|12|1|14|12||24|55|.436|10|26|.385|4|6|.667|12|25|13|5|2|20|14
24|24|2011-02-14|@|North Carolina Central|L|75|77|25|46|.543|9|20|.450|16|23|.696|2|24|15|6|2|13|19||26|57|.456|9|23|.391|16|21|.762|8|26|17|3|3|16|24
25|25|2011-02-19||Maryland-Eastern Shore|W|69|67|23|59|.390|8|27|.296|15|23|.652|12|37|15|6|4|18|15||25|63|.397|7|26|.269|10|15|.667|11|38|10|8|4|18|18
26|26|2011-02-21||Delaware State|W|89|72|33|55|.600|8|16|.500|15|21|.714|10|37|17|5|5|18|16||26|63|.413|7|21|.333|13|20|.650|11|25|9|11|1|14|17
27|27|2011-02-26|@|North Carolina A&T|L|72|76|25|61|.410|11|25|.440|11|12|.917|9|28|12|9|2|12|22||27|56|.482|5|16|.313|17|27|.630|14|40|13|6|3|13|14
28|28|2011-02-28|@|Norfolk State|W|76|69|23|55|.418|6|15|.400|24|28|.857|7|33|8|9|1|17|19||25|61|.410|7|30|.233|12|19|.632|10|33|13|9|3|18|23
29|29|2011-03-03||Morgan State|W|73|60|24|49|.490|7|18|.389|18|22|.818|4|26|11|10|2|15|19||20|55|.364|2|19|.105|18|26|.692|15|35|13|4|3|19|21
30|30|2011-03-10|N|Norfolk State|L|53|55|19|61|.311|5|23|.217|10|13|.769|13|40|8|2|2|10|17||18|54|.333|4|16|.250|15|26|.577|10|36|10|4|6|9|13
