ranker|game_season|date_game|game_location|opp_id|game_result|pts|opp_pts|fg|fga|fg_pct|fg3|fg3a|fg3_pct|ft|fta|ft_pct|orb|trb|ast|stl|blk|tov|pf|x|opp_fg|opp_fga|opp_fg_pct|opp_fg3|opp_fg3a|opp_fg3_pct|opp_ft|opp_fta|opp_ft_pct|opp_orb|opp_trb|opp_ast|opp_stl|opp_blk|opp_tov|opp_pf|
1|1|2010-11-13|@|Providence|L|52|87|16|63|.254|3|20|.150|17|25|.680|11|24|8|8|3|14|23||33|59|.559|8|19|.421|13|21|.619|10|51|15|10|8|19|21
2|2|2010-11-16||New Hampshire|L|53|55|23|53|.434|2|11|.182|5|9|.556|6|28|6|9|3|12|16||21|62|.339|4|22|.182|9|14|.643|16|40|6|7|3|13|10
3|3|2010-11-19|@|Hartford|W|71|57|23|42|.548|10|20|.500|15|20|.750|8|30|14|5|2|16|20||20|51|.392|7|25|.280|10|12|.833|10|20|10|7|2|14|21
4|4|2010-11-21|@|Loyola (MD)|L|59|73|21|53|.396|6|17|.353|11|14|.786|6|19|13|6|2|11|23||25|50|.500|5|16|.313|18|29|.621|12|35|14|3|4|15|16
5|5|2010-11-23||Quinnipiac|L|52|69|19|52|.365|4|18|.222|10|15|.667|9|26|8|7|6|17|19||25|57|.439|7|15|.467|12|21|.571|12|39|11|8|3|14|15
6|6|2010-11-27||Colgate|W|80|63|26|58|.448|7|19|.368|21|24|.875|9|40|11|7|4|11|17||20|56|.357|10|22|.455|13|19|.684|7|30|17|7|2|15|22
7|7|2010-12-01|@|Vermont|L|53|80|20|59|.339|8|18|.444|5|7|.714|7|21|8|5|3|12|19||31|59|.525|5|18|.278|13|20|.650|12|45|17|4|7|10|12
8|8|2010-12-11||Army|W|71|68|23|55|.418|10|18|.556|15|19|.789|8|34|17|3|1|12|13||25|60|.417|9|26|.346|9|14|.643|10|34|15|5|2|12|18
9|9|2010-12-14|@|St. Francis (NY)|L|61|69|22|59|.373|3|9|.333|14|25|.560|14|31|13|4|2|15|27||22|43|.512|7|15|.467|18|36|.500|11|33|17|6|6|23|28
10|10|2010-12-19|@|Iowa State|L|42|71|16|54|.296|3|15|.200|7|8|.875|5|26|9|9|5|15|11||28|64|.438|12|24|.500|3|5|.600|14|44|19|6|6|15|10
11|11|2010-12-21|@|Drake|W|67|59|23|54|.426|7|17|.412|14|18|.778|10|32|8|9|1|12|17||23|52|.442|7|24|.292|6|15|.400|12|29|14|5|5|16|19
12|12|2010-12-30|@|Bucknell|L|57|74|20|58|.345|3|8|.375|14|19|.737|6|20|7|10|3|9|22||24|53|.453|6|15|.400|20|23|.870|11|38|11|6|3|16|18
13|13|2011-01-03|@|Army|L|47|67|20|52|.385|3|15|.200|4|9|.444|3|22|9|6|0|14|14||24|54|.444|13|33|.394|6|10|.600|11|37|18|8|2|16|20
14|14|2011-01-08||Harvard|L|53|68|20|49|.408|6|17|.353|7|9|.778|3|19|7|5|1|12|17||26|49|.531|5|15|.333|11|14|.786|7|31|13|7|5|12|16
15|15|2011-01-17|@|Colgate|L|64|67|19|54|.352|7|18|.389|19|22|.864|8|23|12|7|1|13|19||22|53|.415|3|15|.200|20|26|.769|14|37|11|9|6|14|17
16|16|2011-01-22|@|Harvard|L|50|59|20|55|.364|8|23|.348|2|5|.400|12|28|10|7|1|16|21||17|38|.447|6|18|.333|19|23|.826|3|22|13|9|4|13|11
17|17|2011-01-28||Cornell|W|64|57|24|50|.480|3|10|.300|13|23|.565|12|37|9|9|1|18|19||18|54|.333|11|32|.344|10|17|.588|12|32|9|10|2|19|23
18|18|2011-01-29||Columbia|L|45|66|16|49|.327|2|8|.250|11|25|.440|12|31|4|7|3|16|22||20|52|.385|6|15|.400|20|25|.800|10|36|6|8|4|10|18
19|19|2011-02-04|@|Pennsylvania|L|47|78|16|47|.340|3|14|.214|12|20|.600|7|15|5|8|3|14|16||27|43|.628|10|16|.625|14|16|.875|6|32|17|10|3|19|20
20|20|2011-02-05|@|Princeton|L|53|68|21|51|.412|4|11|.364|7|15|.467|7|24|8|5|1|13|12||26|57|.456|9|21|.429|7|12|.583|12|40|15|9|4|10|14
21|21|2011-02-11||Brown|L|66|75|25|62|.403|4|20|.200|12|18|.667|7|33|7|4|2|9|22||25|59|.424|6|22|.273|19|23|.826|9|39|9|5|4|10|17
22|22|2011-02-12||Yale|L|60|69|24|60|.400|5|11|.455|7|9|.778|12|37|10|7|5|15|25||22|57|.386|4|16|.250|21|27|.778|10|34|7|4|5|10|13
23|23|2011-02-18|@|Columbia|L|60|67|21|50|.420|2|13|.154|16|19|.842|2|29|6|5|3|17|17||23|68|.338|5|24|.208|16|26|.615|21|45|13|9|3|11|17
24|24|2011-02-19|@|Cornell|L|76|96|26|48|.542|7|14|.500|17|19|.895|4|19|10|5|2|17|16||33|58|.569|16|29|.552|14|20|.700|10|28|20|9|2|12|22
25|25|2011-02-25|@|Yale|L (1 OT)|75|79|28|65|.431|2|11|.182|17|30|.567|10|33|8|3|2|8|24||25|54|.463|5|22|.227|24|32|.750|9|41|14|5|9|14|24
26|26|2011-02-26|@|Brown|L|76|100|28|70|.400|11|27|.407|9|10|.900|9|29|14|5|5|9|24||29|56|.518|13|27|.481|29|34|.853|7|38|21|5|8|9|15
27|27|2011-03-04||Princeton|L|55|77|24|58|.414|4|16|.250|3|4|.750|7|28|7|5|4|11|12||31|61|.508|8|20|.400|7|10|.700|11|36|19|5|2|9|7
28|28|2011-03-05||Pennsylvania|L|58|70|21|50|.420|5|17|.294|11|12|.917|6|24|9|10|3|15|22||24|50|.480|10|21|.476|12|15|.800|8|31|14|6|1|17|14
