ranker|game_season|date_game|game_location|opp_id|game_result|pts|opp_pts|fg|fga|fg_pct|fg3|fg3a|fg3_pct|ft|fta|ft_pct|orb|trb|ast|stl|blk|tov|pf|x|opp_fg|opp_fga|opp_fg_pct|opp_fg3|opp_fg3a|opp_fg3_pct|opp_ft|opp_fta|opp_ft_pct|opp_orb|opp_trb|opp_ast|opp_stl|opp_blk|opp_tov|opp_pf|
1|1|2010-11-13|@|Ohio|L|69|88|24|55|.436|4|14|.286|17|28|.607|6|31|14|1|4|19|22||35|74|.473|4|15|.267|14|26|.538|15|41|15|9|3|10|24
2|2|2010-11-17|@|Cornell|L|61|75|24|53|.453|1|13|.077|12|19|.632|5|34|9|6|6|15|19||26|61|.426|8|19|.421|15|23|.652|9|32|14|8|2|9|14
3|3|2010-11-19||Howard|W|66|34|23|56|.411|9|23|.391|11|21|.524|14|45|16|3|12|10|19||12|60|.200|2|13|.154|8|17|.471|17|41|4|6|4|12|20
4|4|2010-11-27|@|Lafayette|W|67|64|19|46|.413|7|19|.368|22|29|.759|7|32|6|7|0|15|24||19|45|.422|6|19|.316|20|28|.714|4|27|14|4|2|14|23
5|5|2010-12-04||Old Dominion|W|75|67|22|51|.431|7|18|.389|24|35|.686|13|31|9|3|5|6|26||21|60|.350|4|16|.250|21|32|.656|26|47|7|2|0|14|24
6|6|2010-12-08|@|Hampton|W|55|53|19|53|.358|5|19|.263|12|25|.480|11|35|11|3|3|9|26||17|48|.354|2|12|.167|17|31|.548|9|31|6|5|6|8|22
7|7|2010-12-11||Delaware State|W|61|50|19|39|.487|5|13|.385|18|31|.581|8|32|13|2|6|12|13||20|54|.370|1|10|.100|9|11|.818|11|25|7|7|2|7|21
8|8|2010-12-18|@|Villanova|L|59|78|18|54|.333|3|20|.150|20|23|.870|5|24|12|8|8|14|28||22|49|.449|6|16|.375|28|35|.800|6|34|9|7|4|17|17
9|9|2010-12-22||Pennsylvania|L|68|78|27|54|.500|7|19|.368|7|14|.500|9|30|14|2|4|10|28||22|49|.449|5|18|.278|29|39|.744|9|30|6|6|0|4|17
10|10|2010-12-29|@|Santa Clara|W|54|53|18|47|.383|2|18|.111|16|19|.842|10|35|7|3|4|17|28||15|52|.288|3|19|.158|20|30|.667|16|35|9|7|1|10|19
11|11|2010-12-30|N|American|L|71|83|24|46|.522|8|15|.533|15|24|.625|4|20|15|0|0|13|21||28|49|.571|3|11|.273|24|31|.774|8|29|15|5|2|6|19
12|12|2011-01-03|@|George Mason|L|66|75|26|59|.441|7|16|.438|7|12|.583|9|28|16|7|2|12|25||26|46|.565|5|16|.313|18|31|.581|7|32|14|6|2|12|17
13|13|2011-01-05||William & Mary|W|61|48|19|47|.404|6|18|.333|17|25|.680|11|44|11|4|7|9|14||18|54|.333|7|22|.318|5|10|.500|4|23|10|5|3|5|19
14|14|2011-01-08|@|Drexel|L|55|68|20|56|.357|3|14|.214|12|14|.857|8|29|5|0|3|9|17||26|58|.448|2|8|.250|14|21|.667|12|37|15|3|3|4|16
15|15|2011-01-12|@|North Carolina-Wilmington|L|53|76|18|56|.321|4|15|.267|13|21|.619|10|33|6|6|5|10|15||27|55|.491|10|17|.588|12|16|.750|6|36|15|7|6|7|16
16|16|2011-01-15|@|Towson|W|66|63|22|42|.524|9|15|.600|13|17|.765|3|29|13|2|5|12|20||22|56|.393|5|12|.417|14|22|.636|9|25|14|4|2|5|15
17|17|2011-01-19||Northeastern|W|54|52|19|51|.373|5|11|.455|11|17|.647|8|28|11|3|9|3|12||19|52|.365|9|20|.450|5|6|.833|9|35|11|1|0|8|17
18|18|2011-01-22|@|Georgia State|W|64|62|22|51|.431|9|17|.529|11|16|.688|7|29|15|4|1|12|19||20|49|.408|3|10|.300|19|26|.731|10|33|9|6|5|8|14
19|19|2011-01-24||George Mason|L|49|69|17|56|.304|5|19|.263|10|15|.667|9|35|8|4|5|12|19||25|60|.417|4|15|.267|15|22|.682|10|39|10|6|2|9|13
20|20|2011-01-26|@|William & Mary|W|59|55|23|53|.434|4|18|.222|9|11|.818|7|36|6|2|3|11|12||25|64|.391|4|24|.167|1|2|.500|6|26|12|4|4|6|15
21|21|2011-01-29||James Madison|L|71|77|25|50|.500|6|16|.375|15|18|.833|6|30|10|2|1|15|23||25|50|.500|3|9|.333|24|27|.889|2|22|4|7|1|7|20
22|22|2011-02-02|@|Old Dominion|L|59|67|24|56|.429|4|12|.333|7|15|.467|10|26|12|4|5|7|16||24|53|.453|3|9|.333|16|21|.762|12|35|18|5|8|9|14
23|23|2011-02-05||Drexel|L|48|58|15|51|.294|2|12|.167|16|25|.640|11|29|3|3|5|8|20||19|42|.452|1|6|.167|19|23|.826|5|36|4|6|3|12|22
24|24|2011-02-09||Virginia Commonwealth|L (2 OT)|74|84|28|63|.444|10|23|.435|8|13|.615|9|36|18|4|4|15|26||27|65|.415|5|19|.263|25|33|.758|17|44|9|6|3|9|17
25|25|2011-02-12||Hofstra|L|58|61|17|53|.321|7|14|.500|17|24|.708|11|28|8|4|1|8|21||20|49|.408|5|13|.385|16|20|.800|9|32|7|5|6|9|18
26|26|2011-02-15|@|Northeastern|W|72|66|20|44|.455|6|15|.400|26|30|.867|5|28|10|6|3|14|18||25|61|.410|2|13|.154|14|21|.667|13|33|10|11|1|14|22
27|27|2011-02-19|@|Rider|L|86|95|27|60|.450|11|25|.440|21|26|.808|10|33|13|4|3|9|19||31|59|.525|12|22|.545|21|27|.778|7|27|17|5|6|7|19
28|28|2011-02-23||Towson|W|80|70|26|51|.510|8|22|.364|20|24|.833|5|26|8|6|1|11|13||27|57|.474|6|20|.300|10|13|.769|9|32|9|8|1|13|20
29|29|2011-02-26|@|Hofstra|L|60|79|17|48|.354|3|15|.200|23|28|.821|6|25|4|6|3|15|14||30|59|.508|4|15|.267|15|15|1.000|7|34|18|7|5|10|23
30|30|2011-03-04|N|Northeastern|W|60|58|22|43|.512|7|14|.500|9|16|.563|5|30|8|2|3|12|19||15|46|.326|8|20|.400|20|23|.870|7|26|11|6|1|9|19
31|31|2011-03-05|N|Old Dominion|L|50|59|19|49|.388|8|21|.381|4|6|.667|7|21|12|4|4|12|17||23|48|.479|2|10|.200|11|19|.579|9|31|10|5|2|12|13
