ranker|game_season|date_game|game_location|opp_id|game_result|pts|opp_pts|fg|fga|fg_pct|fg3|fg3a|fg3_pct|ft|fta|ft_pct|orb|trb|ast|stl|blk|tov|pf|x|opp_fg|opp_fga|opp_fg_pct|opp_fg3|opp_fg3a|opp_fg3_pct|opp_ft|opp_fta|opp_ft_pct|opp_orb|opp_trb|opp_ast|opp_stl|opp_blk|opp_tov|opp_pf|
1|1|2010-11-13||Washington Adventist|W|63|56|21|58|.362|8|26|.308|13|24|.542|14|34|12|14|2|15|10||22|44|.500|6|10|.600|6|10|.600|2|24|8|7|0|24|17
2|2|2010-11-23|@|Maryland|L|54|72|19|47|.404|9|23|.391|7|9|.778|4|18|12|8|6|15|15||27|58|.466|4|11|.364|14|17|.824|18|39|12|5|4|13|9
3|3|2010-11-26||Philadelphia Biblical|W|103|41|37|58|.638|14|28|.500|15|21|.714|13|26|21|16|1|14|21||12|30|.400|1|6|.167|16|23|.696|5|15|8|5|1|33|15
4|4|2010-11-29|@|La Salle|L|61|65|21|44|.477|9|15|.600|10|15|.667|8|21|15|10|3|11|12||27|51|.529|4|11|.364|7|8|.875|10|25|19|4|1|12|10
5|5|2010-12-01|@|South Carolina|L|61|74|22|55|.400|4|19|.211|13|14|.929|10|25|9|7|2|16|19||29|56|.518|4|12|.333|12|20|.600|13|30|14|9|8|14|13
6|6|2010-12-04||Maryland-Eastern Shore|W|64|53|24|50|.480|10|23|.435|6|9|.667|6|26|18|12|3|11|10||19|46|.413|7|15|.467|8|10|.800|5|25|11|3|1|15|14
7|7|2010-12-06|@|Maine|W|75|56|27|59|.458|8|21|.381|13|17|.765|13|31|17|9|8|6|16||17|46|.370|4|19|.211|18|23|.783|10|33|8|4|7|15|15
8|8|2010-12-08|@|Pittsburgh|L|42|70|14|43|.326|6|18|.333|8|8|1.000|2|17|9|5|3|8|14||28|55|.509|5|17|.294|9|13|.692|14|40|20|6|1|6|12
9|9|2010-12-11|@|Delaware|L|50|61|20|54|.370|1|10|.100|9|11|.818|11|25|7|7|2|7|21||19|39|.487|5|13|.385|18|31|.581|8|32|13|2|6|12|13
10|10|2010-12-22|@|North Carolina State|L|70|72|23|54|.426|9|22|.409|15|19|.789|8|23|14|6|4|10|18||25|51|.490|1|12|.083|21|27|.778|10|32|14|4|3|13|15
11|11|2010-12-27|@|Clemson|L|41|76|18|47|.383|3|15|.200|2|4|.500|3|18|10|6|6|15|16||30|53|.566|6|16|.375|10|14|.714|7|30|20|10|4|10|12
12|12|2011-01-04|@|Texas Tech|L|60|79|23|51|.451|5|13|.385|9|15|.600|5|16|8|8|1|8|15||30|51|.588|5|9|.556|14|19|.737|11|32|21|2|3|13|12
13|13|2011-01-08|@|North Carolina Central|W|68|59|23|49|.469|7|16|.438|15|18|.833|7|29|9|8|6|13|13||24|57|.421|5|16|.313|6|12|.500|13|29|8|6|2|12|20
14|14|2011-01-10|@|South Carolina State|W|62|60|21|54|.389|8|27|.296|12|18|.667|8|20|13|12|5|11|14||24|50|.480|5|15|.333|7|10|.700|10|32|12|3|3|19|17
15|15|2011-01-15||Bethune-Cookman|L|60|61|22|47|.468|8|20|.400|8|9|.889|8|23|11|6|7|10|12||25|48|.521|2|9|.222|9|11|.818|9|22|14|5|2|12|11
16|16|2011-01-17||Florida A&M|W|62|57|22|46|.478|6|15|.400|12|21|.571|8|21|13|6|6|15|16||18|41|.439|4|13|.308|17|23|.739|10|26|8|12|1|14|21
17|17|2011-01-22||Morgan State|W|60|55|19|41|.463|4|15|.267|18|25|.720|8|22|9|5|3|12|19||19|41|.463|2|8|.250|15|21|.714|9|26|8|4|1|17|23
18|18|2011-01-24||Coppin State|L|63|65|22|54|.407|9|27|.333|10|13|.769|7|23|13|7|3|10|20||24|52|.462|5|17|.294|12|19|.632|12|37|6|7|0|16|17
19|19|2011-01-29|@|Hampton|L (1 OT)|66|70|24|60|.400|11|28|.393|7|8|.875|4|28|10|10|2|13|16||26|63|.413|7|24|.292|11|19|.579|15|45|17|6|3|16|12
20|20|2011-01-31|@|Howard|L|67|70|26|55|.473|8|21|.381|7|8|.875|8|17|12|11|3|7|12||26|51|.510|11|16|.688|7|10|.700|14|32|16|2|0|19|10
21|21|2011-02-05||North Carolina A&T|L (1 OT)|73|78|28|67|.418|12|40|.300|5|6|.833|6|16|14|6|4|7|12||32|52|.615|2|12|.167|12|15|.800|8|35|18|3|6|15|10
22|22|2011-02-07||Norfolk State|W|91|83|30|57|.526|13|24|.542|18|23|.783|7|18|14|11|3|3|13||32|56|.571|8|18|.444|11|15|.733|11|32|14|1|3|17|18
23|23|2011-02-12|@|Bethune-Cookman|L|48|61|16|46|.348|3|12|.250|13|19|.684|10|27|4|3|3|14|18||25|52|.481|0|7|.000|11|23|.478|14|33|8|4|3|10|19
24|24|2011-02-14|@|Florida A&M|L|63|69|22|54|.407|5|17|.294|14|19|.737|7|18|7|9|1|6|20||25|49|.510|7|17|.412|12|24|.500|18|39|13|2|7|17|14
25|25|2011-02-19|@|Tennessee State|L|63|78|24|63|.381|2|17|.118|13|19|.684|8|20|12|10|3|9|12||29|49|.592|7|14|.500|13|17|.765|10|38|18|5|2|22|19
26|26|2011-02-21|@|Coppin State|L|72|89|26|63|.413|7|21|.333|13|20|.650|11|25|9|11|1|14|17||33|55|.600|8|16|.500|15|21|.714|10|37|17|5|5|18|16
27|27|2011-02-23|@|Morgan State|L|39|42|15|47|.319|1|12|.083|8|15|.533|3|23|8|7|6|9|13||15|43|.349|5|10|.500|7|19|.368|9|39|11|3|3|17|15
28|28|2011-02-26||Hampton|L|64|71|24|54|.444|6|14|.429|10|16|.625|5|24|15|8|7|11|16||25|51|.490|6|15|.400|15|20|.750|7|32|12|6|4|12|17
29|29|2011-03-03|@|Maryland-Eastern Shore|L|50|60|20|47|.426|3|14|.214|7|12|.583|5|29|11|8|2|16|16||27|61|.443|3|13|.231|3|8|.375|10|33|17|9|1|10|13
30|30|2011-03-08|N|South Carolina State|L|59|64|21|52|.404|7|21|.333|10|13|.769|9|21|11|7|3|9|18||21|43|.488|6|9|.667|16|22|.727|11|31|10|3|2|15|14
