ranker|game_season|date_game|game_location|opp_id|game_result|pts|opp_pts|fg|fga|fg_pct|fg3|fg3a|fg3_pct|ft|fta|ft_pct|orb|trb|ast|stl|blk|tov|pf|x|opp_fg|opp_fga|opp_fg_pct|opp_fg3|opp_fg3a|opp_fg3_pct|opp_ft|opp_fta|opp_ft_pct|opp_orb|opp_trb|opp_ast|opp_stl|opp_blk|opp_tov|opp_pf|
1|1|2010-11-14||Chicago State|W|114|81|42|71|.592|5|22|.227|25|34|.735|9|37|31|17|7|20|23||31|72|.431|1|8|.125|18|22|.818|12|35|18|7|0|30|34
2|2|2010-11-16||Western Carolina|L|64|69|21|53|.396|2|13|.154|20|32|.625|5|30|9|10|2|12|22||25|65|.385|5|20|.250|14|21|.667|12|42|12|7|6|16|22
3|3|2010-11-25|N|Oklahoma State|L|56|60|20|60|.333|3|22|.136|13|19|.684|9|22|7|7|3|10|18||21|46|.457|1|10|.100|17|20|.850|10|38|6|2|5|25|17
4|4|2010-11-26|N|Cal State Northridge|L|66|88|27|61|.443|2|13|.154|10|14|.714|9|21|8|2|2|14|23||34|56|.607|3|6|.500|17|22|.773|11|34|15|2|5|13|18
5|5|2010-11-28|N|Stanford|L (1 OT)|74|81|27|61|.443|7|16|.438|13|17|.765|3|20|13|4|2|12|25||28|49|.571|5|12|.417|20|29|.690|7|37|14|2|5|19|14
6|6|2010-12-02||Northern Illinois|W|86|84|26|58|.448|2|11|.182|32|41|.780|12|34|16|9|6|11|19||34|63|.540|5|14|.357|11|18|.611|10|31|18|8|3|14|24
7|7|2010-12-05||Central Michigan|W|71|62|21|47|.447|6|13|.462|23|38|.605|10|25|12|11|9|15|17||24|55|.436|3|8|.375|11|13|.846|13|37|9|7|6|27|27
8|8|2010-12-08|@|Indiana State|L|51|73|19|50|.380|1|10|.100|12|22|.545|6|25|10|10|3|16|18||27|53|.509|3|12|.250|16|21|.762|9|36|13|7|6|14|18
9|9|2010-12-11||Ball State|L (1 OT)|77|79|29|62|.468|6|16|.375|13|18|.722|8|29|17|8|3|13|26||29|55|.527|3|11|.273|18|31|.581|11|35|17|7|0|19|20
10|10|2010-12-14||Milwaukee|W|61|47|23|52|.442|2|6|.333|13|15|.867|11|35|12|9|4|13|16||18|46|.391|3|14|.214|8|15|.533|7|21|12|4|2|20|15
11|11|2010-12-18||Loyola (IL)|W|81|74|30|55|.545|4|7|.571|17|22|.773|5|23|24|11|6|13|19||25|57|.439|6|18|.333|18|20|.900|9|29|12|3|2|19|18
12|12|2010-12-22||Florida Atlantic|W|71|62|24|50|.480|6|13|.462|17|22|.773|5|25|17|6|5|14|16||24|60|.400|4|17|.235|10|13|.769|13|34|12|7|4|16|17
13|13|2010-12-28|@|Cincinnati|L|60|76|26|66|.394|3|13|.231|5|12|.417|18|34|15|4|1|17|22||27|63|.429|4|15|.267|18|27|.667|19|38|13|9|5|8|16
14|14|2011-01-01|@|Georgetown|L|75|86|29|67|.433|1|8|.125|16|24|.667|14|35|14|12|2|10|21||31|59|.525|5|14|.357|19|26|.731|13|36|17|5|4|14|20
15|15|2011-01-04||West Virginia|L|65|67|24|60|.400|6|20|.300|11|15|.733|11|27|13|9|4|11|16||28|54|.519|4|14|.286|7|13|.538|6|28|20|3|3|16|15
16|16|2011-01-12||Seton Hall|L|67|78|25|65|.385|3|13|.231|14|20|.700|8|27|15|6|2|6|16||31|53|.585|3|9|.333|13|20|.650|6|38|20|4|3|13|16
17|17|2011-01-15||Connecticut|L|62|82|22|69|.319|6|19|.316|12|17|.706|18|40|17|2|1|12|18||28|55|.509|5|14|.357|21|25|.840|8|36|23|4|9|10|19
18|18|2011-01-18|@|Marquette|L|64|94|26|58|.448|4|19|.211|8|12|.667|12|31|13|5|1|21|21||35|68|.515|5|15|.333|19|29|.655|18|39|20|13|4|6|13
19|19|2011-01-22||Pittsburgh|L|50|80|19|55|.345|4|14|.286|8|15|.533|6|29|16|6|3|14|21||28|59|.475|7|13|.538|17|27|.630|14|46|18|8|1|11|16
20|20|2011-01-27|@|South Florida|L|60|71|25|52|.481|3|13|.231|7|8|.875|5|22|20|11|4|14|19||24|49|.490|6|12|.500|17|21|.810|9|31|15|9|6|13|8
21|21|2011-02-03||Notre Dame|L|58|83|19|54|.352|9|25|.360|11|16|.688|16|33|11|4|4|18|22||27|53|.509|9|21|.429|20|26|.769|11|31|17|7|2|9|12
22|22|2011-02-05|@|Louisville|L|57|61|23|52|.442|8|24|.333|3|4|.750|8|24|15|6|0|11|17||21|48|.438|7|23|.304|12|18|.667|11|32|17|6|5|11|10
23|23|2011-02-08||Cincinnati|L|68|71|26|53|.491|8|15|.533|8|16|.500|9|21|19|8|2|11|22||28|48|.583|3|8|.375|12|22|.545|11|28|19|5|3|13|14
24|24|2011-02-12|@|West Virginia|L|71|82|25|49|.510|8|18|.444|13|21|.619|8|25|14|6|2|13|25||28|53|.528|6|13|.462|20|25|.800|10|28|23|3|4|11|15
25|25|2011-02-17|@|Providence|W|79|76|28|62|.452|8|15|.533|15|20|.750|9|31|14|12|2|16|18||28|57|.491|6|16|.375|14|24|.583|11|35|11|8|4|19|21
26|26|2011-02-19||Villanova|L (1 OT)|75|77|27|65|.415|13|30|.433|8|13|.615|8|32|14|5|8|10|24||26|65|.400|5|15|.333|20|31|.645|15|44|7|10|1|13|13
27|27|2011-02-23|@|St. John's (NY)|L|51|76|17|55|.309|7|19|.368|10|17|.588|10|28|9|6|3|14|14||31|57|.544|3|12|.250|11|18|.611|11|39|19|8|6|15|14
28|28|2011-02-26||South Florida|L|76|86|27|55|.491|6|23|.261|16|24|.667|4|17|15|5|3|11|22||28|49|.571|7|12|.583|23|31|.742|7|30|19|6|2|13|18
29|29|2011-03-02||Rutgers|L|64|68|21|52|.404|8|26|.308|14|17|.824|9|31|10|4|7|11|17||26|58|.448|5|10|.500|11|15|.733|11|33|16|7|2|9|16
30|30|2011-03-05|@|Syracuse|L|59|107|25|64|.391|3|19|.158|6|13|.462|12|18|15|6|0|14|13||45|63|.714|7|9|.778|10|11|.909|10|37|28|13|12|13|13
31|31|2011-03-08|N|Connecticut|L|71|97|23|67|.343|9|24|.375|16|21|.762|8|20|11|10|2|14|24||33|55|.600|2|8|.250|29|32|.906|10|44|18|8|9|20|16
