ranker|game_season|date_game|game_location|opp_id|game_result|pts|opp_pts|fg|fga|fg_pct|fg3|fg3a|fg3_pct|ft|fta|ft_pct|orb|trb|ast|stl|blk|tov|pf|x|opp_fg|opp_fga|opp_fg_pct|opp_fg3|opp_fg3a|opp_fg3_pct|opp_ft|opp_fta|opp_ft_pct|opp_orb|opp_trb|opp_ast|opp_stl|opp_blk|opp_tov|opp_pf|
1|1|2010-11-13||Bluefield (WV)|W|110|67|41|84|.488|16|39|.410|12|23|.522|26|53|30|10|5|13|27||23|45|.511|4|11|.364|17|34|.500|3|23|11|6|2|24|15
2|2|2010-11-19|@|Robert Morris|L|63|69|19|53|.358|10|28|.357|15|25|.600|6|28|12|10|4|21|24||23|58|.397|6|25|.240|17|26|.654|17|44|12|9|3|21|23
3|3|2010-11-22|@|Bowling Green State|W|90|54|34|56|.607|9|22|.409|13|20|.650|12|36|22|13|6|17|20||12|44|.273|7|22|.318|23|29|.793|10|24|8|7|3|25|19
4|4|2010-11-27||Maryland-Baltimore County|W|101|69|30|54|.556|11|22|.500|30|43|.698|11|35|22|9|5|12|15||24|66|.364|7|27|.259|14|16|.875|15|30|11|6|3|20|30
5|5|2010-12-01|N|Pittsburgh|L|66|80|25|69|.362|8|25|.320|8|21|.381|13|29|14|9|5|10|22||30|62|.484|5|20|.250|15|23|.652|19|53|17|4|11|19|24
6|6|2010-12-04|@|Penn State|L|73|77|25|62|.403|14|31|.452|9|17|.529|13|34|20|9|5|15|25||28|51|.549|5|10|.500|16|31|.516|6|33|13|8|2|14|20
7|7|2010-12-08|@|Green Bay|W|81|71|24|42|.571|15|24|.625|18|26|.692|8|22|21|7|5|19|16||28|58|.483|4|16|.250|11|14|.786|15|30|12|7|2|17|22
8|8|2010-12-12|N|West Virginia|L|61|64|20|50|.400|5|13|.385|16|24|.667|10|29|11|7|7|15|17||24|53|.453|6|18|.333|10|16|.625|10|30|16|2|6|16|21
9|9|2010-12-18||IUPUI|W|81|54|31|63|.492|7|21|.333|12|16|.750|13|39|27|9|6|11|10||20|55|.364|6|23|.261|8|9|.889|7|22|10|3|1|16|14
10|10|2010-12-22||George Mason|L (2 OT)|79|85|29|68|.426|5|20|.250|16|25|.640|12|35|12|6|11|9|21||28|72|.389|11|26|.423|18|26|.692|21|48|16|3|3|15|26
11|11|2010-12-31||Northwestern State|W|91|64|29|62|.468|6|21|.286|27|43|.628|15|41|22|12|2|14|27||21|52|.404|4|16|.250|18|32|.563|13|38|15|5|7|28|29
12|12|2011-01-02||Norfolk State|W|95|73|27|57|.474|5|18|.278|36|45|.800|8|36|19|8|8|20|16||27|70|.386|6|20|.300|13|14|.929|11|32|14|8|5|26|35
13|13|2011-01-05|@|Saint Joseph's|W|75|63|25|52|.481|10|20|.500|15|21|.714|3|25|16|14|5|12|16||20|54|.370|6|19|.316|17|25|.680|12|36|11|5|8|19|18
14|14|2011-01-08|@|Houston Baptist|W|81|64|29|56|.518|9|22|.409|14|28|.500|9|29|20|17|5|18|18||25|60|.417|8|21|.381|6|11|.545|15|37|12|10|1|25|19
15|15|2011-01-12||Saint Louis|W|67|45|23|51|.451|6|16|.375|15|24|.625|9|30|13|6|6|7|19||17|46|.370|6|19|.316|5|12|.417|8|29|12|2|3|20|24
16|16|2011-01-15||Temple|W|78|66|21|44|.477|6|16|.375|30|41|.732|7|35|13|3|6|18|26||17|55|.309|6|24|.250|26|37|.703|14|29|11|7|5|15|32
17|17|2011-01-19|@|La Salle|W|88|71|34|69|.493|3|16|.188|17|24|.708|13|37|24|17|5|12|13||29|65|.446|8|18|.444|5|11|.455|13|34|14|5|3|25|20
18|18|2011-01-22||Charlotte|W|83|67|33|65|.508|6|24|.250|11|17|.647|7|24|21|16|4|8|16||25|57|.439|7|24|.292|10|13|.769|13|38|15|5|0|26|17
19|19|2011-01-26|@|Fordham|W|91|72|31|66|.470|11|25|.440|18|29|.621|11|33|25|11|7|5|17||26|68|.382|7|22|.318|13|19|.684|19|40|10|2|4|17|20
20|20|2011-01-30|N|Dayton|W|82|64|30|59|.508|9|22|.409|13|28|.464|10|36|18|10|4|12|13||27|61|.443|6|19|.316|4|9|.444|9|32|15|4|5|20|25
21|21|2011-02-02||George Washington|W|84|59|27|55|.491|7|20|.350|23|43|.535|14|32|19|7|6|9|18||19|46|.413|10|22|.455|11|20|.550|12|31|14|4|6|25|31
22|22|2011-02-05|@|St. Bonaventure|L|62|64|24|67|.358|7|26|.269|7|13|.538|17|34|15|8|5|10|15||23|50|.460|6|13|.462|12|15|.800|12|36|13|6|7|18|18
23|23|2011-02-13|N|Xavier|L|63|71|21|58|.362|8|24|.333|13|27|.481|11|26|13|8|3|11|24||21|43|.488|7|17|.412|22|30|.733|9|38|10|4|4|20|22
24|24|2011-02-16|@|Massachusetts|W|81|63|30|67|.448|12|32|.375|9|16|.563|10|34|24|17|7|17|14||23|64|.359|3|14|.214|14|16|.875|11|39|8|10|4|23|16
25|25|2011-02-19|@|Dayton|L|63|64|21|51|.412|9|22|.409|12|19|.632|3|19|12|6|3|11|18||22|52|.423|4|12|.333|16|22|.727|16|46|11|4|3|19|18
26|26|2011-02-23||Rhode Island|L|76|77|28|58|.483|4|18|.222|16|28|.571|11|29|13|7|5|10|22||27|57|.474|7|14|.500|16|22|.727|13|36|19|2|2|17|25
27|27|2011-02-26|@|Saint Louis|L|51|62|19|58|.328|2|14|.143|11|16|.688|13|33|10|7|6|15|20||24|53|.453|3|13|.231|11|21|.524|12|38|12|8|4|15|18
28|28|2011-03-02||St. Bonaventure|W|70|64|29|62|.468|4|22|.182|8|13|.615|11|26|21|10|2|12|21||21|41|.512|4|11|.364|18|21|.857|8|26|10|3|4|23|17
29|29|2011-03-05|@|Richmond|L|56|68|21|64|.328|3|22|.136|11|18|.611|12|33|9|8|5|10|24||21|45|.467|5|14|.357|21|30|.700|9|44|12|6|2|18|17
30|30|2011-03-11|N|Saint Joseph's|L (1 OT)|90|93|31|64|.484|9|21|.429|19|32|.594|12|33|22|13|4|15|23||32|61|.525|8|16|.500|21|31|.677|12|35|18|9|1|17|20
31|31|2011-03-16|@|Montana|W|87|76|32|59|.542|7|18|.389|16|21|.762|9|31|12|14|6|16|20||28|56|.500|4|10|.400|16|25|.640|8|29|12|10|4|19|17
32|32|2011-03-21|@|Oregon|L|75|77|29|60|.483|13|28|.464|4|8|.500|8|31|19|9|7|17|19||24|61|.393|9|25|.360|20|26|.769|15|37|15|11|3|15|14
