ranker|game_season|date_game|game_location|opp_id|game_result|pts|opp_pts|fg|fga|fg_pct|fg3|fg3a|fg3_pct|ft|fta|ft_pct|orb|trb|ast|stl|blk|tov|pf|x|opp_fg|opp_fga|opp_fg_pct|opp_fg3|opp_fg3a|opp_fg3_pct|opp_ft|opp_fta|opp_ft_pct|opp_orb|opp_trb|opp_ast|opp_stl|opp_blk|opp_tov|opp_pf|
1|1|2010-11-12|@|Loyola (IL)|L|57|73|19|56|.339|5|20|.250|14|19|.737|8|23|9|8|4|9|18||23|51|.451|9|18|.500|18|25|.720|12|36|14|5|7|14|15
2|2|2010-11-13|N|Texas-Pan American|L|53|67|13|40|.325|5|16|.313|22|29|.759|8|32|9|2|3|22|29||21|53|.396|5|15|.333|20|30|.667|10|28|8|8|2|13|22
3|3|2010-11-14|N|Indiana State|W (1 OT)|64|59|18|45|.400|6|15|.400|22|30|.733|7|31|9|4|4|14|19||18|54|.333|5|18|.278|18|26|.692|11|32|9|4|6|13|23
4|4|2010-11-17||Southern Illinois-Edwardsville|W|81|65|31|60|.517|6|18|.333|13|23|.565|10|35|19|11|5|10|18||24|55|.436|7|25|.280|10|20|.500|6|27|17|5|1|18|19
5|5|2010-11-20||Presbyterian|L|66|67|21|44|.477|11|21|.524|13|18|.722|4|18|16|2|2|10|12||27|46|.587|8|14|.571|5|11|.455|7|27|23|1|2|11|15
6|6|2010-11-23||Cincinnati Christian|W|91|27|38|57|.667|8|18|.444|7|8|.875|9|45|25|6|12|13|11||10|53|.189|4|15|.267|3|6|.500|3|13|6|8|0|13|11
7|7|2010-12-02||Murray State|L|72|74|23|42|.548|6|17|.353|20|23|.870|6|21|15|6|3|14|24||23|47|.489|6|13|.462|22|26|.846|10|22|13|10|1|11|20
8|8|2010-12-04||Tennessee-Martin|W|77|69|25|53|.472|9|23|.391|18|31|.581|7|28|18|11|2|14|21||21|48|.438|4|15|.267|23|30|.767|8|36|5|7|1|17|24
9|9|2010-12-08||Kentucky Christian|W|95|45|34|61|.557|12|21|.571|15|19|.789|8|38|25|11|5|12|9||19|57|.333|3|16|.188|4|6|.667|8|24|9|6|5|20|16
10|10|2010-12-11|@|Minnesota|L|58|71|19|53|.358|10|29|.345|10|10|1.000|5|21|15|10|2|17|18||26|50|.520|7|20|.350|12|22|.545|10|34|20|11|1|16|13
11|11|2010-12-18|@|Austin Peay|L|51|78|19|52|.365|3|18|.167|10|13|.769|8|26|10|5|2|14|19||30|57|.526|3|8|.375|15|20|.750|11|37|15|8|6|10|12
12|12|2010-12-21|@|Tennessee State|L|49|62|15|49|.306|8|27|.296|11|17|.647|6|21|9|4|1|11|16||23|54|.426|7|22|.318|9|13|.692|13|41|12|4|3|16|15
13|13|2010-12-31|@|Georgia|L|57|64|22|55|.400|7|25|.280|6|6|1.000|7|23|8|1|1|8|15||25|50|.500|2|11|.182|12|17|.706|11|31|14|4|4|9|8
14|14|2011-01-02|@|Georgia Southern|W|79|73|24|45|.533|7|17|.412|24|38|.632|5|24|18|8|1|16|22||26|50|.520|8|15|.533|13|18|.722|5|26|16|8|2|22|31
15|15|2011-01-06||Jacksonville State|W|64|61|22|49|.449|9|23|.391|11|13|.846|11|28|16|4|4|9|13||25|55|.455|4|13|.308|7|9|.778|11|27|12|4|4|7|13
16|16|2011-01-08||Tennessee Tech|L|66|78|20|50|.400|10|29|.345|16|17|.941|4|10|13|8|0|11|18||27|42|.643|7|12|.583|17|20|.850|5|26|17|4|2|16|18
17|17|2011-01-13|@|Eastern Illinois|W|63|49|24|50|.480|10|25|.400|5|6|.833|8|27|15|8|5|13|13||19|46|.413|5|12|.417|6|8|.750|6|25|9|3|1|16|10
18|18|2011-01-15|@|Southeast Missouri State|W|64|52|25|55|.455|8|21|.381|6|9|.667|5|22|14|7|0|11|20||17|39|.436|5|16|.313|13|19|.684|6|30|8|4|3|19|16
19|19|2011-01-18|@|Southern Illinois-Edwardsville|W|70|50|27|55|.491|8|16|.500|8|11|.727|9|34|19|8|4|11|11||17|48|.354|8|22|.364|8|11|.727|5|24|12|4|2|13|15
20|20|2011-01-22|@|Morehead State|W|59|49|17|51|.333|11|31|.355|14|17|.824|4|22|13|6|4|11|22||16|54|.296|7|22|.318|10|22|.455|15|44|12|5|1|17|19
21|21|2011-01-27||Austin Peay|L|52|61|19|47|.404|10|28|.357|4|6|.667|4|21|11|3|2|10|20||18|44|.409|4|13|.308|21|31|.677|11|36|13|8|3|8|13
22|22|2011-01-29||Tennessee State|W|86|72|27|44|.614|9|19|.474|23|29|.793|3|21|14|4|1|7|22||22|43|.512|5|16|.313|23|28|.821|6|19|13|2|1|11|22
23|23|2011-02-03|@|Tennessee Tech|L|54|63|19|49|.388|7|23|.304|9|14|.643|4|22|13|4|1|11|20||21|53|.396|4|16|.250|17|24|.708|11|38|12|4|2|11|18
24|24|2011-02-05|@|Jacksonville State|W|57|51|18|43|.419|4|15|.267|17|20|.850|3|21|9|10|3|8|13||19|49|.388|4|17|.235|9|11|.818|9|31|11|3|4|15|18
25|25|2011-02-10||Southeast Missouri State|W|77|64|28|49|.571|8|15|.533|13|15|.867|5|23|17|5|2|7|15||26|51|.510|4|11|.364|8|18|.444|10|25|12|4|2|10|17
26|26|2011-02-12||Eastern Illinois|W|67|47|25|49|.510|10|24|.417|7|8|.875|5|21|19|4|3|8|19||16|37|.432|3|9|.333|12|20|.600|7|24|8|3|1|13|13
27|27|2011-02-16||Morehead State|L (1 OT)|68|76|24|59|.407|12|29|.414|8|9|.889|7|18|14|9|1|9|17||28|55|.509|7|14|.500|13|20|.650|15|40|17|4|6|18|14
28|28|2011-02-19|@|Western Carolina|L|74|81|27|53|.509|9|18|.500|11|17|.647|4|25|11|6|1|16|21||28|58|.483|6|14|.429|19|27|.704|10|34|12|10|8|12|20
29|29|2011-02-24|@|Tennessee-Martin|L|70|78|28|59|.475|8|25|.320|6|13|.462|12|30|19|6|4|16|24||25|49|.510|6|17|.353|22|30|.733|4|21|14|5|7|11|17
30|30|2011-02-26|@|Murray State|L|56|66|20|53|.377|4|17|.235|12|16|.750|8|22|8|3|2|9|21||20|38|.526|7|14|.500|19|23|.826|5|27|10|7|3|12|16
31|31|2011-03-02|N|Southeast Missouri State|L|49|65|16|57|.281|7|28|.250|10|15|.667|9|31|6|3|1|7|21||21|36|.583|8|12|.667|15|28|.536|2|37|16|2|5|11|21
