ranker|game_season|date_game|game_location|opp_id|game_result|pts|opp_pts|fg|fga|fg_pct|fg3|fg3a|fg3_pct|ft|fta|ft_pct|orb|trb|ast|stl|blk|tov|pf|x|opp_fg|opp_fga|opp_fg_pct|opp_fg3|opp_fg3a|opp_fg3_pct|opp_ft|opp_fta|opp_ft_pct|opp_orb|opp_trb|opp_ast|opp_stl|opp_blk|opp_tov|opp_pf|
1|1|2010-11-13|N|Sacred Heart|W|62|45|21|46|.457|1|11|.091|19|29|.655|7|36|9|7|3|15|18||17|54|.315|6|21|.286|5|9|.556|8|26|9|8|1|15|28
2|2|2010-11-15|@|Rutgers|L|53|68|16|55|.291|6|23|.261|15|21|.714|13|35|8|6|3|11|16||27|56|.482|8|18|.444|6|13|.462|9|33|14|7|10|10|19
3|3|2010-11-19|@|Penn State|L|49|64|19|60|.317|3|15|.200|8|14|.571|17|36|10|7|6|16|14||25|61|.410|9|22|.409|5|8|.625|12|38|14|5|5|12|12
4|4|2010-11-23||Saint Joseph's|L|51|60|20|56|.357|5|23|.217|6|11|.545|11|29|15|7|3|11|22||21|42|.500|2|12|.167|16|21|.762|5|32|7|7|11|14|12
5|5|2010-11-26|N|Norfolk State|W|91|56|36|57|.632|8|13|.615|11|21|.524|9|36|24|12|5|12|21||20|56|.357|1|13|.077|15|23|.652|8|26|7|8|7|16|19
6|6|2010-12-02|@|Savannah State|W|41|39|13|47|.277|2|11|.182|13|25|.520|7|24|9|10|2|20|20||15|39|.385|3|15|.200|6|18|.333|6|29|11|5|9|22|23
7|7|2010-12-05||Loyola (MD)|W|65|55|22|46|.478|3|8|.375|18|27|.667|9|36|16|6|5|15|17||18|55|.327|7|25|.280|12|17|.706|12|32|10|8|7|17|25
8|8|2010-12-07||Howard|W|72|52|27|52|.519|5|15|.333|13|19|.684|10|28|20|8|5|14|12||20|50|.400|2|13|.154|10|15|.667|7|16|2|11|4|14|13
9|9|2010-12-10|@|Siena|W|72|55|29|58|.500|5|14|.357|9|15|.600|9|32|16|8|3|14|16||22|49|.449|5|16|.313|6|11|.545|5|19|12|3|4|17|11
10|10|2010-12-12|@|Holy Cross|W|71|60|25|55|.455|4|11|.364|17|26|.654|9|33|17|7|1|9|13||22|61|.361|7|20|.350|9|15|.600|16|40|14|4|4|17|23
11|11|2010-12-20||Vermont|W|67|59|24|55|.436|3|9|.333|16|19|.842|12|30|12|5|6|11|16||25|54|.463|6|11|.545|3|9|.333|9|25|12|3|0|15|18
12|12|2010-12-31||Army|W|68|61|21|51|.412|1|9|.111|25|37|.676|11|32|11|6|4|12|19||20|51|.392|10|26|.385|11|15|.733|11|35|10|7|0|19|29
13|13|2011-01-03||Niagara|W|70|48|28|48|.583|2|7|.286|12|19|.632|6|34|20|7|2|21|23||15|54|.278|2|15|.133|16|27|.593|12|27|7|12|4|14|13
14|14|2011-01-07|@|Marist|W|59|44|23|56|.411|3|19|.158|10|16|.625|14|34|10|10|3|11|10||17|43|.395|5|12|.417|5|8|.625|5|25|5|6|3|18|14
15|15|2011-01-09||Saint Peter's|W|70|43|22|50|.440|3|12|.250|23|33|.697|14|38|12|8|7|8|20||13|52|.250|5|17|.294|12|17|.706|17|34|8|3|2|15|22
16|16|2011-01-14|@|Loyola (MD)|L|65|66|25|50|.500|7|14|.500|8|19|.421|5|25|14|4|2|15|16||25|53|.472|6|13|.462|10|16|.625|8|29|15|8|6|14|16
17|17|2011-01-17|@|Rider|W|65|57|21|49|.429|9|19|.474|14|22|.636|8|29|16|9|1|11|13||23|52|.442|6|15|.400|5|11|.455|9|31|13|6|3|17|16
18|18|2011-01-21|@|Canisius|W|67|60|24|59|.407|4|11|.364|15|23|.652|13|38|11|6|1|13|17||22|58|.379|5|21|.238|11|14|.786|10|29|11|7|6|12|20
19|19|2011-01-23|@|Niagara|W|57|49|18|53|.340|1|12|.083|20|29|.690|13|38|12|9|2|15|15||18|52|.346|3|16|.188|10|16|.625|4|26|4|9|6|15|22
20|20|2011-01-28||Manhattan|W|61|59|24|49|.490|4|10|.400|9|13|.692|6|26|15|7|4|15|18||25|54|.463|3|8|.375|6|15|.400|11|27|9|9|5|12|13
21|21|2011-01-31||Canisius|W|70|55|23|55|.418|4|12|.333|20|27|.741|8|39|14|8|4|12|14||19|56|.339|4|16|.250|13|18|.722|6|29|8|8|7|15|17
22|22|2011-02-04||Iona|W|75|71|27|49|.551|1|8|.125|20|29|.690|13|34|17|3|4|14|19||25|62|.403|6|16|.375|15|19|.789|14|26|12|7|3|9|21
23|23|2011-02-06||Rider|L|87|96|33|72|.458|9|22|.409|12|18|.667|12|36|13|5|7|13|27||30|62|.484|6|13|.462|30|42|.714|8|32|9|8|5|10|17
24|24|2011-02-11|@|Manhattan|W|65|56|22|54|.407|6|11|.545|15|22|.682|13|36|13|4|3|10|14||23|53|.434|5|11|.455|5|9|.556|7|27|16|7|7|12|18
25|25|2011-02-13|@|Saint Peter's|W (1 OT)|70|69|26|64|.406|6|16|.375|12|16|.750|13|35|18|12|3|19|24||22|57|.386|3|16|.188|22|35|.629|15|36|9|10|5|20|18
26|26|2011-02-16||Marist|W|61|54|26|54|.481|4|15|.267|5|7|.714|3|23|14|10|7|8|17||19|46|.413|7|16|.438|9|15|.600|6|28|4|2|0|17|15
27|27|2011-02-19||Austin Peay|W|76|69|28|58|.483|3|14|.214|17|22|.773|12|33|14|14|4|17|19||24|54|.444|7|15|.467|14|19|.737|13|32|9|10|2|24|20
28|28|2011-02-25||Siena|W|68|55|25|68|.368|7|16|.438|11|17|.647|18|41|15|10|4|11|14||23|58|.397|1|6|.167|8|16|.500|14|38|6|5|9|17|16
29|29|2011-02-27|@|Iona|L|69|74|21|53|.396|4|14|.286|23|36|.639|10|29|7|11|3|12|26||25|50|.500|4|10|.400|20|30|.667|12|40|14|8|6|18|27
30|30|2011-03-05||Marist|W|55|31|21|53|.396|4|12|.333|9|16|.563|12|35|10|19|3|16|15||12|41|.293|3|11|.273|4|7|.571|6|25|3|8|2|25|17
31|31|2011-03-06|N|Saint Peter's|L|48|62|15|45|.333|2|14|.143|16|21|.762|10|31|10|9|6|22|16||22|52|.423|4|15|.267|14|17|.824|8|27|11|12|5|14|17
32|32|2011-03-15|@|Colorado State|W|62|60|25|58|.431|3|17|.176|9|17|.529|5|29|14|12|1|8|18||19|59|.322|3|14|.214|19|23|.826|16|47|11|5|2|20|17
33|33|2011-03-20||Kent State|L|68|72|27|60|.450|7|26|.269|7|13|.538|10|31|16|5|1|12|15||30|60|.500|8|19|.421|4|5|.800|7|28|12|9|2|9|13
