ranker|game_season|date_game|game_location|opp_id|game_result|pts|opp_pts|fg|fga|fg_pct|fg3|fg3a|fg3_pct|ft|fta|ft_pct|orb|trb|ast|stl|blk|tov|pf|x|opp_fg|opp_fga|opp_fg_pct|opp_fg3|opp_fg3a|opp_fg3_pct|opp_ft|opp_fta|opp_ft_pct|opp_orb|opp_trb|opp_ast|opp_stl|opp_blk|opp_tov|opp_pf|
1|1|2010-11-12||North Carolina-Wilmington|W|77|60|28|57|.491|6|19|.316|15|22|.682|15|31|18|12|1|15|11||23|48|.479|6|16|.375|8|8|1.000|6|21|11|11|4|20|16
2|2|2010-11-16||Ohio State|L|75|93|30|49|.612|6|14|.429|9|14|.643|8|26|11|1|4|18|17||39|62|.629|9|21|.429|6|10|.600|7|17|22|6|2|8|16
3|3|2010-11-18||North Carolina A&T|W|105|55|42|73|.575|9|22|.409|12|17|.706|17|42|26|16|8|11|12||20|58|.345|8|18|.444|7|11|.636|12|27|13|7|3|23|18
4|4|2010-11-21||Morehead State|W|61|55|21|54|.389|5|19|.263|14|23|.609|8|32|14|3|4|11|11||22|60|.367|4|20|.200|7|12|.583|13|38|8|5|3|11|21
5|5|2010-11-23||Florida Atlantic|W|79|66|26|58|.448|5|15|.333|22|31|.710|17|44|11|5|3|13|17||24|57|.421|5|15|.333|13|21|.619|9|28|14|5|2|11|22
6|6|2010-11-28|@|Florida State|W|55|51|16|42|.381|6|16|.375|17|25|.680|10|34|8|7|4|17|14||19|55|.345|7|17|.412|6|11|.545|13|29|12|9|3|14|20
7|7|2010-12-01|N|Central Florida|L|54|57|21|50|.420|2|13|.154|10|18|.556|10|37|12|6|4|14|13||21|55|.382|5|19|.263|10|16|.625|7|30|10|7|3|7|16
8|8|2010-12-05|N|American|W|67|48|25|51|.490|6|17|.353|11|13|.846|7|27|18|10|3|10|13||19|44|.432|4|15|.267|6|9|.667|6|24|11|1|3|17|15
9|9|2010-12-09||Kent State|W|65|52|30|62|.484|3|16|.188|2|6|.333|13|36|11|7|7|11|10||19|55|.345|7|18|.389|7|12|.583|12|32|12|5|3|15|12
10|10|2010-12-18|N|Kansas State|W|57|44|23|43|.535|3|10|.300|8|15|.533|7|26|11|3|7|17|17||15|55|.273|3|19|.158|11|19|.579|12|28|7|4|2|8|18
11|11|2010-12-20||Jacksonville|L (1 OT)|68|71|21|60|.350|3|15|.200|23|33|.697|19|42|9|1|3|17|13||29|65|.446|5|16|.313|8|14|.571|11|30|9|7|2|13|26
12|12|2010-12-22||Radford|W|66|55|23|57|.404|9|25|.360|11|21|.524|19|35|16|10|3|16|17||21|42|.500|4|10|.400|9|16|.563|7|26|12|10|3|24|22
13|13|2010-12-31|@|Xavier|W|71|67|23|51|.451|6|13|.462|19|25|.760|11|38|17|5|3|16|17||25|62|.403|6|20|.300|11|17|.647|12|30|12|8|2|8|22
14|14|2011-01-03||Rhode Island|W|84|59|31|66|.470|8|18|.444|14|21|.667|15|41|19|6|4|13|11||24|64|.375|4|23|.174|7|8|.875|11|29|12|5|6|11|17
15|15|2011-01-08||Mississippi|W|77|71|28|59|.475|9|18|.500|12|15|.800|6|28|22|6|3|7|11||26|55|.473|9|22|.409|10|13|.769|8|33|8|4|7|11|17
16|16|2011-01-11|@|Tennessee|W (1 OT)|81|75|31|59|.525|8|16|.500|11|20|.550|7|31|14|5|5|11|15||27|57|.474|7|20|.350|14|22|.636|7|31|17|10|7|12|22
17|17|2011-01-15||South Carolina|L|69|72|26|58|.448|5|13|.385|12|22|.545|12|32|13|2|5|9|14||27|61|.443|7|21|.333|11|15|.733|12|36|14|4|7|8|18
18|18|2011-01-20|@|Auburn|W|45|40|15|53|.283|5|26|.192|10|14|.714|13|34|9|5|5|14|12||18|48|.375|3|11|.273|1|8|.125|6|27|9|9|2|13|17
19|19|2011-01-22||Arkansas|W|75|43|30|60|.500|5|16|.313|10|14|.714|10|41|18|6|5|7|17||15|51|.294|2|14|.143|11|17|.647|6|26|5|4|1|13|14
20|20|2011-01-25|@|Georgia|W (2 OT)|104|91|35|76|.461|8|20|.400|26|36|.722|14|41|10|12|3|13|19||34|75|.453|7|17|.412|16|24|.667|16|44|14|8|5|20|24
21|21|2011-01-29|@|Mississippi State|L|64|71|25|63|.397|5|21|.238|9|19|.474|16|42|10|5|3|8|19||22|54|.407|8|23|.348|19|23|.826|9|34|11|3|1|8|14
22|22|2011-02-01||Vanderbilt|W (1 OT)|65|61|22|60|.367|6|19|.316|15|26|.577|12|42|11|3|3|11|19||21|56|.375|6|23|.261|13|18|.722|6|29|8|3|3|9|22
23|23|2011-02-05||Kentucky|W|70|68|23|53|.434|6|19|.316|18|22|.818|6|28|15|6|5|9|11||25|54|.463|7|12|.583|11|13|.846|3|27|14|6|5|11|19
24|24|2011-02-09|@|South Carolina|W|79|60|31|56|.554|8|18|.444|9|13|.692|11|27|15|7|0|16|11||23|55|.418|8|22|.364|6|11|.545|10|25|11|6|2|18|17
25|25|2011-02-12||Tennessee|W|61|60|20|42|.476|5|13|.385|16|22|.727|7|24|10|7|3|17|12||25|51|.490|6|18|.333|4|10|.400|6|21|9|14|2|16|20
26|26|2011-02-20|@|Louisiana State|W|68|61|25|55|.455|4|13|.308|14|20|.700|15|36|7|9|2|13|13||25|59|.424|7|18|.389|4|7|.571|8|25|13|6|1|12|20
27|27|2011-02-24||Georgia|W|71|62|25|55|.455|7|20|.350|14|20|.700|10|30|13|4|2|5|10||26|52|.500|3|13|.231|7|10|.700|7|30|17|3|1|13|14
28|28|2011-02-26|@|Kentucky|L|68|76|25|56|.446|8|19|.421|10|13|.769|8|29|18|3|1|10|21||30|58|.517|7|14|.500|9|15|.600|10|32|12|1|7|6|14
29|29|2011-03-01||Alabama|W|78|51|29|56|.518|8|21|.381|12|20|.600|12|33|19|9|2|8|12||21|54|.389|1|8|.125|8|9|.889|11|27|8|5|1|15|18
30|30|2011-03-05|@|Vanderbilt|W|86|76|29|59|.492|7|19|.368|21|27|.778|11|30|12|4|2|10|17||29|49|.592|6|18|.333|12|18|.667|3|21|11|3|5|10|19
31|31|2011-03-11|N|Tennessee|W|85|74|27|46|.587|6|12|.500|25|37|.676|5|29|12|5|3|15|16||26|60|.433|4|19|.211|18|25|.720|12|30|11|11|0|12|27
32|32|2011-03-12|N|Vanderbilt|W|77|66|28|58|.483|11|21|.524|10|14|.714|11|38|13|3|2|11|12||23|63|.365|6|33|.182|14|19|.737|12|30|12|7|3|6|13
33|33|2011-03-13|N|Kentucky|L|54|70|22|57|.386|7|20|.350|3|8|.375|9|29|11|1|5|14|22||20|48|.417|6|14|.429|24|29|.828|8|31|11|6|6|6|15
34|34|2011-03-17|N|California-Santa Barbara|W|79|51|29|53|.547|8|23|.348|13|17|.765|8|33|22|11|2|12|15||17|47|.362|5|19|.263|12|18|.667|7|24|8|7|3|17|17
35|35|2011-03-19|N|UCLA|W|73|65|27|54|.500|6|14|.429|13|17|.765|7|30|13|2|4|8|18||23|55|.418|3|13|.231|16|25|.640|10|30|12|4|5|8|14
36|36|2011-03-24|N|Brigham Young|W (1 OT)|83|74|31|65|.477|11|34|.324|10|22|.455|8|42|23|8|5|15|12||25|71|.352|10|37|.270|14|16|.875|11|39|13|11|1|12|19
37|37|2011-03-26|N|Butler|L (1 OT)|71|74|25|57|.439|3|14|.214|18|22|.818|8|33|10|6|3|7|24||24|60|.400|9|33|.273|17|27|.630|13|36|8|2|1|10|20
