ranker|game_season|date_game|game_location|opp_id|game_result|pts|opp_pts|fg|fga|fg_pct|fg3|fg3a|fg3_pct|ft|fta|ft_pct|orb|trb|ast|stl|blk|tov|pf|x|opp_fg|opp_fga|opp_fg_pct|opp_fg3|opp_fg3a|opp_fg3_pct|opp_ft|opp_fta|opp_ft_pct|opp_orb|opp_trb|opp_ast|opp_stl|opp_blk|opp_tov|opp_pf|
1|1|2010-11-12||North Florida|W|75|55|27|63|.429|6|22|.273|15|23|.652|12|38|11|10|7|15|19||18|53|.340|5|18|.278|14|17|.824|7|34|8|6|2|21|22
2|2|2010-11-14|@|North Carolina-Greensboro|W|97|73|35|68|.515|7|18|.389|20|25|.800|15|36|12|20|11|20|22||27|70|.386|4|15|.267|15|23|.652|17|34|12|7|3|26|21
3|3|2010-11-16||Gardner-Webb|W|78|53|26|53|.491|7|15|.467|19|27|.704|11|38|15|10|6|16|19||19|54|.352|7|24|.292|8|17|.471|8|25|9|4|3|18|26
4|4|2010-11-18|@|Florida International|W|89|66|32|65|.492|10|24|.417|15|21|.714|13|46|18|5|10|17|23||22|68|.324|6|22|.273|16|24|.667|13|32|8|12|6|12|22
5|5|2010-11-23||Mercer|W|79|55|28|51|.549|4|16|.250|19|28|.679|7|42|14|5|13|22|18||19|76|.250|3|28|.107|14|19|.737|17|32|6|10|3|11|22
6|6|2010-11-28||Florida|L|51|55|19|55|.345|7|17|.412|6|11|.545|13|29|12|9|3|14|20||16|42|.381|6|16|.375|17|25|.680|10|34|8|7|4|17|14
7|7|2010-11-30||Ohio State|L|44|58|17|48|.354|3|17|.176|7|10|.700|5|29|6|8|10|22|17||19|59|.322|4|20|.200|16|21|.762|14|39|6|11|4|15|15
8|8|2010-12-05||Hartford|W|60|38|21|56|.375|5|23|.217|13|22|.591|17|54|15|10|6|26|13||14|65|.215|8|40|.200|2|4|.500|9|27|9|15|0|15|20
9|9|2010-12-12||Clemson|W|75|69|27|62|.435|8|19|.421|13|17|.765|13|32|15|8|7|14|16||22|54|.407|8|22|.364|17|20|.850|9|30|11|8|5|16|18
10|10|2010-12-15||Stetson|W|97|63|28|56|.500|9|23|.391|32|49|.653|8|39|18|9|7|13|24||19|59|.322|5|26|.192|20|27|.741|11|35|7|8|0|20|30
11|11|2010-12-18|@|Loyola Marymount|W|74|63|28|60|.467|7|21|.333|11|15|.733|13|35|19|6|4|14|13||25|53|.472|5|18|.278|8|14|.571|6|25|14|8|3|13|15
12|12|2010-12-22|@|Hawaii|W|70|62|20|62|.323|10|27|.370|20|32|.625|22|44|12|14|7|16|21||18|51|.353|11|27|.407|15|20|.750|7|27|15|7|1|22|28
13|13|2010-12-23|N|Butler|L|64|67|21|53|.396|10|28|.357|12|15|.800|15|35|6|4|3|18|24||19|50|.380|11|27|.407|18|23|.783|11|23|11|5|1|11|18
14|14|2010-12-25|N|Baylor|W|68|61|24|54|.444|6|17|.353|14|24|.583|10|41|17|7|4|15|22||18|54|.333|5|14|.357|20|32|.625|8|27|10|4|2|15|18
15|15|2011-01-03|@|Auburn|L|60|65|21|60|.350|5|26|.192|13|26|.500|15|37|15|10|7|14|17||22|47|.468|8|19|.421|13|18|.722|3|29|15|9|4|18|24
16|16|2011-01-08|@|Virginia Tech|L|59|71|22|62|.355|7|24|.292|8|14|.571|15|37|13|8|4|19|30||18|45|.400|1|8|.125|34|37|.919|5|28|9|10|3|13|16
17|17|2011-01-12||Duke|W|66|61|24|54|.444|6|13|.462|12|18|.667|10|33|7|9|2|15|16||19|61|.311|11|35|.314|12|16|.750|11|34|9|9|3|15|17
18|18|2011-01-15||North Carolina State|W|84|71|30|55|.545|5|13|.385|19|23|.826|5|29|11|8|5|11|21||24|62|.387|6|15|.400|17|25|.680|15|34|9|5|0|16|20
19|19|2011-01-19|@|Miami (FL)|W|55|53|18|56|.321|3|17|.176|16|30|.533|16|39|9|5|2|11|19||17|50|.340|5|22|.227|14|20|.700|8|36|7|5|6|10|23
20|20|2011-01-22||Boston College|W|67|51|24|47|.511|7|17|.412|12|16|.750|9|33|11|6|7|13|18||17|48|.354|8|23|.348|9|18|.500|7|22|12|6|2|10|18
21|21|2011-01-29|@|Clemson|L|44|62|16|49|.327|4|17|.235|8|12|.667|11|29|7|12|4|21|22||19|49|.388|8|21|.381|16|20|.800|12|33|13|11|6|17|15
22|22|2011-02-01||Wake Forest|W|85|61|30|72|.417|10|27|.370|15|25|.600|12|40|12|16|2|13|15||23|54|.426|9|25|.360|6|14|.429|4|30|12|5|9|24|23
23|23|2011-02-06|@|North Carolina|L|69|89|28|60|.467|4|21|.190|9|18|.500|8|27|15|5|7|14|22||34|61|.557|8|20|.400|13|21|.619|10|36|23|4|2|10|19
24|24|2011-02-10|@|Georgia Tech|W|72|63|21|45|.467|6|13|.462|24|35|.686|8|34|8|9|7|17|18||23|77|.299|7|31|.226|10|15|.667|24|40|12|9|4|13|23
25|25|2011-02-12||Virginia|W|63|56|21|47|.447|6|18|.333|15|19|.789|6|37|10|6|6|16|14||19|60|.317|11|30|.367|7|8|.875|7|26|12|11|2|10|18
26|26|2011-02-19|@|Wake Forest|W|84|66|26|58|.448|4|18|.222|28|35|.800|11|41|15|9|4|13|24||19|58|.328|3|17|.176|25|33|.758|12|31|9|5|7|15|25
27|27|2011-02-23|@|Maryland|L|62|78|23|53|.434|5|13|.385|11|19|.579|8|26|13|11|3|17|21||25|48|.521|7|14|.500|21|30|.700|6|29|18|7|4|16|14
28|28|2011-02-26||Miami (FL)|W|65|59|22|49|.449|8|14|.571|13|20|.650|8|31|14|11|3|17|13||20|63|.317|8|32|.250|11|13|.846|17|38|8|4|3|16|18
29|29|2011-03-02||North Carolina|L|70|72|29|60|.483|5|12|.417|7|13|.538|7|24|13|9|6|10|16||26|55|.473|6|12|.500|14|18|.778|8|33|13|3|6|15|16
30|30|2011-03-06|@|North Carolina State|W|72|62|28|59|.475|4|16|.250|12|15|.800|11|36|11|12|6|13|20||20|52|.385|5|17|.294|17|25|.680|9|29|14|7|4|14|18
31|31|2011-03-11|N|Virginia Tech|L|51|52|23|49|.469|4|15|.267|1|5|.200|11|36|13|1|5|20|20||17|54|.315|6|22|.273|12|21|.571|7|24|12|7|0|10|14
32|32|2011-03-18|N|Texas A&M|W|57|50|20|43|.465|4|15|.267|13|20|.650|5|30|14|6|10|12|17||16|51|.314|9|25|.360|9|19|.474|10|29|12|6|1|11|19
33|33|2011-03-20|N|Notre Dame|W|71|57|22|48|.458|9|19|.474|18|25|.720|8|37|15|2|9|12|18||19|62|.306|7|30|.233|12|19|.632|15|34|12|4|5|8|25
34|34|2011-03-25|N|Virginia Commonwealth|L (1 OT)|71|72|26|71|.366|7|19|.368|12|18|.667|20|45|7|8|6|16|19||24|53|.453|12|26|.462|12|20|.600|5|28|18|12|1|16|20
