ranker|game_season|date_game|game_location|opp_id|game_result|pts|opp_pts|fg|fga|fg_pct|fg3|fg3a|fg3_pct|ft|fta|ft_pct|orb|trb|ast|stl|blk|tov|pf|x|opp_fg|opp_fga|opp_fg_pct|opp_fg3|opp_fg3a|opp_fg3_pct|opp_ft|opp_fta|opp_ft_pct|opp_orb|opp_trb|opp_ast|opp_stl|opp_blk|opp_tov|opp_pf|
1|1|2010-11-12|@|Old Dominion|W|62|59|24|56|.429|8|21|.381|6|13|.462|8|27|14|6|1|12|22||21|52|.404|3|12|.250|14|23|.609|11|38|15|9|10|12|17
2|2|2010-11-15||Tulane|W|69|53|26|54|.481|12|29|.414|5|10|.500|6|32|16|12|2|14|16||19|53|.358|7|21|.333|8|12|.667|6|26|14|6|0|13|12
3|3|2010-11-18|N|Coastal Carolina|W|80|61|32|57|.561|14|30|.467|2|5|.400|11|33|26|3|8|16|17||21|45|.467|4|10|.400|15|21|.714|4|17|8|8|4|13|10
4|4|2010-11-19|N|Wofford|W|74|59|24|42|.571|5|8|.625|21|27|.778|7|32|11|7|5|14|20||17|50|.340|8|21|.381|17|22|.773|5|16|10|6|4|11|22
5|5|2010-11-21|N|North Carolina State|W|82|67|32|71|.451|8|22|.364|10|14|.714|17|42|21|3|8|9|16||25|63|.397|4|17|.235|13|20|.650|13|33|8|6|4|10|15
6|6|2010-11-27||North Carolina-Asheville|W|87|72|30|58|.517|13|25|.520|14|20|.700|10|41|21|10|6|23|20||25|60|.417|8|18|.444|14|22|.636|6|25|12|10|3|18|17
7|7|2010-11-30|N|Missouri|W (1 OT)|111|102|39|69|.565|15|32|.469|18|18|1.000|9|32|23|6|3|17|27||36|64|.563|7|18|.389|23|31|.742|8|24|17|14|2|12|18
8|8|2010-12-04||Utah State|W|68|51|23|44|.523|2|9|.222|20|27|.741|6|28|11|7|3|10|13||20|48|.417|7|17|.412|4|8|.500|8|22|12|5|4|15|24
9|9|2010-12-09|@|Temple|L|65|68|21|48|.438|5|16|.313|18|20|.900|7|31|10|7|1|15|15||24|53|.453|4|11|.364|16|18|.889|5|21|11|10|6|11|16
10|10|2010-12-12||Appalachian State|W|89|60|36|60|.600|4|12|.333|13|15|.867|8|32|27|14|4|12|20||20|56|.357|6|23|.261|14|20|.700|10|21|9|7|1|14|12
11|11|2010-12-18||Loyola (MD)|W|99|75|34|53|.642|10|22|.455|21|31|.677|5|25|23|10|4|13|22||24|58|.414|8|21|.381|19|29|.655|13|30|17|6|2|16|28
12|12|2010-12-23|@|Memphis|W|86|69|33|58|.569|5|11|.455|15|23|.652|7|31|18|8|9|11|18||26|66|.394|6|19|.316|11|14|.786|13|31|15|8|5|14|18
13|13|2010-12-29|@|Notre Dame|L|55|69|23|54|.426|4|22|.182|5|9|.556|8|31|16|6|6|14|24||20|52|.385|7|16|.438|22|27|.815|11|32|14|6|3|10|13
14|14|2011-01-01||DePaul|W|86|75|31|59|.525|5|14|.357|19|26|.731|13|36|17|5|4|14|20||29|67|.433|1|8|.125|16|24|.667|14|35|14|12|2|10|21
15|15|2011-01-03|@|St. John's (NY)|L|58|61|20|45|.444|4|17|.235|14|17|.824|10|31|11|3|4|13|20||20|48|.417|3|12|.250|18|23|.783|9|20|12|6|3|4|16
16|16|2011-01-08||West Virginia|L|59|65|22|44|.500|5|17|.294|10|11|.909|2|20|10|8|5|18|20||21|52|.404|6|15|.400|17|24|.708|14|29|14|7|4|13|15
17|17|2011-01-12||Pittsburgh|L|57|72|19|50|.380|5|20|.250|14|25|.560|9|29|5|2|4|9|26||22|49|.449|6|16|.375|22|31|.710|7|31|15|4|1|3|21
18|18|2011-01-15|@|Rutgers|W|74|65|23|48|.479|11|22|.500|17|19|.895|8|25|9|6|6|13|14||25|58|.431|6|16|.375|9|13|.692|14|28|14|7|6|12|18
19|19|2011-01-18|@|Seton Hall|W|80|75|29|55|.527|6|17|.353|16|23|.696|10|33|18|3|6|13|15||31|68|.456|2|12|.167|11|18|.611|13|31|15|6|4|8|18
20|20|2011-01-26||St. John's (NY)|W|77|52|26|51|.510|9|18|.500|16|23|.696|7|37|21|8|4|14|15||20|59|.339|4|15|.267|8|13|.615|10|30|9|9|2|13|23
21|21|2011-01-29|@|Villanova|W|69|66|24|46|.522|5|12|.417|16|17|.941|3|28|19|4|6|13|21||22|54|.407|5|13|.385|17|24|.708|6|20|12|5|4|9|17
22|22|2011-01-31||Louisville|W|62|59|22|46|.478|4|13|.308|14|19|.737|6|25|11|9|5|16|12||20|57|.351|8|23|.348|11|14|.786|12|31|13|8|3|16|17
23|23|2011-02-05||Providence|W|83|81|30|65|.462|8|26|.308|15|27|.556|16|41|16|5|5|9|23||29|71|.408|7|21|.333|16|26|.615|16|37|12|3|1|7|20
24|24|2011-02-09|@|Syracuse|W|64|56|24|53|.453|9|21|.429|7|13|.538|10|28|20|4|2|13|17||19|48|.396|4|16|.250|14|18|.778|10|21|12|7|11|14|17
25|25|2011-02-13||Marquette|W|69|60|23|54|.426|7|27|.259|16|18|.889|6|32|14|5|2|10|21||20|50|.400|2|12|.167|18|27|.667|7|33|5|5|5|12|21
26|26|2011-02-16|@|Connecticut|L|70|78|28|65|.431|8|21|.381|6|10|.600|8|28|14|3|3|8|17||32|59|.542|4|14|.286|10|16|.625|8|29|17|6|7|6|10
27|27|2011-02-19|@|South Florida|W|61|55|22|43|.512|6|13|.462|11|12|.917|6|25|15|4|6|10|12||23|59|.390|1|12|.083|8|9|.889|14|27|13|3|2|8|13
28|28|2011-02-23||Cincinnati|L|46|58|12|48|.250|5|23|.217|17|20|.850|12|29|8|5|3|12|18||21|50|.420|7|14|.500|9|13|.692|8|33|10|9|5|12|16
29|29|2011-02-26||Syracuse|L|51|58|18|50|.360|7|25|.280|8|12|.667|11|35|10|3|6|16|12||22|54|.407|6|20|.300|8|13|.615|9|27|12|9|5|9|10
30|30|2011-03-05|@|Cincinnati|L|47|69|17|53|.321|4|18|.222|9|14|.643|6|22|8|6|2|7|20||18|42|.429|9|22|.409|24|30|.800|6|33|10|1|4|11|14
31|31|2011-03-09|N|Connecticut|L|62|79|22|52|.423|5|22|.227|13|17|.765|8|26|6|8|5|16|24||27|54|.500|4|12|.333|21|27|.778|9|29|8|11|1|12|18
32|32|2011-03-18|N|Virginia Commonwealth|L|56|74|20|52|.385|5|26|.192|11|13|.846|9|33|12|3|1|17|26||18|44|.409|12|25|.480|26|39|.667|6|23|14|7|4|6|16
