ranker|game_season|date_game|game_location|opp_id|game_result|pts|opp_pts|fg|fga|fg_pct|fg3|fg3a|fg3_pct|ft|fta|ft_pct|orb|trb|ast|stl|blk|tov|pf|x|opp_fg|opp_fga|opp_fg_pct|opp_fg3|opp_fg3a|opp_fg3_pct|opp_ft|opp_fta|opp_ft_pct|opp_orb|opp_trb|opp_ast|opp_stl|opp_blk|opp_tov|opp_pf|
1|1|2010-11-12||Charleston Southern|W|52|39|17|59|.288|3|22|.136|15|28|.536|15|34|9|16|8|14|14||14|52|.269|4|24|.167|7|12|.583|13|46|9|10|2|27|22
2|2|2010-11-15|@|Kennesaw State|L|63|80|21|60|.350|4|14|.286|17|21|.810|17|34|9|6|3|19|20||28|60|.467|10|23|.435|14|20|.700|11|31|16|8|4|16|16
3|3|2010-11-17||Albany (NY)|W|78|51|32|68|.471|7|23|.304|7|12|.583|13|32|20|16|5|12|17||20|44|.455|7|17|.412|4|11|.364|3|24|14|7|3|23|13
4|4|2010-11-19||Niagara|W|77|51|25|59|.424|5|21|.238|22|29|.759|14|41|16|13|5|11|23||15|45|.333|3|15|.200|18|31|.581|5|28|6|3|1|18|22
5|5|2010-11-26|N|Texas-El Paso|W|71|61|24|67|.358|5|19|.263|18|23|.783|15|42|17|10|5|11|18||24|54|.444|5|17|.294|8|17|.471|4|32|14|5|2|16|22
6|6|2010-11-27|N|Syracuse|L|76|80|30|63|.476|8|24|.333|8|12|.667|13|28|20|9|3|13|25||25|45|.556|4|12|.333|26|38|.684|9|29|13|8|4|14|17
7|7|2010-11-30|@|Northwestern|L|71|91|26|59|.441|6|22|.273|13|19|.684|10|28|14|7|3|14|29||31|48|.646|12|19|.632|17|30|.567|4|28|20|6|3|14|18
8|8|2010-12-07||Georgia|L|72|73|27|61|.443|8|20|.400|10|12|.833|11|37|13|5|7|14|15||27|61|.443|12|22|.545|7|15|.467|9|28|23|8|3|7|16
9|9|2010-12-11||Savannah State|W|69|59|20|57|.351|3|13|.231|26|36|.722|7|31|13|14|6|6|16||20|51|.392|9|18|.500|10|13|.769|6|35|12|0|1|19|24
10|10|2010-12-18|N|Richmond|W|67|54|21|47|.447|2|11|.182|23|29|.793|5|32|7|6|3|12|18||20|51|.392|7|20|.350|7|10|.700|3|23|11|2|1|14|27
11|11|2010-12-22|@|Siena|L|57|62|24|62|.387|4|22|.182|5|5|1.000|10|33|13|8|3|14|23||21|57|.368|2|13|.154|18|27|.667|15|39|14|4|3|15|11
12|12|2010-12-31||Mercer|W|87|78|26|56|.464|8|22|.364|27|35|.771|11|36|18|8|5|15|19||27|58|.466|10|18|.556|14|24|.583|7|23|14|7|1|13|28
13|13|2011-01-02||Charlotte|L (2 OT)|83|86|29|74|.392|13|31|.419|12|19|.632|6|31|21|11|9|14|25||27|67|.403|6|22|.273|26|33|.788|9|41|17|8|5|16|20
14|14|2011-01-08|@|Boston College|L|75|86|30|63|.476|5|19|.263|10|15|.667|8|27|12|7|1|13|23||28|51|.549|9|19|.474|21|29|.724|8|33|14|6|2|14|13
15|15|2011-01-12|@|Clemson|L|62|87|25|62|.403|6|17|.353|6|8|.750|13|22|9|11|3|18|23||27|39|.692|11|14|.786|22|26|.846|5|26|18|9|8|20|19
16|16|2011-01-16||North Carolina|W|78|58|32|65|.492|7|21|.333|7|12|.583|10|37|15|13|5|13|21||16|58|.276|2|12|.167|24|32|.750|11|35|9|5|3|18|18
17|17|2011-01-19||Wake Forest|W|74|39|26|63|.413|8|16|.500|14|23|.609|13|46|13|9|6|13|24||14|54|.259|2|15|.133|9|26|.346|11|34|6|4|5|18|20
18|18|2011-01-22|@|Virginia|L|64|72|25|52|.481|4|10|.400|10|15|.667|10|28|9|5|0|11|26||20|40|.500|10|15|.667|22|32|.688|6|25|16|6|1|10|17
19|19|2011-01-25||Virginia Tech|W|72|57|27|60|.450|8|24|.333|10|16|.625|11|32|19|12|3|11|18||22|56|.393|1|11|.091|12|16|.750|11|30|9|6|1|18|16
20|20|2011-01-30||Maryland|L|63|74|25|63|.397|6|22|.273|7|14|.500|11|33|12|6|6|17|22||25|56|.446|0|6|.000|24|32|.750|10|36|11|9|2|13|14
21|21|2011-02-03|@|Miami (FL)|L|57|59|17|62|.274|4|28|.143|19|24|.792|15|30|6|17|2|9|19||21|40|.525|7|16|.438|10|19|.526|6|36|9|5|2|28|18
22|22|2011-02-05||Clemson|L|56|65|21|51|.412|2|15|.133|12|17|.706|9|23|9|8|1|18|22||21|37|.568|7|14|.500|16|22|.727|4|24|11|6|3|20|20
23|23|2011-02-10||Florida State|L|63|72|23|77|.299|7|31|.226|10|15|.667|24|40|12|9|4|13|23||21|45|.467|6|13|.462|24|35|.686|8|34|8|9|7|17|18
24|24|2011-02-13|@|Virginia Tech|L|77|102|24|56|.429|12|28|.429|17|21|.810|6|18|13|6|2|13|25||32|58|.552|8|15|.533|30|39|.769|14|38|16|4|3|14|20
25|25|2011-02-16||Chattanooga|W|62|53|20|50|.400|5|22|.227|17|27|.630|7|31|13|8|1|15|17||21|56|.375|5|27|.185|6|11|.545|9|35|9|6|0|20|23
26|26|2011-02-20|@|Duke|L|57|79|20|60|.333|3|15|.200|14|20|.700|15|35|10|7|7|14|20||28|62|.452|6|16|.375|17|20|.850|12|38|18|9|2|10|17
27|27|2011-02-23||Virginia|L|56|62|21|56|.375|8|25|.320|6|13|.462|12|37|15|2|6|10|16||20|48|.417|8|19|.421|14|19|.737|3|24|14|7|2|7|16
28|28|2011-02-26|@|North Carolina State|L|74|79|27|57|.474|6|16|.375|14|18|.778|11|29|13|7|6|13|20||28|56|.500|6|15|.400|17|25|.680|9|27|16|10|6|10|13
29|29|2011-03-03|@|Wake Forest|W|80|54|28|63|.444|8|19|.421|16|25|.640|13|42|15|19|2|17|24||15|46|.326|4|15|.267|20|29|.690|3|23|9|8|0|22|18
30|30|2011-03-06||Miami (FL)|W|66|57|22|50|.440|12|28|.429|10|20|.500|4|25|18|15|5|14|13||21|50|.420|9|20|.450|6|10|.600|7|31|10|7|1|21|16
31|31|2011-03-10|N|Virginia Tech|L|43|59|17|53|.321|5|23|.217|4|6|.667|9|27|5|7|1|12|19||22|47|.468|4|15|.267|11|16|.688|5|26|8|8|2|13|10
