ranker|game_season|date_game|game_location|opp_id|game_result|pts|opp_pts|fg|fga|fg_pct|fg3|fg3a|fg3_pct|ft|fta|ft_pct|orb|trb|ast|stl|blk|tov|pf|x|opp_fg|opp_fga|opp_fg_pct|opp_fg3|opp_fg3a|opp_fg3_pct|opp_ft|opp_fta|opp_ft_pct|opp_orb|opp_trb|opp_ast|opp_stl|opp_blk|opp_tov|opp_pf|
1|1|2010-11-12|@|Notre Dame|L|61|98|16|48|.333|3|15|.200|26|34|.765|8|26|11|4|3|17|24||33|68|.485|8|26|.308|24|27|.889|16|44|21|8|2|10|25
2|2|2010-11-15||Carver Bible|W|91|83|34|68|.500|3|12|.250|20|26|.769|13|41|13|11|8|21|19||32|66|.485|5|11|.455|14|23|.609|10|29|15|11|0|22|25
3|3|2010-11-18||Reinhardt|W|101|84|34|52|.654|6|12|.500|27|37|.730|5|34|19|10|4|18|20||31|68|.456|6|23|.261|16|26|.615|10|28|12|11|2|19|30
4|4|2010-11-21|@|South Florida|L|63|76|23|59|.390|2|14|.143|15|25|.600|10|27|16|12|1|14|27||24|40|.600|4|12|.333|24|37|.649|6|32|19|6|5|21|23
5|5|2010-11-23|@|Texas Tech|L|79|103|28|67|.418|5|11|.455|18|26|.692|14|38|8|9|0|18|24||34|64|.531|12|27|.444|23|28|.821|8|35|23|8|1|14|16
6|6|2010-11-26|N|Chicago State|L|59|64|22|55|.400|4|15|.267|11|24|.458|10|31|14|13|2|18|18||21|55|.382|7|19|.368|15|21|.714|11|30|11|7|2|21|22
7|7|2010-11-27|N|Mississippi Valley State|L|64|75|22|49|.449|2|10|.200|18|30|.600|9|30|14|11|5|28|29||23|54|.426|4|15|.267|25|34|.735|9|33|9|9|1|21|27
8|8|2010-12-02|@|Citadel|L|52|65|17|53|.321|3|18|.167|15|22|.682|12|28|7|6|3|10|11||28|58|.483|6|21|.286|3|8|.375|13|41|21|2|7|10|18
9|9|2010-12-04|@|College of Charleston|L|84|92|36|79|.456|9|21|.429|3|7|.429|21|38|14|11|1|18|21||31|57|.544|9|25|.360|21|26|.808|8|29|17|9|6|14|10
10|10|2010-12-11||Brewton-Parker|W|86|74|28|52|.538|5|16|.313|25|34|.735|10|33|15|11|2|20|18||24|59|.407|10|30|.333|16|22|.727|14|30|15|11|0|19|21
11|11|2010-12-14|@|Cincinnati|L|54|99|23|58|.397|1|8|.125|7|13|.538|8|27|14|6|4|15|24||35|63|.556|6|12|.500|23|30|.767|11|41|26|8|7|9|16
12|12|2010-12-18||South Alabama|L|58|68|19|47|.404|3|14|.214|17|24|.708|8|26|12|10|2|17|24||23|51|.451|5|19|.263|17|34|.500|16|37|16|7|2|18|21
13|13|2010-12-22||Georgia State|W (1 OT)|74|72|29|52|.558|5|12|.417|11|16|.688|8|25|12|15|3|17|18||28|55|.509|6|22|.273|10|19|.526|11|31|16|9|2|21|19
14|14|2010-12-29|@|Auburn|L (1 OT)|84|88|25|53|.472|11|25|.440|23|29|.793|8|30|18|13|3|25|30||27|58|.466|8|20|.400|26|40|.650|14|35|18|16|3|18|23
15|15|2011-01-02||Eastern Kentucky|L|73|79|26|50|.520|8|15|.533|13|18|.722|5|26|16|8|2|22|31||24|45|.533|7|17|.412|24|38|.632|5|24|18|8|1|16|22
16|16|2011-01-05||Western Carolina|L|58|81|18|43|.419|2|8|.250|20|37|.541|15|30|6|9|4|20|17||31|56|.554|6|15|.400|13|19|.684|9|27|14|11|4|14|27
17|17|2011-01-08|@|Appalachian State|L|51|79|20|51|.392|2|12|.167|9|13|.692|6|27|9|9|3|18|20||30|64|.469|9|25|.360|10|18|.556|16|40|16|7|1|17|17
18|18|2011-01-12||Wofford|L|65|74|24|49|.490|7|12|.583|10|12|.833|8|16|11|11|0|14|18||24|41|.585|5|11|.455|21|27|.778|8|24|12|10|4|13|15
19|19|2011-01-15||Furman|L|56|74|20|55|.364|5|20|.250|11|13|.846|8|26|10|5|0|14|19||23|44|.523|13|26|.500|15|21|.714|2|28|15|7|4|14|18
20|20|2011-01-20|@|North Carolina-Greensboro|L|75|87|22|45|.489|5|12|.417|26|32|.813|5|19|13|12|3|16|22||32|55|.582|9|15|.600|14|23|.609|8|29|21|6|5|16|25
21|21|2011-01-22|@|Elon|L|62|84|22|55|.400|5|15|.333|13|21|.619|13|38|9|6|3|23|26||28|68|.412|7|28|.250|21|30|.700|18|38|18|10|2|13|20
22|22|2011-01-26||College of Charleston|L|61|65|24|54|.444|4|16|.250|9|10|.900|11|22|10|10|2|11|16||21|47|.447|8|20|.400|15|17|.882|14|30|9|4|4|19|12
23|23|2011-01-31||Davidson|L|66|73|19|41|.463|4|11|.364|24|34|.706|4|21|10|8|2|18|24||25|47|.532|7|15|.467|16|22|.727|5|27|11|2|2|19|30
24|24|2011-02-03|@|Chattanooga|L|66|75|28|50|.560|8|18|.444|2|4|.500|5|22|15|10|2|21|19||26|45|.578|12|20|.600|11|17|.647|3|21|20|7|0|19|13
25|25|2011-02-05||Samford|L|50|58|19|43|.442|2|12|.167|10|12|.833|7|28|8|6|3|16|18||21|47|.447|5|15|.333|11|17|.647|5|19|12|12|1|10|15
26|26|2011-02-10|@|Furman|L|45|54|17|52|.327|5|18|.278|6|9|.667|14|31|14|5|3|15|21||16|45|.356|6|17|.353|16|23|.696|10|31|8|6|5|10|8
27|27|2011-02-12|@|Wofford|L|61|69|23|50|.460|3|11|.273|12|14|.857|9|28|7|5|1|23|28||21|42|.500|4|12|.333|23|37|.622|6|20|12|13|3|16|17
28|28|2011-02-16|@|Davidson|L|56|83|19|47|.404|6|10|.600|12|17|.706|6|19|10|5|2|19|25||29|52|.558|7|16|.438|18|23|.783|13|39|15|6|2|17|21
29|29|2011-02-19||Citadel|W|65|53|28|54|.519|5|15|.333|4|9|.444|5|25|15|7|8|5|15||19|50|.380|1|12|.083|14|16|.875|9|32|5|5|2|10|16
30|30|2011-02-24||North Carolina-Greensboro|L|56|57|21|43|.488|4|13|.308|10|19|.526|4|26|12|8|5|16|21||18|45|.400|3|11|.273|18|23|.783|8|29|6|8|1|17|20
31|31|2011-02-26||Elon|L|57|72|19|38|.500|4|5|.800|15|21|.714|3|22|9|6|2|22|31||23|44|.523|7|19|.368|19|29|.655|5|22|9|8|5|12|21
32|32|2011-03-04|N|Appalachian State|L|57|65|20|49|.408|1|9|.111|16|24|.667|10|29|10|4|2|11|24||18|40|.450|2|10|.200|27|38|.711|8|28|11|7|5|12|21
