ranker|game_season|date_game|game_location|opp_id|game_result|pts|opp_pts|fg|fga|fg_pct|fg3|fg3a|fg3_pct|ft|fta|ft_pct|orb|trb|ast|stl|blk|tov|pf|x|opp_fg|opp_fga|opp_fg_pct|opp_fg3|opp_fg3a|opp_fg3_pct|opp_ft|opp_fta|opp_ft_pct|opp_orb|opp_trb|opp_ast|opp_stl|opp_blk|opp_tov|opp_pf|
1|1|2010-11-13|@|George Mason|L|53|66|18|55|.327|5|22|.227|12|15|.800|12|38|14|8|3|24|20||26|56|.464|5|15|.333|9|20|.450|7|32|18|13|7|17|19
2|2|2010-11-17||Holy Cross|W|72|49|26|50|.520|6|16|.375|14|17|.824|7|35|20|6|9|15|16||21|53|.396|3|7|.429|4|11|.364|7|23|8|6|5|15|16
3|3|2010-11-20|@|Mercer|W|75|69|22|46|.478|10|24|.417|21|31|.677|8|27|13|9|3|18|21||23|48|.479|3|16|.188|20|25|.800|6|23|10|11|1|16|25
4|4|2010-11-24|@|Bryant|W|69|66|25|51|.490|6|19|.316|13|18|.722|9|30|11|6|3|13|9||29|67|.433|8|28|.286|0|0||14|33|17|2|1|12|16
5|5|2010-11-28||Colorado|W|82|66|25|49|.510|10|23|.435|22|26|.846|10|29|22|6|6|16|23||19|49|.388|2|9|.222|26|32|.813|12|27|5|7|0|15|21
6|6|2010-12-01||Fordham|W|80|57|28|57|.491|15|27|.556|9|11|.818|6|29|21|2|4|9|19||22|53|.415|4|17|.235|9|18|.500|10|29|10|4|2|11|16
7|7|2010-12-04|@|Michigan|L|62|65|22|54|.407|9|26|.346|9|11|.818|8|29|11|5|1|11|16||25|53|.472|10|26|.385|5|10|.500|11|32|11|2|1|14|12
8|8|2010-12-07||Worcester Tech|W|69|54|16|36|.444|9|23|.391|28|34|.824|3|24|11|8|5|16|14||19|49|.388|6|13|.462|10|11|.909|7|27|10|6|2|18|24
9|9|2010-12-11||Boston University|W|87|71|27|50|.540|10|24|.417|23|29|.793|9|38|16|3|6|10|15||27|65|.415|12|26|.462|5|8|.625|7|23|11|5|3|8|22
10|10|2010-12-22|@|Connecticut|L|52|81|18|60|.300|4|31|.129|12|14|.857|12|27|8|7|2|15|19||29|55|.527|6|12|.500|17|24|.708|13|39|16|8|6|16|15
11|11|2010-12-29||Monmouth|W|74|69|19|40|.475|8|17|.471|28|35|.800|7|26|16|10|8|17|13||23|47|.489|12|21|.571|11|18|.611|4|20|18|8|0|17|26
12|12|2010-12-31||Massachusetts Institute of Technology|W|84|58|30|56|.536|5|16|.313|19|20|.950|15|41|19|11|9|18|15||21|61|.344|7|20|.350|9|13|.692|14|23|11|11|3|16|19
13|13|2011-01-05|@|Boston College|W|78|69|25|56|.446|5|15|.333|23|24|.958|6|28|14|3|0|10|14||29|57|.509|7|18|.389|4|8|.500|5|26|18|7|5|14|19
14|14|2011-01-08|@|Dartmouth|W|68|53|26|49|.531|5|15|.333|11|14|.786|7|31|13|7|5|12|16||20|49|.408|6|17|.353|7|9|.778|3|19|7|5|1|12|17
15|15|2011-01-15|@|George Washington|W|67|62|20|53|.377|7|17|.412|20|28|.714|14|33|12|4|3|12|18||24|56|.429|4|15|.267|10|16|.625|13|32|9|6|3|12|24
16|16|2011-01-22||Dartmouth|W|59|50|17|38|.447|6|18|.333|19|23|.826|3|22|13|9|4|13|11||20|55|.364|8|23|.348|2|5|.400|12|28|10|7|1|16|21
17|17|2011-01-28||Columbia|W|77|66|28|52|.538|4|11|.364|17|23|.739|7|38|16|9|6|16|14||24|64|.375|6|18|.333|12|17|.706|8|27|10|6|1|12|18
18|18|2011-01-29||Cornell|W|78|57|27|58|.466|10|20|.500|14|20|.700|10|31|17|2|6|4|10||25|58|.431|5|16|.313|2|3|.667|9|30|12|2|3|13|20
19|19|2011-02-04|@|Princeton|L|61|65|21|48|.438|3|16|.188|16|20|.800|8|32|7|5|6|14|19||21|53|.396|5|14|.357|18|21|.857|8|26|11|9|6|8|18
20|20|2011-02-05|@|Pennsylvania|W (2 OT)|83|82|28|54|.519|7|19|.368|20|27|.741|6|37|20|4|5|17|16||30|72|.417|8|23|.348|14|16|.875|9|30|19|6|1|11|24
21|21|2011-02-11||Yale|W|78|75|27|53|.509|4|9|.444|20|25|.800|9|21|12|12|3|12|20||25|48|.521|8|13|.615|17|19|.895|8|28|12|5|6|18|23
22|22|2011-02-12||Brown|W|85|78|30|54|.556|9|18|.500|16|20|.800|8|33|15|7|6|18|12||30|62|.484|11|23|.478|7|7|1.000|3|19|11|10|2|13|20
23|23|2011-02-18|@|Cornell|W|73|60|19|41|.463|6|16|.375|29|35|.829|9|28|11|3|2|9|11||24|59|.407|6|24|.250|6|6|1.000|14|30|14|3|1|7|21
24|24|2011-02-19|@|Columbia|W|61|42|20|39|.513|3|7|.429|18|18|1.000|7|35|11|6|4|15|15||16|47|.340|1|6|.167|9|13|.692|6|16|11|10|2|9|14
25|25|2011-02-25|@|Brown|W|74|68|26|58|.448|8|24|.333|14|16|.875|8|33|15|7|2|10|14||25|53|.472|10|23|.435|8|11|.727|6|28|14|4|3|14|13
26|26|2011-02-26|@|Yale|L|69|70|22|50|.440|6|13|.462|19|23|.826|7|29|14|2|5|7|15||23|55|.418|8|18|.444|16|20|.800|6|25|13|5|6|3|16
27|27|2011-03-04||Pennsylvania|W|79|64|26|43|.605|11|23|.478|16|16|1.000|2|17|20|8|2|13|16||20|46|.435|5|17|.294|19|20|.950|5|17|8|6|2|18|20
28|28|2011-03-05||Princeton|W|79|67|24|40|.600|4|8|.500|27|30|.900|2|21|13|5|8|11|16||26|59|.441|6|17|.353|9|12|.750|9|25|10|6|1|12|23
29|29|2011-03-12|N|Princeton|L|62|63|24|47|.511|4|9|.444|10|16|.625|5|21|11|2|5|7|15||23|55|.418|3|11|.273|14|15|.933|12|34|10|3|5|9|17
30|30|2011-03-15|@|Oklahoma State|L|54|71|22|55|.400|6|17|.353|4|7|.571|6|23|13|2|3|10|14||27|50|.540|4|12|.333|13|17|.765|6|31|9|5|6|11|13
