ranker|game_season|date_game|game_location|opp_id|game_result|pts|opp_pts|fg|fga|fg_pct|fg3|fg3a|fg3_pct|ft|fta|ft_pct|orb|trb|ast|stl|blk|tov|pf|x|opp_fg|opp_fga|opp_fg_pct|opp_fg3|opp_fg3a|opp_fg3_pct|opp_ft|opp_fta|opp_ft_pct|opp_orb|opp_trb|opp_ast|opp_stl|opp_blk|opp_tov|opp_pf|
1|1|2010-11-13||Ferrum|W|90|57|25|62|.403|4|10|.400|36|60|.600|21|52|9|16|3|11|28||20|54|.370|2|14|.143|15|30|.500|12|36|8|7|3|25|37
2|2|2010-11-15|@|Old Dominion|L|57|79|16|54|.296|8|22|.364|17|29|.586|10|29|10|4|4|16|25||26|55|.473|7|19|.368|20|34|.588|17|44|19|14|8|11|19
3|3|2010-11-19||Gwynedd-Mercy|W|86|77|28|61|.459|4|14|.286|26|39|.667|13|38|17|9|2|16|20||25|58|.431|7|17|.412|20|24|.833|9|35|13|9|2|19|30
4|4|2010-11-23|@|Citadel|L|63|71|20|54|.370|2|7|.286|21|33|.636|10|31|6|5|3|11|27||23|58|.397|5|16|.313|20|30|.667|15|41|16|3|1|14|24
5|5|2010-11-28||Hampton|L|64|70|19|49|.388|6|12|.500|20|25|.800|5|31|12|7|7|12|26||19|50|.380|4|11|.364|28|38|.737|7|34|7|4|7|10|24
6|6|2010-12-02||Gardner-Webb|W|66|64|22|49|.449|3|10|.300|19|29|.655|6|28|9|11|6|14|27||21|53|.396|0|15|.000|22|34|.647|13|39|3|7|1|19|23
7|7|2010-12-04||North Carolina-Asheville|W|76|73|29|55|.527|1|17|.059|17|26|.654|10|32|16|16|7|17|24||25|55|.455|2|10|.200|21|30|.700|12|28|11|10|4|22|22
8|8|2010-12-08|@|Tennessee Tech|W|80|69|27|59|.458|6|15|.400|20|30|.667|13|34|11|4|8|20|23||22|60|.367|3|12|.250|22|27|.815|7|24|13|8|2|14|26
9|9|2010-12-18|@|Wofford|L|65|79|23|49|.469|3|8|.375|16|20|.800|7|20|7|7|2|19|24||27|41|.659|7|10|.700|18|28|.643|4|21|19|7|1|21|20
10|10|2010-12-21|@|Georgia|L|38|85|12|58|.207|5|17|.294|9|14|.643|15|35|4|3|0|18|23||31|58|.534|7|18|.389|16|29|.552|12|36|16|9|11|6|15
11|11|2010-12-31|@|Charleston Southern|L|69|77|25|58|.431|4|18|.222|15|25|.600|10|29|7|5|1|13|24||26|53|.491|4|15|.267|21|29|.724|10|36|11|7|2|10|23
12|12|2011-01-02|@|Coastal Carolina|L|60|78|26|68|.382|1|9|.111|7|14|.500|16|30|11|6|6|8|27||24|48|.500|1|5|.200|29|44|.659|11|40|13|4|7|12|12
13|13|2011-01-05|@|Wake Forest|L|63|79|20|53|.377|5|16|.313|18|28|.643|9|32|7|9|1|16|21||26|53|.491|5|17|.294|22|26|.846|6|29|17|7|6|14|23
14|14|2011-01-08|@|Radford|L|59|64|18|50|.360|6|17|.353|17|27|.630|16|36|9|4|0|20|31||17|41|.415|2|12|.167|28|38|.737|7|26|5|9|3|15|24
15|15|2011-01-13||Liberty|L|60|66|20|56|.357|6|18|.333|14|22|.636|9|20|10|6|4|11|18||25|52|.481|1|7|.143|15|19|.789|13|40|6|5|2|19|20
16|16|2011-01-15||Virginia Military Institute|L|91|97|32|72|.444|7|17|.412|20|27|.741|18|48|15|9|3|20|23||28|63|.444|14|29|.483|27|35|.771|7|36|11|16|8|19|22
17|17|2011-01-20|@|Presbyterian|W (1 OT)|64|60|25|57|.439|7|15|.467|7|13|.538|8|32|12|6|2|11|26||19|50|.380|4|20|.200|18|31|.581|11|34|6|3|3|15|16
18|18|2011-01-22|@|Winthrop|L|49|77|19|51|.373|3|18|.167|8|12|.667|5|24|6|7|1|19|19||29|48|.604|3|13|.231|16|28|.571|7|32|12|13|4|14|13
19|19|2011-01-27||Coastal Carolina|L|58|82|22|58|.379|7|19|.368|7|12|.583|10|28|10|8|1|14|20||33|53|.623|5|12|.417|11|15|.733|6|36|18|7|4|12|13
20|20|2011-01-29||Charleston Southern|W|77|75|27|54|.500|8|20|.400|15|23|.652|15|34|14|10|4|19|14||25|60|.417|8|22|.364|17|20|.850|13|26|13|10|0|13|19
21|21|2011-02-01||Presbyterian|W|69|62|25|52|.481|7|17|.412|12|15|.800|6|29|16|8|4|14|16||22|50|.440|5|14|.357|13|15|.867|4|25|13|7|2|16|16
22|22|2011-02-05||Radford|W|72|70|23|54|.426|7|22|.318|19|31|.613|12|30|16|8|3|14|20||23|51|.451|7|14|.500|17|25|.680|10|37|7|10|4|17|20
23|23|2011-02-07||North Carolina Central|W|82|74|26|53|.491|9|20|.450|21|23|.913|9|35|22|5|0|16|19||25|55|.455|9|22|.409|15|19|.789|4|19|7|9|4|11|21
24|24|2011-02-10|@|Virginia Military Institute|L|74|87|27|64|.422|12|24|.500|8|14|.571|11|28|15|6|3|13|18||30|63|.476|9|25|.360|18|26|.692|18|44|16|5|3|14|14
25|25|2011-02-12|@|Liberty|L|54|65|22|51|.431|3|11|.273|7|11|.636|5|25|7|5|2|15|18||22|56|.393|6|20|.300|15|21|.714|15|39|9|8|3|14|16
26|26|2011-02-15||Winthrop|W (2 OT)|70|69|19|59|.322|5|17|.294|27|35|.771|12|35|12|13|5|12|23||26|58|.448|3|15|.200|14|25|.560|15|46|13|3|7|26|28
27|27|2011-02-19||Appalachian State|L|81|82|33|56|.589|6|12|.500|9|12|.750|5|20|16|8|2|13|22||26|48|.542|9|13|.692|21|26|.808|7|22|13|5|4|15|13
28|28|2011-02-24|@|North Carolina-Asheville|L|62|76|22|56|.393|7|20|.350|11|13|.846|10|26|12|4|2|14|22||22|49|.449|2|12|.167|30|34|.882|10|34|12|8|3|13|16
29|29|2011-02-26|@|Gardner-Webb|L|40|64|13|48|.271|6|15|.400|8|11|.727|7|28|8|4|0|19|10||26|54|.481|9|15|.600|3|4|.750|5|33|14|11|5|12|13
30|30|2011-03-01|@|Liberty|W|66|60|23|44|.523|6|18|.333|14|25|.560|6|28|8|6|0|12|14||23|58|.397|8|30|.267|6|9|.667|11|27|17|3|2|11|20
31|31|2011-03-03|N|North Carolina-Asheville|L|45|62|17|47|.362|6|16|.375|5|9|.556|8|27|8|7|2|14|17||23|55|.418|8|22|.364|8|12|.667|11|32|17|7|5|11|13
