ranker|game_season|date_game|game_location|opp_id|game_result|pts|opp_pts|fg|fga|fg_pct|fg3|fg3a|fg3_pct|ft|fta|ft_pct|orb|trb|ast|stl|blk|tov|pf|x|opp_fg|opp_fga|opp_fg_pct|opp_fg3|opp_fg3a|opp_fg3_pct|opp_ft|opp_fta|opp_ft_pct|opp_orb|opp_trb|opp_ast|opp_stl|opp_blk|opp_tov|opp_pf|
1|1|2010-11-13||Eastern Oregon|W|86|74|31|55|.564|7|14|.500|17|25|.680|12|38|15|5|7|14|13||28|64|.438|12|24|.500|6|13|.462|6|21|21|8|2|10|22
2|2|2010-11-16|@|Washington State|L|71|88|25|53|.472|7|18|.389|14|18|.778|7|26|13|5|1|18|20||34|59|.576|6|18|.333|14|18|.778|4|24|21|9|6|12|20
3|3|2010-11-20||Portland|L|53|66|16|49|.327|4|14|.286|17|23|.739|9|35|7|4|5|16|19||24|58|.414|8|14|.571|10|18|.556|11|35|10|7|2|12|18
4|4|2010-11-22|@|Montana|L|33|75|6|50|.120|1|13|.077|20|29|.690|15|35|3|1|4|16|17||29|60|.483|5|15|.333|12|16|.750|13|40|14|7|6|7|21
5|5|2010-11-27|@|Eastern Washington|W|70|60|25|60|.417|11|23|.478|9|14|.643|13|37|21|8|6|12|11||22|61|.361|10|25|.400|6|9|.667|12|34|16|4|5|12|13
6|6|2010-12-03||North Dakota|W|63|42|25|52|.481|4|11|.364|9|14|.643|11|40|16|5|5|15|11||15|57|.263|5|27|.185|7|9|.778|9|25|7|9|2|12|13
7|7|2010-12-04||Monmouth|W|69|66|25|43|.581|7|12|.583|12|20|.600|9|24|15|4|6|15|14||27|58|.466|8|26|.308|4|9|.444|11|21|11|10|2|9|20
8|8|2010-12-05||Eastern Michigan|W|75|60|26|50|.520|8|14|.571|15|19|.789|6|29|20|5|3|9|16||21|45|.467|7|17|.412|11|16|.688|2|19|11|3|3|13|18
9|9|2010-12-11|@|Seattle|L|56|66|23|53|.434|3|14|.214|7|10|.700|8|27|12|6|2|20|21||25|55|.455|3|12|.250|13|18|.722|10|31|3|9|0|15|14
10|10|2010-12-18||Montana|L|63|64|23|52|.442|4|15|.267|13|16|.813|9|27|11|9|2|13|20||20|44|.455|6|15|.400|18|23|.783|8|25|10|7|1|14|15
11|11|2010-12-21|@|Oregon|W|69|65|23|47|.489|6|13|.462|17|25|.680|7|32|14|5|5|16|17||23|68|.338|7|29|.241|12|13|.923|13|28|15|10|6|8|18
12|12|2010-12-29||New Mexico State|L|69|74|24|52|.462|4|14|.286|17|21|.810|10|32|11|10|4|17|17||26|58|.448|5|23|.217|17|25|.680|14|34|10|13|4|17|18
13|13|2010-12-31||Louisiana Tech|W|77|47|24|48|.500|7|14|.500|22|27|.815|5|33|17|8|4|10|17||15|52|.288|5|21|.238|12|22|.545|12|28|6|4|2|12|18
14|14|2011-01-06|@|Hawaii|W|59|44|21|48|.438|6|17|.353|11|15|.733|12|36|9|8|0|21|16||15|51|.294|3|22|.136|11|16|.688|10|27|5|6|4|14|16
15|15|2011-01-08|@|San Jose State|W|75|67|27|54|.500|6|18|.333|15|20|.750|5|30|21|2|1|11|18||23|62|.371|5|19|.263|16|18|.889|10|33|14|2|2|11|17
16|16|2011-01-12||Nevada|W|72|67|25|57|.439|6|17|.353|16|22|.727|10|29|19|5|4|9|11||25|56|.446|9|21|.429|8|10|.800|9|29|11|2|6|12|17
17|17|2011-01-15|@|Cal State Bakersfield|W (1 OT)|78|77|28|56|.500|5|14|.357|17|21|.810|10|37|13|9|1|20|23||26|62|.419|8|20|.400|17|28|.607|12|32|15|8|5|14|18
18|18|2011-01-17|@|Fresno State|W|67|57|27|44|.614|7|14|.500|6|12|.500|3|26|17|6|1|15|14||19|53|.358|6|19|.316|13|20|.650|14|29|10|12|1|13|10
19|19|2011-01-22||Boise State|L|67|70|26|51|.510|3|13|.231|12|17|.706|5|33|18|3|2|12|18||24|59|.407|6|22|.273|16|24|.667|9|28|15|10|3|6|15
20|20|2011-01-27|@|Louisiana Tech|L|56|71|21|55|.382|8|19|.421|6|13|.462|8|24|13|9|2|15|23||24|59|.407|2|12|.167|21|24|.875|14|40|4|9|4|13|17
21|21|2011-01-29|@|New Mexico State|L|65|73|25|51|.490|6|19|.316|9|11|.818|6|28|11|5|4|23|18||24|49|.490|6|16|.375|19|27|.704|6|26|14|11|3|19|15
22|22|2011-02-03||San Jose State|L (2 OT)|89|92|30|67|.448|9|24|.375|20|28|.714|9|34|23|11|3|12|18||36|76|.474|9|24|.375|11|19|.579|14|45|14|9|0|17|18
23|23|2011-02-05||Hawaii|W|75|61|24|50|.480|10|18|.556|17|21|.810|9|26|17|9|1|13|14||24|55|.436|6|17|.353|7|12|.583|13|30|13|8|8|15|14
24|24|2011-02-09||Utah State|W|64|56|22|52|.423|3|17|.176|17|23|.739|10|37|7|7|6|12|14||22|65|.338|5|28|.179|7|13|.538|18|38|9|5|3|12|19
25|25|2011-02-12|@|Boise State|L|63|69|21|38|.553|8|17|.471|13|20|.650|3|22|9|5|5|19|19||21|51|.412|8|19|.421|19|21|.905|6|19|9|10|2|10|16
26|26|2011-02-19|@|Montana State|W|65|50|20|42|.476|3|10|.300|22|34|.647|8|31|9|8|3|11|19||19|53|.358|2|17|.118|10|15|.667|4|22|7|4|1|11|21
27|27|2011-02-24|@|Nevada|W|67|59|20|44|.455|10|15|.667|17|20|.850|4|25|12|8|1|14|16||22|60|.367|8|22|.364|7|14|.500|15|37|9|6|2|15|17
28|28|2011-02-26|@|Utah State|L|68|84|25|61|.410|8|20|.400|10|15|.667|13|31|15|7|1|9|22||26|52|.500|6|15|.400|26|30|.867|11|37|19|6|6|8|14
29|29|2011-03-03||Fresno State|W|69|66|24|47|.511|5|16|.313|16|20|.800|6|28|14|6|3|10|9||29|58|.500|4|12|.333|4|10|.400|9|27|18|8|2|8|13
30|30|2011-03-05||Seattle|W|78|69|25|47|.532|11|25|.440|17|23|.739|8|24|23|9|2|17|16||26|49|.531|6|18|.333|11|17|.647|7|23|18|6|0|17|19
31|31|2011-03-10|N|San Jose State|L|68|74|25|55|.455|7|21|.333|11|13|.846|7|28|13|7|1|11|15||24|59|.407|13|23|.565|13|14|.929|11|32|13|8|3|9|12
32|32|2011-03-16|@|San Francisco|L|73|81|26|61|.426|8|25|.320|13|20|.650|6|24|17|11|3|17|21||23|50|.460|10|26|.385|25|28|.893|9|43|17|8|4|24|20
