ranker|game_season|date_game|game_location|opp_id|game_result|pts|opp_pts|fg|fga|fg_pct|fg3|fg3a|fg3_pct|ft|fta|ft_pct|orb|trb|ast|stl|blk|tov|pf|x|opp_fg|opp_fga|opp_fg_pct|opp_fg3|opp_fg3a|opp_fg3_pct|opp_ft|opp_fta|opp_ft_pct|opp_orb|opp_trb|opp_ast|opp_stl|opp_blk|opp_tov|opp_pf|
1|1|2010-11-14||Southern Illinois-Edwardsville|W|92|64|28|54|.519|3|10|.300|33|36|.917|5|35|13|8|5|9|19||23|59|.390|8|29|.276|10|16|.625|5|24|13|4|2|14|27
2|2|2010-11-17||Tennessee State|W|73|68|29|64|.453|11|23|.478|4|8|.500|14|35|20|4|2|13|12||27|56|.482|10|24|.417|4|10|.400|8|27|17|11|5|10|15
3|3|2010-11-21|@|Arkansas-Little Rock|L|54|63|22|57|.386|5|22|.227|5|8|.625|11|35|9|5|6|14|23||21|49|.429|6|13|.462|15|23|.652|7|30|12|4|1|10|15
4|4|2010-11-26||South Dakota|W|81|63|33|58|.569|3|14|.214|12|18|.667|9|32|18|8|7|14|18||26|56|.464|5|16|.313|6|14|.429|8|26|9|6|3|20|18
5|5|2010-11-27||Louisiana-Monroe|W|59|55|20|48|.417|2|14|.143|17|24|.708|8|29|11|8|6|14|18||20|55|.364|9|21|.429|6|11|.545|11|34|11|7|3|16|18
6|6|2010-11-28||Jacksonville State|W|60|47|21|50|.420|5|10|.500|13|22|.591|11|30|7|6|1|7|13||17|45|.378|2|13|.154|11|15|.733|9|30|4|3|2|13|17
7|7|2010-12-01||Nevada-Las Vegas|L|51|82|20|55|.364|4|24|.167|7|12|.583|8|26|10|2|6|16|21||30|63|.476|5|19|.263|17|22|.773|13|38|13|8|2|10|16
8|8|2010-12-04||Montana State|W|62|56|18|45|.400|7|20|.350|19|29|.655|11|34|9|7|4|16|17||20|57|.351|9|24|.375|7|10|.700|14|32|11|8|2|16|22
9|9|2010-12-08||Ohio|L|65|67|23|55|.418|4|19|.211|15|22|.682|14|43|14|5|2|18|20||23|58|.397|9|28|.321|12|17|.706|9|30|10|13|3|9|24
10|10|2010-12-11||Illinois-Chicago|W|53|43|18|49|.367|3|10|.300|14|24|.583|11|33|7|5|5|12|14||18|49|.367|3|16|.188|4|6|.667|6|29|9|4|2|18|22
11|11|2010-12-20|@|North Carolina-Wilmington|W (1 OT)|62|60|24|53|.453|8|23|.348|6|12|.500|11|37|12|3|5|15|18||22|54|.407|7|20|.350|9|17|.529|10|28|8|7|1|9|13
12|12|2010-12-29||Creighton|L|53|64|19|53|.358|5|18|.278|10|17|.588|11|29|13|5|4|9|18||22|44|.500|4|11|.364|16|20|.800|5|30|11|4|3|12|14
13|13|2011-01-01|@|Missouri State|L|71|82|28|51|.549|6|14|.429|9|13|.692|4|24|15|4|4|10|20||29|54|.537|10|19|.526|14|21|.667|8|29|18|5|0|6|15
14|14|2011-01-04|@|Indiana State|L|57|72|19|46|.413|3|15|.200|16|18|.889|7|24|10|0|1|12|21||23|49|.469|11|21|.524|15|22|.682|10|30|15|4|5|8|14
15|15|2011-01-07||Wichita State|L|51|65|20|60|.333|3|19|.158|8|11|.727|9|31|11|4|2|12|11||28|57|.491|5|15|.333|4|7|.571|6|35|13|7|3|13|10
16|16|2011-01-09|@|Southern Illinois|L|59|63|24|48|.500|4|11|.364|7|8|.875|5|23|13|6|4|14|17||20|48|.417|7|19|.368|16|19|.842|8|27|15|9|1|16|14
17|17|2011-01-12||Northern Iowa|L|44|46|18|48|.375|6|17|.353|2|4|.500|8|37|11|2|3|12|14||19|52|.365|2|17|.118|6|11|.545|5|27|11|5|0|4|10
18|18|2011-01-15||Evansville|L|54|59|17|42|.405|7|17|.412|13|20|.650|9|33|9|3|3|21|20||21|52|.404|4|15|.267|13|18|.722|7|26|12|7|2|12|21
19|19|2011-01-18|@|Drake|L|68|76|26|60|.433|2|15|.133|14|16|.875|7|28|12|11|1|14|24||23|45|.511|11|18|.611|19|28|.679|3|25|11|5|5|16|19
20|20|2011-01-23||Southern Illinois|W|59|55|18|49|.367|5|11|.455|18|24|.750|9|30|8|8|5|11|16||20|43|.465|5|16|.313|10|16|.625|3|26|15|8|4|15|22
21|21|2011-01-26|@|Bradley|W (1 OT)|79|78|25|58|.431|3|20|.150|26|36|.722|13|38|12|9|6|17|25||25|55|.455|6|18|.333|22|31|.710|8|33|15|8|3|16|28
22|22|2011-01-30||Drake|W (1 OT)|77|75|27|57|.474|6|12|.500|17|22|.773|8|33|14|5|2|10|20||25|55|.455|7|17|.412|18|27|.667|7|33|9|5|2|10|21
23|23|2011-02-02|@|Northern Iowa|L|51|53|19|47|.404|7|19|.368|6|6|1.000|4|31|8|2|8|7|18||16|52|.308|9|25|.360|12|18|.667|11|34|12|4|0|7|13
24|24|2011-02-05|@|Wichita State|L|57|74|18|48|.375|5|11|.455|16|21|.762|6|21|8|4|5|10|18||25|53|.472|7|19|.368|17|24|.708|10|31|16|6|4|9|16
25|25|2011-02-09||Indiana State|L|46|56|14|42|.333|4|15|.267|14|19|.737|10|36|9|4|9|21|19||19|55|.345|3|18|.167|15|19|.789|11|32|8|16|2|7|15
26|26|2011-02-12||Missouri State|L|59|68|22|53|.415|3|14|.214|12|19|.632|12|32|8|4|5|14|22||20|44|.455|7|16|.438|21|28|.750|5|26|13|3|1|9|19
27|27|2011-02-16|@|Creighton|L|59|75|23|55|.418|5|11|.455|8|12|.667|10|25|10|7|1|8|15||27|43|.628|10|18|.556|11|14|.786|3|26|17|5|3|13|15
28|28|2011-02-19|@|Western Michigan|L|65|68|23|49|.469|7|15|.467|12|16|.750|4|26|10|3|1|12|18||24|55|.436|7|18|.389|13|18|.722|9|29|17|5|2|12|15
29|29|2011-02-22||Bradley|W|51|50|18|49|.367|2|19|.105|13|19|.684|11|39|11|5|5|16|17||18|56|.321|2|15|.133|12|18|.667|9|32|6|10|1|9|17
30|30|2011-02-26|@|Evansville|L|67|73|23|48|.479|10|21|.476|11|14|.786|3|27|13|4|5|15|29||21|53|.396|6|14|.429|25|31|.806|8|32|12|4|0|10|17
31|31|2011-03-03|N|Southern Illinois|L|54|57|23|48|.479|5|10|.500|3|7|.429|6|33|11|2|1|15|13||22|56|.393|5|14|.357|8|10|.800|5|24|10|9|2|4|14
