ranker|game_season|date_game|game_location|opp_id|game_result|pts|opp_pts|fg|fga|fg_pct|fg3|fg3a|fg3_pct|ft|fta|ft_pct|orb|trb|ast|stl|blk|tov|pf|x|opp_fg|opp_fga|opp_fg_pct|opp_fg3|opp_fg3a|opp_fg3_pct|opp_ft|opp_fta|opp_ft_pct|opp_orb|opp_trb|opp_ast|opp_stl|opp_blk|opp_tov|opp_pf|
1|1|2010-11-12|N|Kent State|L|72|73|24|54|.444|7|16|.438|17|30|.567|3|26|15|12|6|17|21||27|52|.519|6|13|.462|13|23|.565|8|34|17|11|5|21|20
2|2|2010-11-13|@|Cleveland State|L|68|78|23|57|.404|5|19|.263|17|23|.739|9|25|13|7|3|14|21||25|52|.481|6|19|.316|22|23|.957|8|35|11|10|3|18|19
3|3|2010-11-14|N|Bryant|L|72|74|24|53|.453|9|25|.360|15|24|.625|8|26|14|9|9|19|19||24|60|.400|11|29|.379|15|19|.789|14|36|15|8|3|22|22
4|4|2010-11-18||Richmond|W (2 OT)|81|77|31|69|.449|6|26|.231|13|20|.650|16|46|12|3|3|17|24||27|61|.443|10|23|.435|13|26|.500|6|27|15|6|3|12|24
5|5|2010-11-23|@|Albany (NY)|W|86|65|31|60|.517|18|30|.600|6|13|.462|10|31|24|5|3|12|15||24|49|.490|10|22|.455|7|12|.583|5|25|13|5|6|11|16
6|6|2010-11-30|@|Norfolk State|W|73|64|25|58|.431|5|17|.294|18|25|.720|11|32|14|9|0|15|20||19|44|.432|5|15|.333|21|30|.700|3|27|11|5|9|20|22
7|7|2010-12-03||Canisius|W|94|85|35|74|.473|7|18|.389|17|27|.630|15|37|21|7|2|9|13||35|69|.507|7|23|.304|8|15|.533|10|35|14|4|1|15|22
8|8|2010-12-05||Niagara|W|82|58|32|57|.561|6|20|.300|12|22|.545|9|38|21|10|2|14|13||20|56|.357|7|20|.350|11|15|.733|7|26|12|5|2|16|18
9|9|2010-12-08|@|Long Island University|W|88|82|34|75|.453|6|29|.207|14|22|.636|16|37|21|12|2|19|22||29|63|.460|6|20|.300|18|26|.692|10|35|15|7|1|20|22
10|10|2010-12-11||Fairleigh Dickinson|W|87|66|33|60|.550|9|19|.474|12|23|.522|12|32|24|12|4|13|17||23|50|.460|6|13|.462|14|20|.700|8|26|11|7|2|22|24
11|11|2010-12-18|@|Syracuse|L|77|83|26|58|.448|11|37|.297|14|21|.667|8|30|24|5|3|11|18||32|54|.593|4|11|.364|15|22|.682|4|29|20|6|2|10|15
12|12|2010-12-22||Vermont|L|79|84|27|66|.409|7|23|.304|18|25|.720|8|35|15|6|5|9|22||27|63|.429|9|19|.474|21|32|.656|10|41|18|5|3|11|21
13|13|2010-12-29||Hofstra|W|87|62|33|54|.611|5|13|.385|16|22|.727|6|31|22|10|1|9|17||21|56|.375|4|15|.267|16|18|.889|8|23|9|2|2|13|17
14|14|2011-01-03|@|Siena|L|67|73|26|61|.426|7|31|.226|8|11|.727|9|28|13|6|5|7|15||26|62|.419|4|12|.333|17|18|.944|11|35|13|5|3|7|12
15|15|2011-01-07||Saint Peter's|W|70|52|27|52|.519|7|19|.368|9|20|.450|5|29|20|6|5|9|16||17|48|.354|6|19|.316|12|18|.667|7|29|7|5|2|13|18
16|16|2011-01-09||Loyola (MD)|W|86|68|32|60|.533|5|11|.455|17|29|.586|12|36|17|3|2|13|11||27|54|.500|7|14|.500|7|10|.700|3|25|10|5|1|13|24
17|17|2011-01-14|@|Rider|W (1 OT)|100|96|37|72|.514|8|21|.381|18|25|.720|11|34|18|6|0|12|21||36|67|.537|13|26|.500|11|19|.579|12|40|22|8|6|18|26
18|18|2011-01-16||Marist|W|79|41|26|55|.473|13|31|.419|14|20|.700|11|33|16|11|5|8|19||13|43|.302|4|14|.286|11|17|.647|5|22|3|2|2|19|17
19|19|2011-01-21|@|Niagara|W|72|66|21|51|.412|9|23|.391|21|30|.700|8|39|12|7|5|14|18||23|59|.390|6|17|.353|14|20|.700|7|31|10|7|3|12|21
20|20|2011-01-23|@|Canisius|L|73|75|26|65|.400|8|18|.444|13|17|.765|14|32|14|10|1|10|18||28|52|.538|9|19|.474|10|15|.667|6|28|21|6|8|15|17
21|21|2011-01-27||Rider|L|59|61|22|61|.361|7|28|.250|8|14|.571|11|34|14|6|5|12|21||21|54|.389|2|13|.154|17|25|.680|11|37|13|6|3|14|18
22|22|2011-01-30|@|Loyola (MD)|L (1 OT)|85|88|25|55|.455|8|19|.421|27|40|.675|6|27|15|2|1|11|25||28|58|.483|9|20|.450|23|34|.676|9|36|11|6|7|10|26
23|23|2011-02-04|@|Fairfield|L|71|75|25|62|.403|6|16|.375|15|19|.789|14|26|12|7|3|9|21||27|49|.551|1|8|.125|20|29|.690|13|34|17|3|4|14|19
24|24|2011-02-07||Manhattan|W|85|67|32|67|.478|10|25|.400|11|17|.647|15|36|22|6|4|11|15||24|56|.429|3|12|.250|16|18|.889|8|27|9|4|4|11|17
25|25|2011-02-11||Siena|W|69|65|25|60|.417|9|27|.333|10|18|.556|12|31|18|6|1|11|14||21|45|.467|9|19|.474|14|19|.737|6|32|10|7|1|17|17
26|26|2011-02-13|@|Marist|W|85|70|31|59|.525|4|14|.286|19|28|.679|7|31|18|13|4|7|16||22|60|.367|10|24|.417|16|17|.941|13|39|7|6|5|18|21
27|27|2011-02-16|@|Manhattan|W|102|65|36|54|.667|16|27|.593|14|18|.778|7|34|26|6|4|14|15||27|69|.391|3|15|.200|8|11|.727|11|21|13|9|3|9|15
28|28|2011-02-19|@|Liberty|W|77|57|31|57|.544|11|22|.500|4|10|.400|13|34|21|3|3|13|16||23|51|.451|4|14|.286|7|18|.389|10|24|9|8|3|13|15
29|29|2011-02-25|@|Saint Peter's|W|73|59|27|60|.450|6|20|.300|13|23|.565|18|49|9|5|3|21|22||23|69|.333|2|18|.111|11|23|.478|14|29|9|15|3|10|18
30|30|2011-02-27||Fairfield|W|74|69|25|50|.500|4|10|.400|20|30|.667|12|40|14|8|6|18|27||21|53|.396|4|14|.286|23|36|.639|10|29|7|11|3|12|26
31|31|2011-03-05|N|Siena|W|94|64|35|60|.583|9|17|.529|15|21|.714|12|34|21|9|0|13|17||26|57|.456|3|17|.176|9|15|.600|8|24|8|4|5|16|18
32|32|2011-03-06|N|Rider|W|83|59|30|59|.508|14|28|.500|9|12|.750|9|35|26|8|3|13|11||24|55|.436|7|21|.333|4|5|.800|3|20|12|4|3|13|15
33|33|2011-03-07|N|Saint Peter's|L|57|62|19|59|.322|3|18|.167|16|21|.762|16|33|7|11|3|12|14||22|48|.458|7|15|.467|11|11|1.000|4|27|12|7|6|16|18
34|34|2011-03-16|@|Valparaiso|W|85|77|28|48|.583|7|15|.467|22|32|.688|5|29|16|8|3|13|13||32|71|.451|7|27|.259|6|11|.545|13|32|17|8|3|12|18
35|35|2011-03-22||Buffalo|W|78|63|27|57|.474|11|23|.478|13|18|.722|9|28|21|13|2|13|17||25|55|.455|6|16|.375|7|12|.583|10|28|13|8|5|20|17
36|36|2011-03-26|@|East Tennessee State|W|83|80|31|59|.525|9|21|.429|12|16|.750|7|35|19|5|4|15|20||29|63|.460|10|20|.500|12|16|.750|8|28|13|8|2|8|16
37|37|2011-03-30||Santa Clara|L|69|76|26|62|.419|6|19|.316|11|18|.611|8|33|16|6|7|6|20||28|67|.418|8|22|.364|12|18|.667|9|39|13|5|1|12|17
