ranker|game_season|date_game|game_location|opp_id|game_result|pts|opp_pts|fg|fga|fg_pct|fg3|fg3a|fg3_pct|ft|fta|ft_pct|orb|trb|ast|stl|blk|tov|pf|x|opp_fg|opp_fga|opp_fg_pct|opp_fg3|opp_fg3a|opp_fg3_pct|opp_ft|opp_fta|opp_ft_pct|opp_orb|opp_trb|opp_ast|opp_stl|opp_blk|opp_tov|opp_pf|
1|1|2010-11-12|N|Iona|W|73|72|27|52|.519|6|13|.462|13|23|.565|8|34|17|11|5|21|20||24|54|.444|7|16|.438|17|30|.567|3|26|15|12|6|17|21
2|2|2010-11-13|N|Bryant|W|90|49|34|69|.493|7|13|.538|15|23|.652|16|47|15|9|1|8|17||16|54|.296|8|26|.308|9|17|.529|8|28|10|3|4|17|24
3|3|2010-11-14|@|Cleveland State|L|66|69|26|65|.400|4|20|.200|10|13|.769|14|43|16|1|8|16|24||25|68|.368|4|16|.250|15|29|.517|17|41|11|7|1|8|18
4|4|2010-11-16||Robert Morris|W|62|59|19|50|.380|5|20|.250|19|32|.594|14|43|8|3|6|15|17||23|70|.329|4|25|.160|9|16|.563|15|39|13|7|2|11|24
5|5|2010-11-19||Furman|W (1 OT)|78|74|27|56|.482|1|10|.100|23|34|.676|9|30|12|10|2|15|17||30|70|.429|6|22|.273|8|12|.667|16|36|12|6|3|19|24
6|6|2010-11-23|N|Urbana|W|94|71|33|60|.550|3|10|.300|25|36|.694|13|37|21|13|5|17|25||19|55|.345|8|21|.381|25|35|.714|13|28|12|8|1|18|22
7|7|2010-11-26||Lehigh|W|80|75|23|59|.390|3|13|.231|31|42|.738|13|38|11|6|4|12|18||29|65|.446|5|18|.278|12|18|.667|9|32|10|4|3|12|27
8|8|2010-12-02||Louisiana-Monroe|W|69|53|26|53|.491|10|21|.476|7|9|.778|4|26|23|11|4|11|10||23|49|.469|5|18|.278|2|6|.333|6|28|15|7|0|15|12
9|9|2010-12-05|@|Alabama-Birmingham|L|59|75|22|61|.361|5|18|.278|10|13|.769|16|26|6|5|2|11|21||27|53|.509|4|16|.250|17|19|.895|14|35|17|5|3|11|12
10|10|2010-12-09|@|Florida|L|52|65|19|55|.345|7|18|.389|7|12|.583|12|32|12|5|3|15|12||30|62|.484|3|16|.188|2|6|.333|13|36|11|7|7|11|10
11|11|2010-12-12||South Florida|W|56|51|20|54|.370|3|14|.214|13|22|.591|15|36|13|10|4|14|13||20|59|.339|5|21|.238|6|8|.750|15|34|9|9|3|19|17
12|12|2010-12-21||Youngstown State|W|71|58|24|53|.453|6|15|.400|17|20|.850|13|37|12|5|3|12|10||21|57|.368|9|27|.333|7|10|.700|12|28|14|8|4|10|20
13|13|2010-12-28|@|Morehead State|L|59|76|22|50|.440|10|23|.435|5|13|.385|8|18|17|8|2|17|20||25|45|.556|10|17|.588|16|20|.800|6|25|15|6|6|16|14
14|14|2010-12-31||James Madison|L|51|60|18|60|.300|4|21|.190|11|16|.688|12|34|9|13|6|10|19||19|51|.373|6|16|.375|16|26|.615|12|40|13|4|6|16|14
15|15|2011-01-08|@|Akron|L|62|65|20|57|.351|5|14|.357|17|22|.773|10|34|9|7|1|14|20||21|59|.356|6|23|.261|17|25|.680|13|37|13|3|5|10|17
16|16|2011-01-11||Bowling Green State|W|80|63|28|54|.519|5|14|.357|19|26|.731|12|31|21|7|3|10|8||25|61|.410|8|20|.400|5|6|.833|14|30|14|6|4|13|20
17|17|2011-01-15|@|Ohio|W|69|66|26|56|.464|3|15|.200|14|19|.737|14|33|12|6|3|16|22||24|51|.471|7|20|.350|11|21|.524|7|19|14|8|1|13|17
18|18|2011-01-19|@|Buffalo|L|54|79|18|54|.333|4|12|.333|14|21|.667|9|22|8|11|0|19|19||26|50|.520|6|15|.400|21|25|.840|13|38|19|9|10|20|19
19|19|2011-01-23||Miami (OH)|W|78|57|30|64|.469|11|23|.478|7|12|.583|7|24|21|14|2|8|14||20|48|.417|7|18|.389|10|15|.667|12|36|11|3|4|22|13
20|20|2011-01-27|@|Ball State|W|66|53|27|57|.474|7|19|.368|5|7|.714|8|28|17|12|8|15|18||19|52|.365|3|9|.333|12|18|.667|15|34|13|5|2|17|15
21|21|2011-01-30||Toledo|W|72|55|23|54|.426|5|19|.263|21|34|.618|14|40|13|10|7|9|11||22|55|.400|7|20|.350|4|8|.500|7|31|10|2|2|18|24
22|22|2011-02-05||Central Michigan|W|66|53|23|54|.426|4|11|.364|16|30|.533|12|36|12|8|6|13|16||18|57|.316|4|11|.364|13|21|.619|11|34|9|4|4|17|21
23|23|2011-02-09||Eastern Michigan|W|80|70|30|60|.500|3|12|.250|17|24|.708|7|37|21|6|4|18|18||26|68|.382|6|21|.286|12|23|.522|15|37|15|13|6|11|19
24|24|2011-02-12|@|Northern Illinois|W|84|77|27|54|.500|6|16|.375|24|34|.706|7|36|13|5|5|10|20||27|63|.429|5|20|.250|18|25|.720|8|33|11|3|2|8|23
25|25|2011-02-16|@|Miami (OH)|L (1 OT)|80|86|30|69|.435|10|23|.435|10|13|.769|11|34|13|7|5|11|27||26|65|.400|5|20|.250|29|35|.829|15|45|11|4|6|12|14
26|26|2011-02-18|@|Drexel|L|66|73|23|64|.359|4|18|.222|16|27|.593|12|34|6|7|4|8|25||26|59|.441|5|19|.263|16|25|.640|14|46|11|3|3|11|23
27|27|2011-02-21|@|Western Michigan|W|74|72|31|70|.443|3|13|.231|9|12|.750|10|34|7|7|1|11|15||26|60|.433|6|17|.353|14|19|.737|10|35|12|4|5|16|14
28|28|2011-02-24||Buffalo|W|72|69|27|53|.509|6|13|.462|12|15|.800|6|28|16|6|6|15|14||28|65|.431|7|20|.350|6|14|.429|14|35|17|11|4|10|15
29|29|2011-02-26||Ohio|L (1 OT)|87|88|30|75|.400|8|23|.348|19|29|.655|16|34|15|8|6|14|21||30|58|.517|8|17|.471|20|24|.833|6|32|21|6|8|17|24
30|30|2011-03-01|@|Bowling Green State|W|63|57|24|52|.462|4|14|.286|11|15|.733|9|32|21|6|5|13|15||22|54|.407|2|12|.167|11|15|.733|9|31|14|4|5|14|17
31|31|2011-03-04||Akron|W|79|68|33|65|.508|4|15|.267|9|11|.818|14|34|11|5|2|9|16||28|56|.500|7|21|.333|5|9|.556|6|22|16|6|3|11|17
32|32|2011-03-10|N|Buffalo|W|73|62|26|62|.419|3|17|.176|18|31|.581|14|35|12|12|5|9|18||23|54|.426|2|10|.200|14|25|.560|13|40|8|5|3|18|25
33|33|2011-03-11||Ball State|W|79|68|31|56|.554|4|10|.400|13|21|.619|12|34|16|5|2|16|18||23|53|.434|5|20|.250|17|24|.708|5|20|14|5|2|10|19
34|34|2011-03-12|N|Akron|L (1 OT)|65|66|23|69|.333|7|19|.368|12|23|.522|18|44|13|8|8|7|17||25|61|.410|8|19|.421|8|17|.471|13|42|13|3|15|12|18
35|35|2011-03-15|@|Saint Mary's (CA)|W|71|70|30|62|.484|8|17|.471|3|4|.750|10|35|14|5|6|16|15||27|62|.435|7|20|.350|9|16|.563|11|31|17|14|4|11|9
36|36|2011-03-20|@|Fairfield|W|72|68|30|60|.500|8|19|.421|4|5|.800|7|28|12|9|2|9|13||27|60|.450|7|26|.269|7|13|.538|10|31|16|5|1|12|15
37|37|2011-03-22|@|Colorado|L|74|81|30|60|.500|6|18|.333|8|11|.727|8|26|18|5|5|9|18||32|65|.492|4|15|.267|13|16|.813|14|36|20|6|2|8|11
