ranker|game_season|date_game|game_location|opp_id|game_result|pts|opp_pts|fg|fga|fg_pct|fg3|fg3a|fg3_pct|ft|fta|ft_pct|orb|trb|ast|stl|blk|tov|pf|x|opp_fg|opp_fga|opp_fg_pct|opp_fg3|opp_fg3a|opp_fg3_pct|opp_ft|opp_fta|opp_ft_pct|opp_orb|opp_trb|opp_ast|opp_stl|opp_blk|opp_tov|opp_pf|
1|1|2010-11-12||Columbia|W|82|71|34|60|.567|6|13|.462|8|13|.615|6|30|17|14|4|15|17||24|59|.407|4|15|.267|19|22|.864|11|31|14|6|1|17|17
2|2|2010-11-16|@|Baylor|L|64|74|27|66|.409|4|17|.235|6|11|.545|14|28|14|15|3|18|17||29|56|.518|3|13|.231|13|17|.765|13|38|15|4|8|22|13
3|3|2010-11-18||Prairie View|W|88|74|30|65|.462|6|15|.400|22|36|.611|19|48|13|5|9|13|25||25|73|.342|4|18|.222|20|34|.588|19|37|8|4|8|8|24
4|4|2010-11-20||Morgan State|W|79|74|27|49|.551|3|10|.300|22|34|.647|4|28|17|11|10|15|20||29|73|.397|6|20|.300|10|19|.526|17|39|18|8|5|16|24
5|5|2010-11-23|N|Providence|W|84|73|32|64|.500|5|10|.500|15|23|.652|14|47|15|2|3|19|23||23|66|.348|8|32|.250|19|35|.543|13|31|7|9|7|7|23
6|6|2010-11-24|N|Missouri|L|71|83|28|53|.528|6|13|.462|9|16|.563|9|35|14|2|6|19|15||32|82|.390|9|27|.333|10|14|.714|18|37|17|10|4|5|20
7|7|2010-11-29||Delaware State|W|65|61|27|51|.529|4|11|.364|7|8|.875|10|25|19|4|1|12|10||21|44|.477|9|15|.600|10|15|.667|8|21|15|10|3|11|12
8|8|2010-12-04||Oklahoma State|L (2 OT)|87|92|32|79|.405|8|21|.381|15|22|.682|13|44|22|5|6|20|17||36|81|.444|7|20|.350|13|22|.591|17|48|20|12|2|18|24
9|9|2010-12-09|@|Boston University|W|84|81|29|60|.483|5|15|.333|21|29|.724|10|35|13|14|6|17|23||27|61|.443|13|29|.448|14|20|.700|7|30|17|8|5|20|28
10|10|2010-12-12||Villanova|L|81|84|31|66|.470|8|18|.444|11|13|.846|5|28|20|10|3|16|21||24|53|.453|9|20|.450|27|34|.794|6|27|16|10|5|18|15
11|11|2010-12-17||Bucknell|L|77|89|29|57|.509|6|15|.400|13|22|.591|11|30|16|3|2|13|15||34|62|.548|9|18|.500|12|16|.750|8|26|23|7|4|10|19
12|12|2010-12-22||Rider|L|68|77|24|67|.358|3|13|.231|17|24|.708|15|38|14|7|3|15|19||31|63|.492|4|15|.267|11|19|.579|11|34|16|8|10|14|16
13|13|2010-12-29||Towson|L (1 OT)|90|93|34|61|.557|6|12|.500|16|21|.762|16|30|16|6|2|18|22||29|53|.547|8|17|.471|27|34|.794|10|21|11|12|2|13|20
14|14|2011-01-02||Binghamton|W|87|64|33|71|.465|7|21|.333|14|21|.667|21|38|15|8|5|15|19||21|47|.447|6|12|.500|16|20|.800|7|20|7|6|3|19|16
15|15|2011-01-05|@|George Washington|L|67|72|23|60|.383|9|20|.450|12|19|.632|11|33|14|4|4|12|20||24|59|.407|4|11|.364|20|31|.645|15|41|9|6|7|11|16
16|16|2011-01-08||Richmond|L|68|87|23|67|.343|6|21|.286|16|19|.842|15|38|9|6|0|13|16||31|58|.534|11|23|.478|14|17|.824|4|26|19|6|3|12|18
17|17|2011-01-12||Pennsylvania|W (1 OT)|89|83|29|58|.500|8|14|.571|23|32|.719|4|29|19|6|3|12|20||33|68|.485|6|21|.286|11|15|.733|5|35|14|4|0|13|24
18|18|2011-01-15|N|Massachusetts|L|71|74|26|66|.394|7|22|.318|12|14|.857|15|35|14|5|6|15|16||30|59|.508|3|16|.188|11|17|.647|9|25|17|9|6|10|16
19|19|2011-01-19||Duquesne|L|71|88|29|65|.446|8|18|.444|5|11|.455|13|34|14|5|3|25|20||34|69|.493|3|16|.188|17|24|.708|13|37|24|17|5|12|13
20|20|2011-01-22|@|Rhode Island|W|76|75|27|61|.443|7|20|.350|15|19|.789|8|30|15|9|3|19|19||23|63|.365|10|33|.303|19|28|.679|16|39|15|9|8|16|16
21|21|2011-01-27||Saint Joseph's|W|76|72|23|45|.511|8|12|.667|22|27|.815|10|32|16|8|7|21|13||29|61|.475|7|22|.318|7|11|.636|8|21|17|8|12|10|19
22|22|2011-01-29|@|Charlotte|W (2 OT)|91|86|29|77|.377|4|22|.182|29|34|.853|15|47|12|6|0|12|28||24|70|.343|7|25|.280|31|46|.674|19|54|12|4|6|16|26
23|23|2011-02-02||Temple|L|67|71|25|64|.391|7|18|.389|10|17|.588|14|33|8|5|2|16|15||25|51|.490|7|17|.412|14|16|.875|1|20|16|9|3|15|19
24|24|2011-02-05||Dayton|L|81|85|28|69|.406|6|25|.240|19|22|.864|12|32|15|7|6|14|21||30|66|.455|6|15|.400|19|26|.731|10|37|16|6|6|14|22
25|25|2011-02-09|@|Saint Louis|W|78|77|29|60|.483|6|15|.400|14|21|.667|9|29|15|14|4|13|20||31|61|.508|4|14|.286|11|18|.611|14|34|21|7|4|17|17
26|26|2011-02-12|@|St. Bonaventure|L|61|82|19|59|.322|4|17|.235|19|22|.864|12|28|10|5|5|10|20||31|60|.517|4|13|.308|16|23|.696|13|40|18|4|2|10|19
27|27|2011-02-19||George Washington|L|80|82|27|64|.422|5|18|.278|21|29|.724|9|26|16|12|3|11|21||29|55|.527|8|14|.571|16|20|.800|9|35|16|5|10|21|20
28|28|2011-02-22|@|Xavier|L|62|100|19|53|.358|5|24|.208|19|24|.792|7|22|9|6|1|15|18||35|56|.625|9|17|.529|21|24|.875|7|34|30|9|3|13|17
29|29|2011-02-27||Massachusetts|W|72|51|25|72|.347|9|24|.375|13|18|.722|20|51|15|10|4|14|16||17|57|.298|7|27|.259|10|14|.714|9|31|11|5|9|16|16
30|30|2011-03-02||Fordham|W|86|61|33|72|.458|7|20|.350|13|23|.565|18|51|23|10|7|15|12||25|87|.287|6|22|.273|5|11|.455|26|47|15|7|9|14|16
31|31|2011-03-05|@|Temple|L|82|90|31|56|.554|8|16|.500|12|14|.857|7|30|22|5|5|13|19||32|64|.500|7|14|.500|19|29|.655|13|28|19|6|4|7|12
32|32|2011-03-08|@|St. Bonaventure|W (2 OT)|75|73|30|75|.400|9|25|.360|6|11|.545|6|34|17|14|3|14|20||26|65|.400|4|12|.333|17|25|.680|10|43|12|5|8|20|13
33|33|2011-03-11|N|Temple|L|76|96|31|58|.534|8|16|.500|6|11|.545|8|31|8|2|3|22|18||35|67|.522|10|19|.526|16|18|.889|7|26|17|10|3|6|15
