ranker|game_season|date_game|game_location|opp_id|game_result|pts|opp_pts|fg|fga|fg_pct|fg3|fg3a|fg3_pct|ft|fta|ft_pct|orb|trb|ast|stl|blk|tov|pf|x|opp_fg|opp_fga|opp_fg_pct|opp_fg3|opp_fg3a|opp_fg3_pct|opp_ft|opp_fta|opp_ft_pct|opp_orb|opp_trb|opp_ast|opp_stl|opp_blk|opp_tov|opp_pf|
1|1|2010-11-12|@|Wagner|L|58|63|18|47|.383|1|8|.125|21|25|.840|4|29|11|8|1|10|13||20|52|.385|11|22|.500|12|13|.923|4|29|14|4|5|14|25
2|2|2010-11-14|@|Rider|L|73|80|27|53|.509|11|20|.550|8|9|.889|5|21|19|7|0|16|18||30|54|.556|9|20|.450|11|19|.579|9|28|16|6|4|13|13
3|3|2010-11-17||Saint Francis (PA)|W|72|68|22|47|.468|9|21|.429|19|24|.792|6|26|12|9|1|15|20||25|55|.455|5|20|.250|13|18|.722|11|30|8|6|3|15|23
4|4|2010-11-20|@|Villanova|L|41|86|15|59|.254|4|28|.143|7|7|1.000|5|22|11|5|2|14|15||34|67|.507|6|20|.300|12|13|.923|13|46|22|9|6|11|11
5|5|2010-11-23|@|Pennsylvania|L|65|74|24|51|.471|8|19|.421|9|11|.818|5|21|19|6|1|13|22||26|46|.565|4|13|.308|18|27|.667|7|27|17|4|3|11|13
6|6|2010-11-27||Delaware|L|64|67|19|45|.422|6|19|.316|20|28|.714|4|27|14|4|2|14|23||19|46|.413|7|19|.368|22|29|.759|7|32|6|7|0|15|24
7|7|2010-11-30||Princeton|L|64|82|22|55|.400|6|22|.273|14|19|.737|16|29|13|7|3|19|19||30|49|.612|9|17|.529|13|17|.765|5|25|21|10|4|14|23
8|8|2010-12-01||Susquehanna|W|95|73|35|71|.493|10|33|.303|15|18|.833|15|33|21|10|4|11|23||22|47|.468|9|21|.429|20|28|.714|11|31|12|4|1|22|21
9|9|2010-12-06||Sacred Heart|W|76|71|23|47|.489|10|19|.526|20|22|.909|10|26|17|4|1|17|21||24|51|.471|5|12|.417|18|24|.750|10|21|7|5|1|13|20
10|10|2010-12-08||NJIT|W|72|56|26|48|.542|6|17|.353|14|18|.778|5|28|22|4|4|13|14||19|52|.365|9|25|.360|9|13|.692|8|24|10|8|2|13|18
11|11|2010-12-11|@|Long Island University|L|80|85|30|61|.492|7|24|.292|13|16|.813|8|24|17|6|2|18|23||29|61|.475|7|22|.318|20|26|.769|16|39|17|9|2|22|20
12|12|2010-12-22|@|Rhode Island|L|65|73|24|54|.444|10|26|.385|7|11|.636|5|28|17|5|0|11|21||24|52|.462|14|27|.519|11|19|.579|9|37|15|7|4|12|12
13|13|2010-12-29|@|Gonzaga|L|55|83|20|60|.333|12|31|.387|3|8|.375|7|28|13|5|2|19|24||29|60|.483|6|18|.333|19|28|.679|13|48|19|10|7|15|13
14|14|2011-01-02|@|Fairleigh Dickinson|W (2 OT)|98|92|30|68|.441|13|35|.371|25|33|.758|7|48|21|6|2|13|30||29|70|.414|6|17|.353|28|47|.596|10|43|13|6|1|9|27
15|15|2011-01-05||Columbia|L|73|76|24|60|.400|7|17|.412|18|23|.783|10|33|12|6|0|11|15||30|60|.500|6|14|.429|10|16|.625|9|34|7|9|8|9|21
16|16|2011-01-08|@|Holy Cross|L|65|70|21|56|.375|8|19|.421|15|20|.750|11|32|8|4|4|7|20||24|56|.429|7|19|.368|15|19|.789|14|36|14|1|4|11|18
17|17|2011-01-12||Colgate|W|75|64|23|52|.442|6|20|.300|23|29|.793|8|33|17|8|2|18|19||23|55|.418|5|19|.263|13|18|.722|10|30|11|7|4|21|25
18|18|2011-01-15||Navy|W|76|73|23|54|.426|8|26|.308|22|26|.846|4|28|15|6|2|12|21||26|54|.481|9|24|.375|12|20|.600|8|33|11|7|3|18|24
19|19|2011-01-19|@|Bucknell|L|56|75|20|54|.370|8|20|.400|8|14|.571|7|22|12|5|3|9|21||25|53|.472|8|22|.364|17|27|.630|12|36|16|3|4|11|15
20|20|2011-01-22||Lehigh|L|62|79|21|61|.344|6|24|.250|14|17|.824|12|30|13|4|7|13|19||25|59|.424|9|21|.429|20|23|.870|11|38|10|7|6|11|16
21|21|2011-01-26|@|Army|W|83|60|30|58|.517|10|23|.435|13|19|.684|13|34|18|8|3|13|16||22|57|.386|7|23|.304|9|10|.900|9|24|16|4|2|16|17
22|22|2011-01-29|@|American|L|60|73|20|46|.435|6|14|.429|14|20|.700|2|22|13|4|3|11|23||25|53|.472|8|15|.533|15|19|.789|9|31|15|4|4|10|18
23|23|2011-02-05||Holy Cross|W|76|70|26|60|.433|11|30|.367|13|15|.867|8|34|20|3|6|12|26||25|61|.410|3|20|.150|17|34|.500|17|38|10|2|3|11|19
24|24|2011-02-09|@|Colgate|W|80|65|27|48|.563|13|22|.591|13|16|.813|4|28|20|6|3|15|23||23|49|.469|6|14|.429|13|26|.500|9|24|14|8|5|14|20
25|25|2011-02-12|@|Navy|L|52|57|16|45|.356|2|22|.091|18|27|.667|7|30|11|9|4|15|22||17|45|.378|5|21|.238|18|23|.783|6|29|9|7|0|14|23
26|26|2011-02-16||Bucknell|L (1 OT)|69|74|20|52|.385|7|22|.318|22|26|.846|3|28|11|8|2|13|22||22|56|.393|6|13|.462|24|28|.857|7|34|12|3|3|16|23
27|27|2011-02-20|@|Lehigh|L|66|67|26|57|.456|6|17|.353|8|14|.571|6|31|9|7|4|13|19||24|61|.393|4|16|.250|15|22|.682|11|37|10|6|1|11|15
28|28|2011-02-23||Army|W|67|46|21|51|.412|10|29|.345|15|21|.714|10|32|10|6|2|9|16||16|46|.348|5|18|.278|9|16|.563|9|31|9|3|0|13|18
29|29|2011-02-26||American|L (2 OT)|92|95|30|63|.476|8|22|.364|24|30|.800|8|25|19|9|3|6|21||34|60|.567|10|22|.455|17|19|.895|7|31|20|3|3|14|25
30|30|2011-03-02|@|Holy Cross|W|77|70|26|63|.413|7|21|.333|18|23|.783|17|37|16|9|3|11|17||27|67|.403|2|16|.125|14|19|.737|18|38|12|5|2|14|19
31|31|2011-03-06|@|American|W (2 OT)|73|71|27|59|.458|7|17|.412|12|14|.857|6|35|16|3|1|12|20||25|64|.391|3|16|.188|18|27|.667|11|34|12|3|4|9|15
32|32|2011-03-11|@|Bucknell|L|57|72|18|52|.346|4|18|.222|17|30|.567|9|28|9|5|2|11|22||21|50|.420|7|22|.318|23|28|.821|9|34|12|5|2|10|24
