ranker|game_season|date_game|game_location|opp_id|game_result|pts|opp_pts|fg|fga|fg_pct|fg3|fg3a|fg3_pct|ft|fta|ft_pct|orb|trb|ast|stl|blk|tov|pf|x|opp_fg|opp_fga|opp_fg_pct|opp_fg3|opp_fg3a|opp_fg3_pct|opp_ft|opp_fta|opp_ft_pct|opp_orb|opp_trb|opp_ast|opp_stl|opp_blk|opp_tov|opp_pf|
1|1|2010-11-12||Virginia Intermont|W|82|65|32|86|.372|6|27|.222|12|15|.800|27|52|14|6|2|12|19||24|57|.421|1|19|.053|16|20|.800|5|29|10|6|2|21|17
2|2|2010-11-14|@|Notre Dame|L|51|72|21|59|.356|5|17|.294|4|7|.571|12|33|14|3|2|15|26||23|55|.418|10|28|.357|16|25|.640|14|37|16|4|4|12|11
3|3|2010-11-16|@|North Carolina-Wilmington|L (1 OT)|64|69|25|65|.385|4|14|.286|10|16|.625|16|33|16|14|5|11|18||27|54|.500|6|19|.316|9|12|.750|9|36|16|2|5|20|18
4|4|2010-11-18||Southern Virginia|W|82|49|27|58|.466|7|13|.538|21|28|.750|16|52|18|7|5|14|23||14|48|.292|4|18|.222|17|28|.607|3|19|4|7|2|13|18
5|5|2010-11-21|@|Texas Tech|L|71|79|28|69|.406|5|15|.333|10|18|.556|16|40|14|8|3|11|17||30|62|.484|6|18|.333|13|19|.684|10|31|19|6|6|14|20
6|6|2010-11-23|@|South Florida|L|43|60|14|48|.292|3|12|.250|12|15|.800|8|25|10|8|4|15|14||21|48|.438|10|25|.400|8|11|.727|10|35|15|2|3|18|17
7|7|2010-11-26|N|Mississippi Valley State|W|64|58|15|49|.306|7|21|.333|27|36|.750|11|39|11|7|4|22|21||24|62|.387|5|23|.217|5|12|.417|6|26|9|9|3|16|30
8|8|2010-11-27|N|Chicago State|W (1 OT)|67|65|28|64|.438|4|15|.267|7|14|.500|16|40|14|1|6|20|21||21|64|.328|2|20|.100|21|26|.808|14|30|9|9|1|11|16
9|9|2010-12-02||Presbyterian|W|70|61|26|61|.426|4|16|.250|14|16|.875|17|32|17|9|2|13|17||26|51|.510|5|16|.313|4|7|.571|6|21|18|5|1|18|18
10|10|2010-12-04||Winthrop|W|75|72|25|60|.417|7|17|.412|18|23|.783|12|38|14|7|4|16|20||24|55|.436|7|18|.389|17|28|.607|6|29|16|9|3|12|17
11|11|2010-12-11||George Mason|L|54|84|19|48|.396|3|12|.250|13|21|.619|8|24|9|3|0|17|18||33|55|.600|9|21|.429|9|12|.750|6|28|16|9|2|9|20
12|12|2010-12-18||William & Mary|W|71|62|22|48|.458|3|13|.231|24|32|.750|6|30|12|8|2|8|20||23|57|.404|8|26|.308|8|15|.533|10|31|14|1|1|15|24
13|13|2010-12-22|@|Hampton|L|59|62|25|48|.521|6|12|.500|3|4|.750|10|35|10|6|3|26|20||21|46|.457|7|18|.389|13|22|.591|5|17|12|8|5|14|12
14|14|2010-12-28||Union (KY)|W|84|47|33|66|.500|4|15|.267|14|23|.609|14|45|15|11|10|15|14||18|62|.290|4|19|.211|7|15|.467|10|30|8|8|2|22|18
15|15|2010-12-31|@|Gardner-Webb|W (1 OT)|64|62|20|47|.426|1|13|.077|23|31|.742|7|32|8|9|3|24|23||20|53|.377|5|19|.263|17|29|.586|8|32|7|11|2|20|27
16|16|2011-01-02|@|North Carolina-Asheville|W|59|55|20|46|.435|4|10|.400|15|19|.789|10|30|11|6|4|21|24||18|51|.353|2|15|.133|17|28|.607|15|30|12|10|7|16|15
17|17|2011-01-06||Charleston Southern|W|68|54|27|62|.435|7|21|.333|7|10|.700|17|33|13|12|2|13|8||23|51|.451|5|16|.313|3|6|.500|8|27|10|7|4|20|12
18|18|2011-01-08||Coastal Carolina|L|67|70|25|58|.431|10|21|.476|7|12|.583|9|35|12|3|7|10|19||26|63|.413|4|10|.400|14|23|.609|10|33|13|3|2|8|11
19|19|2011-01-13|@|High Point|W|66|60|25|52|.481|1|7|.143|15|19|.789|13|40|6|5|2|19|20||20|56|.357|6|18|.333|14|22|.636|9|20|10|6|4|11|18
20|20|2011-01-15|@|Radford|W|61|53|22|53|.415|5|20|.250|12|24|.500|14|48|16|5|7|16|24||17|53|.321|5|14|.357|14|28|.500|9|30|9|11|2|8|21
21|21|2011-01-20||Virginia Military Institute|W|100|82|36|64|.563|9|11|.818|19|25|.760|10|35|26|7|3|11|20||27|56|.482|10|25|.400|18|26|.692|5|21|15|6|6|16|24
22|22|2011-01-27||North Carolina-Asheville|W (1 OT)|83|81|31|66|.470|11|25|.440|10|14|.714|10|25|16|10|2|12|19||28|52|.538|7|15|.467|18|20|.900|7|32|19|7|6|19|18
23|23|2011-01-29||Gardner-Webb|W|67|51|21|62|.339|5|20|.250|20|27|.741|18|46|12|6|3|10|22||19|56|.339|3|21|.143|10|25|.400|10|32|7|4|2|11|24
24|24|2011-02-03|@|Coastal Carolina|L|71|77|23|54|.426|3|13|.231|22|30|.733|6|36|6|8|1|19|23||29|64|.453|3|11|.273|16|32|.500|10|36|16|13|4|14|20
25|25|2011-02-05|@|Charleston Southern|W|70|69|28|56|.500|2|7|.286|12|19|.632|11|34|9|4|2|16|14||26|62|.419|5|17|.294|12|17|.706|10|30|15|7|5|10|19
26|26|2011-02-10||Radford|W|79|71|24|53|.453|9|23|.391|22|31|.710|10|32|15|11|4|14|21||27|62|.435|7|22|.318|10|19|.526|14|34|11|6|5|15|23
27|27|2011-02-12||High Point|W|65|54|22|56|.393|6|20|.300|15|21|.714|15|39|9|8|3|14|16||22|51|.431|3|11|.273|7|11|.636|5|25|7|5|2|15|18
28|28|2011-02-15|@|Virginia Military Institute|L|69|79|25|66|.379|7|23|.304|12|19|.632|16|39|14|3|1|13|16||29|66|.439|14|36|.389|7|8|.875|12|35|18|6|7|10|15
29|29|2011-02-19||Iona|L|57|77|23|51|.451|4|14|.286|7|18|.389|10|24|9|8|3|13|15||31|57|.544|11|22|.500|4|10|.400|13|34|21|3|3|13|16
30|30|2011-02-24|@|Winthrop|L|56|61|22|48|.458|2|7|.286|10|23|.435|11|34|8|4|5|15|21||21|53|.396|3|6|.500|16|25|.640|11|30|9|7|4|9|20
31|31|2011-02-26|@|Presbyterian|L|66|73|22|46|.478|4|12|.333|18|24|.750|8|26|7|4|3|11|20||23|48|.479|10|23|.435|17|24|.708|7|23|10|3|1|9|20
32|32|2011-03-01||High Point|L|60|66|23|58|.397|8|30|.267|6|9|.667|11|27|17|3|2|11|20||23|44|.523|6|18|.333|14|25|.560|6|28|8|6|0|12|14
