ranker|game_season|date_game|game_location|opp_id|game_result|pts|opp_pts|fg|fga|fg_pct|fg3|fg3a|fg3_pct|ft|fta|ft_pct|orb|trb|ast|stl|blk|tov|pf|x|opp_fg|opp_fga|opp_fg_pct|opp_fg3|opp_fg3a|opp_fg3_pct|opp_ft|opp_fta|opp_ft_pct|opp_orb|opp_trb|opp_ast|opp_stl|opp_blk|opp_tov|opp_pf|
1|1|2010-11-12||New Mexico State|L|76|92|25|56|.446|7|18|.389|19|28|.679|8|28|11|8|5|17|19||31|60|.517|12|25|.480|18|25|.720|11|37|22|4|3|15|24
2|2|2010-11-15||Louisiana College|W|91|66|37|66|.561|7|17|.412|10|23|.435|13|37|17|12|6|19|14||25|63|.397|10|26|.385|6|9|.667|11|29|12|8|3|20|23
3|3|2010-11-17|@|Creighton|L|58|63|23|68|.338|9|22|.409|3|9|.333|11|39|11|5|5|10|21||21|58|.362|5|16|.313|16|24|.667|12|45|12|2|5|9|13
4|4|2010-11-19||Cleveland State|L|55|60|16|47|.340|4|17|.235|19|27|.704|6|33|7|8|10|15|18||20|59|.339|7|22|.318|13|17|.765|10|36|7|8|2|15|21
5|5|2010-11-23|@|Houston|L|65|78|24|66|.364|5|15|.333|12|21|.571|16|38|9|7|2|12|28||22|45|.489|8|18|.444|26|33|.788|6|40|16|5|5|17|21
6|6|2010-12-01|@|McNeese State|L|66|69|20|40|.500|8|18|.444|18|31|.581|7|31|10|5|4|20|27||20|52|.385|5|22|.227|24|35|.686|15|32|5|9|2|14|22
7|7|2010-12-04|@|Tulane|L|52|63|20|57|.351|6|21|.286|6|12|.500|10|30|13|2|4|11|16||24|56|.429|5|19|.263|10|15|.667|11|35|15|5|4|9|12
8|8|2010-12-12||Texas College|L|74|77|27|69|.391|5|16|.313|15|26|.577|23|48|9|4|3|16|17||27|53|.509|7|19|.368|16|21|.762|3|26|11|7|4|16|21
9|9|2010-12-15|@|Central Florida|L|58|79|21|56|.375|4|15|.267|12|19|.632|9|27|7|9|4|20|26||23|53|.434|6|17|.353|27|35|.771|11|37|11|13|8|20|19
10|10|2010-12-19||Lamar|W|68|65|23|53|.434|2|13|.154|20|32|.625|10|35|13|7|6|17|24||22|64|.344|6|16|.375|15|28|.536|17|38|8|8|4|17|25
11|11|2010-12-21|@|New Mexico State|L|76|82|26|60|.433|7|14|.500|17|23|.739|19|44|12|3|4|22|24||28|57|.491|6|14|.429|20|27|.741|10|23|15|9|6|12|23
12|12|2010-12-30|@|Denver|L|52|65|16|44|.364|2|6|.333|18|30|.600|14|25|6|6|3|19|21||22|40|.550|7|17|.412|14|14|1.000|5|20|14|7|7|17|28
13|13|2011-01-01|@|North Texas|L|63|80|25|55|.455|1|6|.167|12|18|.667|13|32|6|4|5|17|19||26|54|.481|6|14|.429|22|27|.815|8|26|11|5|4|9|19
14|14|2011-01-06||Troy|W|93|91|30|60|.500|7|19|.368|26|32|.813|10|32|10|7|2|14|20||34|62|.548|7|21|.333|16|25|.640|12|35|9|5|2|16|24
15|15|2011-01-08||Middle Tennessee|L (1 OT)|91|93|27|54|.500|5|14|.357|32|49|.653|8|28|10|9|1|17|30||23|51|.451|6|17|.353|41|49|.837|11|33|8|8|6|20|34
16|16|2011-01-13|@|Arkansas State|L|65|74|24|58|.414|3|14|.214|14|25|.560|14|35|9|4|4|14|12||29|54|.537|6|16|.375|10|17|.588|6|27|15|8|5|13|22
17|17|2011-01-15|@|Arkansas-Little Rock|L|68|73|25|63|.397|7|21|.333|11|19|.579|7|37|8|1|6|15|27||21|57|.368|7|19|.368|24|33|.727|9|35|13|5|4|13|20
18|18|2011-01-19||Centenary (LA)|W|94|62|40|65|.615|3|12|.250|11|19|.579|10|36|15|13|7|17|22||19|49|.388|6|17|.353|18|27|.667|7|24|6|4|1|24|22
19|19|2011-01-22||Louisiana-Monroe|W|84|75|27|60|.450|10|21|.476|20|25|.800|14|36|8|4|6|7|18||30|61|.492|8|13|.615|7|16|.438|12|28|13|3|0|12|22
20|20|2011-01-27||North Texas|W|93|88|30|60|.500|7|19|.368|26|39|.667|10|39|16|7|6|12|29||28|59|.475|9|16|.563|23|34|.676|9|35|13|3|3|15|27
21|21|2011-01-30|@|South Alabama|W (1 OT)|76|70|29|61|.475|4|11|.364|14|22|.636|14|45|11|2|6|20|15||25|75|.333|6|23|.261|14|20|.700|19|35|14|11|6|11|16
22|22|2011-02-05||Arkansas-Little Rock|W|67|66|17|50|.340|3|17|.176|30|38|.789|11|36|6|7|4|17|20||23|60|.383|2|13|.154|18|21|.857|8|34|2|7|1|14|26
23|23|2011-02-10|@|Florida International|W|72|68|24|55|.436|3|9|.333|21|30|.700|13|32|15|5|2|14|25||22|48|.458|3|14|.214|21|30|.700|8|26|8|7|3|16|25
24|24|2011-02-12|@|Florida Atlantic|W|72|64|25|49|.510|6|11|.545|16|16|1.000|7|30|8|5|2|21|27||19|47|.404|2|14|.143|24|30|.800|5|17|9|9|4|9|17
25|25|2011-02-17||Arkansas State|W|64|61|19|54|.352|3|8|.375|23|27|.852|8|29|8|4|3|11|18||21|49|.429|4|12|.333|15|24|.625|9|32|3|3|5|14|21
26|26|2011-02-19||Western Kentucky|W|67|64|26|55|.473|7|15|.467|8|15|.533|9|30|9|2|2|14|21||24|53|.453|2|15|.133|14|23|.609|8|23|10|6|3|11|19
27|27|2011-02-24||Denver|W (1 OT)|58|52|17|37|.459|4|7|.571|20|29|.690|3|24|6|6|9|15|18||20|46|.435|3|7|.429|9|16|.563|5|22|11|7|6|15|22
28|28|2011-02-26|@|Louisiana-Monroe|W|61|46|25|59|.424|6|19|.316|5|9|.556|10|38|11|5|2|7|15||19|53|.358|4|14|.286|4|12|.333|6|25|9|3|1|11|12
29|29|2011-03-06|N|Western Kentucky|L|76|81|27|62|.435|6|20|.300|16|22|.727|17|36|14|4|3|12|24||28|55|.509|4|11|.364|21|30|.700|11|29|8|4|6|12|22
