ranker|game_season|date_game|game_location|opp_id|game_result|pts|opp_pts|fg|fga|fg_pct|fg3|fg3a|fg3_pct|ft|fta|ft_pct|orb|trb|ast|stl|blk|tov|pf|x|opp_fg|opp_fga|opp_fg_pct|opp_fg3|opp_fg3a|opp_fg3_pct|opp_ft|opp_fta|opp_ft_pct|opp_orb|opp_trb|opp_ast|opp_stl|opp_blk|opp_tov|opp_pf|
1|1|2010-11-12|@|Texas Tech|L|67|86|23|56|.411|8|17|.471|13|16|.813|9|32|9|2|1|16|21||34|62|.548|5|15|.333|13|23|.565|11|31|18|11|5|9|19
2|2|2010-11-16|@|Iowa|L|40|68|17|54|.315|3|16|.188|3|5|.600|8|29|10|10|2|25|14||28|60|.467|8|21|.381|4|10|.400|12|40|17|10|4|22|13
3|3|2010-11-20||Southeastern Oklahoma State|W|70|59|23|65|.354|7|23|.304|17|28|.607|12|36|9|10|4|14|17||20|51|.392|5|18|.278|14|24|.583|7|35|9|10|4|21|23
4|4|2010-11-23||Stephen F. Austin|L|64|65|23|51|.451|6|16|.375|12|15|.800|13|31|11|7|2|16|18||22|44|.500|6|13|.462|15|19|.789|3|17|16|4|2|12|16
5|5|2010-11-26|N|Jacksonville State|W|57|50|17|47|.362|6|12|.500|17|19|.895|9|30|11|6|0|18|20||16|44|.364|4|11|.364|14|20|.700|9|26|9|8|5|17|18
6|6|2010-11-27|@|Illinois State|L|55|59|20|55|.364|9|21|.429|6|11|.545|11|34|11|7|3|16|18||20|48|.417|2|14|.143|17|24|.708|8|29|11|8|6|14|18
7|7|2010-11-28|N|South Dakota|L|66|79|25|60|.417|6|23|.261|10|17|.588|11|30|9|5|4|11|18||27|60|.450|10|24|.417|15|18|.833|11|36|15|7|0|11|15
8|8|2010-12-02|@|Kent State|L|53|69|23|49|.469|5|18|.278|2|6|.333|6|28|15|7|0|15|12||26|53|.491|10|21|.476|7|9|.778|4|26|23|11|4|11|10
9|9|2010-12-04|@|Louisiana Tech|L|58|67|24|67|.358|5|28|.179|5|10|.500|10|30|11|7|2|10|21||22|46|.478|7|13|.538|16|21|.762|6|31|14|4|4|15|12
10|10|2010-12-11||Centenary (LA)|W|60|46|20|51|.392|2|12|.167|18|29|.621|14|34|6|10|2|15|20||15|44|.341|4|18|.222|12|23|.522|11|29|7|8|1|18|21
11|11|2010-12-15|@|Texas-El Paso|L|49|79|20|50|.400|1|11|.091|8|12|.667|4|28|13|2|0|15|21||26|54|.481|7|17|.412|20|30|.667|9|34|19|8|3|5|17
12|12|2010-12-19||Florida Atlantic|L|58|60|21|53|.396|8|20|.400|8|20|.400|13|25|8|10|2|11|19||23|42|.548|6|17|.353|8|12|.667|8|27|15|5|6|20|23
13|13|2010-12-22||Northern Colorado|W|78|75|25|46|.543|6|16|.375|22|35|.629|8|21|14|7|1|15|25||20|50|.400|8|24|.333|27|33|.818|10|24|9|4|2|16|23
14|14|2010-12-29|@|Stephen F. Austin|L|36|60|15|41|.366|1|10|.100|5|11|.455|5|22|4|8|3|16|18||23|50|.460|7|17|.412|7|14|.500|12|34|15|5|2|16|16
15|15|2011-01-02||Florida International|L|72|73|23|51|.451|5|18|.278|21|26|.808|11|31|8|5|2|15|21||25|53|.472|6|17|.353|17|28|.607|9|25|12|9|1|11|22
16|16|2011-01-04||Union (KY)|W|87|66|30|52|.577|4|11|.364|23|30|.767|6|26|17|10|2|13|21||25|53|.472|4|10|.400|12|17|.706|7|23|14|5|0|19|26
17|17|2011-01-08||Denver|L|57|66|19|44|.432|4|9|.444|15|20|.750|7|24|10|5|1|14|18||23|46|.500|9|25|.360|11|14|.786|2|20|17|7|1|9|17
18|18|2011-01-13|@|Arkansas-Little Rock|L|50|81|16|46|.348|1|18|.056|17|24|.708|8|26|7|4|1|15|16||27|50|.540|17|26|.654|10|15|.667|5|27|19|4|2|10|20
19|19|2011-01-15|@|South Alabama|W|67|65|23|45|.511|5|13|.385|16|21|.762|13|26|10|5|1|13|19||23|42|.548|7|15|.467|12|21|.571|6|17|13|5|5|9|17
20|20|2011-01-20||North Texas|L|62|79|23|54|.426|4|14|.286|12|15|.800|7|23|11|6|1|10|20||27|47|.574|8|14|.571|17|20|.850|2|19|18|2|2|10|17
21|21|2011-01-22|@|Louisiana-Lafayette|L|75|84|30|61|.492|8|13|.615|7|16|.438|12|28|13|3|0|12|22||27|60|.450|10|21|.476|20|25|.800|14|36|8|4|6|7|18
22|22|2011-01-27|@|Arkansas State|L|61|62|23|52|.442|7|13|.538|8|13|.615|7|23|8|7|1|13|20||22|44|.500|4|15|.267|14|22|.636|9|23|8|5|1|14|11
23|23|2011-01-29||Troy|L|68|74|28|68|.412|6|24|.250|6|11|.545|9|26|11|12|4|12|21||22|51|.431|7|25|.280|23|32|.719|8|37|12|8|3|18|10
24|24|2011-02-03|@|Middle Tennessee|L|54|60|19|50|.380|2|13|.154|14|19|.737|12|32|5|10|3|17|21||19|43|.442|6|20|.300|16|25|.640|6|26|15|5|3|15|16
25|25|2011-02-05|@|Western Kentucky|L|61|81|22|51|.431|6|12|.500|11|22|.500|10|26|11|3|0|11|23||27|53|.509|5|16|.313|22|31|.710|11|37|12|3|4|8|21
26|26|2011-02-10||Arkansas State|L|66|85|24|42|.571|8|18|.444|10|15|.667|4|17|14|3|1|15|14||32|50|.640|9|17|.529|12|15|.800|6|21|21|10|0|8|13
27|27|2011-02-12||Arkansas-Little Rock|L|53|61|18|48|.375|6|19|.316|11|15|.733|12|26|10|7|3|13|20||19|47|.404|7|17|.412|16|21|.762|12|29|11|5|2|14|16
28|28|2011-02-17|@|Denver|L|37|65|12|34|.353|0|3|.000|13|24|.542|6|23|8|2|2|13|15||22|41|.537|11|23|.478|10|13|.769|0|19|18|10|7|7|21
29|29|2011-02-19|@|North Texas|W|82|75|27|58|.466|8|17|.471|20|25|.800|12|27|12|4|2|8|20||25|54|.463|6|16|.375|19|26|.731|12|33|8|2|0|15|18
30|30|2011-02-26||Louisiana-Lafayette|L|46|61|19|53|.358|4|14|.286|4|12|.333|6|25|9|3|1|11|12||25|59|.424|6|19|.316|5|9|.556|10|38|11|5|2|7|15
31|31|2011-03-05|N|Western Kentucky|L|50|66|17|52|.327|7|20|.350|9|18|.500|9|32|6|6|0|12|22||22|53|.415|3|17|.176|19|26|.731|10|41|5|5|2|10|16
