ranker|game_season|date_game|game_location|opp_id|game_result|pts|opp_pts|fg|fga|fg_pct|fg3|fg3a|fg3_pct|ft|fta|ft_pct|orb|trb|ast|stl|blk|tov|pf|x|opp_fg|opp_fga|opp_fg_pct|opp_fg3|opp_fg3a|opp_fg3_pct|opp_ft|opp_fta|opp_ft_pct|opp_orb|opp_trb|opp_ast|opp_stl|opp_blk|opp_tov|opp_pf|
1|1|2010-11-12||Northwestern State|W|87|78|24|40|.600|7|15|.467|32|46|.696|7|30|13|13|4|25|30||29|70|.414|7|26|.269|13|27|.481|21|30|8|14|3|17|32
2|2|2010-11-16||Nicholls State|L|53|62|16|43|.372|6|18|.333|15|21|.714|7|36|8|3|4|18|22||19|53|.358|6|19|.316|18|27|.667|7|27|7|12|2|8|19
3|3|2010-11-18||Tennessee-Martin|W|79|56|27|62|.435|3|15|.200|22|29|.759|19|47|11|7|5|15|20||19|60|.317|4|18|.222|14|22|.636|13|26|4|8|2|14|23
4|4|2010-11-21|N|Memphis|L|61|70|18|52|.346|5|15|.333|20|29|.690|7|30|13|7|4|13|27||23|49|.469|7|19|.368|17|28|.607|5|30|9|7|5|16|27
5|5|2010-11-24||Centenary (LA)|W|78|36|29|61|.475|10|24|.417|10|17|.588|15|41|17|7|4|8|12||13|46|.283|4|15|.267|6|10|.600|6|25|7|5|4|15|16
6|6|2010-11-28|@|South Alabama|W|80|65|25|47|.532|12|17|.706|18|28|.643|6|31|14|5|3|11|24||18|54|.333|6|16|.375|23|31|.742|9|25|10|4|7|9|24
7|7|2010-11-30||Houston|W|73|57|26|52|.500|5|14|.357|16|21|.762|12|31|14|10|5|16|16||23|58|.397|6|16|.375|5|12|.417|13|27|6|6|3|19|20
8|8|2010-12-11||Central Michigan|W|59|55|20|42|.476|3|7|.429|16|22|.727|4|25|12|8|4|16|17||17|48|.354|3|10|.300|18|23|.783|11|28|2|9|2|16|18
9|9|2010-12-13||Coastal Carolina|L (1 OT)|69|78|26|64|.406|7|22|.318|10|17|.588|12|30|13|5|4|16|23||27|60|.450|5|14|.357|19|26|.731|14|41|7|8|5|16|18
10|10|2010-12-16||McNeese State|W (1 OT)|78|66|25|57|.439|6|20|.300|22|31|.710|8|33|16|3|7|13|16||25|65|.385|6|23|.261|10|15|.667|15|36|9|11|6|12|20
11|11|2010-12-18|N|Wichita State|L|69|70|19|56|.339|8|21|.381|23|31|.742|12|30|6|6|2|11|22||21|52|.404|5|17|.294|23|30|.767|14|35|4|4|3|15|24
12|12|2010-12-22||North Texas|L|55|75|23|63|.365|3|13|.231|6|12|.500|14|31|9|4|4|12|19||29|56|.518|3|9|.333|14|15|.933|8|37|7|8|3|13|14
13|13|2010-12-27||Southern|W|62|41|23|62|.371|7|21|.333|9|14|.643|11|41|16|8|6|11|13||17|56|.304|1|10|.100|6|11|.545|10|36|2|8|4|15|14
14|14|2010-12-29|@|Rice|L|68|74|22|62|.355|12|28|.429|12|24|.500|11|27|14|9|0|11|37||20|38|.526|2|10|.200|32|47|.681|7|37|10|5|3|14|20
15|15|2011-01-02|@|Virginia|L|50|64|18|51|.353|3|13|.231|11|17|.647|9|29|7|3|3|12|15||21|52|.404|6|19|.316|16|21|.762|12|34|10|6|6|11|15
16|16|2011-01-08|@|Auburn|W|62|55|24|56|.429|5|19|.263|9|16|.563|15|37|14|9|4|18|13||19|61|.311|8|24|.333|9|15|.600|15|31|13|10|4|14|20
17|17|2011-01-12||Arkansas|W|56|53|19|48|.396|1|13|.077|17|31|.548|10|43|14|6|3|14|14||19|57|.333|2|20|.100|13|16|.813|4|26|9|7|3|10|25
18|18|2011-01-15|@|Kentucky|L|44|82|17|65|.262|3|24|.125|7|12|.583|10|34|8|3|5|15|17||29|70|.414|10|20|.500|14|18|.778|14|45|13|10|6|7|13
19|19|2011-01-22||Mississippi|L|51|78|15|46|.326|6|17|.353|15|19|.789|5|17|10|7|3|16|17||28|45|.622|10|17|.588|12|16|.750|7|31|16|6|8|18|20
20|20|2011-01-26|@|Tennessee|L|53|75|18|53|.340|5|23|.217|12|17|.706|12|29|10|2|2|12|11||29|62|.468|10|26|.385|7|10|.700|14|38|20|9|7|7|14
21|21|2011-01-29|@|Alabama|L|46|70|17|45|.378|4|15|.267|8|15|.533|7|21|7|3|6|18|20||25|60|.417|2|12|.167|18|22|.818|15|37|12|9|5|11|18
22|22|2011-02-02||South Carolina|L|56|64|18|51|.353|5|18|.278|15|22|.682|13|31|5|5|1|14|18||22|50|.440|6|16|.375|14|17|.824|9|29|7|4|6|13|21
23|23|2011-02-05||Mississippi State|L|57|58|22|59|.373|6|24|.250|7|9|.778|6|37|9|7|5|13|19||20|53|.377|7|18|.389|11|17|.647|8|33|10|5|3|13|13
24|24|2011-02-09|@|Mississippi|L|60|66|23|51|.451|8|21|.381|6|12|.500|3|28|14|5|5|16|22||21|54|.389|5|16|.313|19|30|.633|10|32|9|6|1|12|12
25|25|2011-02-12|@|Arkansas|L|61|80|22|51|.431|3|11|.273|14|18|.778|6|24|11|4|3|17|19||24|50|.480|7|12|.583|25|29|.862|6|27|12|6|2|13|18
26|26|2011-02-17||Alabama|L|56|67|20|47|.426|3|10|.300|13|23|.565|9|31|11|6|2|16|19||25|58|.431|2|6|.333|15|19|.789|9|29|5|9|1|10|17
27|27|2011-02-20||Florida|L|61|68|25|59|.424|7|18|.389|4|7|.571|8|25|13|6|1|12|20||25|55|.455|4|13|.308|14|20|.700|15|36|7|9|2|13|13
28|28|2011-02-23|@|Mississippi State|W|84|82|28|67|.418|9|23|.391|19|24|.792|10|28|12|11|2|10|22||28|50|.560|9|17|.529|17|28|.607|6|32|17|3|7|18|19
29|29|2011-02-26||Vanderbilt|L|69|90|28|67|.418|5|22|.227|8|14|.571|12|29|15|5|1|11|19||31|57|.544|10|22|.455|18|28|.643|10|32|12|7|6|10|14
30|30|2011-03-02|@|Georgia|L|53|73|18|41|.439|3|12|.250|14|19|.737|5|20|7|7|0|18|16||26|56|.464|6|18|.333|15|18|.833|11|28|15|12|4|10|13
31|31|2011-03-05||Auburn|L|51|60|19|52|.365|2|15|.133|11|19|.579|4|24|11|11|3|18|23||18|49|.367|2|11|.182|22|30|.733|10|42|7|4|5|21|21
32|32|2011-03-10|N|Vanderbilt|L|50|62|18|59|.305|3|13|.231|11|14|.786|5|28|10|9|1|8|19||20|55|.364|3|22|.136|19|25|.760|10|44|11|3|5|15|18
