ranker|game_season|date_game|game_location|opp_id|game_result|pts|opp_pts|fg|fga|fg_pct|fg3|fg3a|fg3_pct|ft|fta|ft_pct|orb|trb|ast|stl|blk|tov|pf|x|opp_fg|opp_fga|opp_fg_pct|opp_fg3|opp_fg3a|opp_fg3_pct|opp_ft|opp_fta|opp_ft_pct|opp_orb|opp_trb|opp_ast|opp_stl|opp_blk|opp_tov|opp_pf|
1|1|2010-11-12||West Virginia Tech|W|92|69|30|71|.423|6|23|.261|26|39|.667|19|49|18|11|1|10|17||25|59|.424|7|18|.389|12|16|.750|8|33|15|6|0|24|27
2|2|2010-11-15||Glenville State|W|93|48|40|58|.690|4|13|.308|9|16|.563|7|29|23|10|4|13|12||17|50|.340|7|22|.318|7|10|.700|9|23|11|5|0|23|18
3|3|2010-11-20||Chattanooga|L|68|69|28|62|.452|5|23|.217|7|15|.467|7|38|15|1|2|11|23||21|57|.368|12|32|.375|15|25|.600|11|39|15|4|2|15|20
4|4|2010-11-22||Jackson State|W|66|60|19|36|.528|6|14|.429|22|39|.564|4|26|10|10|6|17|23||21|59|.356|7|19|.368|11|22|.500|17|33|11|6|1|16|32
5|5|2010-11-27|@|Louisville|L|66|80|24|62|.387|5|20|.250|13|29|.448|21|39|8|5|1|19|17||30|64|.469|6|21|.286|14|20|.700|15|37|13|11|11|15|26
6|6|2010-11-29||Florida International|W|88|79|26|57|.456|6|15|.400|30|43|.698|16|31|12|8|3|13|21||30|56|.536|4|15|.267|15|22|.682|9|27|10|8|3|16|30
7|7|2010-12-04|@|Ohio|W|65|57|21|47|.447|4|13|.308|19|26|.731|10|38|8|7|5|20|18||20|60|.333|7|24|.292|10|14|.714|11|23|13|10|2|18|19
8|8|2010-12-07||James Madison|W|67|63|22|56|.393|5|14|.357|18|26|.692|12|37|9|3|3|13|14||26|64|.406|5|17|.294|6|11|.545|8|28|11|9|2|15|19
9|9|2010-12-15|@|Savannah State|W|56|47|18|50|.360|1|6|.167|19|28|.679|15|44|6|4|4|19|16||17|62|.274|6|25|.240|7|14|.500|12|32|7|15|2|10|17
10|10|2010-12-19||Virginia Military Institute|W|98|70|37|63|.587|9|17|.529|15|28|.536|14|49|23|5|7|19|15||25|77|.325|7|31|.226|13|20|.650|15|28|10|7|3|8|22
11|11|2010-12-22|@|James Madison|L|73|80|21|59|.356|8|21|.381|23|28|.821|5|27|13|6|4|9|31||23|49|.469|3|7|.429|31|43|.721|9|41|12|3|4|18|27
12|12|2010-12-28||Binghamton|W|85|60|30|61|.492|7|18|.389|18|22|.818|13|37|15|6|4|10|14||23|58|.397|6|23|.261|8|11|.727|10|28|11|4|6|15|21
13|13|2011-01-02|@|St. Bonaventure|W|74|65|22|46|.478|5|14|.357|25|33|.758|11|34|10|0|1|13|24||22|51|.431|3|16|.188|18|28|.643|6|18|13|5|2|9|24
14|14|2011-01-05|@|Central Florida|L|58|65|21|62|.339|2|17|.118|14|17|.824|10|36|8|5|3|11|26||23|52|.442|3|16|.188|16|28|.571|7|35|8|6|11|11|19
15|15|2011-01-08||Southern Mississippi|W|95|65|34|63|.540|7|15|.467|20|29|.690|12|41|19|3|10|13|22||23|66|.348|1|16|.063|18|26|.692|15|36|4|1|3|14|25
16|16|2011-01-10||Savannah State|W|71|57|22|44|.500|6|14|.429|21|27|.778|6|39|11|3|7|13|14||21|62|.339|7|19|.368|8|9|.889|6|22|10|8|2|7|20
17|17|2011-01-15|@|Memphis|L|61|77|20|54|.370|4|18|.222|17|26|.654|10|27|9|9|4|16|20||29|57|.509|3|9|.333|16|22|.727|12|37|20|11|4|14|23
18|18|2011-01-19|N|West Virginia|W|75|71|22|55|.400|8|23|.348|23|35|.657|12|32|7|2|3|12|32||19|57|.333|7|24|.292|26|35|.743|16|39|6|5|4|13|32
19|19|2011-01-22||East Carolina|L|81|82|28|51|.549|12|21|.571|13|25|.520|9|29|21|3|7|14|26||27|49|.551|7|15|.467|21|32|.656|6|26|15|5|1|11|23
20|20|2011-01-26|@|Alabama-Birmingham|L|56|60|19|51|.373|6|14|.429|12|18|.667|10|32|10|5|4|14|19||24|61|.393|3|15|.200|9|12|.750|11|33|12|3|7|10|19
21|21|2011-01-29||Memphis|W|85|70|27|58|.466|7|22|.318|24|37|.649|12|36|16|7|6|9|23||25|59|.424|4|19|.211|16|22|.727|10|27|8|5|2|13|31
22|22|2011-02-01|@|Houston|W|63|62|25|50|.500|3|13|.231|10|18|.556|11|27|12|6|4|14|21||20|44|.455|3|11|.273|19|31|.613|10|26|12|3|4|13|18
23|23|2011-02-05|@|Southern Mississippi|L|60|67|20|60|.333|6|20|.300|14|28|.500|15|35|6|2|3|10|21||23|58|.397|3|12|.250|18|26|.692|12|43|17|4|3|12|22
24|24|2011-02-09||Alabama-Birmingham|L|48|64|20|48|.417|2|14|.143|6|7|.857|3|21|8|5|1|9|6||27|60|.450|8|22|.364|2|2|1.000|10|35|10|4|0|9|11
25|25|2011-02-12|@|East Carolina|W|78|65|25|44|.568|9|18|.500|19|27|.704|12|42|11|1|5|28|26||23|58|.397|8|28|.286|11|23|.478|7|19|11|18|1|11|28
26|26|2011-02-16||Rice|W|72|61|22|49|.449|5|18|.278|23|24|.958|11|34|13|2|1|12|15||23|53|.434|3|18|.167|12|15|.800|7|21|11|8|4|9|18
27|27|2011-02-19|@|Tulane|W (1 OT)|79|75|26|56|.464|4|17|.235|23|31|.742|11|39|15|3|2|10|24||25|56|.446|8|19|.421|17|31|.548|8|26|14|5|6|7|23
28|28|2011-02-23||Tulsa|W|79|61|29|59|.492|4|15|.267|17|25|.680|11|35|14|4|5|12|22||21|51|.412|2|13|.154|17|24|.708|6|26|4|3|2|11|21
29|29|2011-02-26||Southern Methodist|W|64|62|23|50|.460|6|18|.333|12|16|.750|10|25|15|9|1|9|12||24|43|.558|6|14|.429|8|9|.889|3|20|14|4|3|14|18
30|30|2011-03-02|@|Texas-El Paso|L|74|82|28|72|.389|7|28|.250|11|17|.647|23|43|17|1|2|10|20||31|52|.596|5|12|.417|15|25|.600|4|29|18|3|3|5|20
31|31|2011-03-05||Central Florida|W|83|69|28|54|.519|5|13|.385|22|27|.815|11|36|16|5|2|12|20||24|54|.444|8|20|.400|13|22|.591|9|21|4|5|2|10|23
32|32|2011-03-09|N|Houston|W|97|87|28|57|.491|9|19|.474|32|48|.667|14|33|15|8|2|9|25||30|52|.577|6|13|.462|21|32|.656|9|29|17|4|1|17|34
33|33|2011-03-10|N|Texas-El Paso|L|65|77|23|59|.390|2|16|.125|17|22|.773|8|33|13|6|1|10|18||26|59|.441|5|17|.294|20|29|.690|9|33|16|6|6|7|18
34|34|2011-03-15||Ohio|L|64|65|26|63|.413|3|19|.158|9|12|.750|17|43|13|1|4|15|14||29|70|.414|5|18|.278|2|9|.222|15|36|15|8|5|8|16
