ranker|game_season|date_game|game_location|opp_id|game_result|pts|opp_pts|fg|fga|fg_pct|fg3|fg3a|fg3_pct|ft|fta|ft_pct|orb|trb|ast|stl|blk|tov|pf|x|opp_fg|opp_fga|opp_fg_pct|opp_fg3|opp_fg3a|opp_fg3_pct|opp_ft|opp_fta|opp_ft_pct|opp_orb|opp_trb|opp_ast|opp_stl|opp_blk|opp_tov|opp_pf|
1|1|2010-11-08||Seattle|W|105|76|35|62|.565|2|8|.250|33|41|.805|13|43|23|9|9|29|20||28|77|.364|3|16|.188|17|22|.773|13|29|11|18|1|27|31
2|2|2010-11-10||College of Charleston|W|75|74|34|66|.515|2|7|.286|5|18|.278|13|31|17|11|3|18|18||25|56|.446|8|20|.400|16|19|.842|10|35|12|8|8|22|19
3|3|2010-11-14||Maine|W|89|59|29|61|.475|6|15|.400|25|33|.758|14|46|9|8|4|14|24||17|52|.327|6|24|.250|19|31|.613|7|27|11|4|3|17|24
4|4|2010-11-18|N|Pittsburgh|L|70|79|27|56|.482|2|14|.143|14|30|.467|6|25|12|5|6|8|28||25|54|.463|3|10|.300|26|37|.703|12|43|12|4|2|16|26
5|5|2010-11-19|N|Illinois|L|76|80|29|67|.433|5|18|.278|13|18|.722|15|39|15|5|4|16|22||28|60|.467|10|19|.526|14|23|.609|7|26|22|8|3|11|19
6|6|2010-11-23||Delaware State|W|72|54|27|58|.466|4|11|.364|14|17|.824|18|39|12|5|4|13|9||19|47|.404|9|23|.391|7|9|.778|4|18|12|8|6|15|15
7|7|2010-11-26||Elon|W|76|57|30|65|.462|3|10|.300|13|22|.591|16|47|17|5|11|13|13||22|67|.328|9|33|.273|4|7|.571|12|35|12|1|0|10|19
8|8|2010-12-01|@|Penn State|W|62|39|23|47|.489|4|9|.444|12|21|.571|9|40|17|7|9|17|15||14|68|.206|3|27|.111|8|11|.727|16|36|6|3|5|12|16
9|9|2010-12-05|N|Temple|L|61|64|24|56|.429|3|10|.300|10|17|.588|7|30|12|6|2|14|16||26|60|.433|2|13|.154|10|16|.625|11|39|9|13|1|15|21
10|10|2010-12-08||North Carolina-Greensboro|W|99|56|35|67|.522|6|14|.429|23|37|.622|17|48|24|6|7|15|10||21|64|.328|6|20|.300|8|9|.889|8|28|10|1|4|16|26
11|11|2010-12-12||Boston College|L|75|79|32|65|.492|3|17|.176|8|14|.571|11|34|19|6|5|9|14||28|58|.483|13|29|.448|10|14|.714|9|31|16|5|3|14|16
12|12|2010-12-22||NJIT|W|89|50|30|53|.566|9|15|.600|20|26|.769|8|35|18|9|10|12|12||17|53|.321|6|18|.333|10|19|.526|9|23|11|7|3|22|21
13|13|2010-12-29||North Florida|W|85|62|33|62|.532|4|9|.444|15|26|.577|11|36|21|11|6|16|18||19|54|.352|7|18|.389|17|23|.739|10|31|9|5|1|24|23
14|14|2011-01-04||Colgate|W|95|40|38|73|.521|9|21|.429|10|12|.833|13|45|27|9|6|9|9||16|61|.262|3|17|.176|5|7|.714|8|23|9|3|5|13|13
15|15|2011-01-09|@|Duke|L|64|71|26|66|.394|3|14|.214|9|17|.529|15|40|17|5|8|16|23||25|62|.403|6|21|.286|15|23|.652|11|37|10|6|4|16|20
16|16|2011-01-12|@|Wake Forest|W|74|55|26|68|.382|5|18|.278|17|33|.515|19|45|18|10|6|10|18||19|60|.317|3|12|.250|14|19|.737|10|37|12|6|11|18|23
17|17|2011-01-15|@|Villanova|L|66|74|27|56|.482|2|11|.182|10|18|.556|8|29|19|10|2|14|17||27|63|.429|5|17|.294|15|20|.750|16|42|12|3|3|14|17
18|18|2011-01-20||Virginia Tech|L|57|74|20|56|.357|6|20|.300|11|15|.733|9|28|12|4|1|16|16||30|56|.536|5|14|.357|9|13|.692|8|34|14|7|3|15|15
19|19|2011-01-22||Clemson|W|79|77|24|48|.500|8|14|.571|23|35|.657|9|30|16|3|1|10|13||29|63|.460|9|26|.346|10|16|.625|13|35|20|5|4|10|23
20|20|2011-01-27|@|Virginia|W|66|42|27|50|.540|7|15|.467|5|8|.625|2|27|14|8|2|11|14||16|48|.333|4|17|.235|6|13|.462|5|26|8|3|3|15|12
21|21|2011-01-30|@|Georgia Tech|W|74|63|25|56|.446|0|6|.000|24|32|.750|10|36|11|9|2|13|14||25|63|.397|6|22|.273|7|14|.500|11|33|12|6|6|17|22
22|22|2011-02-02||Duke|L|62|80|20|50|.400|2|9|.222|20|27|.741|9|28|12|3|1|11|20||30|57|.526|10|23|.435|10|16|.625|10|33|13|5|0|8|21
23|23|2011-02-05||Wake Forest|W|91|70|35|76|.461|8|17|.471|13|17|.765|16|37|27|9|3|7|15||26|57|.456|7|12|.583|11|13|.846|8|30|13|1|8|18|16
24|24|2011-02-09||Longwood|W|106|52|39|72|.542|10|28|.357|18|26|.692|20|51|28|8|2|12|12||19|65|.292|5|26|.192|9|12|.750|14|25|10|7|2|15|18
25|25|2011-02-12|@|Boston College|L|72|76|27|64|.422|6|17|.353|12|18|.667|12|32|15|4|3|14|17||27|56|.482|10|26|.385|12|16|.750|8|33|16|4|4|15|16
26|26|2011-02-15|@|Virginia Tech|L|83|91|29|59|.492|4|14|.286|21|24|.875|4|30|16|4|4|15|21||29|64|.453|9|23|.391|24|32|.750|11|33|19|8|4|8|18
27|27|2011-02-20||North Carolina State|W|87|80|32|55|.582|0|1|.000|23|25|.920|8|29|20|7|2|11|15||31|63|.492|7|17|.412|11|16|.688|10|24|15|5|2|11|19
28|28|2011-02-23||Florida State|W|78|62|25|48|.521|7|14|.500|21|30|.700|6|29|18|7|4|16|14||23|53|.434|5|13|.385|11|19|.579|8|26|13|11|3|17|21
29|29|2011-02-27|@|North Carolina|L|76|87|30|73|.411|2|12|.167|14|18|.778|14|42|12|9|4|13|20||32|80|.400|6|21|.286|17|22|.773|19|46|23|8|9|11|15
30|30|2011-03-02|@|Miami (FL)|L|66|80|21|62|.339|9|18|.500|15|22|.682|17|37|16|8|1|11|19||28|51|.549|12|23|.522|12|17|.706|7|33|20|5|3|16|18
31|31|2011-03-05||Virginia|L|60|74|21|47|.447|2|9|.222|16|21|.762|6|28|13|2|10|11|15||26|59|.441|8|17|.471|14|18|.778|9|28|13|6|1|5|18
32|32|2011-03-10|N|North Carolina State|W|75|67|26|58|.448|4|11|.364|19|24|.792|7|43|13|5|5|15|16||27|80|.338|2|17|.118|11|18|.611|17|42|9|10|1|8|17
33|33|2011-03-11|N|Duke|L|71|87|26|58|.448|4|8|.500|15|28|.536|13|32|17|5|3|13|22||31|63|.492|3|15|.200|22|27|.815|14|37|12|6|3|11|23
