ranker|game_season|date_game|game_location|opp_id|game_result|pts|opp_pts|fg|fga|fg_pct|fg3|fg3a|fg3_pct|ft|fta|ft_pct|orb|trb|ast|stl|blk|tov|pf|x|opp_fg|opp_fga|opp_fg_pct|opp_fg3|opp_fg3a|opp_fg3_pct|opp_ft|opp_fta|opp_ft_pct|opp_orb|opp_trb|opp_ast|opp_stl|opp_blk|opp_tov|opp_pf|
1|1|2010-11-12||Rider|W|77|67|26|55|.473|9|20|.450|16|23|.696|7|30|15|9|9|11|19||22|56|.393|9|18|.500|14|23|.609|12|30|15|7|3|15|16
2|2|2010-11-17||Sacred Heart|W|73|65|23|57|.404|3|13|.231|24|32|.750|8|34|15|10|5|12|21||24|55|.436|5|16|.313|12|20|.600|10|33|13|8|11|19|27
3|3|2010-11-20|N|New Mexico State|W|71|57|26|48|.542|3|10|.300|16|26|.615|6|29|11|9|2|14|25||17|51|.333|3|12|.250|20|29|.690|12|28|7|5|1|16|24
4|4|2010-11-22|N|Texas Christian|W|67|48|27|57|.474|4|15|.267|9|18|.500|10|34|11|8|4|13|18||17|57|.298|3|20|.150|11|17|.647|9|29|5|5|2|17|21
5|5|2010-11-24||American International|W|83|56|32|64|.500|6|12|.500|13|19|.684|13|40|13|9|3|13|21||19|55|.345|9|20|.450|9|21|.429|8|28|16|4|3|17|18
6|6|2010-11-27||Holy Cross|W|83|76|27|60|.450|9|19|.474|20|27|.741|11|26|18|12|6|13|25||25|52|.481|4|15|.267|22|31|.710|8|29|16|6|5|19|21
7|7|2010-12-01|@|Quinnipiac|W|66|64|25|61|.410|3|16|.188|13|17|.765|8|31|9|4|2|11|20||27|67|.403|1|13|.077|9|25|.360|20|48|13|6|4|12|19
8|8|2010-12-04|N|Boston College|L|71|76|30|66|.455|3|16|.188|8|14|.571|13|30|12|8|2|15|24||25|50|.500|7|17|.412|19|24|.792|7|26|15|5|2|22|18
9|9|2010-12-08||Maine|L|56|68|18|61|.295|5|25|.200|15|26|.577|16|33|11|8|2|16|26||21|50|.420|6|19|.316|20|30|.667|13|39|11|9|7|20|24
10|10|2010-12-11||Seton Hall|L|79|104|26|75|.347|9|22|.409|18|27|.667|17|34|9|11|2|10|22||36|60|.600|11|22|.500|21|25|.840|4|34|25|5|10|18|26
11|11|2010-12-22||Central Florida|L|59|64|21|66|.318|2|22|.091|15|20|.750|16|37|11|6|5|15|24||19|49|.388|5|16|.313|21|29|.724|11|38|9|2|9|19|16
12|12|2010-12-31||Boston University|W|71|54|22|61|.361|7|25|.280|20|25|.800|13|41|10|4|8|11|17||18|57|.316|5|20|.250|13|22|.591|13|35|8|4|3|11|20
13|13|2011-01-03|@|Central Connecticut State|L|63|92|24|58|.414|3|17|.176|12|17|.706|12|24|2|8|6|21|21||31|55|.564|10|18|.556|20|25|.800|8|28|19|8|3|17|14
14|14|2011-01-09||Dayton|W|55|50|12|44|.273|2|12|.167|29|36|.806|11|36|8|0|6|11|19||16|56|.286|5|26|.192|13|19|.684|7|24|11|3|6|5|26
15|15|2011-01-12|@|Xavier|L|50|79|17|49|.347|6|23|.261|10|15|.667|6|29|8|4|1|17|25||26|54|.481|8|20|.400|19|30|.633|11|36|16|6|3|7|13
16|16|2011-01-15|N|La Salle|W|74|71|30|59|.508|3|16|.188|11|17|.647|9|25|17|9|6|10|16||26|66|.394|7|22|.318|12|14|.857|15|35|14|5|6|15|16
17|17|2011-01-19|@|Charlotte|W|73|54|27|55|.491|8|22|.364|11|17|.647|9|40|12|2|0|8|20||17|53|.321|7|22|.318|13|21|.619|10|30|11|5|1|10|18
18|18|2011-01-22||Richmond|L|68|84|23|61|.377|7|18|.389|15|26|.577|16|33|12|4|2|9|22||28|54|.519|11|28|.393|17|20|.850|8|31|19|5|3|9|17
19|19|2011-01-26|@|St. Bonaventure|W|78|69|29|55|.527|5|15|.333|15|22|.682|11|35|13|3|2|9|18||21|59|.356|9|28|.321|18|23|.783|13|29|15|4|3|7|18
20|20|2011-01-30||Rhode Island|W|64|54|20|54|.370|8|26|.308|16|27|.593|12|39|13|8|0|14|16||21|59|.356|7|30|.233|5|8|.625|6|24|11|8|4|12|20
21|21|2011-02-02|@|Saint Louis|L|53|69|21|60|.350|1|9|.111|10|13|.769|10|36|6|5|2|13|19||19|55|.345|10|31|.323|21|27|.778|6|31|17|5|2|7|17
22|22|2011-02-05|@|Saint Joseph's|L|64|67|24|57|.421|10|24|.417|6|14|.429|16|42|11|3|3|15|21||22|50|.440|8|21|.381|15|20|.750|7|23|10|8|3|7|13
23|23|2011-02-13||George Washington|L|51|59|14|46|.304|6|18|.333|17|27|.630|13|40|9|5|3|19|28||18|51|.353|7|19|.368|16|30|.533|11|34|8|8|4|9|21
24|24|2011-02-16||Duquesne|L|63|81|23|64|.359|3|14|.214|14|16|.875|11|39|8|10|4|23|16||30|67|.448|12|32|.375|9|16|.563|10|34|24|17|7|17|14
25|25|2011-02-19|@|Rhode Island|W|66|60|21|48|.438|6|20|.300|18|27|.667|7|37|10|9|5|16|31||17|58|.293|1|19|.053|25|41|.610|15|39|7|5|2|13|21
26|26|2011-02-23||Saint Joseph's|W|69|51|26|57|.456|5|16|.313|12|17|.706|13|42|18|3|4|18|19||16|52|.308|4|26|.154|15|23|.652|7|20|8|8|4|10|17
27|27|2011-02-27|@|La Salle|L|51|72|17|57|.298|7|27|.259|10|14|.714|9|31|11|5|9|16|16||25|72|.347|9|24|.375|13|18|.722|20|51|15|10|4|14|16
28|28|2011-03-02||Temple|L (1 OT)|67|73|26|62|.419|9|21|.429|6|15|.400|11|33|12|7|4|12|19||20|55|.364|9|22|.409|24|30|.800|11|39|15|6|5|15|16
29|29|2011-03-05|@|Fordham|L|73|77|23|61|.377|7|25|.280|20|32|.625|14|38|11|3|4|10|23||28|58|.483|9|23|.391|12|22|.545|8|31|19|7|7|8|24
30|30|2011-03-08||Dayton|L|50|78|18|64|.281|6|30|.200|8|19|.421|14|29|11|6|4|14|17||26|49|.531|13|23|.565|13|18|.722|5|37|16|6|4|19|20
