ranker|game_season|date_game|game_location|opp_id|game_result|pts|opp_pts|fg|fga|fg_pct|fg3|fg3a|fg3_pct|ft|fta|ft_pct|orb|trb|ast|stl|blk|tov|pf|x|opp_fg|opp_fga|opp_fg_pct|opp_fg3|opp_fg3a|opp_fg3_pct|opp_ft|opp_fta|opp_ft_pct|opp_orb|opp_trb|opp_ast|opp_stl|opp_blk|opp_tov|opp_pf|
1|1|2010-11-12||Eastern Michigan|W|96|66|31|59|.525|6|13|.462|28|42|.667|9|48|18|9|10|20|19||24|76|.316|11|29|.379|7|18|.389|13|35|10|5|3|19|33
2|2|2010-11-16||South Carolina|W|82|73|29|53|.547|7|17|.412|17|34|.500|11|38|23|11|5|19|21||25|70|.357|11|31|.355|12|21|.571|13|33|11|10|1|20|25
3|3|2010-11-22|@|Chaminade|W|82|74|30|58|.517|8|14|.571|14|19|.737|9|29|13|8|0|12|17||27|58|.466|10|27|.370|10|14|.714|10|30|14|5|5|16|17
4|4|2010-11-23|N|Connecticut|L|67|70|23|57|.404|6|17|.353|15|20|.750|11|35|12|5|8|13|20||25|62|.403|6|24|.250|14|24|.583|18|36|7|6|5|9|17
5|5|2010-11-24|N|Washington|W|76|71|25|51|.490|8|23|.348|18|25|.720|9|24|11|8|5|19|22||25|52|.481|6|15|.400|15|25|.600|7|22|13|7|2|15|19
6|6|2010-11-28||Tennessee Tech|W|73|55|27|55|.491|10|24|.417|9|16|.563|7|33|22|6|4|17|15||20|54|.370|4|9|.444|11|16|.688|5|27|5|9|1|16|17
7|7|2010-12-01|@|Duke|L|79|84|31|63|.492|9|17|.529|8|15|.533|15|35|16|7|6|20|25||25|53|.472|7|16|.438|27|38|.711|11|30|13|11|4|15|16
8|8|2010-12-04||Bowling Green State|W|74|39|26|57|.456|12|28|.429|10|15|.667|17|48|21|4|3|21|14||15|55|.273|5|17|.294|4|9|.444|8|24|8|10|2|16|17
9|9|2010-12-07|N|Syracuse|L|58|72|21|54|.389|7|24|.292|9|16|.563|6|26|14|9|2|16|20||24|54|.444|2|11|.182|22|29|.759|9|31|13|11|4|11|11
10|10|2010-12-11|N|Oakland|W|77|76|25|62|.403|6|15|.400|21|28|.750|11|36|16|13|2|8|16||28|59|.475|9|19|.474|11|20|.550|9|30|10|0|7|13|19
11|11|2010-12-18||Prairie View|W|90|51|32|64|.500|8|17|.471|18|22|.818|12|40|18|14|6|10|22||17|52|.327|5|19|.263|12|22|.545|10|30|9|5|2|21|23
12|12|2010-12-22||Texas|L|55|67|18|62|.290|3|16|.188|16|20|.800|16|45|10|4|5|16|20||26|63|.413|4|13|.308|11|21|.524|10|39|12|11|3|10|17
13|13|2010-12-31||Minnesota|W|71|62|24|57|.421|8|24|.333|15|22|.682|11|30|21|9|3|8|16||24|58|.414|4|14|.286|10|13|.769|10|29|9|3|4|14|18
14|14|2011-01-03|@|Northwestern|W|65|62|29|60|.483|6|18|.333|1|5|.200|10|39|20|7|12|14|19||18|57|.316|10|23|.435|16|24|.667|6|24|12|8|4|10|12
15|15|2011-01-08|@|Penn State|L|62|66|23|55|.418|6|19|.316|10|20|.500|10|31|14|4|7|11|21||23|57|.404|5|17|.294|15|23|.652|14|35|13|4|5|5|19
16|16|2011-01-11||Wisconsin|W (1 OT)|64|61|21|53|.396|5|16|.313|17|25|.680|11|34|15|5|5|11|16||21|55|.382|8|20|.400|11|12|.917|8|28|12|6|4|10|20
17|17|2011-01-15||Northwestern|W (1 OT)|71|67|20|52|.385|7|19|.368|24|28|.857|8|34|15|6|6|15|19||24|53|.453|6|20|.300|13|18|.722|2|25|13|5|1|14|21
18|18|2011-01-18|@|Illinois|L|62|71|24|64|.375|7|26|.269|7|9|.778|17|34|12|4|2|9|22||25|47|.532|8|17|.471|13|19|.684|7|28|17|4|1|9|12
19|19|2011-01-22|@|Purdue|L|76|86|28|63|.444|10|20|.500|10|13|.769|14|28|18|7|4|11|24||29|50|.580|6|12|.500|22|30|.733|5|24|14|5|4|9|9
20|20|2011-01-27||Michigan|L|57|61|21|48|.438|5|19|.263|10|16|.625|6|27|11|8|6|12|16||23|46|.500|10|21|.476|5|12|.417|5|28|13|6|1|12|14
21|21|2011-01-30||Indiana|W (1 OT)|84|83|28|66|.424|8|23|.348|20|27|.741|12|36|18|7|6|8|18||29|59|.492|11|21|.524|14|22|.636|7|30|14|4|2|13|22
22|22|2011-02-02|@|Iowa|L|52|72|19|56|.339|4|18|.222|10|14|.714|13|27|11|5|2|16|14||30|52|.577|3|9|.333|9|11|.818|5|29|19|7|5|12|14
23|23|2011-02-06|@|Wisconsin|L|56|82|20|46|.435|3|14|.214|13|16|.813|6|17|9|3|0|7|20||23|39|.590|11|17|.647|25|26|.962|3|20|10|2|0|8|16
24|24|2011-02-10||Penn State|W|75|57|22|42|.524|5|13|.385|26|35|.743|10|32|15|3|5|11|17||23|56|.411|7|18|.389|4|11|.364|9|20|12|4|1|6|28
25|25|2011-02-15|@|Ohio State|L|61|71|27|47|.574|2|5|.400|5|6|.833|7|29|12|3|4|19|26||21|49|.429|6|17|.353|23|29|.793|5|19|10|9|1|7|12
26|26|2011-02-19||Illinois|W|61|57|21|50|.420|3|15|.200|16|23|.696|11|37|12|3|6|11|12||22|59|.373|5|19|.263|8|10|.800|9|25|13|9|6|9|19
27|27|2011-02-22|@|Minnesota|W|53|48|18|49|.367|6|24|.250|11|15|.733|5|28|13|11|5|12|19||18|48|.375|3|8|.375|9|15|.600|7|32|13|9|5|15|15
28|28|2011-02-27||Purdue|L|47|67|19|57|.333|1|11|.091|8|11|.727|8|32|11|5|6|12|14||25|57|.439|7|19|.368|10|15|.667|8|33|14|7|7|9|15
29|29|2011-03-02||Iowa|W|85|66|30|55|.545|7|14|.500|18|27|.667|7|33|20|5|3|12|23||23|56|.411|0|12|.000|20|33|.606|9|29|12|7|3|11|23
30|30|2011-03-05|@|Michigan|L|63|70|20|61|.328|8|22|.364|15|20|.750|15|44|11|3|4|10|22||21|50|.420|5|19|.263|23|31|.742|4|25|13|4|3|6|18
31|31|2011-03-10|N|Iowa|W|66|61|22|54|.407|4|14|.286|18|23|.783|15|37|12|9|5|15|14||22|56|.393|4|9|.444|13|17|.765|13|29|11|8|1|13|16
32|32|2011-03-11|N|Purdue|W|74|56|21|49|.429|7|13|.538|25|31|.806|8|39|13|2|8|8|19||19|51|.373|3|16|.188|15|25|.600|2|25|11|4|1|4|20
33|33|2011-03-12|N|Penn State|L|48|61|17|53|.321|8|23|.348|6|12|.500|8|28|12|3|4|9|18||21|50|.420|9|22|.409|10|16|.625|8|36|11|5|6|6|12
34|34|2011-03-17|N|UCLA|L|76|78|25|62|.403|10|25|.400|16|21|.762|11|33|20|9|8|16|28||22|48|.458|4|11|.364|30|47|.638|11|34|13|7|8|16|20
