ranker|game_season|date_game|game_location|opp_id|game_result|pts|opp_pts|fg|fga|fg_pct|fg3|fg3a|fg3_pct|ft|fta|ft_pct|orb|trb|ast|stl|blk|tov|pf|x|opp_fg|opp_fga|opp_fg_pct|opp_fg3|opp_fg3a|opp_fg3_pct|opp_ft|opp_fta|opp_ft_pct|opp_orb|opp_trb|opp_ast|opp_stl|opp_blk|opp_tov|opp_pf|
1|1|2010-11-12||Wofford|W|69|55|25|56|.446|3|15|.200|16|25|.640|13|41|17|10|6|13|18||18|49|.367|3|16|.188|16|26|.615|6|29|10|9|2|15|22
2|2|2010-11-15||Siena|W|76|69|25|57|.439|7|22|.318|19|30|.633|14|33|17|15|6|15|14||26|51|.510|9|17|.529|8|15|.533|5|26|12|6|2|24|24
3|3|2010-11-18|N|Western Kentucky|W|95|77|35|56|.625|8|15|.533|17|31|.548|9|37|19|4|10|19|17||27|72|.375|10|29|.345|13|20|.650|17|38|17|12|0|15|25
4|4|2010-11-19|N|North Carolina|W|72|67|23|55|.418|7|25|.280|19|31|.613|12|44|13|8|1|18|21||24|65|.369|4|18|.222|15|25|.600|15|39|13|5|5|16|24
5|5|2010-11-21|N|West Virginia|W|74|70|22|50|.440|4|17|.235|26|35|.743|17|36|10|6|4|13|25||25|58|.431|8|23|.348|12|23|.522|17|33|16|3|5|13|25
6|6|2010-11-24||North Dakota State|W|84|65|27|60|.450|9|19|.474|21|32|.656|16|44|23|7|12|14|13||24|65|.369|8|21|.381|9|11|.818|10|30|18|8|1|14|22
7|7|2010-11-29||Virginia|L|79|87|29|58|.500|9|22|.409|12|20|.600|9|30|15|7|7|11|22||26|55|.473|10|13|.769|25|30|.833|10|32|19|5|1|11|18
8|8|2010-12-04||Cornell|W|71|66|20|49|.408|5|16|.313|26|44|.591|16|45|15|10|6|13|13||21|60|.350|14|33|.424|10|14|.714|11|29|14|6|1|11|32
9|9|2010-12-08|@|Saint Joseph's|W|83|73|31|64|.484|8|17|.471|13|17|.765|12|40|19|10|4|15|15||25|69|.362|9|29|.310|14|16|.875|12|33|13|10|1|14|14
10|10|2010-12-11||Eastern Kentucky|W|71|58|26|50|.520|7|20|.350|12|22|.545|10|34|20|11|1|16|13||19|53|.358|10|29|.345|10|10|1.000|5|21|15|10|2|17|18
11|11|2010-12-15||Akron|W|66|58|25|60|.417|4|16|.250|12|22|.545|15|45|18|12|8|17|10||22|63|.349|10|31|.323|4|6|.667|11|32|13|9|4|17|19
12|12|2010-12-23||South Dakota State|W|85|73|32|61|.525|5|15|.333|16|26|.615|14|34|19|6|5|12|14||26|65|.400|10|27|.370|11|13|.846|9|29|17|6|0|16|23
13|13|2010-12-28|@|Wisconsin|L|60|68|23|59|.390|3|12|.250|11|15|.733|13|37|16|1|2|8|18||21|51|.412|9|24|.375|17|18|.944|4|24|14|2|9|2|16
14|14|2010-12-31|@|Michigan State|L|62|71|24|58|.414|4|14|.286|10|13|.769|10|29|9|3|4|14|18||24|57|.421|8|24|.333|15|22|.682|11|30|21|9|3|8|16
15|15|2011-01-04||Indiana|W|67|63|22|53|.415|5|14|.357|18|28|.643|15|39|11|5|10|11|13||23|61|.377|7|20|.350|10|12|.833|10|26|12|9|5|6|20
16|16|2011-01-09|@|Ohio State|L|64|67|19|45|.422|2|14|.143|24|27|.889|8|32|13|8|6|15|22||22|56|.393|8|22|.364|15|23|.652|9|26|14|6|2|12|20
17|17|2011-01-13||Purdue|W|70|67|27|51|.529|6|14|.429|10|16|.625|6|24|19|6|9|8|13||23|60|.383|8|23|.348|13|13|1.000|15|34|18|3|3|8|17
18|18|2011-01-16||Iowa|W|69|59|20|46|.435|2|10|.200|27|37|.730|13|38|17|9|12|10|13||22|59|.373|6|19|.316|9|11|.818|9|28|12|6|2|10|22
19|19|2011-01-22|@|Michigan|W|69|64|26|41|.634|4|8|.500|13|23|.565|11|37|16|4|3|17|11||23|53|.434|12|35|.343|6|9|.667|3|11|15|6|3|7|21
20|20|2011-01-26||Northwestern|W|81|70|24|45|.533|2|11|.182|31|46|.674|7|31|18|5|5|12|13||24|64|.375|12|39|.308|10|11|.909|10|31|20|7|2|10|31
21|21|2011-01-29|@|Purdue|L|61|73|23|52|.442|3|9|.333|12|19|.632|9|30|15|7|4|11|19||23|53|.434|10|23|.435|17|22|.773|14|35|15|4|4|10|18
22|22|2011-02-02|@|Indiana|L|57|60|20|54|.370|6|18|.333|11|22|.500|15|34|9|4|5|10|13||21|53|.396|5|24|.208|13|15|.867|11|33|9|7|0|9|20
23|23|2011-02-06||Ohio State|L|69|82|25|49|.510|5|13|.385|14|18|.778|6|29|16|5|6|19|23||32|71|.451|8|20|.400|10|20|.500|20|36|18|9|3|8|21
24|24|2011-02-10||Illinois|L|62|71|24|66|.364|4|15|.267|10|17|.588|15|40|14|7|7|16|18||22|56|.393|4|16|.250|23|27|.852|7|33|14|11|4|12|16
25|25|2011-02-13|@|Iowa|W|62|45|22|47|.468|2|11|.182|16|21|.762|10|30|16|11|1|14|13||16|47|.340|6|28|.214|7|11|.636|8|24|12|6|4|17|18
26|26|2011-02-17|@|Penn State|L|63|66|24|51|.471|9|21|.429|6|10|.600|8|31|19|0|1|13|18||22|51|.431|12|31|.387|10|16|.625|7|20|15|4|3|5|16
27|27|2011-02-22||Michigan State|L|48|53|18|48|.375|3|8|.375|9|15|.600|7|32|13|9|5|15|15||18|49|.367|6|24|.250|11|15|.733|5|28|13|11|5|12|19
28|28|2011-02-26||Michigan|L|63|70|25|58|.431|6|16|.375|7|8|.875|10|34|22|4|7|9|11||25|55|.455|12|28|.429|8|9|.889|6|26|15|6|4|4|11
29|29|2011-03-02|@|Northwestern|L|57|68|23|52|.442|3|17|.176|8|11|.727|8|32|12|8|3|12|22||19|51|.373|10|30|.333|20|23|.870|8|27|16|6|6|9|14
30|30|2011-03-06||Penn State|L|63|66|23|53|.434|2|15|.133|15|19|.789|8|25|14|5|4|11|16||23|51|.451|8|20|.400|12|12|1.000|8|27|11|5|3|11|13
31|31|2011-03-10|N|Northwestern|L|65|75|21|56|.375|5|15|.333|18|26|.692|12|40|13|4|5|8|20||24|57|.421|9|31|.290|18|23|.783|7|30|15|4|4|5|21
