ranker|game_season|date_game|game_location|opp_id|game_result|pts|opp_pts|fg|fga|fg_pct|fg3|fg3a|fg3_pct|ft|fta|ft_pct|orb|trb|ast|stl|blk|tov|pf|x|opp_fg|opp_fga|opp_fg_pct|opp_fg3|opp_fg3a|opp_fg3_pct|opp_ft|opp_fta|opp_ft_pct|opp_orb|opp_trb|opp_ast|opp_stl|opp_blk|opp_tov|opp_pf|
1|1|2010-11-12||Oral Roberts|W|78|61|23|47|.489|7|16|.438|25|34|.735|13|33|14|7|7|15|22||21|52|.404|2|10|.200|17|26|.654|13|26|6|6|5|14|25
2|2|2010-11-16|N|Arkansas State|W|80|71|25|56|.446|7|20|.350|23|27|.852|7|39|17|1|4|10|18||26|66|.394|9|18|.500|10|16|.625|9|33|18|6|4|7|20
3|3|2010-11-17|@|Tennessee|L|56|60|21|59|.356|6|26|.231|8|10|.800|15|35|10|9|1|15|22||19|47|.404|4|14|.286|18|28|.643|8|28|8|8|4|13|11
4|4|2010-11-19|@|Tulsa|L|50|62|17|60|.283|3|15|.200|13|16|.813|13|34|6|3|2|7|15||22|52|.423|4|13|.308|14|20|.700|9|37|6|5|3|8|16
5|5|2010-11-22||Pepperdine|W|80|60|26|43|.605|8|18|.444|20|28|.714|4|30|18|5|2|12|19||21|49|.429|6|14|.429|12|20|.600|6|21|12|8|1|11|25
6|6|2010-11-23||Pacific|W|60|49|23|52|.442|5|15|.333|9|13|.692|13|38|16|2|7|9|12||19|57|.333|7|22|.318|4|7|.571|9|27|10|3|2|6|16
7|7|2010-12-01||Arkansas-Little Rock|W|80|46|30|54|.556|5|16|.313|15|20|.750|6|36|19|3|3|6|17||16|49|.327|4|10|.400|10|18|.556|5|24|10|1|1|10|17
8|8|2010-12-04||Central Arkansas|W|101|61|38|62|.613|9|18|.500|16|23|.696|8|33|24|6|5|9|22||19|48|.396|5|12|.417|18|26|.692|5|23|9|6|2|15|21
9|9|2010-12-11|@|Oklahoma State|L|70|84|24|53|.453|8|25|.320|14|17|.824|3|20|10|4|1|14|26||26|45|.578|7|15|.467|25|32|.781|2|27|13|5|1|10|18
10|10|2010-12-18||Saint Louis|W|81|65|28|44|.636|5|14|.357|20|31|.645|6|32|11|0|2|9|18||25|54|.463|2|12|.167|13|19|.684|5|19|10|5|1|7|24
11|11|2010-12-22||Arkansas State|W|77|70|31|65|.477|8|15|.533|7|13|.538|19|30|15|8|5|12|16||28|46|.609|0|4|.000|14|17|.824|7|25|10|8|7|17|17
12|12|2010-12-29|@|Northern Iowa|W|58|57|22|57|.386|7|22|.318|7|11|.636|10|31|8|6|3|13|21||18|44|.409|4|14|.286|17|22|.773|5|25|5|5|3|10|14
13|13|2011-01-01||Illinois State|W|82|71|29|54|.537|10|19|.526|14|21|.667|8|29|18|5|0|6|15||28|51|.549|6|14|.429|9|13|.692|4|24|15|4|4|10|20
14|14|2011-01-04|@|Creighton|W|67|55|25|47|.532|6|13|.462|11|17|.647|1|24|16|3|3|6|15||20|51|.392|5|20|.250|10|16|.625|8|31|11|1|0|12|15
15|15|2011-01-07||Evansville|W|65|50|24|48|.500|8|19|.421|9|15|.600|7|26|18|6|7|12|17||22|49|.449|0|5|.000|6|10|.600|7|24|14|8|3|15|15
16|16|2011-01-09|@|Wichita State|W|59|56|22|55|.400|8|16|.500|7|13|.538|6|30|13|5|1|15|19||21|51|.412|4|15|.267|10|19|.526|11|37|8|10|7|15|16
17|17|2011-01-12||Southern Illinois|W|64|51|18|43|.419|6|19|.316|22|28|.786|9|31|6|6|3|14|13||21|56|.375|4|13|.308|5|7|.714|13|31|8|6|1|14|17
18|18|2011-01-16|@|Bradley|W|78|67|32|54|.593|6|13|.462|8|11|.727|9|30|22|3|3|8|15||27|55|.491|5|10|.500|8|11|.727|6|16|12|4|3|9|14
19|19|2011-01-19|@|Indiana State|L|69|70|22|49|.449|4|13|.308|21|24|.875|8|26|9|5|1|10|19||26|54|.481|8|16|.500|10|15|.667|10|29|12|5|1|12|21
20|20|2011-01-22||Creighton|W|67|66|28|66|.424|2|12|.167|9|10|.900|17|36|7|6|5|6|13||26|52|.500|6|15|.400|8|12|.667|8|28|9|3|7|9|13
21|21|2011-01-25|@|Drake|W|73|70|23|49|.469|5|13|.385|22|29|.759|9|33|13|7|4|9|14||24|52|.462|10|18|.556|12|18|.667|6|23|11|3|3|10|19
22|22|2011-01-30||Northern Iowa|L|59|60|22|52|.423|5|14|.357|10|13|.769|9|30|12|4|2|11|17||21|46|.457|2|11|.182|16|20|.800|4|24|5|4|2|10|14
23|23|2011-02-02|@|Evansville|L|65|77|20|48|.417|9|28|.321|16|18|.889|8|27|14|4|2|15|23||27|49|.551|3|9|.333|20|29|.690|5|22|16|8|2|6|18
24|24|2011-02-05||Indiana State|W|73|66|22|52|.423|10|20|.500|19|24|.792|7|28|15|6|4|8|13||25|58|.431|9|23|.391|7|7|1.000|10|33|12|7|7|12|22
25|25|2011-02-09||Bradley|W|77|69|23|47|.489|13|28|.464|18|22|.818|6|28|16|4|5|14|14||30|60|.500|4|12|.333|5|6|.833|6|26|11|11|3|10|17
26|26|2011-02-12|@|Illinois State|W|68|59|20|44|.455|7|16|.438|21|28|.750|5|26|13|3|1|9|19||22|53|.415|3|14|.214|12|19|.632|12|32|8|4|5|14|22
27|27|2011-02-15||Drake|W|60|51|21|51|.412|6|19|.316|12|14|.857|6|34|13|7|2|14|17||17|49|.347|4|23|.174|13|17|.765|6|31|9|12|2|13|15
28|28|2011-02-19|@|Valparaiso|L|67|80|26|64|.406|5|19|.263|10|15|.667|15|27|10|7|1|7|19||32|55|.582|9|20|.450|7|13|.538|11|35|20|5|2|13|17
29|29|2011-02-23|@|Southern Illinois|W|76|58|26|49|.531|8|13|.615|16|20|.800|9|36|17|4|3|14|16||19|57|.333|5|17|.294|15|17|.882|9|25|13|9|6|6|18
30|30|2011-02-26||Wichita State|W|69|64|23|52|.442|7|20|.350|16|30|.533|8|31|13|6|4|13|15||22|52|.423|8|23|.348|12|13|.923|3|26|8|6|5|12|23
31|31|2011-03-04|N|Southern Illinois|W|58|56|18|54|.333|7|24|.292|15|25|.600|13|35|11|4|0|10|15||23|44|.523|4|8|.500|6|11|.545|2|28|9|5|4|12|20
32|32|2011-03-05|N|Creighton|W|60|50|20|54|.370|3|12|.250|17|25|.680|12|31|6|8|4|3|12||19|49|.388|7|22|.318|5|6|.833|7|30|11|1|5|12|19
33|33|2011-03-06|N|Indiana State|L|56|60|18|59|.305|8|27|.296|12|17|.706|18|35|4|8|2|10|23||17|34|.500|5|12|.417|21|32|.656|4|27|5|3|8|13|14
34|34|2011-03-15||Murray State|W|89|76|27|49|.551|8|18|.444|27|33|.818|6|28|16|3|3|9|19||29|54|.537|6|15|.400|12|23|.522|6|21|16|6|1|7|22
35|35|2011-03-21|@|Miami (FL)|L|72|81|25|66|.379|13|29|.448|9|15|.600|11|27|14|3|1|7|17||26|52|.500|8|22|.364|21|24|.875|8|32|14|4|5|8|14
