ranker|game_season|date_game|game_location|opp_id|game_result|pts|opp_pts|fg|fga|fg_pct|fg3|fg3a|fg3_pct|ft|fta|ft_pct|orb|trb|ast|stl|blk|tov|pf|x|opp_fg|opp_fga|opp_fg_pct|opp_fg3|opp_fg3a|opp_fg3_pct|opp_ft|opp_fta|opp_ft_pct|opp_orb|opp_trb|opp_ast|opp_stl|opp_blk|opp_tov|opp_pf|
1|1|2010-11-12||Arkansas State|W|68|60|26|60|.433|3|17|.176|13|16|.813|11|33|9|6|5|13|19||24|54|.444|3|16|.188|9|12|.750|8|28|12|4|1|14|21
2|2|2010-11-17||Murray State|W|77|61|25|56|.446|5|18|.278|22|23|.957|11|32|16|6|6|17|20||16|53|.302|9|18|.500|20|22|.909|8|24|10|11|1|18|25
3|3|2010-11-20||Dayton|L (1 OT)|71|78|28|68|.412|7|29|.241|8|16|.500|12|29|16|6|4|12|26||23|62|.371|6|19|.316|26|33|.788|14|43|16|5|4|15|17
4|4|2010-11-26||Penn State|W|84|71|27|52|.519|13|29|.448|17|23|.739|11|28|18|3|8|9|18||23|52|.442|8|17|.471|17|23|.739|9|23|17|2|2|9|17
5|5|2010-11-30|@|Miami (FL)|L|73|86|27|63|.429|9|24|.375|10|14|.714|9|26|12|4|3|7|20||30|60|.500|8|19|.421|18|27|.667|12|38|17|6|1|11|12
6|6|2010-12-04||Southern Mississippi|W|86|81|29|64|.453|8|21|.381|20|28|.714|8|25|16|8|3|13|25||25|50|.500|6|17|.353|25|34|.735|12|38|14|6|6|20|23
7|7|2010-12-11|@|Arkansas-Little Rock|W|84|70|28|47|.596|11|22|.500|17|31|.548|6|37|18|1|8|11|24||25|64|.391|4|17|.235|16|26|.615|7|28|12|5|1|9|23
8|8|2010-12-13||Mississippi Valley State|W|101|69|35|64|.547|7|22|.318|24|33|.727|11|36|21|5|5|13|21||23|64|.359|7|17|.412|16|24|.667|14|30|8|4|2|16|24
9|9|2010-12-18||East Tennessee State|W|71|50|29|63|.460|9|28|.321|4|7|.571|10|29|22|7|8|14|21||16|51|.314|3|12|.250|15|22|.682|12|37|10|3|0|20|15
10|10|2010-12-22|N|Texas State|W|83|72|27|59|.458|4|15|.267|25|29|.862|14|42|11|6|5|17|19||26|55|.473|6|19|.316|14|24|.583|4|21|17|9|3|16|21
11|11|2010-12-23|N|Colorado State|L|61|68|25|68|.368|4|25|.160|7|11|.636|18|42|3|3|5|13|24||20|48|.417|5|19|.263|23|30|.767|7|30|9|9|0|9|15
12|12|2010-12-24|N|Saint Louis|W|69|61|19|41|.463|6|13|.462|25|29|.862|9|40|7|3|3|19|14||24|60|.400|8|23|.348|5|13|.385|7|21|14|9|2|7|23
13|13|2010-12-30||Alcorn State|W|100|62|35|63|.556|11|25|.440|19|23|.826|12|45|20|9|11|15|14||24|66|.364|3|12|.250|11|17|.647|7|23|12|8|0|13|18
14|14|2011-01-02||Southeastern Louisiana|W|68|59|27|56|.482|6|16|.375|8|11|.727|9|36|14|2|5|13|12||21|55|.382|6|24|.250|11|14|.786|5|24|15|5|3|7|13
15|15|2011-01-05|@|Southern Methodist|W|75|57|30|53|.566|6|16|.375|9|12|.750|10|33|9|7|2|8|18||20|46|.435|11|27|.407|6|13|.462|7|21|11|4|2|11|15
16|16|2011-01-08|@|Florida|L|71|77|26|55|.473|9|22|.409|10|13|.769|8|33|8|4|7|11|17||28|59|.475|9|18|.500|12|15|.800|6|28|22|6|3|7|11
17|17|2011-01-13||Mississippi State|L|64|69|24|69|.348|12|35|.343|4|5|.800|12|32|16|10|1|11|20||24|49|.490|8|23|.348|13|16|.813|5|32|16|5|0|19|10
18|18|2011-01-15||Georgia|L|76|98|26|54|.481|5|17|.294|19|28|.679|7|16|9|3|4|8|22||33|52|.635|6|12|.500|26|27|.963|5|25|26|5|7|7|19
19|19|2011-01-19|@|Vanderbilt|L|74|84|27|67|.403|6|20|.300|14|16|.875|8|23|9|8|6|6|22||24|50|.480|8|16|.500|28|34|.824|8|38|15|2|1|15|13
20|20|2011-01-22|@|Louisiana State|W|78|51|28|45|.622|10|17|.588|12|16|.750|7|31|16|6|8|18|20||15|46|.326|6|17|.353|15|19|.789|5|17|10|7|3|16|17
21|21|2011-01-29||Tennessee|L|57|74|16|60|.267|3|19|.158|22|26|.846|12|32|5|4|5|16|14||29|67|.433|6|18|.333|10|16|.625|19|45|16|7|6|13|20
22|22|2011-02-01||Kentucky|W|71|69|27|63|.429|8|17|.471|9|11|.818|8|24|10|11|7|11|15||25|51|.490|5|13|.385|14|18|.778|8|35|12|3|7|18|16
23|23|2011-02-05|@|Arkansas|W|69|60|25|56|.446|6|18|.333|13|14|.929|13|38|11|2|12|12|22||18|50|.360|3|10|.300|21|30|.700|8|24|10|4|5|9|14
24|24|2011-02-09||Louisiana State|W|66|60|21|54|.389|5|16|.313|19|30|.633|10|32|9|6|1|12|12||23|51|.451|8|21|.381|6|12|.500|3|28|14|5|5|16|22
25|25|2011-02-12|@|Alabama|L|64|74|21|58|.362|7|20|.350|15|23|.652|14|33|10|2|8|16|20||25|53|.472|6|13|.462|18|26|.692|9|30|17|10|11|13|18
26|26|2011-02-16||Auburn|W|90|59|25|44|.568|13|25|.520|27|32|.844|10|30|19|11|6|17|21||21|51|.412|3|15|.200|14|21|.667|11|23|9|9|0|17|22
27|27|2011-02-19|@|Mississippi State|L|58|71|23|67|.343|4|24|.167|8|11|.727|19|40|5|3|6|12|15||24|52|.462|9|22|.409|14|20|.700|7|32|21|5|6|9|12
28|28|2011-02-22|@|South Carolina|L|73|79|24|65|.369|9|27|.333|16|21|.762|15|35|9|5|4|15|16||26|65|.400|7|22|.318|20|22|.909|14|37|12|8|5|15|18
29|29|2011-02-26||Alabama|W|68|63|19|48|.396|3|13|.231|27|34|.794|7|32|9|9|5|16|17||25|57|.439|3|11|.273|10|16|.625|8|24|17|12|3|15|26
30|30|2011-03-02|@|Auburn|L|73|76|21|52|.404|11|29|.379|20|24|.833|6|28|10|4|1|8|27||20|51|.392|5|16|.313|31|40|.775|12|32|12|3|5|9|18
31|31|2011-03-05||Arkansas|W|84|74|30|55|.545|14|22|.636|10|13|.769|8|26|20|4|11|11|15||27|62|.435|10|18|.556|10|16|.625|11|24|12|4|3|9|17
32|32|2011-03-10|N|South Carolina|W|66|55|23|56|.411|6|19|.316|14|19|.737|10|39|10|2|3|13|9||20|67|.299|8|30|.267|7|12|.583|16|40|15|5|10|10|18
33|33|2011-03-11|N|Kentucky|L|66|75|20|59|.339|8|30|.267|18|25|.720|10|32|7|6|2|10|20||28|59|.475|4|16|.250|15|23|.652|9|40|13|4|4|10|17
34|34|2011-03-16|@|California|L|74|77|25|60|.417|12|30|.400|12|17|.706|14|37|11|4|2|17|19||28|57|.491|5|20|.250|16|23|.696|5|27|17|9|3|12|19
