ranker|game_season|date_game|game_location|opp_id|game_result|pts|opp_pts|fg|fga|fg_pct|fg3|fg3a|fg3_pct|ft|fta|ft_pct|orb|trb|ast|stl|blk|tov|pf|x|opp_fg|opp_fga|opp_fg_pct|opp_fg3|opp_fg3a|opp_fg3_pct|opp_ft|opp_fta|opp_ft_pct|opp_orb|opp_trb|opp_ast|opp_stl|opp_blk|opp_tov|opp_pf|
1|1|2010-11-12||Tennessee State|W|75|65|21|56|.375|10|23|.435|23|28|.821|13|43|15|4|6|15|17||23|64|.359|6|19|.316|13|21|.619|12|33|10|8|2|12|19
2|2|2010-11-19||Appalachian State|W|76|74|25|57|.439|8|22|.364|18|29|.621|11|38|14|5|4|11|18||25|67|.373|9|31|.290|15|24|.625|14|40|12|7|1|10|24
3|3|2010-11-22||Detroit Mercy|W|82|76|31|67|.463|10|27|.370|10|16|.625|15|38|14|6|2|13|13||32|65|.492|4|14|.286|8|15|.533|12|30|6|7|2|14|19
4|4|2010-11-26||Troy|W (1 OT)|92|83|31|68|.456|12|28|.429|18|29|.621|9|38|16|7|12|8|10||30|79|.380|10|32|.313|13|19|.684|17|51|13|3|3|13|17
5|5|2010-11-30||Florida Atlantic|L|59|61|22|53|.415|3|16|.188|12|18|.667|10|32|7|2|6|5|17||23|54|.426|3|11|.273|12|18|.667|10|30|7|2|5|4|19
6|6|2010-12-11||East Tennessee State|L|62|63|20|46|.435|5|23|.217|17|20|.850|8|19|11|5|0|9|16||24|48|.500|8|16|.500|7|14|.500|15|34|10|6|2|15|19
7|7|2010-12-12||North Carolina A&T|W|74|58|25|59|.424|15|30|.500|9|13|.692|8|41|18|9|7|18|12||23|65|.354|7|25|.280|5|11|.455|6|29|12|10|7|13|12
8|8|2010-12-13||Nicholls State|W|67|58|24|47|.511|8|20|.400|11|14|.786|9|29|12|4|7|11|9||22|52|.423|5|23|.217|9|11|.818|7|22|8|8|1|5|16
9|9|2010-12-14||Alabama State|W|67|46|25|57|.439|5|14|.357|12|19|.632|12|42|11|6|2|17|12||18|62|.290|6|27|.222|4|7|.571|11|29|7|8|5|13|18
10|10|2010-12-18|N|Virginia Tech|L|57|88|22|49|.449|6|19|.316|7|13|.538|5|22|10|6|3|16|20||30|60|.500|9|25|.360|19|23|.826|11|36|17|8|2|10|15
11|11|2010-12-22|N|Washington State|L|57|83|19|55|.345|8|28|.286|11|16|.688|8|23|10|4|2|21|15||31|62|.500|12|24|.500|9|16|.563|10|39|10|11|2|12|18
12|12|2010-12-23|N|San Diego|W|69|52|24|62|.387|5|23|.217|16|21|.762|12|44|12|7|4|13|15||18|60|.300|9|30|.300|7|16|.438|9|38|11|6|0|16|18
13|13|2010-12-25|@|Hawaii|L|57|68|17|63|.270|6|25|.240|17|20|.850|13|31|9|8|3|13|18||23|52|.442|6|24|.250|16|24|.667|10|38|10|4|1|14|18
14|14|2010-12-29|N|Saint Mary's (CA)|L|72|94|21|46|.457|6|15|.400|24|34|.706|8|32|7|1|5|11|18||35|67|.522|14|30|.467|10|10|1.000|5|27|21|1|0|3|20
15|15|2011-01-08||Alabama|L|57|75|21|62|.339|5|24|.208|10|20|.500|11|39|9|5|4|15|18||32|65|.492|1|8|.125|10|16|.625|7|41|10|9|3|11|20
16|16|2011-01-13|@|Mississippi|W|69|64|24|49|.490|8|23|.348|13|16|.813|5|32|16|5|0|19|10||24|69|.348|12|35|.343|4|5|.800|12|32|16|10|1|11|20
17|17|2011-01-16||Auburn|W|85|66|31|50|.620|7|17|.412|16|26|.615|7|34|20|7|10|17|18||24|67|.358|7|23|.304|11|24|.458|12|31|12|7|2|13|20
18|18|2011-01-22|@|Georgia|L|64|86|22|53|.415|7|24|.292|13|19|.684|2|21|7|8|1|11|15||32|65|.492|11|19|.579|11|21|.524|15|43|19|8|2|13|19
19|19|2011-01-27||Vanderbilt|L|74|81|26|58|.448|8|27|.296|14|17|.824|7|34|10|5|5|12|22||26|62|.419|8|29|.276|21|31|.677|12|37|11|7|6|9|15
20|20|2011-01-29||Florida|W|71|64|22|54|.407|8|23|.348|19|23|.826|9|34|11|3|1|8|14||25|63|.397|5|21|.238|9|19|.474|16|42|10|5|3|8|19
21|21|2011-02-02|@|Alabama|L|61|75|21|51|.412|6|18|.333|13|18|.722|4|21|10|7|4|12|16||27|57|.474|7|14|.500|14|17|.824|9|33|14|9|7|15|16
22|22|2011-02-05|@|Louisiana State|W|58|57|20|53|.377|7|18|.389|11|17|.647|8|33|10|5|3|13|13||22|59|.373|6|24|.250|7|9|.778|6|37|9|7|5|13|19
23|23|2011-02-09||Arkansas|W|67|56|22|47|.468|7|16|.438|16|18|.889|7|36|8|5|5|21|14||20|60|.333|7|20|.350|9|14|.643|9|27|8|7|5|13|17
24|24|2011-02-12|@|Auburn|L|62|65|21|48|.438|9|24|.375|11|15|.733|8|31|12|6|6|16|16||26|59|.441|6|12|.500|7|12|.583|8|25|14|4|1|12|16
25|25|2011-02-15|@|Kentucky|L|79|85|25|53|.472|12|22|.545|17|19|.895|5|26|13|7|0|14|16||32|57|.561|9|22|.409|12|18|.667|3|23|14|7|5|10|14
26|26|2011-02-19||Mississippi|W|71|58|24|52|.462|9|22|.409|14|20|.700|7|32|21|5|6|9|12||23|67|.343|4|24|.167|8|11|.727|19|40|5|3|6|12|15
27|27|2011-02-23||Louisiana State|L|82|84|28|50|.560|9|17|.529|17|28|.607|6|32|17|3|7|18|19||28|67|.418|9|23|.391|19|24|.792|10|28|12|11|2|10|22
28|28|2011-02-26|@|Tennessee|W|70|69|25|63|.397|8|25|.320|12|15|.800|8|39|17|5|6|8|17||24|66|.364|5|21|.238|16|23|.696|14|44|14|6|2|7|17
29|29|2011-03-02|@|Arkansas|W|88|78|29|59|.492|9|22|.409|21|26|.808|12|31|15|6|2|8|15||26|57|.456|11|22|.500|15|20|.750|9|29|14|4|2|12|17
30|30|2011-03-05||South Carolina|W|60|58|19|51|.373|11|26|.423|11|15|.733|11|35|14|6|5|16|7||23|64|.359|5|18|.278|7|8|.875|11|33|9|9|3|8|15
31|31|2011-03-11|N|Vanderbilt|L|81|87|32|63|.508|9|19|.474|8|8|1.000|11|30|17|1|1|9|19||28|56|.500|11|23|.478|20|22|.909|7|24|14|5|3|5|11
