ranker|game_season|date_game|game_location|opp_id|game_result|pts|opp_pts|fg|fga|fg_pct|fg3|fg3a|fg3_pct|ft|fta|ft_pct|orb|trb|ast|stl|blk|tov|pf|x|opp_fg|opp_fga|opp_fg_pct|opp_fg3|opp_fg3a|opp_fg3_pct|opp_ft|opp_fta|opp_ft_pct|opp_orb|opp_trb|opp_ast|opp_stl|opp_blk|opp_tov|opp_pf|
1|1|2010-11-16||Stony Brook|L|49|51|17|57|.298|2|16|.125|13|16|.813|11|37|7|9|3|16|22||19|55|.345|2|16|.125|11|20|.550|13|38|6|6|3|15|16
2|2|2010-11-19||Lehigh|W|69|68|26|55|.473|7|19|.368|10|19|.526|13|28|19|11|1|13|15||25|51|.490|8|22|.364|10|13|.769|8|25|13|8|1|16|16
3|3|2010-11-27|@|Central Connecticut State|L (1 OT)|50|54|18|61|.295|4|21|.190|10|20|.500|16|41|12|8|1|17|24||15|50|.300|5|20|.250|19|26|.731|13|44|10|7|9|24|19
4|4|2010-11-29|@|Davidson|L|53|69|19|53|.358|5|13|.385|10|16|.625|11|27|7|5|1|15|19||24|54|.444|8|21|.381|13|17|.765|13|32|16|5|6|14|16
5|5|2010-12-03|N|Eastern Michigan|W|64|63|23|48|.479|6|19|.316|12|19|.632|3|27|13|9|2|12|18||21|57|.368|9|25|.360|12|17|.706|10|32|15|5|4|11|16
6|6|2010-12-04|@|Idaho|L|66|69|27|58|.466|8|26|.308|4|9|.444|11|21|11|10|2|9|20||25|43|.581|7|12|.583|12|20|.600|9|24|15|4|6|15|14
7|7|2010-12-05|N|North Dakota|W|57|52|21|44|.477|4|14|.286|11|20|.550|6|27|8|7|1|13|10||20|52|.385|8|21|.381|4|5|.800|5|24|12|7|2|11|16
8|8|2010-12-08||Princeton|L|61|64|23|52|.442|6|15|.400|9|15|.600|7|31|13|8|2|16|17||23|53|.434|10|25|.400|8|16|.500|8|27|14|7|11|13|19
9|9|2010-12-11||Hartford|W (2 OT)|78|74|26|65|.400|8|27|.296|18|30|.600|12|45|17|7|2|15|19||27|78|.346|14|47|.298|6|18|.333|20|49|18|6|1|11|23
10|10|2010-12-15|@|Rider|L|54|74|18|50|.360|6|16|.375|12|23|.522|7|26|13|7|4|19|19||23|54|.426|12|25|.480|16|25|.640|11|39|17|9|7|16|20
11|11|2010-12-18||Rutgers|L|56|79|20|52|.385|9|27|.333|7|10|.700|4|22|16|5|3|18|14||31|63|.492|9|19|.474|8|12|.667|15|41|17|7|3|13|15
12|12|2010-12-22||Villanova|L|36|76|13|51|.255|1|19|.053|9|22|.409|6|30|8|5|1|13|19||29|58|.500|7|22|.318|11|20|.550|6|41|16|9|4|9|17
13|13|2010-12-29|@|Harvard|L|69|74|23|47|.489|12|21|.571|11|18|.611|4|20|18|8|0|17|26||19|40|.475|8|17|.471|28|35|.800|7|26|16|10|8|17|13
14|14|2011-01-03||Bryant|W|66|57|17|47|.362|6|21|.286|26|34|.765|12|39|14|9|4|18|15||22|58|.379|10|29|.345|3|5|.600|9|27|11|8|1|17|25
15|15|2011-01-06||Quinnipiac|L|70|72|25|44|.568|8|16|.500|12|20|.600|4|22|14|3|1|17|20||26|65|.400|6|25|.240|14|24|.583|18|35|18|5|1|8|19
16|16|2011-01-08||Sacred Heart|L|65|80|23|58|.397|7|21|.333|12|21|.571|13|28|14|7|2|16|20||26|47|.553|8|12|.667|20|29|.690|7|32|17|9|5|14|21
17|17|2011-01-13|@|Saint Francis (PA)|L|54|70|20|58|.345|2|16|.125|12|14|.857|10|35|11|2|2|13|17||22|50|.440|10|23|.435|16|20|.800|4|30|19|5|4|12|15
18|18|2011-01-15|@|Robert Morris|L|57|60|15|34|.441|9|17|.529|18|25|.720|2|25|11|4|2|23|20||18|54|.333|8|25|.320|16|22|.727|10|29|14|10|2|13|23
19|19|2011-01-20||Central Connecticut State|L|47|66|19|56|.339|3|20|.150|6|10|.600|14|33|9|5|3|17|8||27|61|.443|3|12|.250|9|10|.900|12|34|14|11|4|10|9
20|20|2011-01-22|@|Bryant|W (1 OT)|81|76|24|45|.533|9|17|.529|24|31|.774|7|28|13|3|0|12|17||27|59|.458|17|42|.405|5|8|.625|7|24|19|2|2|11|26
21|21|2011-01-27||St. Francis (NY)|L|61|62|18|45|.400|3|13|.231|22|34|.647|14|44|12|4|4|16|18||19|64|.297|8|34|.235|16|22|.727|13|33|11|7|4|8|26
22|22|2011-01-29||Long Island University|L|69|74|27|63|.429|7|21|.333|8|16|.500|11|37|15|5|4|18|25||25|63|.397|5|18|.278|19|25|.760|15|42|14|6|9|14|15
23|23|2011-02-03|@|Mount St. Mary's|L|54|56|17|44|.386|5|12|.417|15|21|.714|8|29|7|8|1|12|13||21|46|.457|9|21|.429|5|9|.556|5|23|12|5|4|12|18
24|24|2011-02-05|@|Wagner|L|60|63|14|37|.378|2|9|.222|30|39|.769|1|29|7|5|3|17|19||19|57|.333|7|30|.233|18|21|.857|5|29|14|7|4|11|28
25|25|2011-02-09||Fairleigh Dickinson|W|68|57|28|58|.483|6|16|.375|6|7|.857|9|30|19|5|3|9|14||20|53|.377|7|19|.368|10|15|.667|8|26|14|5|3|11|11
26|26|2011-02-12|@|Fairleigh Dickinson|W|62|51|24|58|.414|6|19|.316|8|15|.533|11|33|14|10|0|6|11||20|48|.417|7|21|.333|4|9|.444|6|29|15|3|6|15|14
27|27|2011-02-17||Saint Francis (PA)|W|57|51|20|54|.370|9|19|.474|8|11|.727|12|32|15|10|1|15|15||16|42|.381|5|18|.278|14|21|.667|7|25|11|5|4|15|16
28|28|2011-02-19||Robert Morris|L|60|62|22|45|.489|6|18|.333|10|20|.500|4|21|14|8|4|13|19||22|51|.431|8|17|.471|10|19|.526|13|34|14|4|3|16|21
29|29|2011-02-24|@|Quinnipiac|L|59|64|20|50|.400|8|16|.500|11|16|.688|3|21|14|4|3|7|14||23|56|.411|6|17|.353|12|20|.600|16|44|18|4|4|11|12
30|30|2011-02-26|@|Sacred Heart|L|66|88|25|62|.403|4|24|.167|12|17|.706|11|23|11|12|3|7|13||31|57|.544|11|26|.423|15|17|.882|12|34|18|6|4|13|17
