ranker|game_season|date_game|game_location|opp_id|game_result|pts|opp_pts|fg|fga|fg_pct|fg3|fg3a|fg3_pct|ft|fta|ft_pct|orb|trb|ast|stl|blk|tov|pf|x|opp_fg|opp_fga|opp_fg_pct|opp_fg3|opp_fg3a|opp_fg3_pct|opp_ft|opp_fta|opp_ft_pct|opp_orb|opp_trb|opp_ast|opp_stl|opp_blk|opp_tov|opp_pf|
1|1|2010-11-12|@|Hawaii|L|59|77|22|59|.373|12|28|.429|3|9|.333|10|27|15|6|3|12|21||29|59|.492|10|23|.435|9|20|.450|15|43|14|7|3|12|13
2|2|2010-11-14|N|Central Michigan|W (1 OT)|65|58|18|47|.383|8|16|.500|21|30|.700|6|30|8|4|1|10|18||21|55|.382|4|17|.235|12|18|.667|9|32|7|5|3|12|24
3|3|2010-11-15|N|Cal State Fullerton|W|80|76|27|63|.429|9|30|.300|17|23|.739|13|36|15|8|1|9|18||24|52|.462|10|27|.370|18|20|.900|5|28|14|5|3|13|18
4|4|2010-11-19||Minot State|W|92|67|30|58|.517|10|27|.370|22|32|.688|15|38|20|9|4|11|18||24|57|.421|8|18|.444|11|16|.688|12|29|13|6|0|14|25
5|5|2010-11-21||Cal Poly|W|73|57|25|51|.490|7|20|.350|16|24|.667|5|28|11|9|4|16|16||20|50|.400|4|9|.444|13|21|.619|11|34|10|6|0|22|22
6|6|2010-11-24||San Francisco|W|76|59|24|57|.421|10|32|.313|18|26|.692|9|31|11|6|4|7|20||21|52|.404|2|14|.143|15|26|.577|10|37|4|4|1|14|21
7|7|2010-11-27|@|Iowa State|L|59|81|20|54|.370|9|30|.300|10|13|.769|11|31|13|3|4|19|20||30|68|.441|8|23|.348|13|19|.684|17|37|15|12|4|6|11
8|8|2010-11-29|@|Seattle|L|70|72|26|57|.456|12|29|.414|6|12|.500|8|30|16|6|5|16|22||26|67|.388|6|18|.333|14|22|.636|19|41|14|8|1|14|18
9|9|2010-12-04|@|Illinois State|L|56|62|20|57|.351|9|24|.375|7|10|.700|14|32|11|8|2|16|22||18|45|.400|7|20|.350|19|29|.655|11|34|9|7|4|16|17
10|10|2010-12-10||Johnson & Wales (CO)|W|94|60|36|65|.554|9|23|.391|13|25|.520|17|40|16|14|5|9|22||22|56|.393|3|9|.333|13|25|.520|12|30|9|5|0|18|22
11|11|2010-12-19|@|California-Riverside|L|67|78|23|60|.383|6|23|.261|15|26|.577|14|32|14|5|1|14|16||26|48|.542|11|19|.579|15|18|.833|6|28|16|4|5|17|22
12|12|2010-12-21|@|UCLA|L|59|75|23|65|.354|7|16|.438|6|13|.462|17|33|10|0|2|13|19||26|54|.481|2|13|.154|21|30|.700|12|36|14|7|9|10|12
13|13|2010-12-29||Weber State|W|75|72|25|60|.417|9|20|.450|16|24|.667|9|36|12|8|0|7|16||24|56|.429|7|19|.368|17|22|.773|9|38|10|2|2|14|20
14|14|2010-12-31||Northern Arizona|W|86|78|28|53|.528|11|24|.458|19|34|.559|8|24|13|3|7|9|15||32|59|.542|6|13|.462|8|15|.533|10|30|10|8|2|13|25
15|15|2011-01-06|@|Sacramento State|W|61|59|22|56|.393|9|23|.391|8|14|.571|9|26|16|9|2|7|12||23|46|.500|3|11|.273|10|16|.625|8|32|15|6|5|15|13
16|16|2011-01-08|@|Northern Colorado|L|58|72|18|52|.346|3|20|.150|19|26|.731|6|25|7|7|3|16|23||24|54|.444|8|19|.421|16|24|.667|11|39|11|6|2|19|19
17|17|2011-01-13||Portland State|W|74|65|30|65|.462|8|26|.308|6|22|.273|16|39|12|4|1|11|17||24|53|.453|6|16|.375|11|16|.688|9|31|9|4|0|11|20
18|18|2011-01-16||Eastern Washington|W|71|59|24|49|.490|5|11|.455|18|26|.692|10|34|10|3|3|10|15||20|52|.385|7|19|.368|12|15|.800|6|20|8|7|1|9|23
19|19|2011-01-22|@|Montana|L|61|75|17|59|.288|5|18|.278|22|27|.815|16|39|8|5|0|12|22||26|56|.464|4|10|.400|19|30|.633|13|39|12|7|4|7|18
20|20|2011-01-24|@|Idaho State|L|45|50|18|55|.327|5|21|.238|4|8|.500|9|34|8|7|5|20|17||17|49|.347|2|9|.222|14|21|.667|8|36|8|10|10|16|11
21|21|2011-01-29||Montana|L|58|79|23|57|.404|9|26|.346|3|11|.273|5|17|13|5|0|9|17||30|45|.667|7|12|.583|12|19|.632|7|37|16|4|2|15|15
22|22|2011-02-03|@|Northern Arizona|L|41|61|18|51|.353|4|24|.167|1|3|.333|10|28|9|6|4|20|13||26|52|.500|3|11|.273|6|17|.353|12|35|17|15|4|13|12
23|23|2011-02-05|@|Weber State|L|58|78|18|50|.360|7|25|.280|15|22|.682|11|27|7|3|2|8|11||28|50|.560|12|19|.632|10|14|.714|8|29|13|3|1|8|17
24|24|2011-02-10||Northern Colorado|L|77|86|21|53|.396|9|21|.429|26|32|.813|6|25|9|8|2|10|26||24|54|.444|11|21|.524|27|30|.900|8|33|10|4|1|11|24
25|25|2011-02-13||Sacramento State|L|71|74|24|69|.348|5|33|.152|18|27|.667|16|34|10|8|2|7|20||24|44|.545|7|19|.368|19|28|.679|7|35|14|3|5|19|25
26|26|2011-02-15|@|San Jose State|L|73|77|23|58|.397|8|27|.296|19|24|.792|3|24|13|4|1|9|20||26|58|.448|6|11|.545|19|25|.760|9|36|13|5|2|12|20
27|27|2011-02-19||Idaho|L|50|65|19|53|.358|2|17|.118|10|15|.667|4|22|7|4|1|11|21||20|42|.476|3|10|.300|22|34|.647|8|31|9|8|3|11|19
28|28|2011-02-24|@|Eastern Washington|W|60|56|19|40|.475|7|19|.368|15|25|.600|3|25|15|3|1|11|16||21|53|.396|6|19|.316|8|13|.615|13|34|13|4|2|14|20
29|29|2011-02-26|@|Portland State|L|64|69|23|58|.397|7|18|.389|11|15|.733|7|31|16|4|3|7|14||25|61|.410|6|20|.300|13|16|.813|12|36|14|4|6|8|15
30|30|2011-03-02||Idaho State|W|84|68|29|51|.569|10|24|.417|16|23|.696|7|28|17|3|0|14|20||24|56|.429|6|17|.353|14|20|.700|10|26|8|9|2|11|22
31|31|2011-03-05|@|Northern Arizona|L|62|65|23|48|.479|4|11|.364|12|16|.750|10|37|12|7|2|18|13||25|64|.391|9|24|.375|6|11|.545|12|29|18|10|2|11|17
