ranker|game_season|date_game|game_location|opp_id|game_result|pts|opp_pts|fg|fga|fg_pct|fg3|fg3a|fg3_pct|ft|fta|ft_pct|orb|trb|ast|stl|blk|tov|pf|x|opp_fg|opp_fga|opp_fg_pct|opp_fg3|opp_fg3a|opp_fg3_pct|opp_ft|opp_fta|opp_ft_pct|opp_orb|opp_trb|opp_ast|opp_stl|opp_blk|opp_tov|opp_pf|
1|1|2010-11-12||Asbury|W|90|49|36|74|.486|5|19|.263|13|17|.765|17|53|19|10|5|12|10||16|57|.281|12|35|.343|5|7|.714|2|22|13|9|0|20|17
2|2|2010-11-14||North Carolina A&T|W|84|61|28|69|.406|7|21|.333|21|26|.808|19|37|13|12|3|10|20||19|47|.404|7|19|.368|16|20|.800|10|33|12|5|5|23|22
3|3|2010-11-18|@|North Carolina-Wilmington|L|58|60|22|54|.407|9|30|.300|5|9|.556|9|27|14|9|4|12|21||20|45|.444|6|12|.500|14|22|.636|12|32|10|3|3|12|12
4|4|2010-11-21|@|Florida|L|55|61|22|60|.367|4|20|.200|7|12|.583|13|38|8|5|3|11|21||21|54|.389|5|19|.263|14|23|.609|8|32|14|3|4|11|11
5|5|2010-11-23|@|Ohio State|L|45|64|17|46|.370|6|19|.316|5|9|.556|8|28|9|12|2|23|16||26|49|.531|6|17|.353|6|11|.545|5|29|17|9|3|16|12
6|6|2010-11-28|@|Southern Illinois-Edwardsville|W|83|64|27|52|.519|4|8|.500|25|35|.714|12|37|16|12|3|15|20||20|48|.417|4|15|.267|20|31|.645|7|23|12|6|5|16|26
7|7|2010-12-02||Tennessee-Martin|W|70|49|24|51|.471|4|15|.267|18|30|.600|16|40|14|11|7|23|21||18|47|.383|4|9|.444|9|16|.563|5|21|11|6|1|21|26
8|8|2010-12-04||Murray State|W|75|65|25|42|.595|7|16|.438|18|29|.621|8|21|12|9|2|12|20||21|42|.500|8|16|.500|15|16|.938|4|21|14|3|2|19|26
9|9|2010-12-07||St. Catharine|W|77|64|29|47|.617|4|12|.333|15|26|.577|8|33|11|12|0|19|19||21|49|.429|6|19|.316|16|21|.762|4|19|12|13|0|18|25
10|10|2010-12-11|@|Northern Iowa|L|53|69|20|37|.541|4|14|.286|9|14|.643|7|19|5|5|2|15|19||22|41|.537|10|20|.500|15|17|.882|6|19|13|8|1|9|18
11|11|2010-12-19|@|Tennessee State|L (1 OT)|64|70|24|65|.369|10|30|.333|6|15|.400|18|40|13|8|2|22|21||21|47|.447|7|23|.304|21|28|.750|5|28|14|9|5|14|18
12|12|2010-12-21|@|Austin Peay|L (1 OT)|85|86|29|62|.468|11|20|.550|16|22|.727|16|33|14|3|1|12|20||33|59|.559|6|11|.545|14|22|.636|13|28|19|8|3|9|21
13|13|2010-12-28||Kent State|W|76|59|25|45|.556|10|17|.588|16|20|.800|6|25|15|6|6|16|14||22|50|.440|10|23|.435|5|13|.385|8|18|17|8|2|17|20
14|14|2010-12-30||Binghamton|W|80|74|30|53|.566|6|14|.429|14|19|.737|11|24|15|7|2|11|18||24|45|.533|9|24|.375|17|20|.850|4|15|12|7|0|14|20
15|15|2011-01-02||College of Charleston|W|69|49|30|53|.566|7|17|.412|2|3|.667|8|36|18|8|3|17|16||19|54|.352|7|29|.241|4|8|.500|6|19|10|5|3|14|11
16|16|2011-01-06||Tennessee Tech|W|76|64|24|56|.429|3|13|.231|25|30|.833|13|36|8|12|2|18|22||21|49|.429|3|13|.231|19|28|.679|8|27|11|9|1|19|24
17|17|2011-01-08||Jacksonville State|W|73|52|24|44|.545|8|12|.667|17|27|.630|9|25|17|22|7|17|14||18|42|.429|11|21|.524|5|6|.833|4|17|15|9|3|28|21
18|18|2011-01-13|@|Southeast Missouri State|W|76|63|29|57|.509|4|15|.267|14|20|.700|11|29|10|7|2|14|20||21|55|.382|5|18|.278|16|18|.889|12|28|11|5|2|16|20
19|19|2011-01-15|@|Eastern Illinois|L|40|47|14|54|.259|3|19|.158|9|13|.692|14|31|7|5|1|18|24||12|38|.316|2|12|.167|21|26|.808|8|33|4|5|4|18|17
20|20|2011-01-22||Eastern Kentucky|L|49|59|16|54|.296|7|22|.318|10|22|.455|15|44|12|5|1|17|19||17|51|.333|11|31|.355|14|17|.824|4|22|13|6|4|11|22
21|21|2011-01-24|@|Ball State|W|50|48|20|45|.444|5|16|.313|5|8|.625|7|26|7|6|2|12|20||14|42|.333|4|15|.267|16|25|.640|14|31|10|4|0|13|10
22|22|2011-01-27||Tennessee State|W|72|65|25|57|.439|7|21|.333|15|25|.600|20|41|11|6|3|11|17||23|45|.511|9|15|.600|10|17|.588|5|20|18|5|3|12|22
23|23|2011-01-29||Austin Peay|W|69|56|25|50|.500|3|10|.300|16|22|.727|13|41|9|9|2|14|13||20|57|.351|5|23|.217|11|19|.579|8|21|11|7|3|11|20
24|24|2011-02-03|@|Jacksonville State|W|78|72|27|50|.540|7|13|.538|17|24|.708|11|32|12|7|3|17|22||27|56|.482|11|21|.524|7|13|.538|6|22|18|7|6|11|22
25|25|2011-02-05|@|Tennessee Tech|W|76|60|26|58|.448|3|15|.200|21|32|.656|8|33|15|13|1|10|17||25|65|.385|3|14|.214|7|15|.467|15|38|14|4|4|17|20
26|26|2011-02-10||Eastern Illinois|W|81|65|26|59|.441|7|25|.280|22|34|.647|12|34|14|12|1|10|26||19|47|.404|2|11|.182|25|32|.781|5|28|7|7|0|16|26
27|27|2011-02-12||Southeast Missouri State|W|64|52|20|48|.417|4|12|.333|20|31|.645|9|38|10|5|5|10|18||20|50|.400|7|17|.412|5|14|.357|5|32|11|3|1|13|23
28|28|2011-02-16|@|Eastern Kentucky|W (1 OT)|76|68|28|55|.509|7|14|.500|13|20|.650|15|40|17|4|6|18|14||24|59|.407|12|29|.414|8|9|.889|7|18|14|9|1|9|17
29|29|2011-02-19|@|Indiana State|W|71|65|22|48|.458|9|23|.391|18|29|.621|10|27|13|8|0|14|20||21|45|.467|8|27|.296|15|22|.682|10|32|15|5|2|16|18
30|30|2011-02-24|@|Murray State|L|62|70|23|63|.365|7|27|.259|9|14|.643|15|40|9|7|5|13|23||20|47|.426|9|17|.529|21|29|.724|5|26|14|8|2|11|15
31|31|2011-02-26|@|Tennessee-Martin|W|77|64|26|55|.473|3|11|.273|22|25|.880|10|38|14|10|5|14|18||23|55|.418|9|22|.409|9|11|.818|5|21|17|7|5|13|21
32|32|2011-03-04|N|Austin Peay|W|68|49|26|58|.448|1|12|.083|15|19|.789|15|37|10|11|8|12|18||17|54|.315|6|16|.375|9|13|.692|13|28|9|5|4|17|14
33|33|2011-03-05|N|Tennessee Tech|W|80|73|23|48|.479|7|16|.438|27|37|.730|14|42|15|6|7|22|23||22|62|.355|7|19|.368|22|27|.815|10|25|10|12|2|9|26
34|34|2011-03-17|N|Louisville|W|62|61|21|57|.368|9|19|.474|11|18|.611|11|33|11|12|1|17|13||22|48|.458|10|25|.400|7|16|.438|5|27|14|14|7|16|18
35|35|2011-03-19|N|Richmond|L|48|65|18|48|.375|2|14|.143|10|15|.667|11|31|7|4|3|8|16||26|55|.473|4|16|.250|9|13|.692|7|29|18|5|4|5|12
