ranker|game_season|date_game|game_location|opp_id|game_result|pts|opp_pts|fg|fga|fg_pct|fg3|fg3a|fg3_pct|ft|fta|ft_pct|orb|trb|ast|stl|blk|tov|pf|x|opp_fg|opp_fga|opp_fg_pct|opp_fg3|opp_fg3a|opp_fg3_pct|opp_ft|opp_fta|opp_ft_pct|opp_orb|opp_trb|opp_ast|opp_stl|opp_blk|opp_tov|opp_pf|
1|1|2010-11-12|@|Loyola Marymount|W|81|79|31|68|.456|10|17|.588|9|14|.643|10|33|18|11|6|15|18||27|67|.403|4|16|.250|21|26|.808|15|43|16|10|7|19|16
2|2|2010-11-18|@|Providence|L|55|77|19|62|.306|1|9|.111|16|21|.762|12|38|7|1|3|18|23||28|71|.394|1|16|.063|20|28|.714|17|46|18|9|11|10|15
3|3|2010-11-20|@|La Salle|L|74|79|29|73|.397|6|20|.300|10|19|.526|17|39|18|8|5|16|24||27|49|.551|3|10|.300|22|34|.647|4|28|17|11|10|15|20
4|4|2010-11-23|N|Western Illinois|W|72|53|26|53|.491|4|13|.308|16|24|.667|10|33|15|7|1|11|25||16|41|.390|4|12|.333|17|29|.586|5|26|8|5|4|16|21
5|5|2010-11-24|N|North Florida|L|52|59|20|62|.323|1|11|.091|11|16|.688|18|42|6|5|8|13|13||22|56|.393|7|16|.438|8|9|.889|3|23|11|4|7|10|16
6|6|2010-11-29||Loyola (MD)|L|67|73|22|59|.373|1|12|.083|22|31|.710|11|36|9|4|3|13|20||21|53|.396|7|22|.318|24|31|.774|9|34|12|7|1|14|24
7|7|2010-12-04||Coppin State|W|70|64|24|59|.407|4|16|.250|18|20|.900|11|31|16|5|7|15|15||24|66|.364|4|18|.222|12|16|.750|15|34|12|7|1|15|16
8|8|2010-12-18||Maryland-Baltimore County|W|75|62|23|38|.605|4|7|.571|25|38|.658|6|24|12|6|5|13|17||22|53|.415|4|14|.286|14|16|.875|9|20|12|6|3|13|24
9|9|2010-12-20|@|Syracuse|L|55|97|20|53|.377|5|13|.385|10|20|.500|7|27|14|6|4|17|14||39|73|.534|12|25|.480|7|10|.700|12|38|34|12|11|9|15
10|10|2010-12-27|@|Louisville|L|74|104|26|56|.464|8|17|.471|14|21|.667|13|28|13|9|3|25|14||37|63|.587|17|23|.739|13|17|.765|13|34|25|14|4|21|18
11|11|2010-12-30||Robert Morris|W|67|66|21|56|.375|2|15|.133|23|30|.767|13|34|15|5|2|25|22||22|55|.400|2|14|.143|20|27|.741|12|28|9|9|3|22|27
12|12|2011-01-04|@|Baylor|L|72|89|27|56|.482|6|15|.400|12|20|.600|4|13|9|12|1|12|24||28|47|.596|10|18|.556|23|28|.821|10|34|16|8|3|16|14
13|13|2011-01-08||Howard|W|75|62|25|61|.410|3|15|.200|22|30|.733|14|39|14|7|3|12|22||19|56|.339|4|12|.333|20|28|.714|10|28|11|7|4|14|22
14|14|2011-01-10||Hampton|W|78|72|24|57|.421|2|12|.167|28|38|.737|13|34|14|9|5|18|27||23|50|.460|4|15|.267|22|31|.710|6|23|6|9|5|22|26
15|15|2011-01-15||South Carolina State|W|71|55|25|54|.463|1|9|.111|20|30|.667|14|34|16|7|5|10|26||16|41|.390|1|9|.111|22|31|.710|4|20|9|3|4|18|22
16|16|2011-01-22|@|Delaware State|L|55|60|19|41|.463|2|8|.250|15|21|.714|9|26|8|4|1|17|23||19|41|.463|4|15|.267|18|25|.720|8|22|9|5|3|12|19
17|17|2011-01-24|@|Maryland-Eastern Shore|W|74|60|23|50|.460|1|11|.091|27|35|.771|8|29|10|11|1|13|22||19|46|.413|6|15|.400|16|28|.571|6|21|14|7|2|19|24
18|18|2011-01-29||Norfolk State|L|74|76|21|49|.429|3|7|.429|29|39|.744|12|28|9|7|6|18|23||26|48|.542|4|8|.500|20|27|.741|7|23|11|11|6|17|25
19|19|2011-01-31||North Carolina A&T|W|68|66|22|58|.379|8|23|.348|16|23|.696|16|35|18|4|6|14|19||23|56|.411|5|16|.313|15|22|.682|12|34|9|9|5|18|23
20|20|2011-02-05|@|Florida A&M|L|59|63|21|54|.389|3|11|.273|14|22|.636|13|30|7|9|1|16|21||25|47|.532|3|13|.231|10|17|.588|9|29|3|12|4|16|20
21|21|2011-02-07|@|Bethune-Cookman|W|65|57|21|36|.583|5|9|.556|18|31|.581|4|22|11|3|3|13|19||16|45|.356|4|10|.400|21|25|.840|8|23|8|5|0|11|25
22|22|2011-02-14|@|South Carolina State|W|72|66|24|51|.471|8|18|.444|16|22|.727|11|36|17|5|2|17|21||26|55|.473|5|15|.333|9|21|.429|7|23|18|10|9|9|21
23|23|2011-02-19||Virginia Military Institute|W|67|62|27|58|.466|2|13|.154|11|18|.611|12|35|11|6|4|9|13||23|61|.377|10|33|.303|6|9|.667|13|30|13|3|4|11|16
24|24|2011-02-21||Maryland-Eastern Shore|W|71|54|21|47|.447|3|11|.273|26|40|.650|5|41|12|5|8|12|16||20|67|.299|4|18|.222|10|25|.400|10|31|10|8|4|5|28
25|25|2011-02-23||Delaware State|W|42|39|15|43|.349|5|10|.500|7|19|.368|9|39|11|3|3|17|15||15|47|.319|1|12|.083|8|15|.533|3|23|8|7|6|9|13
26|26|2011-02-26|@|Norfolk State|L|63|69|24|61|.393|2|10|.200|13|22|.591|11|30|8|5|2|15|21||28|53|.528|2|9|.222|11|18|.611|7|35|17|7|5|18|24
27|27|2011-02-28|@|North Carolina A&T|L|60|68|21|65|.323|3|21|.143|15|23|.652|18|44|11|13|7|15|22||21|50|.420|5|12|.417|21|34|.618|8|35|8|8|7|15|18
28|28|2011-03-03|@|Coppin State|L|60|73|20|55|.364|2|19|.105|18|26|.692|15|35|13|4|3|19|21||24|49|.490|7|18|.389|18|22|.818|4|26|11|10|2|15|19
29|29|2011-03-10|N|North Carolina A&T|W|77|59|26|52|.500|9|23|.391|16|19|.842|11|30|12|6|5|11|25||17|50|.340|2|15|.133|23|31|.742|13|27|3|6|2|15|17
30|30|2011-03-11|N|Bethune-Cookman|W|61|48|24|44|.545|4|7|.571|9|14|.643|7|24|11|3|3|14|16||19|49|.388|3|13|.231|7|13|.538|9|25|9|5|2|11|16
31|31|2011-03-12|N|Hampton|L|55|60|17|56|.304|5|14|.357|16|20|.800|14|40|7|2|2|10|24||16|45|.356|4|14|.286|24|31|.774|4|27|5|3|7|7|18
