ranker|game_season|date_game|game_location|opp_id|game_result|pts|opp_pts|fg|fga|fg_pct|fg3|fg3a|fg3_pct|ft|fta|ft_pct|orb|trb|ast|stl|blk|tov|pf|x|opp_fg|opp_fga|opp_fg_pct|opp_fg3|opp_fg3a|opp_fg3_pct|opp_ft|opp_fta|opp_ft_pct|opp_orb|opp_trb|opp_ast|opp_stl|opp_blk|opp_tov|opp_pf|
1|1|2010-11-08|@|Texas|L|52|83|19|63|.302|4|23|.174|10|18|.556|5|26|8|5|5|16|24||30|59|.508|4|17|.235|19|34|.559|10|45|16|5|5|15|17
2|2|2010-11-13|@|Buffalo|L|46|88|15|57|.263|4|21|.190|12|16|.750|5|25|7|11|3|25|17||35|74|.473|11|31|.355|7|15|.467|18|50|21|15|11|19|17
3|3|2010-11-16||Neumann|W|74|62|24|69|.348|5|30|.167|21|33|.636|17|47|18|15|10|25|28||20|54|.370|7|21|.333|15|21|.714|6|34|11|6|2|35|28
4|4|2010-11-19|@|California-Irvine|L|60|75|19|59|.322|10|33|.303|12|18|.667|7|31|10|5|3|14|15||28|62|.452|6|17|.353|13|18|.722|12|44|12|5|1|17|18
5|5|2010-11-20|N|Louisiana Tech|L|65|80|22|60|.367|8|32|.250|13|16|.813|8|23|9|6|1|15|22||27|51|.529|9|24|.375|17|24|.708|6|37|18|4|1|23|20
6|6|2010-11-21|N|Seattle|L|70|75|24|64|.375|8|32|.250|14|19|.737|6|25|13|10|3|18|26||24|50|.480|5|12|.417|22|31|.710|10|44|12|6|0|26|21
7|7|2010-11-24|@|Towson|W|89|84|27|60|.450|11|22|.500|24|34|.706|3|25|18|11|0|15|22||26|58|.448|11|29|.379|21|32|.656|9|39|18|8|8|23|25
8|8|2010-11-27||Maryland-Eastern Shore|L (1 OT)|81|89|27|63|.429|12|38|.316|15|19|.789|7|28|17|12|6|18|23||29|71|.408|12|28|.429|19|28|.679|19|46|20|9|3|19|18
9|9|2010-11-29|@|Mount St. Mary's|W|81|68|25|55|.455|9|25|.360|22|31|.710|7|21|16|10|3|11|25||20|52|.385|4|20|.200|24|31|.774|16|37|14|5|3|20|23
10|10|2010-12-05|N|George Washington|W|64|57|20|44|.455|11|25|.440|13|22|.591|5|33|12|3|1|20|23||18|58|.310|3|22|.136|18|28|.643|11|36|13|12|2|14|23
11|11|2010-12-07|@|Coppin State|L|64|65|22|58|.379|10|29|.345|10|15|.667|7|28|13|8|1|11|16||24|53|.453|9|25|.360|8|11|.727|7|35|13|5|5|16|18
12|12|2010-12-10|@|Mercer|L|68|73|24|52|.462|10|23|.435|10|17|.588|4|19|12|8|1|14|25||26|48|.542|5|17|.294|16|30|.533|8|32|16|6|2|16|16
13|13|2010-12-22||Elon|L|58|73|19|41|.463|4|14|.286|16|29|.552|2|23|7|10|4|22|19||24|63|.381|13|33|.394|12|20|.600|17|43|16|8|3|17|21
14|14|2010-12-30||Long Island University|L|86|96|32|71|.451|3|23|.130|19|27|.704|6|31|19|10|2|15|30||30|58|.517|7|19|.368|29|43|.674|8|43|19|10|4|23|25
15|15|2011-01-02||Presbyterian|L|58|60|18|52|.346|6|25|.240|16|22|.727|11|24|12|16|0|16|18||20|37|.541|6|15|.400|14|17|.824|5|29|15|9|0|27|18
16|16|2011-01-04||Longwood|W|87|70|29|62|.468|8|27|.296|21|24|.875|9|27|15|11|0|15|18||27|54|.500|8|21|.381|8|11|.727|7|29|20|5|1|25|26
17|17|2011-01-08||Bucknell|L|64|71|20|56|.357|8|33|.242|16|17|.941|6|29|13|5|1|11|15||27|57|.474|3|11|.273|14|16|.875|6|32|11|4|1|9|18
18|18|2011-01-12|@|Lehigh|L|63|71|19|59|.322|7|19|.368|18|28|.643|8|33|9|11|4|19|19||25|71|.352|4|20|.200|17|19|.895|18|49|14|7|6|22|24
19|19|2011-01-15|@|Lafayette|L|73|76|26|54|.481|9|24|.375|12|20|.600|8|33|11|7|3|18|24||23|54|.426|8|26|.308|22|26|.846|4|28|15|6|2|12|21
20|20|2011-01-19||Holy Cross|L|50|71|18|64|.281|1|25|.040|13|20|.650|12|30|4|11|3|9|16||26|56|.464|10|20|.500|9|15|.600|8|43|18|2|7|17|15
21|21|2011-01-22|@|Army|W|85|81|28|53|.528|11|26|.423|18|28|.643|7|27|15|7|8|14|20||27|59|.458|14|30|.467|13|17|.765|9|28|17|4|1|17|25
22|22|2011-01-26||American|W|72|53|25|52|.481|11|27|.407|11|13|.846|2|23|15|9|1|9|20||19|53|.358|4|22|.182|11|12|.917|12|35|10|6|2|15|15
23|23|2011-01-29|@|Colgate|W (2 OT)|81|78|25|59|.424|8|25|.320|23|28|.821|4|24|13|9|1|14|26||25|59|.424|6|21|.286|22|30|.733|11|43|13|7|2|25|27
24|24|2011-02-05|@|Bucknell|L|49|75|16|58|.276|5|31|.161|12|18|.667|9|23|10|13|5|12|14||31|58|.534|8|17|.471|5|6|.833|11|43|20|7|2|20|16
25|25|2011-02-09||Lehigh|L|72|87|26|65|.400|11|35|.314|9|15|.600|4|22|17|12|2|12|18||30|61|.492|10|20|.500|17|19|.895|12|46|21|9|3|20|16
26|26|2011-02-12||Lafayette|W|57|52|17|45|.378|5|21|.238|18|23|.783|6|29|9|7|0|14|23||16|45|.356|2|22|.091|18|27|.667|7|30|11|9|4|15|22
27|27|2011-02-16|@|Holy Cross|L|61|72|21|56|.375|6|25|.240|13|18|.722|12|34|12|3|3|12|20||24|55|.436|8|19|.421|16|29|.552|13|33|19|8|0|6|17
28|28|2011-02-19||Army|W|75|58|23|50|.460|5|17|.294|24|33|.727|9|42|15|5|1|20|18||18|52|.346|6|18|.333|16|23|.696|2|23|11|6|0|13|28
29|29|2011-02-23|@|American|L|58|69|18|51|.353|10|24|.417|12|19|.632|6|18|12|11|0|12|20||20|38|.526|11|21|.524|18|22|.818|5|28|15|7|2|20|20
30|30|2011-02-26||Colgate|W|75|55|25|57|.439|9|23|.391|16|17|.941|5|23|17|14|3|8|18||17|44|.386|4|16|.250|17|23|.739|9|31|11|3|6|22|18
31|31|2011-03-02|@|Lehigh|L|75|87|21|56|.375|7|25|.280|26|33|.788|8|29|9|9|4|15|25||27|55|.491|6|15|.400|27|38|.711|7|32|13|7|8|14|22
