ranker|game_season|date_game|game_location|opp_id|game_result|pts|opp_pts|fg|fga|fg_pct|fg3|fg3a|fg3_pct|ft|fta|ft_pct|orb|trb|ast|stl|blk|tov|pf|x|opp_fg|opp_fga|opp_fg_pct|opp_fg3|opp_fg3a|opp_fg3_pct|opp_ft|opp_fta|opp_ft_pct|opp_orb|opp_trb|opp_ast|opp_stl|opp_blk|opp_tov|opp_pf|
1|1|2010-11-12||South Dakota|W|76|68|27|62|.435|3|14|.214|19|21|.905|11|40|17|5|3|14|12||24|62|.387|7|30|.233|13|18|.722|7|28|10|11|2|13|18
2|2|2010-11-15||Arkansas-Pine Bluff|W|83|40|29|46|.630|7|20|.350|18|27|.667|5|36|19|2|3|14|20||10|40|.250|5|19|.263|15|28|.536|4|20|6|8|0|13|19
3|3|2010-11-18|N|Vanderbilt|L|49|59|18|51|.353|0|10|.000|13|23|.565|8|34|8|4|3|15|23||18|46|.391|5|17|.294|18|26|.692|4|33|10|6|8|12|21
4|4|2010-11-19|N|Davidson|L|67|70|21|47|.447|2|11|.182|23|31|.742|6|34|10|10|6|15|22||23|53|.434|11|28|.393|13|20|.650|6|30|15|5|4|15|24
5|5|2010-11-21|N|Hofstra|W|62|47|23|42|.548|6|12|.500|10|15|.667|6|31|15|8|4|13|18||16|52|.308|6|19|.316|9|12|.750|9|22|9|6|3|11|17
6|6|2010-11-27||Southern California|W|60|58|24|48|.500|6|15|.400|6|11|.545|6|26|12|7|5|13|12||25|59|.424|6|19|.316|2|2|1.000|10|31|8|7|4|14|17
7|7|2010-12-01||Jackson State|W|76|57|30|50|.600|9|19|.474|7|10|.700|9|29|20|7|1|11|14||18|42|.429|12|22|.545|9|17|.529|6|16|10|5|4|16|14
8|8|2010-12-05||Creighton|W|59|54|22|59|.373|9|31|.290|6|8|.750|6|35|14|2|3|8|11||22|60|.367|6|33|.182|4|7|.571|9|37|10|4|2|11|13
9|9|2010-12-08||Alcorn State|W|78|57|29|60|.483|3|17|.176|17|27|.630|11|45|18|13|5|18|16||19|64|.297|5|19|.263|14|18|.778|8|32|8|12|5|17|20
10|10|2010-12-11||Texas Christian|W|70|56|24|48|.500|10|17|.588|12|15|.800|7|37|9|5|3|17|14||22|58|.379|11|28|.393|1|5|.200|7|22|13|9|1|12|15
11|11|2010-12-18||Eastern Washington|W|72|42|28|56|.500|4|18|.222|12|18|.667|10|42|10|10|8|13|20||12|57|.211|7|31|.226|11|19|.579|17|37|7|8|2|17|19
12|12|2010-12-21||Grambling|W|79|39|33|62|.532|2|13|.154|11|16|.688|8|45|12|8|4|14|12||16|64|.250|2|24|.083|5|6|.833|8|33|11|6|3|17|14
13|13|2011-01-03||North Dakota|W|77|46|31|56|.554|7|20|.350|8|13|.615|7|37|15|5|6|10|14||16|58|.276|7|29|.241|7|15|.467|9|29|6|6|4|12|18
14|14|2011-01-05||Savannah State|W|68|48|25|45|.556|3|12|.250|15|20|.750|6|32|12|4|9|13|11||17|56|.304|5|26|.192|9|14|.643|9|25|7|4|3|11|17
15|15|2011-01-08||Iowa State|W|63|62|22|60|.367|4|17|.235|15|24|.625|13|40|13|10|6|7|13||23|57|.404|7|19|.368|9|13|.692|8|36|8|3|2|14|18
16|16|2011-01-12|@|Missouri|L|69|77|25|59|.424|6|17|.353|13|16|.813|7|30|12|5|1|15|25||25|59|.424|6|18|.333|21|30|.700|10|34|14|10|6|9|19
17|17|2011-01-15|@|Kansas|L|60|63|22|61|.361|3|13|.231|13|16|.813|16|39|12|7|2|14|19||23|50|.460|7|21|.333|10|19|.526|8|31|14|5|6|15|17
18|18|2011-01-18||Colorado|W|79|67|30|53|.566|4|17|.235|15|18|.833|7|31|18|8|3|13|14||24|54|.444|12|30|.400|7|9|.778|6|24|13|5|1|16|15
19|19|2011-01-22|@|Texas Tech|L|71|72|23|51|.451|6|16|.375|19|26|.731|7|23|11|5|1|13|21||27|52|.519|8|17|.471|10|18|.556|10|32|11|4|1|17|22
20|20|2011-01-29||Texas A&M|W|57|48|21|48|.438|3|15|.200|12|17|.706|5|25|9|6|2|7|14||18|46|.391|6|19|.316|6|14|.429|9|29|8|2|0|14|19
21|21|2011-02-02|@|Kansas State|L|53|69|19|43|.442|3|12|.250|12|16|.750|5|20|6|8|0|22|22||21|51|.412|6|19|.316|21|25|.840|9|27|14|7|3|12|15
22|22|2011-02-05||Kansas|L|66|86|23|56|.411|7|20|.350|13|17|.765|5|27|13|7|3|13|24||25|45|.556|13|24|.542|23|33|.697|2|27|16|8|3|10|16
23|23|2011-02-09|@|Baylor|L|70|74|23|51|.451|8|19|.421|16|19|.842|5|21|17|8|1|15|24||20|40|.500|3|11|.273|31|44|.705|7|28|12|8|5|13|15
24|24|2011-02-12||Oklahoma State|W|65|54|22|50|.440|6|19|.316|15|18|.833|11|35|13|8|3|13|18||18|50|.360|5|15|.333|13|19|.684|9|26|9|5|1|13|17
25|25|2011-02-16|@|Oklahoma|W|59|58|23|44|.523|5|15|.333|8|13|.615|3|26|14|5|5|11|13||23|53|.434|5|14|.357|7|10|.700|4|25|14|3|0|11|15
26|26|2011-02-19||Texas|W|70|67|24|51|.471|4|10|.400|18|25|.720|9|31|12|6|2|11|22||20|55|.364|8|19|.421|19|28|.679|14|28|10|5|3|12|22
27|27|2011-02-23||Kansas State|L|57|61|17|49|.347|5|13|.385|18|27|.667|8|30|10|7|6|17|23||17|47|.362|4|14|.286|23|32|.719|8|29|4|6|6|10|21
28|28|2011-02-26|@|Iowa State|L (1 OT)|82|83|32|67|.478|12|22|.545|6|13|.462|12|33|15|6|3|8|18||27|53|.509|10|21|.476|19|22|.864|5|29|18|2|4|9|12
29|29|2011-03-01||Missouri|W|69|58|25|47|.532|5|13|.385|14|23|.609|9|32|17|8|5|17|9||23|55|.418|10|22|.455|2|4|.500|4|18|16|9|4|17|20
30|30|2011-03-05|@|Colorado|L|57|67|22|50|.440|6|18|.333|7|15|.467|6|32|14|3|4|15|17||23|56|.411|6|13|.462|15|18|.833|6|30|12|9|5|5|12
31|31|2011-03-09|N|Oklahoma State|L|52|53|19|55|.345|4|19|.211|10|15|.667|10|32|12|4|4|10|17||18|45|.400|7|15|.467|10|16|.625|7|30|10|7|3|14|18
32|32|2011-03-16|@|Wichita State|L|49|76|17|50|.340|2|18|.111|13|17|.765|12|29|6|7|1|16|18||24|52|.462|11|26|.423|17|20|.850|13|34|18|6|6|11|17
