ranker|game_season|date_game|game_location|opp_id|game_result|pts|opp_pts|fg|fga|fg_pct|fg3|fg3a|fg3_pct|ft|fta|ft_pct|orb|trb|ast|stl|blk|tov|pf|x|opp_fg|opp_fga|opp_fg_pct|opp_fg3|opp_fg3a|opp_fg3_pct|opp_ft|opp_fta|opp_ft_pct|opp_orb|opp_trb|opp_ast|opp_stl|opp_blk|opp_tov|opp_pf|
1|1|2010-11-13||Detroit Mercy|W|63|54|21|55|.382|3|20|.150|18|25|.720|12|36|14|9|4|18|23||17|55|.309|4|22|.182|16|25|.640|15|37|11|9|1|22|25
2|2|2010-11-16||Arizona State|W|76|62|26|56|.464|9|24|.375|15|21|.714|9|31|17|8|5|11|21||22|54|.407|5|21|.238|13|23|.565|12|34|10|4|5|13|18
3|3|2010-11-20|@|California|L|64|89|19|49|.388|8|18|.444|18|30|.600|8|32|10|5|4|18|26||32|61|.525|7|20|.350|18|30|.600|11|35|18|7|4|11|23
4|4|2010-11-24||Northwood (MI)|W|78|56|31|52|.596|4|17|.235|12|23|.522|7|31|21|9|4|15|18||20|53|.377|5|25|.200|11|16|.688|8|26|10|6|0|20|22
5|5|2010-11-28||San Diego|W|75|46|25|50|.500|8|17|.471|17|24|.708|8|32|18|12|3|14|14||20|54|.370|3|18|.167|3|6|.500|5|24|10|4|1|17|19
6|6|2010-12-01|@|Southern Illinois|W|74|59|25|54|.463|7|16|.438|17|25|.680|11|34|16|7|1|13|22||20|54|.370|6|22|.273|13|20|.650|11|28|15|5|2|15|21
7|7|2010-12-04|@|New Mexico State|W (1 OT)|84|78|25|50|.500|9|24|.375|25|37|.676|10|39|18|7|8|20|25||23|74|.311|5|26|.192|27|35|.771|23|42|7|8|3|13|28
8|8|2010-12-11||New Mexico State|W|78|62|30|63|.476|5|21|.238|13|24|.542|14|41|15|9|2|12|20||18|50|.360|5|20|.250|21|30|.700|7|28|12|8|3|12|17
9|9|2010-12-17||Longwood|W|91|54|32|64|.500|7|16|.438|20|29|.690|15|39|19|10|1|6|17||19|46|.413|8|18|.444|8|12|.667|4|19|14|3|0|20|22
10|10|2010-12-19||Citadel|W|84|58|29|57|.509|6|18|.333|20|26|.769|11|29|24|5|6|8|14||20|47|.426|5|11|.455|13|18|.722|4|21|13|2|1|13|21
11|11|2010-12-22|N|Colorado|W|89|76|30|49|.612|5|12|.417|24|28|.857|6|31|19|6|0|18|21||27|58|.466|5|22|.227|17|22|.773|7|19|9|6|2|12|25
12|12|2010-12-23|N|Northern Iowa|L|60|66|24|55|.436|4|11|.364|8|11|.727|10|31|11|4|2|14|20||21|47|.447|9|22|.409|15|21|.714|6|26|12|5|1|10|17
13|13|2010-12-29|@|Texas Tech|W|61|60|19|45|.422|4|8|.500|19|27|.704|9|28|7|3|2|12|23||24|47|.511|5|13|.385|7|16|.438|4|19|10|1|6|14|22
14|14|2011-01-01|@|Dayton|L (2 OT)|73|76|24|54|.444|4|16|.250|21|33|.636|4|40|13|3|4|13|22||25|74|.338|13|29|.448|13|20|.650|15|44|18|6|3|11|26
15|15|2011-01-05||Cal State Bakersfield|W|102|62|38|67|.567|8|18|.444|18|24|.750|12|38|26|9|7|11|19||21|65|.323|9|29|.310|11|18|.611|14|28|12|3|2|22|24
16|16|2011-01-08|@|Wyoming|L|66|67|23|48|.479|10|19|.526|10|19|.526|8|27|13|7|0|17|22||22|42|.524|7|15|.467|16|22|.727|5|24|13|4|5|19|19
17|17|2011-01-12||Colorado State|W|68|61|22|53|.415|4|15|.267|20|25|.800|9|39|16|3|9|15|18||21|56|.375|5|20|.250|14|25|.560|5|23|7|8|2|11|21
18|18|2011-01-15||San Diego State|L|77|87|22|58|.379|7|16|.438|26|35|.743|11|33|15|5|5|5|23||27|55|.491|13|25|.520|20|29|.690|8|37|19|3|7|8|23
19|19|2011-01-19|@|Utah|L|72|82|27|63|.429|5|17|.294|13|21|.619|10|32|9|8|4|12|26||27|53|.509|10|19|.526|18|26|.692|7|35|14|4|5|12|18
20|20|2011-01-22|@|Nevada-Las Vegas|L|62|63|22|46|.478|3|12|.250|15|21|.714|9|31|7|4|0|20|18||22|47|.468|6|13|.462|13|18|.722|4|22|17|11|4|14|19
21|21|2011-01-26||Texas Christian|W|71|46|27|56|.482|10|28|.357|7|7|1.000|9|34|21|5|3|12|9||19|56|.339|4|18|.222|4|7|.571|10|28|12|6|0|11|15
22|22|2011-01-29||Brigham Young|W|86|77|31|61|.508|8|20|.400|16|19|.842|7|33|17|6|3|11|19||28|67|.418|8|20|.400|13|20|.650|10|33|14|10|1|10|17
23|23|2011-02-01|@|Air Force|W|75|61|24|47|.511|8|20|.400|19|21|.905|9|26|16|12|2|10|16||24|43|.558|6|14|.429|7|11|.636|4|18|18|4|2|16|21
24|24|2011-02-09||Wyoming|W|68|57|23|61|.377|5|20|.250|17|26|.654|12|36|16|7|0|12|19||22|55|.400|2|16|.125|11|14|.786|7|33|7|6|5|19|27
25|25|2011-02-12|@|Colorado State|L|62|68|24|60|.400|6|25|.240|8|9|.889|11|29|14|2|3|15|20||22|48|.458|9|21|.429|15|23|.652|6|27|14|8|0|11|18
26|26|2011-02-16|@|San Diego State|L|62|68|22|53|.415|5|12|.417|13|17|.765|12|33|13|5|8|17|22||21|52|.404|5|8|.625|21|31|.677|12|29|10|6|9|9|16
27|27|2011-02-19||Utah|L|60|62|19|53|.358|4|16|.250|18|24|.750|14|39|16|4|4|9|12||22|56|.393|9|21|.429|9|11|.818|6|27|10|2|6|6|22
28|28|2011-02-23||Nevada-Las Vegas|L (1 OT)|74|77|23|54|.426|5|18|.278|23|37|.622|12|34|13|6|2|15|17||29|59|.492|8|17|.471|11|21|.524|9|31|16|10|2|13|31
29|29|2011-02-26|@|Texas Christian|W|80|70|29|53|.547|6|19|.316|16|22|.727|12|38|16|3|1|12|15||27|59|.458|4|17|.235|12|20|.600|12|28|17|7|1|10|20
30|30|2011-03-02|@|Brigham Young|W|82|64|27|58|.466|9|20|.450|19|23|.826|6|36|16|6|3|18|20||20|59|.339|5|26|.192|19|22|.864|6|25|12|11|7|11|21
31|31|2011-03-05||Air Force|W|66|61|18|46|.391|8|25|.320|22|29|.759|11|35|16|3|3|10|15||24|52|.462|9|26|.346|4|7|.571|4|21|15|6|1|9|25
32|32|2011-03-10|N|Colorado State|W|67|61|22|56|.393|6|19|.316|17|25|.680|17|33|12|8|6|13|13||24|53|.453|5|13|.385|8|12|.667|7|26|12|9|5|13|18
33|33|2011-03-11|N|Brigham Young|L|76|87|30|62|.484|9|25|.360|7|11|.636|11|33|15|2|1|14|20||34|68|.500|8|25|.320|11|16|.688|11|31|11|9|3|6|14
34|34|2011-03-15||Texas-El Paso|W|69|57|22|54|.407|8|24|.333|17|22|.773|10|37|16|3|3|14|15||23|55|.418|3|16|.188|8|11|.727|4|25|13|4|2|12|22
35|35|2011-03-21|@|Alabama|L|67|74|22|58|.379|9|28|.321|14|17|.824|12|28|10|6|3|12|24||26|49|.531|6|14|.429|16|30|.533|10|34|13|7|3|13|21
