ranker|game_season|date_game|game_location|opp_id|game_result|pts|opp_pts|fg|fga|fg_pct|fg3|fg3a|fg3_pct|ft|fta|ft_pct|orb|trb|ast|stl|blk|tov|pf|x|opp_fg|opp_fga|opp_fg_pct|opp_fg3|opp_fg3a|opp_fg3_pct|opp_ft|opp_fta|opp_ft_pct|opp_orb|opp_trb|opp_ast|opp_stl|opp_blk|opp_tov|opp_pf|
1|1|2010-11-12|@|Auburn|W (1 OT)|70|69|20|58|.345|7|21|.333|23|33|.697|12|37|14|10|5|15|24||22|59|.373|6|16|.375|19|34|.559|18|47|8|8|8|20|29
2|2|2010-11-16|@|Furman|L|67|69|22|60|.367|5|13|.385|18|25|.720|15|35|7|8|3|15|23||20|49|.408|4|18|.222|25|29|.862|10|34|9|4|2|17|21
3|3|2010-11-20||Virginia Intermont|W|116|58|44|80|.550|12|26|.462|16|19|.842|20|44|27|20|9|10|17||20|48|.417|5|14|.357|13|21|.619|6|22|11|4|2|27|15
4|4|2010-11-23|@|North Carolina|L|69|80|27|73|.370|6|21|.286|9|13|.692|8|27|9|13|3|10|24||27|58|.466|3|9|.333|23|31|.742|16|48|14|5|8|20|15
5|5|2010-11-27|@|Georgetown|L|72|87|25|60|.417|8|18|.444|14|22|.636|6|25|12|10|3|18|17||30|58|.517|13|25|.520|14|20|.700|10|41|21|10|6|23|20
6|6|2010-11-29|@|South Carolina Upstate|L (2 OT)|91|93|27|68|.397|8|21|.381|29|37|.784|19|42|14|10|2|19|26||31|71|.437|8|32|.250|23|29|.793|14|35|13|10|7|20|26
7|7|2010-12-02|@|Radford|W|70|50|22|48|.458|2|8|.250|24|39|.615|10|40|12|10|2|17|22||14|51|.275|8|15|.533|14|24|.583|10|33|10|8|3|19|30
8|8|2010-12-04|@|High Point|L|73|76|25|55|.455|2|10|.200|21|30|.700|12|28|11|10|4|22|22||29|55|.527|1|17|.059|17|26|.654|10|32|16|16|7|17|24
9|9|2010-12-11||Montreat|W|86|57|29|73|.397|3|14|.214|25|35|.714|21|55|15|14|6|18|16||22|70|.314|3|22|.136|10|15|.667|14|36|9|7|4|24|24
10|10|2010-12-16||King (TN)|W|90|72|32|57|.561|5|16|.313|21|28|.750|10|39|18|3|3|12|15||26|64|.406|11|29|.379|9|16|.563|10|23|14|6|1|9|21
11|11|2010-12-21|@|Ohio State|L|49|96|21|56|.375|4|15|.267|3|6|.500|7|25|11|4|2|21|15||39|69|.565|11|24|.458|7|14|.500|15|42|20|12|1|11|12
12|12|2010-12-28||Western Carolina|W (1 OT)|85|79|29|62|.468|3|12|.250|24|36|.667|7|36|16|10|2|17|17||34|75|.453|3|15|.200|8|16|.500|12|36|14|7|3|17|26
13|13|2010-12-31||Virginia Military Institute|L|72|83|26|67|.388|5|19|.263|15|24|.625|17|38|20|9|4|18|21||27|62|.435|11|30|.367|18|30|.600|19|47|15|6|5|18|22
14|14|2011-01-02||Liberty|L|55|59|18|51|.353|2|15|.133|17|28|.607|15|30|12|10|7|16|15||20|46|.435|4|10|.400|15|19|.789|10|30|11|6|4|21|24
15|15|2011-01-06|@|Winthrop|W|88|67|29|56|.518|10|15|.667|20|30|.667|12|39|17|10|5|22|26||22|64|.344|2|15|.133|21|35|.600|18|38|11|14|6|15|24
16|16|2011-01-08|@|Presbyterian|W|74|48|30|55|.545|7|12|.583|7|11|.636|5|28|13|6|1|9|18||15|40|.375|6|21|.286|12|19|.632|4|24|6|2|0|16|13
17|17|2011-01-15||Gardner-Webb|W|68|59|24|43|.558|3|12|.250|17|25|.680|5|29|17|13|8|17|11||22|65|.338|8|26|.308|7|11|.636|13|32|15|10|2|19|22
18|18|2011-01-20||Coastal Carolina|L|59|80|19|53|.358|5|17|.294|16|22|.727|6|27|11|3|6|13|26||28|58|.483|3|7|.429|21|28|.750|13|40|19|5|7|10|16
19|19|2011-01-22||Charleston Southern|W|77|69|29|55|.527|2|10|.200|17|22|.773|10|34|14|8|5|15|16||24|58|.414|6|22|.273|15|18|.833|8|27|11|10|3|11|17
20|20|2011-01-27|@|Liberty|L (1 OT)|81|83|28|52|.538|7|15|.467|18|20|.900|7|32|19|7|6|19|18||31|66|.470|11|25|.440|10|14|.714|10|25|16|10|2|12|19
21|21|2011-01-29|@|Virginia Military Institute|W|100|87|38|63|.603|3|9|.333|21|28|.750|10|37|19|9|5|9|18||32|67|.478|15|38|.395|8|18|.444|10|29|20|3|5|15|19
22|22|2011-02-03||Presbyterian|W|88|55|33|54|.611|8|16|.500|14|20|.700|5|33|15|7|4|12|17||18|54|.333|6|18|.333|13|18|.722|7|24|10|6|0|13|13
23|23|2011-02-05||Winthrop|L|53|57|17|49|.347|2|11|.182|17|23|.739|10|25|12|12|5|18|21||18|48|.375|4|13|.308|17|25|.680|13|36|12|11|3|20|21
24|24|2011-02-12|@|Gardner-Webb|W|57|54|21|53|.396|3|11|.273|12|18|.667|5|28|13|8|5|10|18||18|50|.360|7|19|.368|11|16|.688|10|36|8|7|3|14|21
25|25|2011-02-15|@|Charleston Southern|L|70|79|28|57|.491|3|19|.158|11|13|.846|7|20|18|10|5|18|22||26|57|.456|6|9|.667|21|26|.808|14|31|12|9|3|23|17
26|26|2011-02-19||Northeastern|L|82|83|26|51|.510|9|17|.529|21|32|.656|11|27|19|10|2|16|25||23|43|.535|7|17|.412|30|35|.857|6|23|12|7|3|18|24
27|27|2011-02-22|@|Coastal Carolina|W|61|58|22|57|.386|7|20|.350|10|12|.833|12|30|6|9|5|10|18||20|43|.465|2|9|.222|16|26|.615|10|32|8|5|4|17|17
28|28|2011-02-24||High Point|W|76|62|22|49|.449|2|12|.167|30|34|.882|10|34|12|8|3|13|16||22|56|.393|7|20|.350|11|13|.846|10|26|12|4|2|14|22
29|29|2011-02-26||Radford|W|81|58|34|58|.586|5|16|.313|8|15|.533|7|34|25|10|7|17|18||19|64|.297|5|14|.357|15|22|.682|15|35|9|10|0|17|18
30|30|2011-03-01||Charleston Southern|W|72|63|23|52|.442|3|10|.300|23|36|.639|9|25|13|9|4|13|20||22|48|.458|6|19|.316|13|20|.650|10|32|12|7|5|22|25
31|31|2011-03-03|N|High Point|W|62|45|23|55|.418|8|22|.364|8|12|.667|11|32|17|7|5|11|13||17|47|.362|6|16|.375|5|9|.556|8|27|8|7|2|14|17
32|32|2011-03-05|@|Coastal Carolina|W|60|47|24|61|.393|2|11|.182|10|15|.667|14|30|8|10|9|10|23||16|47|.340|3|16|.188|12|19|.632|14|35|9|5|7|21|16
33|33|2011-03-15|N|Arkansas-Little Rock|W (1 OT)|81|77|27|54|.500|4|12|.333|23|28|.821|6|34|17|6|1|14|25||24|56|.429|9|29|.310|20|26|.769|6|32|19|6|2|16|24
34|34|2011-03-17|N|Pittsburgh|L|51|74|17|55|.309|3|19|.158|14|19|.737|7|24|9|7|6|10|21||25|59|.424|8|19|.421|16|25|.640|19|44|18|4|1|12|16
