ranker|game_season|date_game|game_location|opp_id|game_result|pts|opp_pts|fg|fga|fg_pct|fg3|fg3a|fg3_pct|ft|fta|ft_pct|orb|trb|ast|stl|blk|tov|pf|x|opp_fg|opp_fga|opp_fg_pct|opp_fg3|opp_fg3a|opp_fg3_pct|opp_ft|opp_fta|opp_ft_pct|opp_orb|opp_trb|opp_ast|opp_stl|opp_blk|opp_tov|opp_pf|
1|1|2010-11-12|@|Virginia Commonwealth|L|86|101|27|58|.466|7|16|.438|25|33|.758|13|37|20|7|2|21|24||38|73|.521|11|31|.355|14|26|.538|17|36|28|14|7|15|22
2|2|2010-11-14||Florida State|L|73|97|27|70|.386|4|15|.267|15|23|.652|17|34|12|7|3|26|21||35|68|.515|7|18|.389|20|25|.800|15|36|12|20|11|20|22
3|3|2010-11-21||Virginia Tech|L|70|92|23|41|.561|6|10|.600|18|29|.621|4|26|9|4|0|29|28||29|54|.537|4|16|.250|30|41|.732|8|26|12|20|3|15|26
4|4|2010-11-27|@|East Carolina|L|53|81|19|54|.352|4|17|.235|11|18|.611|8|23|11|6|0|12|23||26|48|.542|8|16|.500|21|32|.656|11|34|21|8|2|15|16
5|5|2010-11-29||North Carolina A&T|L|70|82|27|71|.380|9|27|.333|7|10|.700|15|38|11|12|4|15|24||27|53|.509|7|17|.412|21|30|.700|9|33|11|11|3|16|12
6|6|2010-12-02|@|Wofford|L|70|92|25|55|.455|4|11|.364|16|29|.552|9|24|8|9|2|13|19||32|59|.542|13|22|.591|15|18|.833|13|35|25|7|3|14|20
7|7|2010-12-06||Furman|L|68|81|25|59|.424|4|11|.364|14|18|.778|8|24|9|6|3|16|24||25|52|.481|9|17|.529|22|27|.815|7|25|14|6|6|13|18
8|8|2010-12-08|@|Maryland|L|56|99|21|64|.328|6|20|.300|8|9|.889|8|28|10|1|4|16|26||35|67|.522|6|14|.429|23|37|.622|17|48|24|6|7|15|10
9|9|2010-12-15|@|Wake Forest|L|67|69|24|59|.407|6|13|.462|13|21|.619|8|23|9|10|1|11|21||24|48|.500|3|12|.250|18|29|.621|11|38|13|6|5|18|17
10|10|2010-12-19|@|Clemson|L|61|71|22|59|.373|7|18|.389|10|13|.769|8|24|16|5|0|15|22||27|49|.551|6|14|.429|11|20|.550|11|36|17|11|9|16|12
11|11|2010-12-22||Richmond|L|53|63|20|49|.408|3|11|.273|10|17|.588|10|34|12|5|2|18|21||18|48|.375|5|17|.294|22|28|.786|7|25|11|8|3|10|16
12|12|2010-12-29||Duke|L|62|108|23|58|.397|4|8|.500|12|16|.750|12|31|7|2|2|23|21||39|64|.609|11|24|.458|19|25|.760|7|27|24|13|5|7|16
13|13|2011-01-06||Samford|L|64|68|24|56|.429|7|21|.333|9|17|.529|11|32|10|6|2|13|18||24|53|.453|8|23|.348|12|16|.750|7|28|16|6|2|11|16
14|14|2011-01-08||Chattanooga|L|65|70|19|54|.352|5|20|.250|22|33|.667|8|28|10|7|2|16|24||22|58|.379|10|27|.370|16|30|.533|15|43|8|5|0|17|27
15|15|2011-01-10||Elon|L|65|80|21|65|.323|6|15|.400|17|26|.654|13|31|11|6|5|8|26||22|51|.431|7|21|.333|29|38|.763|11|39|11|4|1|12|23
16|16|2011-01-13|@|Appalachian State|W|75|74|29|68|.426|6|21|.286|11|18|.611|13|39|11|6|0|10|19||27|61|.443|9|23|.391|11|17|.647|10|36|11|5|0|11|16
17|17|2011-01-17||Davidson|W|77|69|27|56|.482|6|15|.400|17|31|.548|9|31|14|7|8|13|16||26|66|.394|9|26|.346|8|12|.667|15|37|14|8|3|19|22
18|18|2011-01-20||Georgia Southern|W|87|75|32|55|.582|9|15|.600|14|23|.609|8|29|21|6|5|16|25||22|45|.489|5|12|.417|26|32|.813|5|19|13|12|3|16|22
19|19|2011-01-27|@|Chattanooga|L (2 OT)|110|111|39|83|.470|17|43|.395|15|18|.833|14|32|22|13|0|13|37||32|54|.593|11|23|.478|36|53|.679|9|39|17|5|2|19|19
20|20|2011-01-29|@|Samford|W|91|72|24|46|.522|12|22|.545|31|35|.886|6|27|13|9|1|14|19||24|50|.480|7|24|.292|17|21|.810|6|23|11|6|4|17|26
21|21|2011-02-02||Appalachian State|L (1 OT)|78|80|31|68|.456|4|13|.308|12|19|.632|6|36|13|5|5|12|23||29|67|.433|4|18|.222|18|26|.692|11|41|10|5|2|14|19
22|22|2011-02-05|@|Western Carolina|L|73|83|21|51|.412|5|13|.385|26|30|.867|5|30|7|10|4|18|15||31|67|.463|11|21|.524|10|13|.769|11|36|18|10|4|14|20
23|23|2011-02-07||Citadel|W|86|74|37|66|.561|8|20|.400|4|6|.667|7|29|19|4|0|9|15||28|62|.452|5|21|.238|13|17|.765|9|28|12|7|1|11|10
24|24|2011-02-12|@|College of Charleston|L|69|87|26|52|.500|7|16|.438|10|20|.500|5|25|15|2|2|16|21||30|68|.441|8|27|.296|19|22|.864|12|34|13|8|4|4|14
25|25|2011-02-15||Miami (FL)|L|58|78|22|64|.344|3|20|.150|11|11|1.000|10|28|6|7|4|11|17||25|57|.439|12|24|.500|16|21|.762|14|36|11|9|7|13|12
26|26|2011-02-19|@|Elon|L|90|99|32|64|.500|7|18|.389|19|27|.704|12|35|7|8|0|15|24||30|56|.536|16|34|.471|23|29|.793|4|28|17|7|1|13|24
27|27|2011-02-21||Western Carolina|L|66|70|25|58|.431|6|19|.316|10|15|.667|13|31|7|5|4|17|15||27|63|.429|4|12|.333|12|18|.667|14|34|13|11|0|14|16
28|28|2011-02-24|@|Georgia Southern|W|57|56|18|45|.400|3|11|.273|18|23|.783|8|29|6|8|1|17|20||21|43|.488|4|13|.308|10|19|.526|4|26|12|8|5|16|21
29|29|2011-02-26|@|Davidson|L|67|78|26|65|.400|3|17|.176|12|13|.923|7|26|6|11|0|8|15||28|55|.509|10|28|.357|12|15|.800|8|36|16|3|2|16|11
30|30|2011-03-04|N|Davidson|W|71|64|23|50|.460|3|8|.375|22|29|.759|8|37|14|6|7|11|20||18|75|.240|8|34|.235|20|25|.800|24|41|12|3|4|9|21
31|31|2011-03-05|N|Western Carolina|L|66|77|21|57|.368|5|18|.278|19|34|.559|19|44|7|4|3|20|17||29|62|.468|9|17|.529|10|18|.556|11|29|17|12|2|10|22
