ranker|game_season|date_game|game_location|opp_id|game_result|pts|opp_pts|fg|fga|fg_pct|fg3|fg3a|fg3_pct|ft|fta|ft_pct|orb|trb|ast|stl|blk|tov|pf|x|opp_fg|opp_fga|opp_fg_pct|opp_fg3|opp_fg3a|opp_fg3_pct|opp_ft|opp_fta|opp_ft_pct|opp_orb|opp_trb|opp_ast|opp_stl|opp_blk|opp_tov|opp_pf|
1|1|2010-11-12|@|Ohio State|L|61|102|21|55|.382|5|16|.313|14|18|.778|4|17|8|4|3|18|23||37|76|.487|5|22|.227|23|30|.767|28|55|24|6|8|14|22
2|2|2010-11-14|@|Morehead State|L|61|84|19|47|.404|7|19|.368|16|20|.800|10|33|12|5|5|23|22||28|69|.406|7|21|.333|21|26|.808|19|37|13|12|3|10|20
3|3|2010-11-16||North Carolina Wesleyan|W|100|66|34|65|.523|8|21|.381|24|37|.649|13|49|15|10|10|19|18||25|76|.329|4|20|.200|12|26|.462|17|36|10|9|4|18|26
4|4|2010-11-18|@|Florida|L|55|105|20|58|.345|8|18|.444|7|11|.636|12|27|13|7|3|23|18||42|73|.575|9|22|.409|12|17|.706|17|42|26|16|8|11|12
5|5|2010-11-23||North Carolina-Wilmington|W (1 OT)|84|79|28|61|.459|10|31|.323|18|27|.667|10|29|15|8|3|11|14||28|60|.467|13|26|.500|10|16|.625|10|36|13|4|1|18|23
6|6|2010-11-26||Greensboro|W|79|58|30|63|.476|2|17|.118|17|25|.680|16|43|17|9|12|15|11||23|71|.324|6|25|.240|6|9|.667|17|33|9|5|4|20|18
7|7|2010-11-29|@|North Carolina-Greensboro|W|82|70|27|53|.509|7|17|.412|21|30|.700|9|33|11|11|3|16|12||27|71|.380|9|27|.333|7|10|.700|15|38|11|12|4|15|24
8|8|2010-12-04||Norfolk State|W (1 OT)|89|81|29|59|.492|7|19|.368|24|37|.649|11|39|9|5|8|13|18||31|69|.449|9|25|.360|10|19|.526|15|39|17|3|5|14|28
9|9|2010-12-12|@|Mississippi State|L|58|74|23|65|.354|7|25|.280|5|11|.455|6|29|12|10|7|13|12||25|59|.424|15|30|.500|9|13|.692|8|41|18|9|7|18|12
10|10|2010-12-15|@|Stanford|L|59|76|24|60|.400|8|24|.333|3|8|.375|13|28|8|2|3|15|14||29|66|.439|9|23|.391|9|14|.643|19|38|13|6|4|7|13
11|11|2010-12-23|@|Arizona State|L|50|56|20|57|.351|7|23|.304|3|6|.500|8|33|10|7|5|10|13||20|57|.351|8|27|.296|8|11|.727|11|40|14|7|5|11|10
12|12|2010-12-29|@|Arkansas|L|59|87|20|72|.278|6|22|.273|13|17|.765|15|41|10|4|4|16|18||31|68|.456|15|33|.455|10|15|.667|12|42|22|11|10|14|13
13|13|2010-12-31|@|Ball State|L|68|80|24|63|.381|10|27|.370|10|13|.769|8|28|13|3|3|11|29||23|54|.426|3|16|.188|31|38|.816|14|42|16|3|1|14|13
14|14|2011-01-04||Hiwassee|W|76|53|31|62|.500|3|17|.176|11|25|.440|12|43|14|8|8|15|10||20|70|.286|5|32|.156|8|10|.800|13|34|7|10|2|17|22
15|15|2011-01-08||Florida A&M|W|82|72|24|57|.421|8|18|.444|26|31|.839|8|31|14|7|3|8|17||24|61|.393|7|32|.219|17|21|.810|15|38|7|5|5|18|27
16|16|2011-01-10||Bethune-Cookman|L|69|72|21|42|.500|6|15|.400|21|29|.724|6|30|13|9|2|22|11||28|68|.412|6|19|.316|10|12|.833|11|28|7|11|0|12|19
17|17|2011-01-15|@|Howard|W|78|65|23|48|.479|10|24|.417|22|29|.759|7|33|14|2|5|14|19||25|63|.397|5|20|.250|10|17|.588|12|30|9|7|2|11|24
18|18|2011-01-17|@|Hampton|L|77|82|27|51|.529|8|16|.500|15|27|.556|6|25|10|6|1|16|23||27|60|.450|10|28|.357|18|25|.720|12|36|19|8|4|12|23
19|19|2011-01-22||South Carolina State|W (1 OT)|84|74|27|61|.443|6|22|.273|24|37|.649|9|36|12|8|10|14|14||28|78|.359|12|36|.333|6|13|.462|15|42|17|6|5|15|28
20|20|2011-01-24||North Carolina Central|L (1 OT)|84|90|25|63|.397|5|24|.208|29|34|.853|12|38|13|6|7|19|29||26|61|.426|12|24|.500|26|35|.743|9|29|10|9|5|14|29
21|21|2011-01-29|@|Coppin State|L|70|88|22|57|.386|6|21|.286|20|25|.800|7|25|9|3|3|11|14||32|64|.500|12|29|.414|12|14|.857|12|40|15|6|4|14|21
22|22|2011-01-31|@|Morgan State|L|66|68|23|56|.411|5|16|.313|15|22|.682|12|34|9|9|5|18|23||22|58|.379|8|23|.348|16|23|.696|16|35|18|4|6|14|19
23|23|2011-02-05|@|Delaware State|W (1 OT)|78|73|32|52|.615|2|12|.167|12|15|.800|8|35|18|3|6|15|10||28|67|.418|12|40|.300|5|6|.833|6|16|14|6|4|7|12
24|24|2011-02-07|@|Maryland-Eastern Shore|L|82|83|29|62|.468|8|25|.320|16|25|.640|10|30|14|11|2|13|15||33|70|.471|8|29|.276|9|16|.563|15|40|17|9|5|16|20
25|25|2011-02-12||Howard|W|68|49|28|55|.509|5|19|.263|7|12|.583|10|37|18|6|5|9|11||19|59|.322|9|28|.321|2|3|.667|9|24|11|6|2|8|10
26|26|2011-02-14||Hampton|W|74|63|20|47|.426|9|16|.563|25|45|.556|7|37|12|5|4|15|16||22|64|.344|8|24|.333|11|16|.688|8|31|9|7|10|13|28
27|27|2011-02-19|@|South Carolina State|L|57|71|17|42|.405|8|25|.320|15|30|.500|6|26|11|4|3|11|15||25|62|.403|11|30|.367|10|12|.833|14|39|19|10|2|9|21
28|28|2011-02-21|@|North Carolina Central|W|72|67|27|50|.540|7|16|.438|11|19|.579|8|28|20|3|2|15|14||23|54|.426|12|27|.444|9|9|1.000|10|26|18|5|3|18|22
29|29|2011-02-26||Coppin State|W|76|72|27|56|.482|5|16|.313|17|27|.630|14|40|13|6|3|13|14||25|61|.410|11|25|.440|11|12|.917|9|28|12|9|2|12|22
30|30|2011-02-28||Morgan State|W|68|60|21|50|.420|5|12|.417|21|34|.618|8|35|8|8|7|15|18||21|65|.323|3|21|.143|15|23|.652|18|44|11|13|7|15|22
31|31|2011-03-03|@|Norfolk State|L|57|75|19|67|.284|5|23|.217|14|23|.609|12|29|7|12|3|12|18||27|60|.450|5|20|.250|16|19|.842|12|46|11|8|7|19|20
32|32|2011-03-10|N|Morgan State|L|59|77|17|50|.340|2|15|.133|23|31|.742|13|27|3|6|2|15|17||26|52|.500|9|23|.391|16|19|.842|11|30|12|6|5|11|25
