ranker|game_season|date_game|game_location|opp_id|game_result|pts|opp_pts|fg|fga|fg_pct|fg3|fg3a|fg3_pct|ft|fta|ft_pct|orb|trb|ast|stl|blk|tov|pf|x|opp_fg|opp_fga|opp_fg_pct|opp_fg3|opp_fg3a|opp_fg3_pct|opp_ft|opp_fta|opp_ft_pct|opp_orb|opp_trb|opp_ast|opp_stl|opp_blk|opp_tov|opp_pf|
1|1|2010-11-12|@|Syracuse|L|46|68|15|55|.273|6|33|.182|10|15|.667|14|30|8|3|0|12|21||22|45|.489|9|19|.474|15|21|.714|5|28|17|9|6|11|21
2|2|2010-11-16||Coe|W|84|45|30|59|.508|8|23|.348|16|21|.762|12|46|13|4|2|12|20||15|52|.288|4|28|.143|11|16|.688|5|21|6|1|2|11|18
3|3|2010-11-20|@|Milwaukee|L|63|65|21|51|.412|6|20|.300|15|22|.682|6|27|11|7|2|11|22||23|53|.434|3|11|.273|16|21|.762|8|37|12|4|4|13|21
4|4|2010-11-27||North Dakota|W|65|52|25|52|.481|5|20|.250|10|16|.625|10|33|11|6|1|9|10||20|49|.408|8|24|.333|4|4|1.000|3|22|7|3|0|12|16
5|5|2010-12-01||Iowa State|W|60|54|16|49|.327|8|25|.320|20|23|.870|9|39|7|2|2|11|16||18|54|.333|6|20|.300|12|16|.750|4|27|7|5|6|8|22
6|6|2010-12-04|@|Texas Christian|W|64|60|22|47|.468|6|17|.353|14|22|.636|3|26|13|6|3|8|15||21|50|.420|6|19|.316|12|15|.800|7|30|13|3|2|9|20
7|7|2010-12-07|@|Iowa|L|39|51|15|55|.273|6|30|.200|3|8|.375|11|32|8|2|1|8|19||18|45|.400|3|12|.250|12|23|.522|11|39|12|2|2|8|10
8|8|2010-12-11||Morehead State|W|69|53|22|41|.537|10|20|.500|15|17|.882|6|19|13|8|1|9|18||20|37|.541|4|14|.286|9|14|.643|7|19|5|5|2|15|19
9|9|2010-12-17||South Carolina State|W|66|52|25|46|.543|6|16|.375|10|13|.769|6|27|11|3|6|16|18||17|46|.370|10|21|.476|8|15|.533|9|24|10|3|1|19|27
10|10|2010-12-19||Southern Illinois-Edwardsville|W|68|47|26|54|.481|4|14|.286|12|16|.750|14|37|14|5|3|13|15||15|43|.349|6|19|.316|11|16|.688|5|17|6|6|3|17|16
11|11|2010-12-22|N|Indiana|W|67|61|21|49|.429|9|23|.391|16|20|.800|9|31|10|6|2|14|21||20|47|.426|2|13|.154|19|29|.655|7|28|9|7|2|14|20
12|12|2010-12-23|N|New Mexico|W|66|60|21|47|.447|9|22|.409|15|21|.714|6|26|12|5|1|10|17||24|55|.436|4|11|.364|8|11|.727|10|31|11|4|2|14|20
13|13|2010-12-29||Missouri State|L|57|58|18|44|.409|4|14|.286|17|22|.773|5|25|5|5|3|10|14||22|57|.386|7|22|.318|7|11|.636|10|31|8|6|3|13|21
14|14|2011-01-01|@|Southern Illinois|L|55|57|21|46|.457|7|19|.368|6|8|.750|5|17|7|3|0|10|17||20|40|.500|5|12|.417|12|14|.857|4|21|13|7|2|12|15
15|15|2011-01-04||Evansville|W|65|53|21|42|.500|8|25|.320|15|20|.750|9|29|15|8|3|14|14||21|45|.467|3|14|.214|8|11|.727|3|16|10|4|2|13|18
16|16|2011-01-07|@|Indiana State|L|45|70|11|46|.239|6|23|.261|17|26|.654|9|27|6|3|0|10|16||27|51|.529|12|20|.600|4|9|.444|6|29|19|7|4|11|21
17|17|2011-01-09||Bradley|W|83|77|25|51|.490|10|29|.345|23|26|.885|4|20|16|4|2|5|19||23|49|.469|9|15|.600|22|24|.917|6|28|13|1|0|10|18
18|18|2011-01-12|@|Illinois State|W|46|44|19|52|.365|2|17|.118|6|11|.545|5|27|11|5|0|4|10||18|48|.375|6|17|.353|2|4|.500|8|37|11|2|3|12|14
19|19|2011-01-15||Southern Illinois|W|72|52|24|41|.585|6|13|.462|18|20|.900|2|24|15|4|3|12|20||16|45|.356|6|14|.429|14|21|.667|7|23|8|2|1|15|20
20|20|2011-01-19|@|Wichita State|W|77|74|27|47|.574|7|15|.467|16|20|.800|3|18|8|7|2|6|13||27|48|.563|10|20|.500|10|11|.909|4|22|17|2|2|10|20
21|21|2011-01-22||Drake|W|69|49|26|51|.510|12|24|.500|5|9|.556|7|24|14|7|0|10|18||19|37|.514|5|15|.333|6|12|.500|4|21|12|2|2|19|12
22|22|2011-01-26||Creighton|W|71|66|25|55|.455|8|20|.400|13|17|.765|2|19|11|7|2|7|16||24|48|.500|6|11|.545|12|18|.667|7|32|10|5|2|18|18
23|23|2011-01-30|@|Missouri State|W|60|59|21|46|.457|2|11|.182|16|20|.800|4|24|5|4|2|10|14||22|52|.423|5|14|.357|10|13|.769|9|30|12|4|2|11|17
24|24|2011-02-02||Illinois State|W|53|51|16|52|.308|9|25|.360|12|18|.667|11|34|12|4|0|7|13||19|47|.404|7|19|.368|6|6|1.000|4|31|8|2|8|7|18
25|25|2011-02-05|@|Drake|L|69|72|24|49|.490|5|16|.313|16|23|.696|6|27|7|2|3|4|20||26|53|.491|5|14|.357|15|21|.714|6|26|11|2|1|3|19
26|26|2011-02-08|@|Evansville|L|62|70|22|57|.386|6|24|.250|12|15|.800|4|28|8|9|1|9|28||22|43|.512|5|10|.500|21|33|.636|5|35|12|1|4|14|19
27|27|2011-02-12||Wichita State|L|55|73|16|51|.314|6|18|.333|17|19|.895|6|23|5|4|0|8|15||30|52|.577|6|19|.316|7|11|.636|9|37|18|4|4|9|19
28|28|2011-02-15|@|Bradley|W|80|70|21|47|.447|15|31|.484|23|26|.885|8|29|17|1|1|10|15||27|55|.491|3|17|.176|13|16|.813|7|25|14|8|0|5|22
29|29|2011-02-19||George Mason|L|71|77|23|53|.434|13|30|.433|12|15|.800|6|22|14|2|1|5|19||23|46|.500|9|21|.429|22|25|.880|7|30|17|4|1|9|16
30|30|2011-02-22||Indiana State|L|74|76|22|53|.415|11|27|.407|19|24|.792|6|24|11|10|2|8|23||23|47|.489|11|23|.478|19|26|.731|9|32|14|2|2|17|20
31|31|2011-02-26|@|Creighton|L|55|63|21|55|.382|4|12|.333|9|9|1.000|6|30|7|6|2|11|20||23|46|.500|8|14|.571|9|20|.450|5|30|15|5|7|11|14
32|32|2011-03-04|N|Creighton|L|57|60|24|56|.429|8|22|.364|1|4|.250|2|20|10|6|6|4|13||22|52|.423|8|16|.500|8|10|.800|10|38|15|1|2|11|9
33|33|2011-03-15||Rider|W|84|50|28|52|.538|13|24|.542|15|19|.789|5|35|17|7|0|10|15||18|55|.327|8|36|.222|6|13|.462|8|30|7|6|2|16|19
34|34|2011-03-21||Southern Methodist|L|50|57|14|51|.275|5|25|.200|17|20|.850|8|24|7|6|0|5|19||19|38|.500|7|16|.438|12|19|.632|4|30|12|2|5|11|17
