ranker|game_season|date_game|game_location|opp_id|game_result|pts|opp_pts|fg|fga|fg_pct|fg3|fg3a|fg3_pct|ft|fta|ft_pct|orb|trb|ast|stl|blk|tov|pf|x|opp_fg|opp_fga|opp_fg_pct|opp_fg3|opp_fg3a|opp_fg3_pct|opp_ft|opp_fta|opp_ft_pct|opp_orb|opp_trb|opp_ast|opp_stl|opp_blk|opp_tov|opp_pf|
1|1|2010-11-12||Northwestern|L|78|97|26|50|.520|6|17|.353|20|28|.714|8|24|13|5|3|19|15||35|70|.500|15|33|.455|12|14|.857|15|34|17|6|2|11|17
2|2|2010-11-16|@|Bradley|L|63|66|21|54|.389|5|19|.263|16|19|.842|10|41|13|6|1|20|19||24|62|.387|10|27|.370|8|16|.500|8|29|18|6|3|10|19
3|3|2010-11-21||Cardinal Stritch|W|81|57|27|64|.422|9|25|.360|18|25|.720|13|39|11|13|1|13|16||19|52|.365|5|19|.263|14|18|.778|6|30|6|3|0|21|22
4|4|2010-11-24|@|Maryland-Eastern Shore|W|86|80|29|55|.527|7|17|.412|21|32|.656|9|31|22|4|2|12|21||28|67|.418|5|16|.313|19|29|.655|19|39|12|5|0|12|26
5|5|2010-11-29||Boise State|L|51|80|16|53|.302|4|17|.235|15|19|.789|11|21|8|5|3|15|21||28|49|.571|4|9|.444|20|27|.741|10|34|13|13|5|14|17
6|6|2010-12-02|@|DePaul|L|84|86|34|63|.540|5|14|.357|11|18|.611|10|31|18|8|3|14|24||26|58|.448|2|11|.182|32|41|.780|12|34|16|9|6|11|19
7|7|2010-12-14||Illinois-Chicago|W|80|78|18|46|.391|5|11|.455|39|51|.765|14|35|8|4|4|15|22||27|56|.482|7|21|.333|17|28|.607|11|29|9|5|1|14|35
8|8|2010-12-18|@|Temple|L|74|84|26|64|.406|9|21|.429|13|15|.867|12|34|13|5|3|15|29||31|58|.534|2|13|.154|20|35|.571|10|34|21|5|5|9|16
9|9|2010-12-22|@|Southern Illinois|L|49|61|17|61|.279|3|15|.200|12|16|.750|13|27|9|7|1|10|20||23|45|.511|3|12|.250|12|23|.522|11|40|12|4|2|19|18
10|10|2010-12-27|@|Missouri|L|61|97|21|66|.318|3|23|.130|16|23|.696|13|36|11|6|0|19|19||37|65|.569|6|21|.286|17|27|.630|9|38|26|13|6|13|20
11|11|2010-12-31||Utah Valley|W|86|76|31|58|.534|5|20|.250|19|24|.792|8|24|12|9|4|10|24||22|50|.440|7|21|.333|25|31|.806|14|32|7|4|0|18|19
12|12|2011-01-03|@|Iowa State|L|63|72|26|70|.371|6|21|.286|5|8|.625|15|46|11|6|2|19|21||23|64|.359|7|22|.318|19|29|.655|12|36|11|11|6|9|13
13|13|2011-01-08||Ball State|L|70|75|26|62|.419|8|19|.421|10|18|.556|11|30|14|2|4|8|20||27|60|.450|5|14|.357|16|21|.762|10|38|13|4|2|9|20
14|14|2011-01-11|@|Eastern Michigan|W|71|69|25|41|.610|10|15|.667|11|23|.478|3|26|15|7|1|17|19||20|52|.385|14|32|.438|15|20|.750|9|26|14|6|6|16|22
15|15|2011-01-15||Toledo|W|64|54|24|58|.414|11|29|.379|5|8|.625|9|38|18|5|4|13|15||22|59|.373|3|20|.150|7|12|.583|10|33|7|6|3|11|15
16|16|2011-01-20|@|Central Michigan|L|64|66|24|56|.429|3|9|.333|13|20|.650|9|35|10|4|3|12|22||22|52|.423|6|12|.500|16|31|.516|5|27|6|5|7|7|19
17|17|2011-01-22|@|Western Michigan|L|80|82|31|59|.525|10|18|.556|8|14|.571|7|23|12|8|4|11|18||30|55|.545|9|18|.500|13|18|.722|6|30|12|4|3|13|18
18|18|2011-01-26||Akron|W|83|74|24|54|.444|6|19|.316|29|40|.725|8|43|11|6|1|6|18||28|67|.418|12|30|.400|6|12|.500|6|29|12|2|3|8|27
19|19|2011-01-29|@|Buffalo|L|52|63|15|42|.357|2|12|.167|20|25|.800|7|27|9|1|1|17|19||20|49|.408|6|16|.375|17|24|.708|8|31|12|4|1|10|22
20|20|2011-02-02||Bowling Green State|L (1 OT)|70|73|23|63|.365|4|22|.182|20|34|.588|12|45|5|5|3|13|21||26|63|.413|4|13|.308|17|29|.586|8|37|9|9|6|9|25
21|21|2011-02-05|@|Ohio|L|73|80|25|63|.397|9|24|.375|14|17|.824|11|32|14|6|1|14|20||29|65|.446|1|8|.125|21|25|.840|12|37|13|7|3|8|17
22|22|2011-02-09|@|Miami (OH)|L|72|84|27|61|.443|6|19|.316|12|16|.750|7|25|13|7|1|11|17||30|57|.526|10|22|.455|14|18|.778|8|35|8|4|0|16|17
23|23|2011-02-12||Kent State|L|77|84|27|63|.429|5|20|.250|18|25|.720|8|33|11|3|2|8|23||27|54|.500|6|16|.375|24|34|.706|7|36|13|5|5|10|20
24|24|2011-02-15||Western Michigan|L|65|77|22|53|.415|5|15|.333|16|25|.640|5|29|10|3|4|11|21||28|62|.452|6|16|.375|15|21|.714|13|42|14|5|4|13|25
25|25|2011-02-19||Seattle|L|48|60|19|57|.333|3|17|.176|7|9|.778|10|33|9|8|6|21|25||17|55|.309|1|9|.111|25|31|.806|11|35|6|7|2|17|17
26|26|2011-02-23||Central Michigan|L|58|64|20|43|.465|4|12|.333|14|20|.700|4|27|12|4|1|18|22||18|45|.400|8|17|.471|20|29|.690|4|23|9|12|3|11|21
27|27|2011-02-26|@|Toledo|W (1 OT)|75|70|25|63|.397|9|24|.375|16|26|.615|17|45|14|6|1|13|24||20|58|.345|6|24|.250|24|31|.774|11|37|13|7|2|9|21
28|28|2011-03-02||Eastern Michigan|W|66|49|20|44|.455|0|7|.000|26|33|.788|4|37|4|8|5|20|20||14|52|.269|5|20|.250|16|23|.696|4|25|9|11|6|15|28
29|29|2011-03-05|@|Ball State|L|57|67|22|55|.400|7|20|.350|6|15|.400|10|35|17|2|1|16|22||24|50|.480|8|21|.381|11|26|.423|5|27|16|9|3|7|18
30|30|2011-03-08|@|Bowling Green State|L|54|74|22|53|.415|5|16|.313|5|7|.714|7|31|14|5|3|17|9||31|60|.517|7|15|.467|5|8|.625|5|29|20|10|1|8|12
