ranker|game_season|date_game|game_location|opp_id|game_result|pts|opp_pts|fg|fga|fg_pct|fg3|fg3a|fg3_pct|ft|fta|ft_pct|orb|trb|ast|stl|blk|tov|pf|x|opp_fg|opp_fga|opp_fg_pct|opp_fg3|opp_fg3a|opp_fg3_pct|opp_ft|opp_fta|opp_ft_pct|opp_orb|opp_trb|opp_ast|opp_stl|opp_blk|opp_tov|opp_pf|
1|1|2010-11-12|@|Iowa State|L|64|78|26|63|.413|3|13|.231|9|16|.563|10|34|12|3|4|17|18||29|62|.468|11|23|.478|9|12|.750|7|34|16|5|5|15|16
2|2|2010-11-14|@|Creighton|L|70|74|25|56|.446|10|24|.417|10|13|.769|8|26|16|4|6|13|27||20|55|.364|5|22|.227|29|33|.879|11|33|9|6|1|8|15
3|3|2010-11-16||Alabama State|W|74|46|23|50|.460|9|15|.600|19|24|.792|9|31|18|10|3|18|21||15|50|.300|4|18|.222|12|22|.545|10|28|11|6|6|20|19
4|4|2010-11-19||Southwestern (AZ)|W|97|47|32|62|.516|10|18|.556|23|37|.622|13|38|23|15|9|10|16||15|48|.313|6|19|.316|11|14|.786|5|22|8|2|1|22|27
5|5|2010-11-22|@|Kennesaw State|W|74|66|28|57|.491|7|13|.538|11|20|.550|10|36|15|6|2|12|19||22|57|.386|6|19|.316|16|21|.762|8|30|7|6|5|10|15
6|6|2010-11-28|@|Pepperdine|W|88|74|37|69|.536|8|14|.571|6|8|.750|11|37|28|5|6|5|17||26|63|.413|8|23|.348|14|18|.778|9|29|14|3|8|7|10
7|7|2010-11-30|@|Cal State Bakersfield|W|81|77|30|57|.526|8|18|.444|13|19|.684|9|34|16|4|4|13|20||29|71|.408|5|17|.294|14|18|.778|17|35|16|8|1|7|18
8|8|2010-12-04||Bethany (CA)|W|91|50|39|68|.574|3|12|.250|10|20|.500|14|41|26|9|6|10|14||18|56|.321|7|22|.318|7|14|.500|9|25|10|6|2|16|17
9|9|2010-12-08||Texas-Pan American|W|68|55|21|49|.429|2|12|.167|24|32|.750|8|37|14|6|4|19|20||18|52|.346|2|18|.111|17|23|.739|6|27|11|6|1|17|26
10|10|2010-12-11|@|Southern California|L|52|60|20|55|.364|8|19|.421|4|7|.571|5|24|10|2|3|6|16||21|53|.396|7|19|.368|11|15|.733|11|35|11|4|8|8|6
11|11|2010-12-16|@|Arizona|L|58|63|25|47|.532|3|6|.500|5|7|.714|10|28|18|2|3|15|13||20|48|.417|10|22|.455|13|15|.867|8|18|13|6|4|8|13
12|12|2010-12-22||Air Force|W|74|63|24|44|.545|4|13|.308|22|29|.759|8|33|16|4|2|11|22||22|52|.423|3|15|.200|16|24|.667|9|23|12|7|1|6|21
13|13|2010-12-29|@|Montana|L|80|83|31|55|.564|8|12|.667|10|13|.769|5|25|15|3|3|12|26||28|55|.509|7|13|.538|20|32|.625|8|28|16|5|3|9|15
14|14|2010-12-31|@|Montana State|L|78|86|32|59|.542|6|13|.462|8|15|.533|10|30|10|8|2|13|25||28|53|.528|11|24|.458|19|34|.559|8|24|13|3|7|9|15
15|15|2011-01-06||Idaho State|W (1 OT)|82|80|27|62|.435|8|13|.615|20|33|.606|16|35|24|4|0|11|18||30|57|.526|6|15|.400|14|21|.667|7|32|11|6|6|12|25
16|16|2011-01-08||Weber State|L|67|68|22|45|.489|5|13|.385|18|26|.692|5|25|14|6|4|13|16||27|54|.500|8|17|.471|6|9|.667|4|20|17|4|1|10|22
17|17|2011-01-15||Sacramento State|W|79|58|29|58|.500|7|14|.500|14|22|.636|12|38|24|5|4|11|20||22|57|.386|6|20|.300|8|17|.471|14|33|14|5|3|12|18
18|18|2011-01-20|@|Eastern Washington|L|59|72|20|48|.417|5|14|.357|14|24|.583|8|25|11|6|5|15|25||24|55|.436|6|17|.353|18|28|.643|15|38|13|6|6|12|22
19|19|2011-01-22|@|Portland State|W|71|59|28|47|.596|8|17|.471|7|12|.583|4|21|22|7|7|16|14||22|57|.386|4|14|.286|11|16|.688|12|29|6|11|1|16|16
20|20|2011-01-31||Northern Colorado|W|65|54|23|57|.404|4|15|.267|15|20|.750|9|33|17|6|7|10|20||20|60|.333|5|22|.227|9|15|.600|10|38|11|2|5|15|18
21|21|2011-02-03||Montana State|W|61|41|26|52|.500|3|11|.273|6|17|.353|12|35|17|15|4|13|12||18|51|.353|4|24|.167|1|3|.333|10|28|9|6|4|20|13
22|22|2011-02-05||Montana|W|70|53|30|59|.508|7|14|.500|3|5|.600|10|31|19|8|4|10|11||23|50|.460|2|12|.167|5|8|.625|6|24|11|5|6|13|12
23|23|2011-02-10|@|Weber State|L|55|82|21|51|.412|9|19|.474|4|11|.364|4|18|11|7|0|15|19||26|47|.553|12|21|.571|18|20|.900|7|38|17|11|1|17|17
24|24|2011-02-12|@|Idaho State|L (1 OT)|88|90|31|58|.534|6|12|.500|20|22|.909|5|24|20|2|6|12|18||34|71|.479|5|16|.313|17|23|.739|11|36|13|5|5|9|18
25|25|2011-02-16||Eastern Washington|W|83|74|25|40|.625|4|6|.667|29|42|.690|6|35|19|3|7|17|27||22|60|.367|10|23|.435|20|30|.667|10|26|12|7|1|8|31
26|26|2011-02-19|@|Cal Poly|W|59|56|24|51|.471|6|20|.300|5|10|.500|7|25|14|8|6|11|14||21|51|.412|3|16|.188|11|19|.579|12|32|6|5|1|11|15
27|27|2011-02-24|@|Sacramento State|W|63|42|26|52|.500|3|10|.300|8|9|.889|3|25|17|9|5|9|15||15|51|.294|3|14|.214|9|12|.750|11|33|6|4|2|16|11
28|28|2011-02-26|@|Northern Colorado|L|71|72|26|52|.500|9|21|.429|10|12|.833|5|37|17|1|2|20|20||23|62|.371|9|26|.346|17|25|.680|10|28|14|9|1|10|15
29|29|2011-03-02||Portland State|W|79|52|30|52|.577|10|18|.556|9|13|.692|8|32|23|9|6|17|18||19|50|.380|4|13|.308|10|14|.714|6|23|7|4|0|18|18
30|30|2011-03-05||Montana State|W|65|62|25|64|.391|9|24|.375|6|11|.545|12|29|18|10|2|11|17||23|48|.479|4|11|.364|12|16|.750|10|37|12|7|2|18|13
31|31|2011-03-08|@|Northern Colorado|L|70|73|24|58|.414|8|28|.286|14|17|.824|7|21|13|7|4|15|26||18|49|.367|5|16|.313|32|35|.914|15|39|8|5|2|21|24
32|32|2011-03-15|@|Santa Clara|L|63|68|20|50|.400|5|14|.357|18|27|.667|7|25|9|8|3|13|25||18|44|.409|5|20|.250|27|33|.818|13|38|10|6|6|18|23
