ranker|game_season|date_game|game_location|opp_id|game_result|pts|opp_pts|fg|fga|fg_pct|fg3|fg3a|fg3_pct|ft|fta|ft_pct|orb|trb|ast|stl|blk|tov|pf|x|opp_fg|opp_fga|opp_fg_pct|opp_fg3|opp_fg3a|opp_fg3_pct|opp_ft|opp_fta|opp_ft_pct|opp_orb|opp_trb|opp_ast|opp_stl|opp_blk|opp_tov|opp_pf|
1|1|2010-11-12|@|West Virginia|L|71|95|25|65|.385|4|15|.267|17|22|.773|18|35|14|6|2|18|25||32|63|.508|12|29|.414|19|24|.792|16|36|20|10|8|13|20
2|2|2010-11-15|@|Ohio|W|78|66|23|50|.460|5|18|.278|27|35|.771|9|41|13|5|6|17|23||23|68|.338|10|28|.357|10|22|.455|17|32|15|8|0|14|32
3|3|2010-11-21|@|Purdue|L|67|82|25|57|.439|7|17|.412|10|14|.714|13|31|15|4|3|21|15||33|65|.508|11|25|.440|5|9|.556|11|26|22|14|4|13|16
4|4|2010-11-23|@|Wright State|L|79|82|27|54|.500|7|18|.389|18|23|.783|4|26|14|4|7|15|23||25|58|.431|11|23|.478|21|21|1.000|9|33|13|4|1|15|23
5|5|2010-11-26|N|Southern|W|105|53|35|76|.461|10|28|.357|25|29|.862|24|52|23|11|4|8|15||18|55|.327|4|16|.250|13|13|1.000|5|19|10|6|6|19|22
6|6|2010-11-27|N|Austin Peay|W (1 OT)|78|70|28|62|.452|5|20|.250|17|25|.680|13|43|20|5|7|20|20||25|67|.373|5|18|.278|15|22|.682|11|32|15|14|4|15|22
7|7|2010-12-02||Southern Utah|W|81|65|32|61|.525|7|21|.333|10|14|.714|11|33|22|10|7|14|17||24|55|.436|5|7|.714|12|19|.632|8|25|16|7|2|16|14
8|8|2010-12-04||Missouri-Kansas City|W|99|62|34|59|.576|5|16|.313|26|38|.684|12|45|15|6|6|13|20||22|63|.349|6|25|.240|12|20|.600|9|27|7|4|2|13|29
9|9|2010-12-08|@|Illinois|L|63|74|23|65|.354|5|26|.192|12|16|.750|19|40|7|3|5|15|19||25|58|.431|8|18|.444|16|23|.696|12|33|12|6|6|11|18
10|10|2010-12-11|N|Michigan State|L|76|77|28|59|.475|9|19|.474|11|20|.550|9|30|10|0|7|13|19||25|62|.403|6|15|.400|21|28|.750|11|36|16|13|2|8|16
11|11|2010-12-14|@|Tennessee|W|89|82|30|56|.536|7|18|.389|22|28|.786|10|34|13|5|4|13|22||28|63|.444|4|18|.222|22|31|.710|13|33|16|6|2|9|25
12|12|2010-12-18|@|Michigan|L|51|69|18|60|.300|6|31|.194|9|17|.529|10|35|10|7|4|15|19||25|56|.446|6|19|.316|13|16|.813|7|38|17|4|5|12|16
13|13|2010-12-20||Rochester (MI)|W|103|79|33|69|.478|16|38|.421|21|27|.778|18|44|25|6|9|15|13||33|69|.478|10|26|.385|3|9|.333|11|26|20|9|5|17|22
14|14|2010-12-21||Valparaiso|L|102|103|31|55|.564|10|22|.455|30|37|.811|9|27|11|7|4|15|23||36|57|.632|10|19|.526|21|30|.700|7|26|18|9|1|12|26
15|15|2010-12-23|@|Ohio State|L|63|92|23|61|.377|9|24|.375|8|12|.667|10|37|12|2|3|20|20||33|71|.465|10|18|.556|16|24|.667|14|39|21|11|6|5|13
16|16|2010-12-28|@|Centenary (LA)|W|98|71|34|61|.557|10|23|.435|20|29|.690|11|41|25|12|9|17|22||23|63|.365|4|14|.286|21|26|.808|11|29|10|11|1|15|22
17|17|2010-12-30|@|Oral Roberts|W|85|77|28|50|.560|5|12|.417|24|32|.750|10|36|14|4|5|15|23||29|62|.468|6|17|.353|13|27|.481|10|25|15|7|0|9|24
18|18|2011-01-06||IUPUI|W|85|71|29|56|.518|15|23|.652|12|19|.632|10|35|18|0|8|10|17||26|62|.419|7|21|.333|12|15|.800|11|29|9|5|1|4|19
19|19|2011-01-08||Western Illinois|W|79|50|24|50|.480|9|23|.391|22|28|.786|8|40|20|9|5|11|11||21|57|.368|3|11|.273|5|14|.357|9|28|7|7|4|13|24
20|20|2011-01-15|@|IPFW|W|86|68|26|47|.553|7|15|.467|27|33|.818|5|31|11|7|6|14|17||27|65|.415|7|25|.280|7|10|.700|10|27|9|6|2|11|25
21|21|2011-01-20|@|South Dakota State|W|97|88|37|67|.552|12|26|.462|11|17|.647|15|43|18|3|3|13|15||35|77|.455|11|27|.407|7|10|.700|14|30|23|7|0|5|18
22|22|2011-01-22|@|North Dakota State|W|83|76|32|60|.533|7|16|.438|12|21|.571|7|31|12|6|6|13|19||32|69|.464|1|14|.071|11|16|.688|13|38|7|5|0|13|20
23|23|2011-01-27||Oral Roberts|W|88|85|30|55|.545|7|15|.467|21|34|.618|8|32|19|9|8|14|23||28|69|.406|5|14|.357|24|25|.960|14|32|11|7|4|11|26
24|24|2011-01-29||Centenary (LA)|W|100|70|39|67|.582|7|23|.304|15|24|.625|9|31|22|16|8|15|14||27|54|.500|5|12|.417|11|16|.688|4|22|12|9|1|26|19
25|25|2011-02-03|@|Western Illinois|W|88|65|31|63|.492|12|25|.480|14|20|.700|10|35|21|10|6|11|16||26|59|.441|5|15|.333|8|11|.727|8|28|14|3|3|15|18
26|26|2011-02-05|@|IUPUI|L|88|100|35|74|.473|14|36|.389|4|7|.571|6|29|21|5|2|14|26||35|62|.565|1|7|.143|29|34|.853|6|39|10|9|1|14|15
27|27|2011-02-12||IPFW|W|86|78|27|52|.519|6|17|.353|26|35|.743|10|37|10|4|7|15|13||31|69|.449|10|27|.370|6|10|.600|10|29|11|4|0|8|24
28|28|2011-02-17||North Dakota State|W|71|69|23|57|.404|5|21|.238|20|31|.645|10|34|13|6|7|10|16||25|61|.410|6|13|.462|13|18|.722|11|38|14|1|2|15|24
29|29|2011-02-19||South Dakota State|W|105|96|38|70|.543|10|27|.370|19|22|.864|9|37|22|3|9|9|14||36|79|.456|10|28|.357|14|17|.824|12|36|16|4|1|5|20
30|30|2011-02-24|@|Missouri-Kansas City|W|103|90|37|61|.607|11|24|.458|18|22|.818|12|36|21|3|8|14|19||33|71|.465|11|30|.367|13|17|.765|10|20|13|9|0|5|16
31|31|2011-02-26|@|Southern Utah|W|82|68|24|62|.387|6|25|.240|28|38|.737|18|47|13|12|4|18|16||28|65|.431|3|9|.333|9|15|.600|11|33|14|6|7|15|25
32|32|2011-03-05|N|Southern Utah|W|82|66|30|56|.536|8|18|.444|14|21|.667|8|27|16|6|4|8|16||24|52|.462|2|7|.286|16|21|.762|11|31|15|2|3|13|17
33|33|2011-03-07|N|South Dakota State|W|110|90|45|78|.577|12|21|.571|8|11|.727|14|38|22|5|2|4|18||32|65|.492|9|25|.360|17|23|.739|11|29|15|1|4|8|12
34|34|2011-03-08|N|Oral Roberts|W|90|76|35|67|.522|5|17|.294|15|22|.682|12|35|14|8|4|7|18||29|63|.460|5|13|.385|13|16|.813|11|34|7|4|0|14|23
35|35|2011-03-18|N|Texas|L|81|85|33|75|.440|7|29|.241|8|11|.727|14|34|12|7|3|7|17||30|63|.476|4|9|.444|21|26|.808|12|35|14|4|9|10|14
