ranker|game_season|date_game|game_location|opp_id|game_result|pts|opp_pts|fg|fga|fg_pct|fg3|fg3a|fg3_pct|ft|fta|ft_pct|orb|trb|ast|stl|blk|tov|pf|x|opp_fg|opp_fga|opp_fg_pct|opp_fg3|opp_fg3a|opp_fg3_pct|opp_ft|opp_fta|opp_ft_pct|opp_orb|opp_trb|opp_ast|opp_stl|opp_blk|opp_tov|opp_pf|
1|1|2010-11-12||North Carolina A&T|W|102|61|37|76|.487|5|22|.227|23|30|.767|28|55|24|6|8|14|22||21|55|.382|5|16|.313|14|18|.778|4|17|8|4|3|18|23
2|2|2010-11-16|@|Florida|W|93|75|39|62|.629|9|21|.429|6|10|.600|7|17|22|6|2|8|16||30|49|.612|6|14|.429|9|14|.643|8|26|11|1|4|18|17
3|3|2010-11-20||North Carolina-Wilmington|W|81|41|29|64|.453|10|29|.345|13|18|.722|16|47|16|9|6|12|10||18|57|.316|3|16|.188|2|6|.333|7|24|7|3|3|19|15
4|4|2010-11-23||Morehead State|W|64|45|26|49|.531|6|17|.353|6|11|.545|5|29|17|9|3|16|12||17|46|.370|6|19|.316|5|9|.556|8|28|9|12|2|23|16
5|5|2010-11-26||Miami (OH)|W|66|45|25|48|.521|8|15|.533|8|14|.571|8|29|16|9|3|13|12||15|51|.294|5|19|.263|10|13|.769|12|29|7|3|1|14|15
6|6|2010-11-30|@|Florida State|W|58|44|19|59|.322|4|20|.200|16|21|.762|14|39|6|11|4|15|15||17|48|.354|3|17|.176|7|10|.700|5|29|6|8|10|22|17
7|7|2010-12-09||IUPUI|W|75|64|26|51|.510|5|11|.455|18|26|.692|9|31|16|7|1|8|14||26|51|.510|8|17|.471|4|5|.800|3|20|15|3|2|10|20
8|8|2010-12-12||Western Carolina|W|85|60|28|54|.519|7|15|.467|22|30|.733|5|24|19|8|3|6|9||24|57|.421|7|15|.467|5|7|.714|12|37|14|2|0|20|21
9|9|2010-12-15||Florida Gulf Coast|W|83|55|32|66|.485|13|28|.464|6|9|.667|12|35|23|11|4|12|16||20|46|.435|8|21|.381|7|13|.538|4|24|15|5|1|22|11
10|10|2010-12-18||South Carolina|W|79|57|27|63|.429|4|16|.250|21|28|.750|13|43|14|6|7|8|11||23|60|.383|8|21|.381|3|7|.429|9|31|10|3|5|15|21
11|11|2010-12-21||North Carolina-Asheville|W|96|49|39|69|.565|11|24|.458|7|14|.500|15|42|20|12|1|11|12||21|56|.375|4|15|.267|3|6|.500|7|25|11|4|2|21|15
12|12|2010-12-23||Oakland|W|92|63|33|71|.465|10|18|.556|16|24|.667|14|39|21|11|6|5|13||23|61|.377|9|24|.375|8|12|.667|10|37|12|2|3|20|20
13|13|2010-12-27||Tennessee-Martin|W|100|40|41|70|.586|6|22|.273|12|13|.923|13|44|26|13|3|9|8||17|63|.270|4|25|.160|2|3|.667|11|26|6|4|0|19|11
14|14|2010-12-31|@|Indiana|W|85|67|23|38|.605|13|19|.684|26|38|.684|5|26|15|4|4|14|20||25|50|.500|9|24|.375|8|14|.571|4|20|13|4|1|14|30
15|15|2011-01-04|@|Iowa|W|73|68|31|56|.554|7|19|.368|4|9|.444|10|29|20|8|8|15|17||25|59|.424|7|15|.467|11|14|.786|13|30|15|5|6|15|14
16|16|2011-01-09||Minnesota|W|67|64|22|56|.393|8|22|.364|15|23|.652|9|26|14|6|2|12|20||19|45|.422|2|14|.143|24|27|.889|8|32|13|8|6|15|22
17|17|2011-01-12|@|Michigan|W|68|64|22|42|.524|7|14|.500|17|25|.680|7|24|12|1|1|10|15||24|46|.522|11|24|.458|5|7|.714|4|21|12|4|2|12|18
18|18|2011-01-15||Penn State|W|69|66|25|51|.490|10|20|.500|9|13|.692|4|15|19|5|2|5|14||25|45|.556|4|17|.235|12|13|.923|7|25|15|3|0|14|16
19|19|2011-01-19||Iowa|W|70|48|26|55|.473|6|21|.286|12|15|.800|10|30|18|11|2|20|12||22|55|.400|1|7|.143|3|4|.750|8|25|12|5|3|22|18
20|20|2011-01-22|@|Illinois|W|73|68|21|53|.396|7|15|.467|24|27|.889|8|29|12|3|4|7|14||28|65|.431|4|17|.235|8|10|.800|9|32|17|3|4|9|21
21|21|2011-01-25||Purdue|W|87|64|32|58|.552|11|19|.579|12|22|.545|9|39|20|5|0|12|16||24|63|.381|6|16|.375|10|13|.769|7|26|11|6|5|10|23
22|22|2011-01-29|@|Northwestern|W|58|57|21|37|.568|2|8|.250|14|20|.700|2|18|7|4|3|5|13||20|51|.392|9|30|.300|8|11|.727|8|22|16|1|2|6|19
23|23|2011-02-03||Michigan|W|62|53|21|47|.447|5|15|.333|15|25|.600|8|32|10|7|3|14|11||23|55|.418|6|19|.316|1|4|.250|5|26|10|4|0|13|23
24|24|2011-02-06|@|Minnesota|W|82|69|32|71|.451|8|20|.400|10|20|.500|20|36|18|9|3|8|21||25|49|.510|5|13|.385|14|18|.778|6|29|16|5|6|19|23
25|25|2011-02-12|@|Wisconsin|L|67|71|25|46|.543|3|9|.333|14|16|.875|4|25|12|5|2|7|14||25|49|.510|12|24|.500|9|13|.692|5|23|11|2|2|8|17
26|26|2011-02-15||Michigan State|W|71|61|21|49|.429|6|17|.353|23|29|.793|5|19|10|9|1|7|12||27|47|.574|2|5|.400|5|6|.833|7|29|12|3|4|19|26
27|27|2011-02-20|@|Purdue|L|63|76|18|47|.383|4|15|.267|23|29|.793|9|29|9|12|2|18|17||28|55|.509|7|20|.350|13|18|.722|8|27|16|9|4|14|23
28|28|2011-02-22||Illinois|W|89|70|35|66|.530|7|15|.467|12|15|.800|12|29|11|9|1|3|9||28|54|.519|11|21|.524|3|3|1.000|9|28|18|1|8|16|14
29|29|2011-02-27||Indiana|W|82|61|24|49|.490|7|18|.389|27|36|.750|8|34|17|8|2|10|22||20|52|.385|6|21|.286|15|20|.750|7|28|11|2|0|13|25
30|30|2011-03-01|@|Penn State|W|82|61|31|56|.554|13|24|.542|7|10|.700|10|31|21|7|1|12|18||24|49|.490|4|13|.308|9|15|.600|5|18|10|6|1|13|16
31|31|2011-03-06||Wisconsin|W|93|65|32|47|.681|14|15|.933|15|20|.750|4|29|18|2|0|7|12||25|60|.417|9|24|.375|6|9|.667|12|25|10|1|5|6|17
32|32|2011-03-11|N|Northwestern|W (1 OT)|67|61|19|59|.322|3|15|.200|26|32|.813|17|41|3|4|7|6|16||19|51|.373|7|21|.333|16|18|.889|5|24|7|2|6|5|23
33|33|2011-03-12|N|Michigan|W|68|61|25|54|.463|5|14|.357|13|23|.565|9|34|11|5|6|9|13||22|59|.373|9|29|.310|8|10|.800|7|27|10|4|2|9|20
34|34|2011-03-13|N|Penn State|W|71|60|26|51|.510|7|16|.438|12|20|.600|7|27|14|2|8|7|9||22|56|.393|7|18|.389|9|9|1.000|5|25|8|3|2|8|17
35|35|2011-03-18|N|Texas-San Antonio|W|75|46|29|52|.558|12|24|.500|5|8|.625|11|34|26|5|3|13|9||18|53|.340|4|17|.235|6|7|.857|10|24|6|7|0|13|12
36|36|2011-03-20|N|George Mason|W|98|66|36|59|.610|16|26|.615|10|18|.556|10|31|23|8|1|9|11||26|60|.433|8|18|.444|6|7|.857|13|28|13|5|3|17|17
37|37|2011-03-25|N|Kentucky|L|60|62|19|58|.328|6|16|.375|16|22|.727|10|30|7|6|1|7|14||22|48|.458|6|17|.353|12|14|.857|7|31|11|3|11|11|17
