ranker|game_season|date_game|game_location|opp_id|game_result|pts|opp_pts|fg|fga|fg_pct|fg3|fg3a|fg3_pct|ft|fta|ft_pct|orb|trb|ast|stl|blk|tov|pf|x|opp_fg|opp_fga|opp_fg_pct|opp_fg3|opp_fg3a|opp_fg3_pct|opp_ft|opp_fta|opp_ft_pct|opp_orb|opp_trb|opp_ast|opp_stl|opp_blk|opp_tov|opp_pf|
1|1|2010-11-13||Delaware|W|88|69|35|74|.473|4|15|.267|14|26|.538|15|41|15|9|3|10|24||24|55|.436|4|14|.286|17|28|.607|6|31|14|1|4|19|22
2|2|2010-11-15||Oakland|L|66|78|23|68|.338|10|28|.357|10|22|.455|17|32|15|8|0|14|32||23|50|.460|5|18|.278|27|35|.771|9|41|13|5|6|17|23
3|3|2010-11-21||Texas A&M-Corpus Christi|W|83|70|29|59|.492|9|21|.429|16|19|.842|13|34|23|8|2|17|24||26|54|.481|4|16|.250|14|27|.519|10|27|12|11|3|15|18
4|4|2010-11-23||Valparaiso|W|78|75|25|51|.490|8|21|.381|20|27|.741|9|35|17|5|6|17|20||28|68|.412|8|27|.296|11|14|.786|14|31|15|6|1|11|25
5|5|2010-11-26|N|Kansas|L|41|98|14|59|.237|0|18|.000|13|15|.867|13|31|3|4|1|22|25||35|62|.565|9|23|.391|19|30|.633|14|42|20|5|5|12|17
6|6|2010-11-27|N|Santa Clara|W|78|72|22|52|.423|8|21|.381|26|30|.867|11|29|9|9|4|11|23||24|55|.436|8|23|.348|16|24|.667|13|32|14|4|2|14|23
7|7|2010-12-04||Marshall|L|57|65|20|60|.333|7|24|.292|10|14|.714|11|23|13|10|2|18|19||21|47|.447|4|13|.308|19|26|.731|10|38|8|7|5|20|18
8|8|2010-12-08|@|Illinois State|W|67|65|23|58|.397|9|28|.321|12|17|.706|9|30|10|13|3|9|24||23|55|.418|4|19|.211|15|22|.682|14|43|14|5|2|18|20
9|9|2010-12-12||IUPUI|L|56|66|21|57|.368|7|25|.280|7|13|.538|11|37|16|5|0|17|20||20|51|.392|6|16|.375|20|24|.833|6|28|11|10|3|10|15
10|10|2010-12-15||Saint Francis (PA)|W|87|58|32|61|.525|15|29|.517|8|12|.667|14|38|25|7|5|17|16||20|54|.370|10|22|.455|8|13|.615|9|25|13|9|1|17|13
11|11|2010-12-18|@|St. Bonaventure|L (4 OT)|107|112|40|101|.396|9|40|.225|18|24|.750|17|43|15|15|2|13|34||38|67|.567|6|18|.333|30|48|.625|9|48|14|8|5|24|19
12|12|2010-12-22||Temple|L|65|76|25|61|.410|3|15|.200|12|16|.750|10|33|14|6|4|10|16||30|60|.500|8|19|.421|8|17|.471|11|37|20|7|2|12|16
13|13|2010-12-30||Norfolk State|W|92|56|30|58|.517|13|26|.500|19|29|.655|9|43|20|12|3|16|21||18|56|.321|4|17|.235|16|25|.640|7|24|12|8|3|15|20
14|14|2011-01-02||Robert Morris|L (1 OT)|76|79|21|55|.382|13|33|.394|21|34|.618|9|33|18|10|4|16|17||25|61|.410|11|25|.440|18|23|.783|12|37|17|10|2|15|25
15|15|2011-01-09||Miami (OH)|L (3 OT)|88|92|28|64|.438|11|23|.478|21|26|.808|7|29|17|12|1|11|28||28|66|.424|11|27|.407|25|33|.758|16|43|15|5|1|17|23
16|16|2011-01-12|@|Akron|W|79|70|27|51|.529|13|25|.520|12|20|.600|4|27|21|5|3|15|20||23|62|.371|7|25|.280|17|23|.739|12|33|15|5|2|13|20
17|17|2011-01-15||Kent State|L|66|69|24|51|.471|7|20|.350|11|21|.524|7|19|14|8|1|13|17||26|56|.464|3|15|.200|14|19|.737|14|33|12|6|3|16|22
18|18|2011-01-19|@|Bowling Green State|L|61|73|22|48|.458|8|17|.471|9|10|.900|3|22|12|6|2|17|14||27|53|.509|7|14|.500|12|15|.800|8|29|20|9|5|13|12
19|19|2011-01-22||Buffalo|L|68|73|23|49|.469|6|20|.300|16|25|.640|9|22|14|6|1|15|19||25|48|.521|8|19|.421|15|19|.789|10|27|14|8|8|16|24
20|20|2011-01-26||Eastern Michigan|W|79|65|27|50|.540|7|12|.583|18|23|.783|9|35|19|4|2|17|16||22|49|.449|8|18|.444|13|20|.650|6|22|13|6|4|17|18
21|21|2011-01-29|@|Ball State|W|61|60|18|49|.367|6|18|.333|19|21|.905|9|32|14|5|3|17|18||24|51|.471|4|10|.400|8|16|.500|7|27|13|5|6|15|19
22|22|2011-02-02|@|Central Michigan|L|85|91|27|53|.509|5|19|.263|26|36|.722|8|28|10|8|3|11|31||28|55|.509|9|13|.692|26|39|.667|15|33|13|5|3|14|29
23|23|2011-02-05||Northern Illinois|W|80|73|29|65|.446|1|8|.125|21|25|.840|12|37|13|7|3|8|17||25|63|.397|9|24|.375|14|17|.824|11|32|14|6|1|14|20
24|24|2011-02-09||Toledo|W|71|58|27|57|.474|12|27|.444|5|9|.556|4|27|22|12|3|10|17||20|47|.426|5|20|.250|13|16|.813|4|28|13|6|2|18|14
25|25|2011-02-12|@|Western Michigan|L|83|85|31|66|.470|5|14|.357|16|23|.696|15|34|15|6|2|10|21||30|63|.476|12|21|.571|13|17|.765|8|29|16|4|11|13|20
26|26|2011-02-15|@|Buffalo|W|76|69|27|53|.509|6|13|.462|16|22|.727|6|20|14|10|1|9|13||29|57|.509|5|17|.294|6|10|.600|12|32|15|0|7|16|20
27|27|2011-02-19|@|Winthrop|W (1 OT)|77|74|26|60|.433|9|24|.375|16|26|.615|10|32|17|9|0|8|17||27|57|.474|6|15|.400|14|20|.700|9|38|13|5|2|15|21
28|28|2011-02-23||Bowling Green State|W|70|60|20|52|.385|7|17|.412|23|30|.767|15|39|13|6|3|14|15||24|51|.471|4|14|.286|8|12|.667|4|22|15|7|4|13|26
29|29|2011-02-26|@|Kent State|W (1 OT)|88|87|30|58|.517|8|17|.471|20|24|.833|6|32|21|6|8|17|24||30|75|.400|8|23|.348|19|29|.655|16|34|15|8|6|14|21
30|30|2011-03-01||Akron|W|80|55|29|56|.518|8|20|.400|14|16|.875|10|34|15|8|0|11|15||20|50|.400|7|23|.304|8|11|.727|3|17|7|6|3|12|16
31|31|2011-03-04|@|Miami (OH)|L|66|76|20|53|.377|4|18|.222|22|29|.759|6|32|10|3|2|10|26||20|50|.400|6|15|.400|30|33|.909|6|32|8|2|2|8|23
32|32|2011-03-08||Toledo|W|74|57|24|58|.414|3|19|.158|23|30|.767|14|39|17|16|1|13|19||20|47|.426|5|21|.238|12|20|.600|7|29|13|5|5|21|19
33|33|2011-03-10|N|Ball State|L (1 OT)|73|76|25|64|.391|5|19|.263|18|25|.720|13|41|14|8|4|11|20||26|62|.419|8|19|.421|16|23|.696|9|32|15|3|3|13|21
34|34|2011-03-15|@|Marshall|W|65|64|29|70|.414|5|18|.278|2|9|.222|15|36|15|8|5|8|16||26|63|.413|3|19|.158|9|12|.750|17|43|13|1|4|15|14
35|35|2011-03-22|@|East Tennessee State|L|73|82|23|59|.390|9|22|.409|18|21|.857|9|31|13|3|1|14|26||27|51|.529|7|15|.467|21|29|.724|4|30|11|8|4|12|17
