ranker|game_season|date_game|game_location|opp_id|game_result|pts|opp_pts|fg|fga|fg_pct|fg3|fg3a|fg3_pct|ft|fta|ft_pct|orb|trb|ast|stl|blk|tov|pf|x|opp_fg|opp_fga|opp_fg_pct|opp_fg3|opp_fg3a|opp_fg3_pct|opp_ft|opp_fta|opp_ft_pct|opp_orb|opp_trb|opp_ast|opp_stl|opp_blk|opp_tov|opp_pf|
1|1|2010-11-12||Coppin State|W|77|57|25|49|.510|9|21|.429|18|24|.750|6|34|17|3|4|9|12||20|58|.345|7|23|.304|10|14|.714|9|29|9|5|1|7|18
2|2|2010-11-15||North Carolina Central|W (1 OT)|71|63|22|67|.328|4|22|.182|23|27|.852|21|45|12|13|3|13|15||22|50|.440|8|18|.444|11|17|.647|7|30|10|10|8|20|19
3|3|2010-11-18||Texas Southern|W|82|52|28|48|.583|13|24|.542|13|16|.813|7|34|20|6|1|20|19||17|52|.327|5|20|.250|13|20|.650|4|17|8|5|1|13|19
4|4|2010-11-22|N|Kentucky|L|64|76|26|58|.448|3|11|.273|9|18|.500|8|29|6|2|5|14|20||29|58|.500|7|20|.350|11|22|.500|10|37|13|7|5|11|17
5|5|2010-11-23|N|Virginia|L|56|74|20|45|.444|6|17|.353|10|14|.714|5|30|9|3|5|17|18||25|52|.481|7|18|.389|17|27|.630|9|31|14|8|1|9|16
6|6|2010-11-24|@|Chaminade|L|64|68|25|53|.472|6|22|.273|8|14|.571|7|23|10|4|2|8|14||26|56|.464|6|16|.375|10|11|.909|10|29|9|3|1|9|12
7|7|2010-12-01|@|Arkansas|L|74|84|29|62|.468|7|20|.350|9|12|.750|15|39|16|4|5|22|22||28|55|.509|5|11|.455|23|26|.885|5|21|11|11|8|12|17
8|8|2010-12-05|@|Arizona|L|60|83|22|45|.489|7|20|.350|9|13|.692|2|17|13|3|0|16|19||29|52|.558|11|16|.688|14|21|.667|9|30|20|6|2|10|11
9|9|2010-12-09||Gardner-Webb|W|71|58|24|49|.490|9|19|.474|14|17|.824|5|27|17|7|3|10|17||19|46|.413|9|18|.500|11|15|.733|5|24|6|5|3|14|17
10|10|2010-12-11||Oral Roberts|W|73|60|27|53|.509|7|14|.500|12|17|.706|8|32|16|9|4|18|18||18|50|.360|9|21|.429|15|20|.750|7|22|12|7|4|17|17
11|11|2010-12-18|N|Cincinnati|L|56|66|18|54|.333|4|22|.182|16|22|.727|9|29|9|6|1|13|20||21|50|.420|3|17|.176|21|30|.700|8|35|10|8|0|13|21
12|12|2010-12-21||Sacramento State|W|66|53|25|54|.463|10|22|.455|6|13|.462|6|29|11|4|3|11|19||19|54|.352|6|20|.300|9|14|.643|9|31|7|5|3|16|18
13|13|2010-12-30||Central Arkansas|W|76|73|30|49|.612|8|15|.533|8|14|.571|3|24|19|9|2|14|18||26|48|.542|12|22|.545|9|16|.563|3|22|16|5|1|16|19
14|14|2011-01-03||Maryland-Eastern Shore|W|73|49|25|43|.581|8|18|.444|15|18|.833|3|29|20|4|5|17|17||20|61|.328|3|20|.150|6|12|.500|15|30|6|7|0|12|17
15|15|2011-01-08||Texas A&M|L|51|69|18|45|.400|4|12|.333|11|13|.846|3|18|12|5|3|14|16||25|46|.543|5|17|.294|14|18|.778|5|28|17|8|1|12|13
16|16|2011-01-11|@|Baylor|L|61|74|23|55|.418|8|24|.333|7|11|.636|11|21|13|11|1|13|15||28|45|.622|5|13|.385|13|18|.722|10|29|14|9|3|17|10
17|17|2011-01-15|@|Texas|L|46|66|20|51|.392|1|15|.067|5|9|.556|9|30|7|4|0|15|21||24|53|.453|7|12|.583|11|21|.524|10|33|14|8|1|10|11
18|18|2011-01-18||Texas Tech|W|83|74|24|50|.480|6|19|.316|29|34|.853|7|30|14|10|7|16|21||23|59|.390|7|13|.538|21|26|.808|12|31|11|7|3|20|29
19|19|2011-01-22||Colorado|W|67|60|24|46|.522|3|14|.214|16|25|.640|5|28|12|5|3|13|14||23|57|.404|1|10|.100|13|16|.813|9|29|9|8|1|13|22
20|20|2011-01-29|@|Iowa State|W (1 OT)|82|76|26|57|.456|11|27|.407|19|32|.594|5|29|14|7|5|12|22||26|66|.394|5|24|.208|19|23|.826|12|43|12|4|4|16|23
21|21|2011-02-02||Baylor|W|73|66|27|56|.482|7|24|.292|12|15|.800|11|31|17|7|1|12|13||26|55|.473|6|16|.375|8|10|.800|8|27|15|5|3|16|19
22|22|2011-02-05|@|Oklahoma State|L|75|81|24|55|.436|3|15|.200|24|26|.923|8|26|7|7|4|11|26||22|51|.431|1|14|.071|36|44|.818|14|37|8|7|1|11|22
23|23|2011-02-09||Texas|L|52|68|18|56|.321|5|13|.385|11|15|.733|5|21|10|4|3|8|17||25|47|.532|4|13|.308|14|19|.737|5|35|12|2|5|13|15
24|24|2011-02-12|@|Missouri|L|61|84|24|56|.429|5|17|.294|8|10|.800|9|30|10|3|1|17|17||30|63|.476|7|19|.368|17|20|.850|13|34|17|9|2|7|12
25|25|2011-02-16||Nebraska|L|58|59|23|53|.434|5|14|.357|7|10|.700|4|25|14|3|0|11|15||23|44|.523|5|15|.333|8|13|.615|3|26|14|5|5|11|13
26|26|2011-02-19|@|Kansas State|L|62|77|21|47|.447|7|18|.389|13|15|.867|6|24|9|4|2|15|20||24|53|.453|10|19|.526|19|21|.905|8|29|15|12|2|11|18
27|27|2011-02-23|@|Texas A&M|L|47|61|16|48|.333|5|20|.250|10|17|.588|9|28|9|5|0|12|16||23|48|.479|5|14|.357|10|17|.588|5|31|13|7|1|10|18
28|28|2011-02-26||Kansas|L|70|82|23|50|.460|6|19|.316|18|23|.783|4|14|13|7|2|6|22||25|44|.568|6|14|.429|26|35|.743|11|33|14|3|3|13|20
29|29|2011-03-02|@|Texas Tech|L|58|84|21|64|.328|4|18|.222|12|23|.522|13|35|6|8|5|12|21||27|59|.458|11|21|.524|19|23|.826|13|44|19|8|4|15|17
30|30|2011-03-05||Oklahoma State|W|64|61|18|43|.419|5|20|.250|23|29|.793|4|23|10|2|2|14|19||21|52|.404|2|11|.182|17|19|.895|9|31|6|7|1|16|24
31|31|2011-03-09|N|Baylor|W|84|67|23|40|.575|9|18|.500|29|33|.879|4|29|16|4|3|14|19||24|58|.414|4|19|.211|15|23|.652|12|28|12|5|2|9|25
32|32|2011-03-10|N|Texas|L|54|74|19|47|.404|3|13|.231|13|13|1.000|1|19|12|6|4|13|21||29|57|.509|6|14|.429|10|17|.588|12|36|18|7|4|13|14
