ranker|game_season|date_game|game_location|opp_id|game_result|pts|opp_pts|fg|fga|fg_pct|fg3|fg3a|fg3_pct|ft|fta|ft_pct|orb|trb|ast|stl|blk|tov|pf|x|opp_fg|opp_fga|opp_fg_pct|opp_fg3|opp_fg3a|opp_fg3_pct|opp_ft|opp_fta|opp_ft_pct|opp_orb|opp_trb|opp_ast|opp_stl|opp_blk|opp_tov|opp_pf|
1|1|2010-11-12|@|Portland State|L|81|83|31|59|.525|8|14|.571|11|24|.458|13|34|12|7|3|19|26||22|52|.423|8|17|.471|31|38|.816|9|28|14|5|3|16|22
2|2|2010-11-15|@|UCLA|L|69|79|26|51|.510|5|12|.417|12|17|.706|7|23|18|9|3|18|20||30|57|.526|5|16|.313|14|25|.560|12|32|21|7|2|13|18
3|3|2010-11-16|N|Nevada|W|76|75|25|58|.431|7|18|.389|19|27|.704|7|28|16|5|1|8|19||29|58|.500|9|19|.474|8|15|.533|7|29|18|3|1|13|22
4|4|2010-11-20||Cal State Bakersfield|L|64|66|25|62|.403|3|15|.200|11|18|.611|15|33|12|4|3|9|17||23|52|.442|7|20|.350|13|18|.722|7|25|12|4|4|7|13
5|5|2010-11-22|@|Missouri State|L|60|80|21|49|.429|6|14|.429|12|20|.600|6|21|12|8|1|11|25||26|43|.605|8|18|.444|20|28|.714|4|30|18|5|2|12|19
6|6|2010-11-23|N|Arkansas State|W|69|62|19|47|.404|6|14|.429|25|30|.833|11|35|9|5|6|13|19||21|53|.396|6|17|.353|14|22|.636|9|24|13|8|3|11|21
7|7|2010-11-28||Northern Arizona|L|74|88|26|63|.413|8|23|.348|14|18|.778|9|29|14|3|8|7|10||37|69|.536|8|14|.571|6|8|.750|11|37|28|5|6|5|17
8|8|2010-12-01|@|Pacific|W|70|60|23|45|.511|6|14|.429|18|25|.720|6|31|13|5|5|14|16||21|54|.389|5|24|.208|13|19|.684|8|24|13|3|2|11|17
9|9|2010-12-04||Texas-San Antonio|L|81|86|22|58|.379|8|28|.286|29|39|.744|17|41|10|4|1|12|25||28|58|.483|11|25|.440|19|29|.655|8|27|19|4|3|8|24
10|10|2010-12-07|@|Utah|L|60|67|25|65|.385|3|17|.176|7|15|.467|14|39|11|6|4|16|17||25|59|.424|6|23|.261|11|19|.579|9|34|15|12|7|11|14
11|11|2010-12-09||Redlands|W|89|71|29|61|.475|5|21|.238|26|36|.722|12|43|16|6|2|15|22||22|60|.367|7|26|.269|20|22|.909|6|26|16|5|2|14|27
12|12|2010-12-11|@|Fresno State|L|51|64|18|49|.367|4|20|.200|11|21|.524|9|33|9|6|3|27|23||22|60|.367|3|21|.143|17|28|.607|14|37|10|15|2|17|18
13|13|2010-12-18||California-Irvine|W|76|69|23|63|.365|7|19|.368|23|29|.793|12|42|13|5|3|11|22||19|61|.311|5|29|.172|26|32|.813|9|34|10|6|2|14|26
14|14|2010-12-21||Cal Poly|L|64|70|22|56|.393|6|20|.300|14|17|.824|8|28|10|6|5|8|20||22|48|.458|8|18|.444|18|25|.720|5|26|15|6|3|9|16
15|15|2010-12-28|@|Alabama|L|60|83|23|65|.354|5|17|.294|9|14|.643|18|36|11|6|2|14|12||34|66|.515|7|19|.368|8|13|.615|15|38|22|9|10|13|18
16|16|2010-12-30|@|Miami (FL)|L|59|94|17|55|.309|5|17|.294|20|27|.741|9|26|8|3|2|13|25||28|52|.538|12|25|.480|26|35|.743|6|33|16|5|3|8|22
17|17|2011-01-02||Seattle|W|84|64|29|57|.509|5|12|.417|21|25|.840|9|27|19|8|4|10|16||21|54|.389|11|27|.407|11|16|.688|11|27|13|4|3|16|21
18|18|2011-01-06||San Diego|W|75|55|23|48|.479|5|13|.385|24|27|.889|9|32|15|8|3|14|20||20|47|.426|8|22|.364|7|13|.538|4|16|10|4|3|14|23
19|19|2011-01-08||Saint Mary's (CA)|L|60|85|20|59|.339|3|12|.250|17|22|.773|9|36|12|3|1|11|15||33|67|.493|15|31|.484|4|11|.364|8|35|24|3|6|5|16
20|20|2011-01-13|@|Gonzaga|L|75|92|28|54|.519|7|13|.538|12|18|.667|8|21|12|7|4|16|12||35|56|.625|10|18|.556|12|12|1.000|6|22|23|10|4|11|16
21|21|2011-01-15|@|Portland|L|42|57|16|51|.314|4|25|.160|6|8|.750|8|27|7|5|2|19|24||19|47|.404|6|18|.333|13|20|.650|7|32|13|6|2|13|17
22|22|2011-01-22||Loyola Marymount|W|78|75|28|60|.467|8|15|.533|14|14|1.000|7|28|16|6|2|15|15||28|57|.491|5|15|.333|14|21|.667|9|29|19|7|3|15|15
23|23|2011-01-27||Santa Clara|L|59|71|22|54|.407|3|9|.333|12|17|.706|10|24|14|5|4|16|19||25|51|.490|3|12|.250|18|23|.783|8|29|13|11|8|14|15
24|24|2011-01-29||San Francisco|W|94|88|29|53|.547|7|18|.389|29|38|.763|4|30|21|9|1|16|22||33|66|.500|8|26|.308|14|24|.583|9|27|23|7|1|15|27
25|25|2011-02-03|@|Saint Mary's (CA)|L|71|79|27|49|.551|4|12|.333|13|19|.684|7|27|10|8|1|21|27||24|52|.462|8|20|.400|23|28|.821|7|27|18|13|1|13|19
26|26|2011-02-05|@|San Diego|W (1 OT)|70|63|27|57|.474|5|15|.333|11|21|.524|7|26|13|6|5|10|17||22|47|.468|7|16|.438|12|18|.667|8|32|13|6|5|17|21
27|27|2011-02-10||Portland|W|66|64|24|54|.444|5|17|.294|13|17|.765|11|30|18|5|4|9|17||22|59|.373|8|22|.364|12|17|.706|13|31|15|3|6|8|18
28|28|2011-02-12||Gonzaga|L|44|63|17|62|.274|2|15|.133|8|12|.667|11|38|10|5|2|12|14||22|57|.386|4|17|.235|15|18|.833|9|40|17|7|5|9|14
29|29|2011-02-16|@|Loyola Marymount|L|79|82|29|60|.483|8|18|.444|13|18|.722|14|33|16|1|1|13|19||28|52|.538|9|17|.529|17|25|.680|6|25|21|6|4|8|18
30|30|2011-02-24|@|San Francisco|L (1 OT)|78|79|33|83|.398|4|19|.211|8|14|.571|20|49|12|8|8|8|18||26|69|.377|9|25|.360|18|22|.818|14|42|15|6|7|13|15
31|31|2011-02-26|@|Santa Clara|L|68|71|21|56|.375|3|14|.214|23|30|.767|11|33|9|11|3|11|15||25|55|.455|8|23|.348|13|15|.867|7|33|15|8|5|13|18
32|32|2011-03-04|N|San Diego|W|84|81|22|39|.564|4|9|.444|36|44|.818|8|29|10|5|0|14|22||27|52|.519|10|20|.500|17|27|.630|8|19|17|5|0|10|31
33|33|2011-03-05|N|San Francisco|L|59|76|17|53|.321|8|22|.364|17|28|.607|8|31|8|5|0|8|16||30|54|.556|9|21|.429|7|18|.389|7|40|13|4|2|10|21
