ranker|game_season|date_game|game_location|opp_id|game_result|pts|opp_pts|fg|fga|fg_pct|fg3|fg3a|fg3_pct|ft|fta|ft_pct|orb|trb|ast|stl|blk|tov|pf|x|opp_fg|opp_fga|opp_fg_pct|opp_fg3|opp_fg3a|opp_fg3_pct|opp_ft|opp_fta|opp_ft_pct|opp_orb|opp_trb|opp_ast|opp_stl|opp_blk|opp_tov|opp_pf|
1|1|2010-11-12||Milwaukee|W|80|60|27|56|.482|10|21|.476|16|18|.889|7|39|20|6|6|15|15||22|64|.344|6|22|.273|10|18|.556|11|29|12|12|1|12|19
2|2|2010-11-13||California-Davis|W|75|60|28|45|.622|9|14|.643|10|15|.667|4|30|15|9|2|17|15||23|60|.383|9|31|.290|5|10|.500|10|20|11|10|1|11|20
3|3|2010-11-14||Florida Atlantic|W|89|75|28|54|.519|9|20|.450|24|26|.923|9|40|15|1|5|11|15||28|66|.424|11|29|.379|8|13|.615|8|20|10|4|4|5|22
4|4|2010-11-19|N|Kentucky|L|48|79|18|59|.305|4|20|.200|8|12|.667|11|26|10|5|2|9|16||28|51|.549|8|18|.444|15|20|.750|11|37|11|6|9|11|17
5|5|2010-11-20|@|Idaho|W|66|53|24|58|.414|8|14|.571|10|18|.556|11|35|10|7|2|12|18||16|49|.327|4|14|.286|17|23|.739|9|35|7|4|5|16|19
6|6|2010-11-23|N|Washington State|L|68|84|23|65|.354|10|27|.370|12|15|.800|15|32|14|7|4|11|18||30|51|.588|11|21|.524|13|19|.684|6|27|12|5|11|15|18
7|7|2010-11-27||California-Santa Barbara|W|75|63|21|49|.429|12|24|.500|21|27|.778|10|26|16|8|2|12|14||22|50|.440|7|24|.292|12|12|1.000|5|28|14|9|8|18|21
8|8|2010-11-30||Saint Louis|W|69|60|28|47|.596|2|4|.500|11|15|.733|5|27|21|2|2|15|13||24|52|.462|6|18|.333|6|17|.353|7|21|16|9|2|11|17
9|9|2010-12-03|@|Montana|W|58|54|22|40|.550|5|8|.625|9|14|.643|5|27|6|5|0|13|17||21|49|.429|4|18|.222|8|20|.400|9|26|13|6|2|9|16
10|10|2010-12-06|@|Washington|L|72|94|27|61|.443|8|25|.320|10|16|.625|8|28|12|1|1|13|23||31|58|.534|13|23|.565|19|27|.704|10|35|20|8|2|9|16
11|11|2010-12-11|@|Denver|W|71|64|20|39|.513|12|18|.667|19|22|.864|8|28|14|3|1|11|9||23|46|.500|13|30|.433|5|6|.833|1|11|18|6|1|5|20
12|12|2010-12-18|@|Portland State|W|78|67|34|57|.596|3|16|.188|7|12|.583|5|28|10|6|4|15|15||24|63|.381|3|17|.176|16|17|.941|12|29|8|8|0|12|15
13|13|2010-12-22||Boise State|W|88|79|32|57|.561|11|16|.688|13|19|.684|10|37|20|5|3|16|18||24|58|.414|11|24|.458|20|23|.870|6|24|19|8|3|8|20
14|14|2010-12-27||Nevada|W|66|62|20|54|.370|7|23|.304|19|27|.704|11|29|15|9|3|8|14||23|60|.383|4|17|.235|12|16|.750|14|38|11|5|5|12|21
15|15|2010-12-31||Utah|W|88|79|28|55|.509|10|20|.500|22|30|.733|10|29|14|1|3|4|18||26|51|.510|11|21|.524|16|20|.800|5|23|13|3|3|10|24
16|16|2011-01-08|@|Gonzaga|L|61|74|24|46|.522|7|12|.583|6|8|.750|7|29|9|2|4|20|18||23|55|.418|9|25|.360|19|24|.792|9|24|11|10|3|9|14
17|17|2011-01-13||Loyola Marymount|W (2 OT)|79|78|26|63|.413|7|22|.318|20|27|.741|9|38|18|6|6|15|18||26|71|.366|9|27|.333|17|23|.739|12|38|15|11|5|11|23
18|18|2011-01-15||Pepperdine|W|57|42|19|47|.404|6|18|.333|13|20|.650|7|32|13|6|2|13|17||16|51|.314|4|25|.160|6|8|.750|8|27|7|5|2|19|24
19|19|2011-01-20|@|San Francisco|L|74|81|23|60|.383|7|22|.318|21|23|.913|14|37|11|2|3|8|22||28|49|.571|10|22|.455|15|23|.652|2|23|18|3|2|7|23
20|20|2011-01-22|@|Santa Clara|L|59|72|24|53|.453|2|16|.125|9|10|.900|8|23|8|7|2|11|21||21|41|.512|3|10|.300|27|35|.771|9|31|12|7|4|11|18
21|21|2011-01-27||San Diego|W|79|64|27|55|.491|9|24|.375|16|19|.842|12|36|19|4|3|9|17||21|53|.396|4|17|.235|18|24|.750|9|23|9|5|2|8|19
22|22|2011-01-29||Saint Mary's (CA)|W|85|70|30|63|.476|13|20|.650|12|15|.800|14|37|16|3|3|12|15||25|64|.391|10|31|.323|10|15|.667|12|30|12|7|3|11|18
23|23|2011-02-03||Gonzaga|L|64|67|20|54|.370|11|21|.524|13|19|.684|13|31|10|7|3|12|17||26|53|.491|3|12|.250|12|18|.667|12|32|13|6|5|13|19
24|24|2011-02-05|@|Seattle|W|71|55|28|51|.549|9|21|.429|6|13|.462|9|28|19|9|3|20|15||22|58|.379|7|21|.333|4|8|.500|11|27|8|9|4|21|15
25|25|2011-02-10|@|Pepperdine|L|64|66|22|59|.373|8|22|.364|12|17|.706|13|31|15|3|6|8|18||24|54|.444|5|17|.294|13|17|.765|11|30|18|5|4|9|17
26|26|2011-02-12|@|Loyola Marymount|W|71|48|27|58|.466|4|16|.250|13|16|.813|11|41|17|5|5|12|16||18|58|.310|6|19|.316|6|18|.333|15|31|12|2|3|11|15
27|27|2011-02-17||San Francisco|L|73|82|27|60|.450|9|20|.450|10|17|.588|6|29|18|6|1|12|23||25|53|.472|9|25|.360|23|35|.657|7|38|13|9|2|9|18
28|28|2011-02-19||Santa Clara|W|78|68|24|47|.511|9|17|.529|21|24|.875|7|31|16|4|6|21|21||23|61|.377|9|26|.346|13|22|.591|14|28|11|11|4|13|20
29|29|2011-02-24|@|San Diego|W|65|61|22|53|.415|5|14|.357|16|20|.800|6|30|11|10|3|10|15||20|45|.444|5|18|.278|16|21|.762|2|22|13|5|4|14|17
30|30|2011-02-26|@|Saint Mary's (CA)|L|69|83|27|60|.450|4|13|.308|11|14|.786|11|27|10|6|3|11|28||21|45|.467|7|16|.438|34|41|.829|10|33|14|8|4|9|16
31|31|2011-03-04|N|Loyola Marymount|L|68|72|24|50|.480|5|16|.313|15|21|.714|9|26|10|7|1|9|16||28|57|.491|8|17|.471|8|10|.800|10|29|15|4|2|9|17
32|32|2011-03-16|@|Hawaii|L|64|76|26|74|.351|8|26|.308|4|8|.500|10|34|15|9|5|16|25||23|53|.434|2|8|.250|28|39|.718|8|36|9|11|4|14|15
