ranker|game_season|date_game|game_location|opp_id|game_result|pts|opp_pts|fg|fga|fg_pct|fg3|fg3a|fg3_pct|ft|fta|ft_pct|orb|trb|ast|stl|blk|tov|pf|x|opp_fg|opp_fga|opp_fg_pct|opp_fg3|opp_fg3a|opp_fg3_pct|opp_ft|opp_fta|opp_ft_pct|opp_orb|opp_trb|opp_ast|opp_stl|opp_blk|opp_tov|opp_pf|
1|1|2010-11-08|@|Pittsburgh|L|75|83|24|60|.400|14|32|.438|13|16|.813|9|29|16|7|6|16|25||29|64|.453|3|15|.200|22|30|.733|14|41|19|8|6|14|18
2|2|2010-11-16||Brown|W|92|67|38|66|.576|7|21|.333|9|12|.750|5|27|19|15|3|9|20||22|55|.400|6|23|.261|17|25|.680|11|29|15|5|0|20|16
3|3|2010-11-19|N|College of Charleston|W|75|66|27|59|.458|7|18|.389|14|19|.737|13|42|13|4|1|14|14||26|63|.413|5|23|.217|9|14|.643|9|30|16|8|2|14|19
4|4|2010-11-20|@|Toledo|W|76|65|25|55|.455|10|26|.385|16|22|.727|11|32|12|12|1|16|24||20|47|.426|4|15|.267|21|29|.724|7|27|13|5|0|17|22
5|5|2010-11-21|N|Illinois-Chicago|L|68|74|26|62|.419|7|20|.350|9|11|.818|9|29|7|6|4|14|18||28|56|.500|5|14|.357|13|24|.542|12|39|15|7|1|17|16
6|6|2010-11-24||Drexel|W|74|68|27|54|.500|4|15|.267|16|25|.640|10|33|9|5|4|14|21||28|67|.418|1|11|.091|11|24|.458|17|38|6|8|0|13|24
7|7|2010-11-27||Davidson|W|71|58|24|52|.462|7|13|.538|16|23|.696|12|34|17|6|4|15|13||23|58|.397|5|21|.238|7|11|.636|12|31|12|8|2|14|23
8|8|2010-12-04|@|Providence|L|74|87|28|72|.389|9|26|.346|9|14|.643|14|33|11|6|5|14|23||28|59|.475|5|18|.278|26|34|.765|11|39|17|8|10|11|16
9|9|2010-12-08|@|Northeastern|W|79|67|24|52|.462|5|15|.333|26|30|.867|13|34|9|7|3|11|22||22|48|.458|5|17|.294|18|33|.545|8|26|16|5|5|15|28
10|10|2010-12-11|@|Quinnipiac|L|66|73|24|57|.421|5|17|.294|13|24|.542|11|35|8|3|1|10|16||29|67|.433|6|17|.353|9|11|.818|11|33|21|5|3|10|20
11|11|2010-12-18||New Hampshire|W|64|52|21|59|.356|9|27|.333|13|22|.591|12|35|11|6|6|7|14||18|48|.375|6|19|.316|10|15|.667|6|32|9|3|4|17|20
12|12|2010-12-22||Lafayette|W|73|65|24|52|.462|14|27|.519|11|19|.579|9|37|15|7|4|12|12||24|54|.444|10|26|.385|7|11|.636|5|28|17|5|0|11|21
13|13|2010-12-29||Boston College|W|67|65|24|51|.471|10|26|.385|9|10|.900|5|21|14|6|4|8|13||22|46|.478|12|25|.480|9|13|.692|9|25|14|2|0|18|14
14|14|2011-01-03|@|Florida|L|59|84|24|64|.375|4|23|.174|7|8|.875|11|29|12|5|6|11|17||31|66|.470|8|18|.444|14|21|.667|15|41|19|6|4|13|11
15|15|2011-01-09||Xavier|L|45|72|14|57|.246|3|27|.111|14|20|.700|12|28|8|5|4|9|17||25|47|.532|6|14|.429|16|22|.727|9|38|13|3|3|14|22
16|16|2011-01-13|@|Richmond|W|78|74|27|56|.482|12|27|.444|12|16|.750|14|37|17|7|5|18|23||22|57|.386|6|19|.316|24|32|.750|13|31|13|12|7|11|15
17|17|2011-01-16||St. Bonaventure|W|56|55|21|59|.356|3|20|.150|11|15|.733|14|35|12|8|2|8|18||19|50|.380|3|14|.214|14|18|.778|11|37|8|2|1|13|16
18|18|2011-01-19|@|Saint Joseph's|W|64|59|24|66|.364|6|23|.261|10|15|.667|12|37|12|4|3|7|15||21|52|.404|6|22|.273|11|13|.846|6|33|13|6|9|14|18
19|19|2011-01-22||La Salle|L|75|76|23|63|.365|10|33|.303|19|28|.679|16|39|15|9|8|16|16||27|61|.443|7|20|.350|15|19|.789|8|30|15|9|3|19|19
20|20|2011-01-26|@|Saint Louis|W|59|57|25|51|.490|3|7|.429|6|13|.462|10|34|7|4|8|8|12||23|60|.383|4|22|.182|7|9|.778|10|30|9|2|5|6|15
21|21|2011-01-30|@|Massachusetts|L|54|64|21|59|.356|7|30|.233|5|8|.625|6|24|11|8|4|12|20||20|54|.370|8|26|.308|16|27|.593|12|39|13|8|0|14|16
22|22|2011-02-02||Fordham|W|72|52|25|58|.431|7|22|.318|15|19|.789|7|32|15|9|2|5|17||16|55|.291|7|25|.280|13|18|.722|12|38|7|2|4|15|20
23|23|2011-02-05|@|Temple|L|67|80|25|59|.424|6|16|.375|11|17|.647|6|23|4|8|2|9|19||25|47|.532|10|19|.526|20|27|.741|6|33|15|6|3|15|16
24|24|2011-02-09||Dayton|W|67|53|26|64|.406|9|27|.333|6|8|.750|11|35|13|10|4|10|9||19|54|.352|6|16|.375|9|11|.818|10|33|8|2|4|16|16
25|25|2011-02-12||Charlotte|W (1 OT)|71|70|25|64|.391|9|34|.265|12|19|.632|12|32|14|8|4|14|19||23|53|.434|8|26|.308|16|21|.762|8|32|13|8|4|18|21
26|26|2011-02-19||Massachusetts|L|60|66|17|58|.293|1|19|.053|25|41|.610|15|39|7|5|2|13|21||21|48|.438|6|20|.300|18|27|.667|7|37|10|9|5|16|31
27|27|2011-02-23|@|Duquesne|W|77|76|27|57|.474|7|14|.500|16|22|.727|13|36|19|2|2|17|25||28|58|.483|4|18|.222|16|28|.571|11|29|13|7|5|10|22
28|28|2011-02-26|N|Fordham|W|90|58|35|67|.522|8|14|.571|12|15|.800|12|43|20|9|4|13|18||21|65|.323|4|17|.235|12|20|.600|13|34|8|5|4|15|14
29|29|2011-03-02||George Washington|L|55|66|23|51|.451|3|15|.200|6|11|.545|7|30|7|2|2|17|19||25|52|.481|1|13|.077|15|25|.600|8|30|11|7|0|10|14
30|30|2011-03-05|@|St. Bonaventure|L|68|74|22|48|.458|8|13|.615|16|16|1.000|7|21|12|5|6|11|21||25|49|.510|6|17|.353|18|26|.692|11|27|18|4|1|12|18
31|31|2011-03-08||Saint Louis|W|70|61|22|51|.431|7|20|.350|19|21|.905|3|29|12|8|6|12|18||21|53|.396|6|16|.375|13|18|.722|8|27|12|8|2|15|18
32|32|2011-03-11|N|Richmond|L|45|55|19|52|.365|4|14|.286|3|8|.375|7|33|5|4|3|10|17||18|56|.321|5|26|.192|14|17|.824|12|40|8|5|5|6|13
33|33|2011-03-16||Miami (OH)|W|76|59|27|57|.474|12|23|.522|10|11|.909|7|36|20|6|3|10|11||21|53|.396|9|24|.375|8|12|.667|7|27|14|6|3|11|12
34|34|2011-03-21|@|Central Florida|L|54|66|20|48|.417|6|18|.333|8|17|.471|4|25|12|7|5|11|18||29|64|.453|5|21|.238|3|12|.250|14|39|15|5|4|10|12
