ranker|game_season|date_game|game_location|opp_id|game_result|pts|opp_pts|fg|fga|fg_pct|fg3|fg3a|fg3_pct|ft|fta|ft_pct|orb|trb|ast|stl|blk|tov|pf|x|opp_fg|opp_fga|opp_fg_pct|opp_fg3|opp_fg3a|opp_fg3_pct|opp_ft|opp_fta|opp_ft_pct|opp_orb|opp_trb|opp_ast|opp_stl|opp_blk|opp_tov|opp_pf|
1|1|2010-11-12|@|Massachusetts|L|67|77|22|56|.393|9|18|.500|14|23|.609|12|30|15|7|3|15|16||26|55|.473|9|20|.450|16|23|.696|7|30|15|9|9|11|19
2|2|2010-11-14||Lafayette|W|80|73|30|54|.556|9|20|.450|11|19|.579|9|28|16|6|4|13|13||27|53|.509|11|20|.550|8|9|.889|5|21|19|7|0|16|18
3|3|2010-11-17|@|Southern California|W|77|57|27|45|.600|12|19|.632|11|15|.733|5|26|14|3|1|14|15||23|61|.377|1|15|.067|10|20|.500|15|28|6|7|1|13|15
4|4|2010-11-20|N|Texas Christian|W|76|61|28|49|.571|7|18|.389|13|21|.619|5|33|14|7|6|16|19||22|60|.367|4|19|.211|13|22|.591|11|30|11|8|2|12|18
5|5|2010-11-21|N|Loyola Marymount|W|73|63|26|51|.510|11|19|.579|10|16|.625|8|27|16|5|0|14|13||24|62|.387|2|14|.143|13|16|.813|12|29|14|5|4|12|18
6|6|2010-11-26||Siena|L|60|73|23|60|.383|6|16|.375|8|14|.571|12|30|14|5|3|11|23||23|54|.426|8|16|.500|19|27|.704|11|37|11|6|4|12|16
7|7|2010-11-29||Hofstra|L|48|58|20|59|.339|6|28|.214|2|4|.500|12|33|10|5|3|16|16||22|54|.407|4|11|.364|10|14|.714|8|33|10|7|5|10|10
8|8|2010-12-02|@|Manhattan|W|88|59|33|54|.611|10|19|.526|12|19|.632|5|27|23|11|3|12|19||21|49|.429|1|12|.083|16|25|.640|9|28|12|6|3|17|13
9|9|2010-12-04|@|Pittsburgh|L|68|87|27|54|.500|7|21|.333|7|11|.636|7|24|13|2|0|14|20||31|58|.534|7|18|.389|18|27|.667|10|33|27|8|1|6|13
10|10|2010-12-08||Maryland-Baltimore County|W|81|39|27|46|.587|8|18|.444|19|26|.731|5|35|14|11|5|13|10||16|56|.286|4|19|.211|3|8|.375|8|26|8|6|0|18|16
11|11|2010-12-11|@|Drexel|L (1 OT)|67|71|28|63|.444|2|12|.167|9|20|.450|5|29|7|6|8|7|24||24|61|.393|4|12|.333|19|29|.655|14|48|15|2|3|13|21
12|12|2010-12-15||Monmouth|W|74|54|23|54|.426|12|25|.480|16|25|.640|11|39|17|9|7|16|20||18|50|.360|6|16|.375|12|23|.522|7|26|13|7|4|19|19
13|13|2010-12-22|@|La Salle|W|77|68|31|63|.492|4|15|.267|11|19|.579|11|34|16|8|10|14|16||24|67|.358|3|13|.231|17|24|.708|15|38|14|7|3|15|19
14|14|2010-12-28|@|Howard|W|78|64|26|54|.481|9|19|.474|17|26|.654|14|36|13|4|5|9|18||25|53|.472|4|14|.286|10|20|.500|9|26|16|6|0|10|22
15|15|2011-01-03||Manhattan|W|88|78|29|62|.468|7|21|.333|23|35|.657|11|34|19|12|4|12|21||28|62|.452|4|12|.333|18|25|.720|9|33|7|6|7|20|21
16|16|2011-01-07|@|Niagara|W|82|65|32|58|.552|9|19|.474|9|16|.563|12|37|15|2|6|10|19||20|68|.294|10|29|.345|15|21|.714|24|38|16|5|3|7|18
17|17|2011-01-09|@|Canisius|W|77|76|26|59|.441|11|22|.500|14|19|.737|12|34|18|3|2|11|11||31|63|.492|8|20|.400|6|10|.600|10|30|19|5|5|7|16
18|18|2011-01-14||Iona|L (1 OT)|96|100|36|67|.537|13|26|.500|11|19|.579|12|40|22|8|6|18|26||37|72|.514|8|21|.381|18|25|.720|11|34|18|6|0|12|21
19|19|2011-01-17||Fairfield|L|57|65|23|52|.442|6|15|.400|5|11|.455|9|31|13|6|3|17|16||21|49|.429|9|19|.474|14|22|.636|8|29|16|9|1|11|13
20|20|2011-01-20||Marist|W|80|66|27|60|.450|6|23|.261|20|27|.741|11|38|22|8|7|14|9||25|69|.362|13|35|.371|3|7|.429|16|42|14|10|0|18|22
21|21|2011-01-24|@|Siena|W|68|60|24|57|.421|7|22|.318|13|19|.684|6|35|11|7|7|14|14||21|71|.296|6|14|.429|12|14|.857|16|44|12|7|2|16|15
22|22|2011-01-27|@|Iona|W|61|59|21|54|.389|2|13|.154|17|25|.680|11|37|13|6|3|14|18||22|61|.361|7|28|.250|8|14|.571|11|34|14|6|5|12|21
23|23|2011-01-29|@|Saint Peter's|L|60|80|20|49|.408|9|18|.500|11|17|.647|5|29|13|6|2|19|23||26|65|.400|5|19|.263|23|30|.767|14|39|13|13|3|10|19
24|24|2011-02-04||Loyola (MD)|W|61|60|24|57|.421|5|18|.278|8|18|.444|9|30|11|4|5|14|19||22|53|.415|3|15|.200|13|18|.722|9|38|11|8|4|15|22
25|25|2011-02-06|@|Fairfield|W|96|87|30|62|.484|6|13|.462|30|42|.714|8|32|9|8|5|10|17||33|72|.458|9|22|.409|12|18|.667|12|36|13|5|7|13|27
26|26|2011-02-11||Canisius|L|65|67|25|56|.446|2|14|.143|13|15|.867|10|32|12|3|5|9|13||24|60|.400|9|26|.346|10|11|.909|11|31|14|5|1|9|14
27|27|2011-02-13||Niagara|W|61|50|20|58|.345|9|26|.346|12|19|.632|16|43|13|10|9|19|22||15|59|.254|0|17|.000|20|34|.588|19|45|6|14|0|18|20
28|28|2011-02-16|@|Loyola (MD)|W|82|70|30|55|.545|8|16|.500|14|18|.778|8|30|12|4|7|21|18||29|79|.367|2|20|.100|10|17|.588|19|35|16|10|3|13|19
29|29|2011-02-19||Delaware|W|95|86|31|59|.525|12|22|.545|21|27|.778|7|27|17|5|6|7|19||27|60|.450|11|25|.440|21|26|.808|10|33|13|4|3|9|19
30|30|2011-02-25|@|Marist|W|80|64|31|67|.463|6|18|.333|12|18|.667|10|42|13|3|3|9|20||22|65|.338|3|27|.111|17|26|.654|10|38|9|6|1|6|16
31|31|2011-02-27||Saint Peter's|W|75|72|28|60|.467|10|19|.526|9|22|.409|12|40|13|6|2|15|21||21|52|.404|11|24|.458|19|30|.633|9|32|11|12|4|12|19
32|32|2011-03-05|N|Canisius|W|79|64|24|52|.462|8|23|.348|23|27|.852|5|30|14|5|6|12|15||24|61|.393|7|27|.259|9|13|.692|8|30|14|9|5|13|22
33|33|2011-03-06|N|Iona|L|59|83|24|55|.436|7|21|.333|4|5|.800|3|20|12|4|3|13|15||30|59|.508|14|28|.500|9|12|.750|9|35|26|8|3|13|11
34|34|2011-03-15|@|Northern Iowa|L|50|84|18|55|.327|8|36|.222|6|13|.462|8|30|7|6|2|16|19||28|52|.538|13|24|.542|15|19|.789|5|35|17|7|0|10|15
