ranker|game_season|date_game|game_location|opp_id|game_result|pts|opp_pts|fg|fga|fg_pct|fg3|fg3a|fg3_pct|ft|fta|ft_pct|orb|trb|ast|stl|blk|tov|pf|x|opp_fg|opp_fga|opp_fg_pct|opp_fg3|opp_fg3a|opp_fg3_pct|opp_ft|opp_fta|opp_ft_pct|opp_orb|opp_trb|opp_ast|opp_stl|opp_blk|opp_tov|opp_pf|
1|1|2010-11-13||Saint Peter's|W|55|30|21|61|.344|6|22|.273|7|9|.778|10|35|11|9|3|11|28||6|36|.167|2|16|.125|16|32|.500|10|32|4|1|4|19|16
2|2|2010-11-16|@|Kent State|L|59|62|23|70|.329|4|25|.160|9|16|.563|15|39|13|7|2|11|24||19|50|.380|5|20|.250|19|32|.594|14|43|8|3|6|15|17
3|3|2010-11-19||Duquesne|W|69|63|23|58|.397|6|25|.240|17|26|.654|17|44|12|9|3|21|23||19|53|.358|10|28|.357|15|25|.600|6|28|12|10|4|21|24
4|4|2010-11-23|@|Pittsburgh|L|53|74|21|68|.309|7|17|.412|4|11|.364|15|33|14|5|5|8|18||27|59|.458|7|18|.389|13|20|.650|15|47|17|4|3|15|17
5|5|2010-11-29|@|Cleveland State|L|53|58|19|48|.396|6|12|.500|9|14|.643|16|32|11|11|3|19|18||21|47|.447|5|16|.313|11|16|.688|11|24|7|11|3|12|13
6|6|2010-12-02|@|Long Island University|W|70|69|25|55|.455|10|23|.435|10|10|1.000|7|26|16|2|1|10|25||23|56|.411|5|23|.217|18|30|.600|16|36|10|3|3|10|13
7|7|2010-12-04|@|St. Francis (NY)|L|63|65|22|52|.423|5|17|.294|14|21|.667|13|32|15|9|2|18|23||21|51|.412|5|18|.278|18|24|.750|11|25|10|10|3|15|19
8|8|2010-12-07|@|West Virginia|L|49|82|17|57|.298|6|27|.222|9|14|.643|6|21|12|10|3|12|28||29|52|.558|2|11|.182|22|31|.710|9|42|21|4|3|14|14
9|9|2010-12-11||Youngstown State|W|90|60|31|54|.574|13|24|.542|15|24|.625|7|33|25|7|1|16|21||22|56|.393|7|27|.259|9|17|.529|7|24|8|6|1|18|22
10|10|2010-12-18|@|Appalachian State|L|66|71|27|56|.482|6|21|.286|6|11|.545|4|26|15|6|1|15|28||20|49|.408|3|16|.188|28|40|.700|10|36|6|2|2|13|13
11|11|2010-12-22|@|Arizona|L|56|82|21|62|.339|5|21|.238|9|15|.600|11|32|11|4|1|13|25||26|52|.500|9|22|.409|21|28|.750|6|38|17|3|3|10|16
12|12|2010-12-30|@|Morgan State|L|66|67|22|55|.400|2|14|.143|20|27|.741|12|28|9|9|3|22|27||21|56|.375|2|15|.133|23|30|.767|13|34|15|5|2|25|22
13|13|2011-01-02|@|Ohio|W (1 OT)|79|76|25|61|.410|11|25|.440|18|23|.783|12|37|17|10|2|15|25||21|55|.382|13|33|.394|21|34|.618|9|33|18|10|4|16|17
14|14|2011-01-06|@|Wagner|L (1 OT)|78|83|25|65|.385|7|16|.438|21|27|.778|13|40|10|6|3|9|22||26|58|.448|8|22|.364|23|28|.821|6|29|19|2|8|9|22
15|15|2011-01-08|@|Mount St. Mary's|W|51|48|19|55|.345|5|13|.385|8|14|.571|11|33|10|6|4|18|19||16|48|.333|6|19|.316|10|15|.667|8|32|9|5|2|21|15
16|16|2011-01-13||Fairleigh Dickinson|W|83|65|28|55|.509|9|19|.474|18|22|.818|8|32|17|5|4|10|19||21|54|.389|10|19|.526|13|21|.619|11|25|11|6|1|12|20
17|17|2011-01-15||Monmouth|W|60|57|18|54|.333|8|25|.320|16|22|.727|10|29|14|10|2|13|23||15|34|.441|9|17|.529|18|25|.720|2|25|11|4|2|23|20
18|18|2011-01-20||Long Island University|L|67|83|26|62|.419|4|16|.250|11|17|.647|11|27|11|6|0|14|27||27|52|.519|9|20|.450|20|32|.625|12|34|11|3|4|16|19
19|19|2011-01-22||St. Francis (NY)|W|54|51|19|45|.422|2|12|.167|14|19|.737|6|26|7|12|1|13|20||17|47|.362|8|25|.320|9|14|.643|12|32|10|4|2|18|19
20|20|2011-01-27|@|Quinnipiac|L|61|69|20|57|.351|4|23|.174|17|23|.739|8|34|10|4|0|6|22||23|56|.411|11|27|.407|12|20|.600|9|40|18|0|1|8|18
21|21|2011-01-29|@|Sacred Heart|L|75|84|28|63|.444|11|29|.379|8|11|.727|11|22|17|11|0|13|26||26|42|.619|6|12|.500|26|32|.813|5|30|21|4|1|16|13
22|22|2011-02-03||Bryant|W|91|38|32|56|.571|14|21|.667|13|16|.813|9|38|26|9|2|9|23||10|44|.227|4|23|.174|14|29|.483|6|19|7|3|1|14|20
23|23|2011-02-05||Central Connecticut State|L|58|80|20|60|.333|5|22|.227|13|21|.619|13|26|12|6|1|14|26||23|51|.451|3|9|.333|31|35|.886|10|35|12|7|2|14|20
24|24|2011-02-09||Saint Francis (PA)|W|78|68|24|46|.522|5|9|.556|25|33|.758|10|32|14|5|5|12|16||23|51|.451|14|27|.519|8|13|.615|3|17|17|6|0|11|26
25|25|2011-02-12|@|Saint Francis (PA)|W|78|73|27|49|.551|9|19|.474|15|23|.652|8|25|17|8|0|15|23||25|46|.543|7|16|.438|16|26|.615|4|23|14|10|4|13|22
26|26|2011-02-17|@|Fairleigh Dickinson|W|74|50|26|56|.464|5|11|.455|17|29|.586|10|34|14|12|5|4|14||17|49|.347|6|19|.316|10|16|.625|8|33|8|0|3|16|20
27|27|2011-02-19|@|Monmouth|W|62|60|22|51|.431|8|17|.471|10|19|.526|13|34|14|4|3|16|21||22|45|.489|6|18|.333|10|20|.500|4|21|14|8|4|13|19
28|28|2011-02-24||Mount St. Mary's|W|65|57|23|53|.434|5|16|.313|14|18|.778|7|30|11|5|3|13|20||18|52|.346|7|21|.333|14|21|.667|9|30|9|3|3|13|16
29|29|2011-02-26||Wagner|W|66|49|21|44|.477|7|11|.636|17|25|.680|7|31|13|6|1|16|16||17|47|.362|3|14|.214|12|18|.667|5|24|7|7|4|15|21
30|30|2011-03-03||Wagner|W|78|74|24|46|.522|6|11|.545|24|31|.774|9|21|12|13|0|14|24||19|38|.500|8|15|.533|28|31|.903|6|22|10|3|3|20|20
31|31|2011-03-06|@|Quinnipiac|W|64|62|25|52|.481|6|15|.400|8|17|.471|3|18|13|9|0|5|19||24|55|.436|4|14|.286|10|15|.667|12|36|17|1|4|11|16
32|32|2011-03-09|@|Long Island University|L (1 OT)|82|85|28|66|.424|8|25|.320|18|26|.692|14|34|13|6|2|14|25||31|71|.437|4|14|.286|19|31|.613|18|36|18|7|2|11|19
