ranker|game_season|date_game|game_location|opp_id|game_result|pts|opp_pts|fg|fga|fg_pct|fg3|fg3a|fg3_pct|ft|fta|ft_pct|orb|trb|ast|stl|blk|tov|pf|x|opp_fg|opp_fga|opp_fg_pct|opp_fg3|opp_fg3a|opp_fg3_pct|opp_ft|opp_fta|opp_ft_pct|opp_orb|opp_trb|opp_ast|opp_stl|opp_blk|opp_tov|opp_pf|
1|1|2010-11-12|@|Princeton|L (1 OT)|73|78|29|59|.492|5|15|.333|10|18|.556|8|25|10|13|3|11|24||26|53|.491|9|22|.409|17|23|.739|9|31|17|4|1|15|19
2|2|2010-11-15||Fairfield|W|68|53|27|56|.482|8|18|.444|6|13|.462|9|33|14|7|10|10|19||16|55|.291|6|23|.261|15|21|.714|13|35|8|6|3|11|16
3|3|2010-11-21||Miami (FL)|W|61|45|24|56|.429|5|16|.313|8|10|.800|10|32|17|11|6|12|20||14|48|.292|5|23|.217|12|20|.600|14|34|5|7|4|17|11
4|4|2010-11-23||Norfolk State|W|83|59|33|66|.500|9|16|.563|8|15|.533|13|35|17|7|3|10|23||17|39|.436|4|12|.333|21|32|.656|5|25|7|3|5|18|15
5|5|2010-11-26|@|Saint Joseph's|L|70|76|27|59|.458|6|18|.333|10|19|.526|9|26|16|9|4|9|21||25|49|.510|8|21|.381|18|25|.720|5|31|19|3|2|17|12
6|6|2010-12-01||NJIT|W|66|54|22|48|.458|2|10|.200|20|25|.800|9|33|6|9|8|13|15||21|52|.404|4|15|.267|8|11|.727|6|25|13|6|2|15|21
7|7|2010-12-07||Marist|W|64|48|25|60|.417|3|19|.158|11|16|.688|14|37|13|10|7|14|19||13|47|.277|6|22|.273|16|17|.941|4|26|6|5|2|21|21
8|8|2010-12-11|N|Auburn|W|63|54|20|59|.339|7|22|.318|16|19|.842|16|40|13|3|5|10|18||16|53|.302|6|23|.261|16|20|.800|7|27|10|6|7|9|17
9|9|2010-12-14||Fairleigh Dickinson|W|79|65|28|54|.519|7|18|.389|16|23|.696|10|30|22|12|5|13|19||15|46|.326|9|26|.346|26|29|.897|10|32|12|4|6|23|21
10|10|2010-12-18|@|Monmouth|W|79|56|31|63|.492|9|19|.474|8|12|.667|15|41|17|7|3|13|15||20|52|.385|9|27|.333|7|10|.700|4|22|16|5|3|18|14
11|11|2010-12-23||Saint Peter's|W|55|52|19|46|.413|3|11|.273|14|27|.519|8|30|11|9|5|11|14||19|49|.388|9|21|.429|5|9|.556|8|30|10|9|2|18|22
12|12|2010-12-28|N|North Carolina|L|55|78|20|59|.339|5|22|.227|10|16|.625|6|30|10|11|4|16|21||29|62|.468|11|23|.478|9|18|.500|10|43|16|9|7|16|14
13|13|2011-01-02|@|Villanova|L|65|81|20|48|.417|3|13|.231|22|28|.786|5|17|13|9|7|14|28||23|53|.434|8|15|.533|27|35|.771|16|36|17|7|4|13|20
14|14|2011-01-05||Marquette|L|65|73|26|56|.464|9|18|.500|4|11|.364|13|28|17|9|4|13|24||22|43|.512|9|16|.563|20|32|.625|11|27|13|5|3|16|13
15|15|2011-01-08||Providence|W|85|72|31|57|.544|3|8|.375|20|27|.741|9|36|18|7|10|15|25||20|65|.308|6|22|.273|26|35|.743|14|32|9|10|2|12|20
16|16|2011-01-11|@|Connecticut|L|53|67|20|58|.345|3|17|.176|10|14|.714|10|33|8|6|5|9|16||26|57|.456|6|20|.300|9|14|.643|6|32|14|5|6|8|14
17|17|2011-01-15||Georgetown|L|65|74|25|58|.431|6|16|.375|9|13|.692|14|28|14|7|6|12|18||23|48|.479|11|22|.500|17|19|.895|8|25|9|6|6|13|14
18|18|2011-01-20||South Florida|W|71|62|23|50|.460|8|15|.533|17|21|.810|4|23|12|10|5|7|17||19|50|.380|9|23|.391|15|17|.882|8|28|11|3|4|15|18
19|19|2011-01-22|@|Seton Hall|W|66|60|25|53|.472|3|10|.300|13|27|.481|10|38|6|4|6|13|12||23|68|.338|6|27|.222|8|10|.800|12|35|9|8|4|11|18
20|20|2011-01-26|@|Cincinnati|L|56|72|23|50|.460|1|11|.091|9|14|.643|5|22|9|6|1|13|22||22|47|.468|6|18|.333|22|30|.733|8|32|16|6|5|13|15
21|21|2011-01-29||Pittsburgh|L|62|65|22|57|.386|5|18|.278|13|18|.722|4|22|11|5|8|6|26||16|45|.356|5|16|.313|28|35|.800|10|36|8|4|6|11|18
22|22|2011-02-02|@|St. John's (NY)|L|56|58|20|42|.476|7|16|.438|9|14|.643|9|30|16|5|8|23|23||18|49|.367|2|11|.182|20|31|.645|12|21|6|14|1|10|11
23|23|2011-02-06|@|Notre Dame|L|69|76|27|62|.435|7|20|.350|8|12|.667|7|29|16|9|2|7|26||22|47|.468|5|15|.333|27|34|.794|7|35|15|4|4|9|13
24|24|2011-02-09||Villanova|W|77|76|27|57|.474|8|17|.471|15|21|.714|13|26|15|7|0|8|19||24|43|.558|8|16|.500|20|27|.741|8|27|16|6|0|12|19
25|25|2011-02-12||Seton Hall|L|64|69|23|53|.434|8|19|.421|10|10|1.000|5|21|18|7|1|18|13||25|50|.500|7|20|.350|12|20|.600|5|26|16|8|2|14|13
26|26|2011-02-19|@|Syracuse|L (1 OT)|80|84|31|68|.456|9|23|.391|9|14|.643|13|31|17|10|1|11|29||22|51|.431|6|19|.316|34|47|.723|13|36|15|5|11|13|18
27|27|2011-02-22||Louisville|L|37|55|13|44|.295|2|14|.143|9|14|.643|6|30|12|6|3|18|14||18|51|.353|11|29|.379|8|13|.615|8|34|10|10|6|11|13
28|28|2011-02-27||West Virginia|L|54|65|20|59|.339|1|13|.077|13|16|.813|9|26|8|7|4|6|22||21|53|.396|7|22|.318|16|23|.696|12|44|16|2|1|12|15
29|29|2011-03-02|@|DePaul|W|68|64|26|58|.448|5|10|.500|11|15|.733|11|33|16|7|2|9|16||21|52|.404|8|26|.308|14|17|.824|9|31|10|4|7|11|17
30|30|2011-03-05|@|Providence|L|74|75|31|52|.596|6|12|.500|6|9|.667|6|26|15|5|1|14|17||24|53|.453|10|25|.400|17|21|.810|11|25|10|8|3|10|14
31|31|2011-03-08|N|Seton Hall|W (1 OT)|76|70|23|50|.460|6|16|.375|24|37|.649|8|35|13|13|1|14|16||25|63|.397|8|27|.296|12|19|.632|11|33|15|11|3|16|26
32|32|2011-03-09|@|St. John's (NY)|L|63|65|22|61|.361|6|19|.316|13|15|.867|14|31|14|5|5|14|20||22|48|.458|3|10|.300|18|23|.783|10|30|10|8|3|15|18
