ranker|game_season|date_game|game_location|opp_id|game_result|pts|opp_pts|fg|fga|fg_pct|fg3|fg3a|fg3_pct|ft|fta|ft_pct|orb|trb|ast|stl|blk|tov|pf|x|opp_fg|opp_fga|opp_fg_pct|opp_fg3|opp_fg3a|opp_fg3_pct|opp_ft|opp_fta|opp_ft_pct|opp_orb|opp_trb|opp_ast|opp_stl|opp_blk|opp_tov|opp_pf|
1|1|2010-11-12||Western Kentucky|L|70|98|26|77|.338|6|29|.207|12|19|.632|17|32|13|7|3|14|14||39|64|.609|11|21|.524|9|13|.692|9|39|26|7|3|17|23
2|2|2010-11-16|@|Penn State|L|57|66|19|55|.345|4|21|.190|15|20|.750|7|32|12|6|4|19|27||20|55|.364|1|21|.048|25|34|.735|12|39|9|7|3|16|17
3|3|2010-11-20||Norfolk State|W|70|65|21|55|.382|6|17|.353|22|27|.815|4|34|15|2|3|10|13||25|58|.431|5|15|.333|10|17|.588|7|34|16|4|4|11|20
4|4|2010-11-23|@|Fairfield|W|60|51|21|42|.500|2|12|.167|16|21|.762|5|32|7|7|11|14|12||20|56|.357|5|23|.217|6|11|.545|11|29|15|7|3|11|22
5|5|2010-11-26||Rutgers|W|76|70|25|49|.510|8|21|.381|18|25|.720|5|31|19|3|2|17|12||27|59|.458|6|18|.333|10|19|.526|9|26|16|9|4|9|21
6|6|2010-12-01|@|Drexel|L|50|62|21|52|.404|1|6|.167|7|11|.636|2|19|8|4|8|12|18||23|55|.418|2|11|.182|14|25|.560|14|41|16|5|4|14|14
7|7|2010-12-03|@|Villanova|L|60|71|25|61|.410|8|23|.348|2|7|.286|10|32|9|3|9|10|15||25|65|.385|7|23|.304|14|19|.737|19|45|19|5|4|11|7
8|8|2010-12-05|@|Princeton|L|65|74|26|56|.464|5|15|.333|8|12|.667|12|29|13|7|3|16|20||25|50|.500|10|22|.455|14|18|.778|8|27|15|5|1|14|17
9|9|2010-12-08||Minnesota|L|73|83|25|69|.362|9|29|.310|14|16|.875|12|33|13|10|1|14|14||31|64|.484|8|17|.471|13|17|.765|12|40|19|10|4|15|15
10|10|2010-12-11|@|Creighton|L|75|82|26|62|.419|9|21|.429|14|19|.737|12|30|15|6|2|8|22||27|55|.491|9|24|.375|19|23|.826|11|35|17|3|3|10|17
11|11|2010-12-21|@|Boston University|L|79|85|26|61|.426|9|23|.391|18|27|.667|16|34|18|3|5|9|23||25|57|.439|9|16|.563|26|31|.839|15|40|9|7|3|7|24
12|12|2010-12-28|@|Holy Cross|W|65|54|24|57|.421|7|14|.500|10|17|.588|8|30|12|5|7|8|11||23|62|.371|5|17|.294|3|6|.500|10|36|13|3|3|10|16
13|13|2010-12-31||Siena|W|58|48|21|58|.362|5|22|.227|11|14|.786|8|37|10|5|10|5|11||21|64|.328|2|17|.118|4|11|.364|13|40|9|2|5|8|15
14|14|2011-01-05||Duquesne|L|63|75|20|54|.370|6|19|.316|17|25|.680|12|36|11|5|8|19|18||25|52|.481|10|20|.500|15|21|.714|3|25|16|14|5|12|16
15|15|2011-01-08||George Washington|L|71|78|26|60|.433|9|24|.375|10|17|.588|5|28|17|9|11|8|19||26|58|.448|9|16|.563|17|27|.630|10|43|11|6|4|13|16
16|16|2011-01-12|@|Dayton|L|59|65|19|52|.365|5|17|.294|16|21|.762|9|34|11|1|4|6|14||23|52|.442|7|17|.412|12|18|.667|5|28|21|1|3|5|18
17|17|2011-01-15|@|Saint Louis|L|51|67|20|50|.400|4|12|.333|7|12|.583|7|32|6|0|3|14|21||20|60|.333|6|15|.400|21|29|.724|15|37|15|9|5|5|15
18|18|2011-01-19||Rhode Island|L|59|64|21|52|.404|6|22|.273|11|13|.846|6|33|13|6|9|14|18||24|66|.364|6|23|.261|10|15|.667|12|37|12|4|3|7|15
19|19|2011-01-22||Pennsylvania|L|61|73|22|52|.423|5|20|.250|12|20|.600|8|29|11|4|6|15|10||25|55|.455|8|20|.400|15|15|1.000|5|29|13|10|1|11|17
20|20|2011-01-27|@|La Salle|L|72|76|29|61|.475|7|22|.318|7|11|.636|8|21|17|8|12|10|19||23|45|.511|8|12|.667|22|27|.815|10|32|16|8|7|21|13
21|21|2011-01-29||Temple|L|54|72|21|56|.375|3|12|.250|9|12|.750|9|22|12|4|3|6|14||25|51|.490|6|15|.400|16|23|.696|11|36|20|4|5|8|14
22|22|2011-02-02|@|Richmond|L|52|62|21|54|.389|2|14|.143|8|9|.889|17|31|7|5|3|9|17||20|40|.500|7|16|.438|15|21|.714|7|20|16|3|4|8|12
23|23|2011-02-05||Massachusetts|W|67|64|22|50|.440|8|21|.381|15|20|.750|7|23|10|8|3|7|13||24|57|.421|10|24|.417|6|14|.429|16|42|11|3|3|15|21
24|24|2011-02-13|N|Fordham|W|76|70|23|51|.451|12|25|.480|18|24|.750|8|32|18|7|8|7|15||24|58|.414|9|23|.391|13|18|.722|12|32|17|2|3|9|20
25|25|2011-02-16||Xavier|L|54|74|17|55|.309|6|19|.316|14|22|.636|4|20|8|4|8|8|14||27|56|.482|3|11|.273|17|18|.944|7|38|17|5|4|10|14
26|26|2011-02-20|@|Temple|L|52|66|20|48|.417|5|18|.278|7|8|.875|4|23|13|2|3|7|13||23|52|.442|8|23|.348|12|15|.800|7|27|19|5|5|4|11
27|27|2011-02-23|@|Massachusetts|L|51|69|16|52|.308|4|26|.154|15|23|.652|7|20|8|8|4|10|17||26|57|.456|5|16|.313|12|17|.706|13|42|18|3|4|18|19
28|28|2011-02-26||St. Bonaventure|W|79|65|24|39|.615|11|17|.647|20|30|.667|4|20|19|4|3|8|16||23|45|.511|5|15|.333|14|18|.778|4|20|16|4|0|9|26
29|29|2011-03-02||Richmond|L|54|69|19|51|.373|3|16|.188|13|19|.684|9|30|10|3|5|9|14||25|60|.417|7|16|.438|12|14|.857|10|31|15|6|3|5|14
30|30|2011-03-05|@|Charlotte|W|71|70|23|48|.479|11|19|.579|14|18|.778|3|23|16|5|8|6|16||24|57|.421|8|21|.381|14|19|.737|10|32|11|5|2|6|15
31|31|2011-03-08|@|George Washington|W (1 OT)|71|59|23|44|.523|4|15|.267|21|24|.875|6|29|11|4|6|9|15||20|56|.357|6|21|.286|13|20|.650|11|25|10|3|2|6|17
32|32|2011-03-11|N|Duquesne|W (1 OT)|93|90|32|61|.525|8|16|.500|21|31|.677|12|35|18|9|1|17|20||31|64|.484|9|21|.429|19|32|.594|12|33|22|13|4|15|23
33|33|2011-03-12|N|Dayton|L|61|64|21|51|.412|9|25|.360|10|17|.588|6|26|12|4|5|8|16||22|54|.407|6|17|.353|14|22|.636|10|33|15|4|1|8|15
