ranker|game_season|date_game|game_location|opp_id|game_result|pts|opp_pts|fg|fga|fg_pct|fg3|fg3a|fg3_pct|ft|fta|ft_pct|orb|trb|ast|stl|blk|tov|pf|x|opp_fg|opp_fga|opp_fg_pct|opp_fg3|opp_fg3a|opp_fg3_pct|opp_ft|opp_fta|opp_ft_pct|opp_orb|opp_trb|opp_ast|opp_stl|opp_blk|opp_tov|opp_pf|
1|1|2010-11-12||Austin Peay|L|62|64|22|47|.468|4|18|.222|14|21|.667|4|19|12|9|7|13|21||21|44|.477|3|6|.500|19|27|.704|10|31|11|8|2|16|18
2|2|2010-11-15||Rockhurst|W|72|45|27|58|.466|5|12|.417|13|22|.591|11|38|12|7|5|10|14||18|52|.346|3|17|.176|6|8|.750|4|26|8|3|3|14|18
3|3|2010-11-20||Georgia|L|59|61|20|44|.455|9|17|.529|10|16|.625|6|21|13|9|5|17|18||23|44|.523|3|6|.500|12|18|.667|7|26|12|10|5|17|16
4|4|2010-11-23||Tennessee State|W|78|50|29|55|.527|9|16|.563|11|16|.688|9|28|15|10|1|10|16||19|43|.442|5|12|.417|7|8|.875|5|22|7|5|1|21|15
5|5|2010-11-27||IUPUI|W|58|55|19|44|.432|5|14|.357|15|22|.682|5|26|12|5|5|12|18||18|51|.353|0|8|.000|19|23|.826|9|30|4|5|2|10|19
6|6|2010-11-30|@|Portland|L|60|69|24|52|.462|6|18|.333|6|17|.353|7|21|16|9|2|11|17||28|47|.596|2|4|.500|11|15|.733|5|27|21|2|2|15|13
7|7|2010-12-11|@|Duke|L|47|84|19|49|.388|1|7|.143|8|10|.800|4|27|11|6|2|22|18||31|58|.534|6|10|.600|16|25|.640|9|30|18|10|6|9|14
8|8|2010-12-15||Jacksonville|W|69|64|22|49|.449|7|16|.438|18|23|.783|7|28|14|7|6|16|14||25|57|.439|4|13|.308|10|12|.833|9|30|13|9|5|19|21
9|9|2010-12-18|@|Missouri State|L|65|81|25|54|.463|2|12|.167|13|19|.684|5|19|10|5|1|7|24||28|44|.636|5|14|.357|20|31|.645|6|32|11|0|2|9|18
10|10|2010-12-22|N|Northeastern|W|71|49|26|50|.520|7|16|.438|12|18|.667|3|24|14|6|2|10|17||16|44|.364|4|12|.333|13|19|.684|5|25|9|4|1|17|15
11|11|2010-12-23|N|Southern Mississippi|L|67|74|24|50|.480|10|20|.500|9|13|.692|4|23|13|5|0|21|26||24|55|.436|2|6|.333|24|30|.800|13|33|3|10|5|15|14
12|12|2010-12-24|N|Mississippi|L|61|69|24|60|.400|8|23|.348|5|13|.385|7|21|14|9|2|7|23||19|41|.463|6|13|.462|25|29|.862|9|40|7|3|3|19|14
13|13|2011-01-01||Bowling Green State|L|61|67|17|46|.370|4|19|.211|23|34|.676|9|25|14|5|5|14|20||25|48|.521|0|4|.000|17|23|.739|7|31|17|9|1|12|22
14|14|2011-01-05||Dayton|L|50|60|19|52|.365|5|24|.208|7|13|.538|6|25|5|5|3|12|20||21|46|.457|3|11|.273|15|23|.652|8|31|14|8|6|13|14
15|15|2011-01-09|@|Temple|L|53|57|24|55|.436|0|7|.000|5|10|.500|10|37|12|4|4|15|19||19|62|.306|3|8|.375|16|20|.800|13|31|7|5|5|7|16
16|16|2011-01-12|@|Duquesne|L|45|67|17|46|.370|6|19|.316|5|12|.417|8|29|12|2|3|20|24||23|51|.451|6|16|.375|15|24|.625|9|30|13|6|6|7|19
17|17|2011-01-15||Saint Joseph's|W|67|51|20|60|.333|6|15|.400|21|29|.724|15|37|15|9|5|5|15||20|50|.400|4|12|.333|7|12|.583|7|32|6|0|3|14|21
18|18|2011-01-19|N|Fordham|W|68|55|23|49|.469|9|20|.450|13|20|.650|5|30|16|8|2|17|30||14|47|.298|1|8|.125|26|32|.813|7|29|7|5|3|18|22
19|19|2011-01-26||Rhode Island|L|57|59|23|60|.383|4|22|.182|7|9|.778|10|30|9|2|5|6|15||25|51|.490|3|7|.429|6|13|.462|10|34|7|4|8|8|12
20|20|2011-01-29|@|George Washington|L|46|52|18|48|.375|5|17|.294|5|7|.714|6|19|11|6|4|12|18||19|41|.463|5|15|.333|9|13|.692|7|28|8|6|5|16|16
21|21|2011-02-02||Massachusetts|W|69|53|19|55|.345|10|31|.323|21|27|.778|6|31|17|5|2|7|17||21|60|.350|1|9|.111|10|13|.769|10|36|6|5|2|13|19
22|22|2011-02-05|@|Xavier|L|68|76|21|46|.457|8|21|.381|18|20|.900|1|24|17|5|4|10|21||27|56|.482|7|14|.500|15|22|.682|10|33|14|5|5|10|12
23|23|2011-02-09||La Salle|L|77|78|31|61|.508|4|14|.286|11|18|.611|14|34|21|7|4|17|17||29|60|.483|6|15|.400|14|21|.667|9|29|15|14|4|13|20
24|24|2011-02-12|@|Richmond|L|52|64|22|52|.423|1|12|.083|7|12|.583|7|29|9|1|0|15|22||23|48|.479|7|20|.350|11|20|.550|5|27|14|8|7|11|15
25|25|2011-02-16|@|St. Bonaventure|L|73|83|26|52|.500|2|16|.125|19|23|.826|7|24|16|9|2|17|22||27|49|.551|8|14|.571|21|27|.778|7|24|14|3|2|18|17
26|26|2011-02-19||Charlotte|W|61|56|26|62|.419|5|19|.263|4|13|.308|17|39|18|5|6|11|9||21|54|.389|5|12|.417|9|10|.900|10|32|9|8|3|14|14
27|27|2011-02-22||Chicago State|W|90|52|36|70|.514|5|14|.357|13|19|.684|14|45|18|7|6|13|12||18|58|.310|2|13|.154|14|17|.824|7|20|9|8|2|16|18
28|28|2011-02-26||Duquesne|W|62|51|24|53|.453|3|13|.231|11|21|.524|12|38|12|8|4|15|18||19|58|.328|2|14|.143|11|16|.688|13|33|10|7|6|15|20
29|29|2011-03-02|@|Dayton|W|69|51|26|49|.531|10|18|.556|7|9|.778|6|31|18|5|5|20|22||17|51|.333|1|7|.143|16|24|.667|7|24|8|3|2|16|9
30|30|2011-03-05||Xavier|L|55|66|21|57|.368|4|15|.267|9|14|.643|2|23|13|10|5|9|22||20|48|.417|4|10|.400|22|28|.786|10|40|6|6|4|16|14
31|31|2011-03-08|@|Rhode Island|L|61|70|21|53|.396|6|16|.375|13|18|.722|8|27|12|8|2|15|18||22|51|.431|7|20|.350|19|21|.905|3|29|12|8|6|12|18
