ranker|game_season|date_game|game_location|opp_id|game_result|pts|opp_pts|fg|fga|fg_pct|fg3|fg3a|fg3_pct|ft|fta|ft_pct|orb|trb|ast|stl|blk|tov|pf|x|opp_fg|opp_fga|opp_fg_pct|opp_fg3|opp_fg3a|opp_fg3_pct|opp_ft|opp_fta|opp_ft_pct|opp_orb|opp_trb|opp_ast|opp_stl|opp_blk|opp_tov|opp_pf|
1|1|2010-11-12|@|Youngstown State|L|61|64|23|46|.500|3|16|.188|12|28|.429|8|33|13|5|0|11|16||22|60|.367|9|33|.273|11|17|.647|15|34|12|8|5|10|22
2|2|2010-11-15||Tennessee Wesleyan|W|57|54|18|52|.346|12|30|.400|9|15|.600|8|37|14|6|2|16|9||20|61|.328|11|33|.333|3|5|.600|10|35|10|6|3|15|18
3|3|2010-11-19|@|Auburn|W|79|68|26|45|.578|18|33|.545|9|15|.600|1|24|22|5|2|10|15||25|59|.424|8|19|.421|10|15|.667|11|32|11|5|0|10|19
4|4|2010-11-20|N|Middle Tennessee|L|55|68|16|42|.381|9|23|.391|14|21|.667|3|23|8|8|0|17|21||21|53|.396|5|14|.357|21|31|.677|13|34|10|10|1|12|21
5|5|2010-11-21|N|Campbell|W|60|56|18|41|.439|14|30|.467|10|16|.625|5|19|16|6|4|13|14||19|48|.396|6|13|.462|12|15|.800|10|30|7|8|4|14|17
6|6|2010-11-24||Jacksonville|L|49|60|13|41|.317|5|21|.238|18|28|.643|7|29|7|5|1|21|25||21|52|.404|1|7|.143|17|30|.567|12|37|7|14|2|13|24
7|7|2010-11-27|@|Georgia State|W (1 OT)|70|61|20|46|.435|7|19|.368|23|30|.767|2|34|13|3|0|12|19||22|63|.349|8|23|.348|9|17|.529|10|35|13|4|4|11|28
8|8|2010-12-02||Western Carolina|W|63|58|19|42|.452|7|21|.333|18|24|.750|4|29|13|6|1|18|13||19|54|.352|8|22|.364|12|17|.706|11|32|11|10|4|17|22
9|9|2010-12-04||Appalachian State|L|69|78|27|56|.482|9|26|.346|6|9|.667|7|23|18|7|4|18|20||26|51|.510|7|19|.368|19|22|.864|5|27|11|10|4|15|14
10|10|2010-12-11||Texas-Arlington|W|68|60|23|51|.451|14|34|.412|8|12|.667|5|25|21|11|2|13|13||22|56|.393|11|30|.367|5|6|.833|9|31|14|6|2|17|16
11|11|2010-12-18||Asbury|W|80|67|29|52|.558|10|24|.417|12|18|.667|7|26|16|7|2|12|18||21|54|.389|10|25|.400|15|20|.750|10|28|12|8|2|14|20
12|12|2010-12-20|@|Texas-San Antonio|W|74|73|22|55|.400|18|39|.462|12|19|.632|5|28|19|7|4|14|17||24|57|.421|9|22|.409|16|21|.762|8|36|14|9|2|15|16
13|13|2010-12-22|@|Creighton|L|40|58|16|44|.364|6|22|.273|2|4|.500|1|16|13|6|1|12|14||22|53|.415|8|23|.348|6|10|.600|15|42|14|4|3|15|11
14|14|2010-12-31||Eastern Michigan|W|55|51|16|39|.410|9|24|.375|14|16|.875|2|18|11|10|1|16|10||21|42|.500|6|20|.300|3|3|1.000|4|26|15|10|2|21|15
15|15|2011-01-06|@|North Carolina-Greensboro|W|68|64|24|53|.453|8|23|.348|12|16|.750|7|28|16|6|2|11|16||24|56|.429|7|21|.333|9|17|.529|11|32|10|6|2|13|18
16|16|2011-01-08|@|Elon|L|54|67|17|48|.354|8|26|.308|12|14|.857|4|24|10|4|3|13|23||16|49|.327|8|23|.348|27|34|.794|14|42|9|8|2|13|18
17|17|2011-01-15|@|Chattanooga|L|60|65|19|49|.388|12|38|.316|10|14|.714|5|32|15|3|2|15|17||20|61|.328|11|30|.367|14|17|.824|12|38|15|4|0|10|14
18|18|2011-01-17||Citadel|L|50|61|16|51|.314|7|33|.212|11|14|.786|7|26|11|3|1|8|17||21|45|.467|5|14|.357|14|18|.778|7|31|9|5|2|9|17
19|19|2011-01-20|@|Furman|L|55|74|19|43|.442|6|20|.300|11|14|.786|2|16|9|4|0|8|22||25|45|.556|15|24|.625|9|15|.600|8|28|17|2|3|10|15
20|20|2011-01-22|@|Wofford|L|43|81|14|47|.298|6|23|.261|9|13|.692|5|17|8|4|2|11|15||31|61|.508|8|19|.421|11|21|.524|19|45|17|8|2|7|14
21|21|2011-01-27||Elon|W|69|67|25|47|.532|12|21|.571|7|12|.583|4|24|14|7|2|11|14||24|61|.393|12|36|.333|7|13|.538|16|37|14|2|2|14|14
22|22|2011-01-29||North Carolina-Greensboro|L|72|91|24|50|.480|7|24|.292|17|21|.810|6|23|11|6|4|17|26||24|46|.522|12|22|.545|31|35|.886|6|27|13|9|1|14|19
23|23|2011-02-03||Davidson|L|49|62|16|44|.364|2|17|.118|15|24|.625|6|20|2|7|5|9|15||21|54|.389|12|25|.480|8|10|.800|15|40|13|2|4|15|23
24|24|2011-02-05|@|Georgia Southern|W|58|50|21|47|.447|5|15|.333|11|17|.647|5|19|12|12|1|10|15||19|43|.442|2|12|.167|10|12|.833|7|28|8|6|3|16|18
25|25|2011-02-10|@|Appalachian State|L|59|65|22|50|.440|14|33|.424|1|2|.500|6|26|14|3|1|12|15||26|53|.491|4|15|.267|9|14|.643|9|29|7|7|2|5|8
26|26|2011-02-12|@|Western Carolina|L|63|85|23|46|.500|6|18|.333|11|17|.647|5|26|15|2|0|16|12||37|67|.552|6|15|.400|5|8|.625|11|32|19|8|3|6|15
27|27|2011-02-16||Wofford|L|68|81|22|48|.458|5|19|.263|19|30|.633|5|21|10|8|1|11|20||28|47|.596|7|12|.583|18|29|.621|7|26|9|5|5|17|26
28|28|2011-02-19||Furman|L|63|70|22|41|.537|10|23|.435|9|14|.643|3|17|18|7|1|16|24||20|47|.426|7|20|.350|23|27|.852|10|27|11|4|3|14|16
29|29|2011-02-21|@|College of Charleston|L|49|75|19|56|.339|7|28|.250|4|6|.667|10|28|11|6|0|16|12||32|65|.492|8|28|.286|3|6|.500|13|36|15|5|6|10|10
30|30|2011-02-26||Chattanooga|L (1 OT)|72|77|25|55|.455|15|36|.417|7|13|.538|3|23|21|4|0|11|16||27|61|.443|10|32|.313|13|16|.813|10|37|11|6|1|13|18
31|31|2011-03-04|N|Furman|L|48|61|13|37|.351|4|17|.235|18|24|.750|6|20|8|4|0|16|20||22|48|.458|6|18|.333|11|19|.579|13|28|12|7|3|13|23
