ranker|game_season|date_game|game_location|opp_id|game_result|pts|opp_pts|fg|fga|fg_pct|fg3|fg3a|fg3_pct|ft|fta|ft_pct|orb|trb|ast|stl|blk|tov|pf|x|opp_fg|opp_fga|opp_fg_pct|opp_fg3|opp_fg3a|opp_fg3_pct|opp_ft|opp_fta|opp_ft_pct|opp_orb|opp_trb|opp_ast|opp_stl|opp_blk|opp_tov|opp_pf|
1|1|2010-11-13|@|Long Beach State|W|81|65|33|65|.508|9|25|.360|6|7|.857|10|41|18|6|3|12|16||24|64|.375|5|23|.217|12|19|.632|12|32|11|6|0|9|11
2|2|2010-11-16|@|Gonzaga|W|79|76|33|65|.508|5|13|.385|8|15|.533|18|33|12|9|1|15|24||25|52|.481|5|18|.278|21|27|.778|8|26|10|7|2|14|17
3|3|2010-11-20|N|Green Bay|W|79|70|29|48|.604|0|7|.000|21|36|.583|11|35|12|4|4|15|18||24|64|.375|6|15|.400|16|20|.800|13|25|12|6|4|11|28
4|4|2010-11-21|N|IUPUI|W|61|46|25|50|.500|7|17|.412|4|4|1.000|11|25|11|8|2|14|18||15|36|.417|5|13|.385|11|15|.733|6|15|7|7|2|17|8
5|5|2010-11-22|@|Miami (OH)|W|77|56|28|56|.500|7|16|.438|14|18|.778|11|30|13|7|4|12|16||18|49|.367|8|21|.381|12|15|.800|8|24|8|3|2|19|16
6|6|2010-11-26||San Diego Christian|W|88|69|38|63|.603|8|15|.533|4|9|.444|11|35|19|6|4|12|10||25|59|.424|10|28|.357|9|9|1.000|8|22|17|5|1|12|8
7|7|2010-12-01||Saint Mary's (CA)|W|69|55|27|60|.450|5|13|.385|10|15|.667|10|33|10|9|10|9|9||22|56|.393|9|18|.500|2|4|.500|6|32|9|5|1|16|19
8|8|2010-12-04||Wichita State|W|83|69|30|59|.508|4|14|.286|19|30|.633|9|34|15|10|5|8|17||26|56|.464|9|18|.500|8|12|.667|5|25|13|6|6|13|25
9|9|2010-12-08|@|California|W|77|57|28|59|.475|10|22|.455|11|19|.579|8|27|16|6|7|8|21||18|48|.375|0|9|.000|21|28|.750|12|34|13|4|0|18|18
10|10|2010-12-11||San Diego|W|77|49|28|60|.467|5|16|.313|16|20|.800|11|33|15|6|4|4|10||20|52|.385|3|15|.200|6|9|.667|7|28|6|1|1|10|17
11|11|2010-12-13||Cal Poly|W|51|45|16|46|.348|0|18|.000|19|24|.792|11|33|12|6|10|14|17||14|48|.292|8|22|.364|9|13|.692|9|24|7|10|1|13|24
12|12|2010-12-18||California-Santa Barbara|W|90|64|32|57|.561|12|24|.500|14|17|.824|11|32|19|1|4|9|15||25|64|.391|5|17|.294|9|10|.900|17|32|16|2|0|13|17
13|13|2010-12-21|N|San Francisco|W|62|56|24|47|.511|5|17|.294|9|13|.692|8|27|10|6|6|15|13||21|50|.420|6|16|.375|8|14|.571|8|26|11|10|0|14|19
14|14|2010-12-22|N|IUPUI|W|56|54|23|49|.469|3|20|.150|7|9|.778|7|23|11|7|2|11|12||21|44|.477|4|12|.333|8|11|.727|7|24|8|2|1|16|10
15|15|2010-12-31||Occidental|W|93|50|36|59|.610|8|18|.444|13|17|.765|14|40|19|8|3|11|10||22|53|.415|5|13|.385|1|2|.500|1|9|15|7|2|12|15
16|16|2011-01-05|@|Texas Christian|W|66|53|29|65|.446|4|22|.182|4|6|.667|13|38|17|8|5|9|12||20|55|.364|5|21|.238|8|12|.667|11|34|11|3|1|12|13
17|17|2011-01-08|@|Utah|W|71|62|28|64|.438|7|20|.350|8|18|.444|13|36|15|3|4|11|15||23|60|.383|4|15|.267|12|18|.667|12|37|9|4|2|13|19
18|18|2011-01-12||Nevada-Las Vegas|W|55|49|19|53|.358|4|17|.235|13|17|.765|8|40|10|2|4|10|12||22|61|.361|1|18|.056|4|7|.571|8|29|9|5|3|9|19
19|19|2011-01-15|@|New Mexico|W|87|77|27|55|.491|13|25|.520|20|29|.690|8|37|19|3|7|8|23||22|58|.379|7|16|.438|26|35|.743|11|33|15|5|5|5|23
20|20|2011-01-19||Air Force|W|68|55|25|54|.463|11|26|.423|7|16|.438|16|34|14|8|4|10|10||22|43|.512|6|11|.545|5|6|.833|4|19|16|3|0|11|17
21|21|2011-01-26|@|Brigham Young|L|58|71|22|62|.355|5|20|.250|9|15|.600|14|35|10|5|4|12|14||25|56|.446|5|15|.333|16|19|.842|8|31|10|8|9|7|14
22|22|2011-01-29||Wyoming|W|96|57|35|65|.538|17|33|.515|9|15|.600|12|44|20|6|11|11|19||19|64|.297|4|16|.250|15|22|.682|13|34|6|6|2|11|16
23|23|2011-02-02|@|Colorado State|W|56|54|22|55|.400|4|16|.250|8|10|.800|4|32|11|7|3|13|18||19|52|.365|2|8|.250|14|22|.636|6|34|14|6|2|11|16
24|24|2011-02-05||Texas Christian|W|60|53|20|51|.392|2|9|.222|18|24|.750|12|36|11|3|2|7|9||21|53|.396|5|16|.313|6|9|.667|5|22|11|1|4|6|20
25|25|2011-02-08||Utah|W|85|53|32|71|.451|5|11|.455|16|26|.615|15|47|17|9|6|4|15||22|62|.355|3|12|.250|6|12|.500|8|32|9|2|5|15|21
26|26|2011-02-12|@|Nevada-Las Vegas|W|63|57|20|47|.426|3|7|.429|20|22|.909|8|32|7|4|2|14|19||22|58|.379|1|15|.067|12|19|.632|14|30|8|4|2|8|17
27|27|2011-02-16||New Mexico|W|68|62|21|52|.404|5|8|.625|21|31|.677|12|29|10|6|9|9|16||22|53|.415|5|12|.417|13|17|.765|12|33|13|5|8|17|22
28|28|2011-02-19|@|Air Force|W|70|58|20|57|.351|6|24|.250|24|33|.727|20|49|11|3|5|11|18||19|50|.380|4|19|.211|16|22|.727|4|22|12|6|5|7|23
29|29|2011-02-26||Brigham Young|L|67|80|25|63|.397|6|17|.353|11|16|.688|15|37|14|8|3|11|13||27|58|.466|14|24|.583|12|14|.857|7|32|18|8|7|12|15
30|30|2011-03-01|@|Wyoming|W|85|58|32|61|.525|2|13|.154|19|24|.792|10|40|12|7|4|15|18||23|54|.426|2|16|.125|10|18|.556|7|25|7|7|4|17|19
31|31|2011-03-05||Colorado State|W|66|48|23|50|.460|2|18|.111|18|19|.947|9|29|9|5|8|10|12||18|49|.367|2|12|.167|10|15|.667|10|27|8|8|1|15|15
32|32|2011-03-10|N|Utah|W|64|50|24|60|.400|7|18|.389|9|16|.563|12|37|18|10|3|16|9||21|53|.396|3|13|.231|5|6|.833|6|29|8|4|7|20|13
33|33|2011-03-11|N|Nevada-Las Vegas|W|74|72|27|56|.482|5|10|.500|15|19|.789|11|31|12|8|3|14|16||25|55|.455|5|15|.333|17|18|.944|8|29|14|8|2|12|16
34|34|2011-03-12|N|Brigham Young|W|72|54|28|62|.452|5|15|.333|11|14|.786|14|37|12|8|2|6|12||19|59|.322|6|24|.250|10|13|.769|13|32|7|2|4|9|10
35|35|2011-03-17|N|Northern Colorado|W|68|50|27|66|.409|9|22|.409|5|8|.625|14|42|11|5|5|3|8||19|56|.339|8|22|.364|4|8|.500|7|31|8|2|0|8|7
36|36|2011-03-19|N|Temple|W (2 OT)|71|64|28|65|.431|6|11|.545|9|9|1.000|11|40|13|6|6|13|14||25|66|.379|6|14|.429|8|11|.727|9|30|13|3|1|11|15
37|37|2011-03-24|N|Connecticut|L|67|74|27|64|.422|7|22|.318|6|13|.462|12|32|14|4|1|9|14||27|57|.474|8|16|.500|12|16|.750|5|30|13|5|3|9|16
