ranker|game_season|date_game|game_location|opp_id|game_result|pts|opp_pts|fg|fga|fg_pct|fg3|fg3a|fg3_pct|ft|fta|ft_pct|orb|trb|ast|stl|blk|tov|pf|x|opp_fg|opp_fga|opp_fg_pct|opp_fg3|opp_fg3a|opp_fg3_pct|opp_ft|opp_fta|opp_ft_pct|opp_orb|opp_trb|opp_ast|opp_stl|opp_blk|opp_tov|opp_pf|
1|1|2010-11-13|@|Charlotte|L|81|90|27|64|.422|4|20|.200|23|31|.742|9|30|14|9|3|15|36||25|54|.463|7|22|.318|33|49|.673|12|38|12|9|3|17|26
2|2|2010-11-16||Anderson (SC)|W|94|83|36|56|.643|7|14|.500|15|20|.750|6|33|24|6|1|15|22||31|59|.525|6|20|.300|15|24|.625|6|22|15|7|0|10|19
3|3|2010-11-19||Carver Bible|W|69|67|21|56|.375|2|13|.154|25|37|.676|15|41|8|12|4|22|16||24|56|.429|4|17|.235|15|22|.682|7|25|9|14|3|17|26
4|4|2010-11-23||Furman|L|55|59|19|47|.404|3|13|.231|14|23|.609|8|27|9|7|1|17|26||17|42|.405|10|24|.417|15|24|.625|7|30|11|3|5|18|20
5|5|2010-11-26|@|Clemson|L|54|69|20|49|.408|3|9|.333|11|14|.786|4|19|10|9|2|17|17||23|49|.469|6|21|.286|17|21|.810|8|29|14|8|6|18|14
6|6|2010-11-30||Allen|W|68|56|24|51|.471|2|11|.182|18|24|.750|9|38|12|11|9|18|23||16|53|.302|6|22|.273|18|27|.667|7|27|5|9|0|15|23
7|7|2010-12-04||North Carolina Central|L (1 OT)|71|74|25|64|.391|4|25|.160|17|25|.680|18|36|10|4|5|13|19||28|54|.519|11|23|.478|7|13|.538|8|27|15|4|2|17|20
8|8|2010-12-08||Voorhees|W|96|50|37|62|.597|9|23|.391|13|20|.650|13|45|24|5|7|12|17||16|55|.291|3|13|.231|15|18|.833|5|19|7|6|0|10|15
9|9|2010-12-17|@|Northern Iowa|L|52|66|17|46|.370|10|21|.476|8|15|.533|9|24|10|3|1|19|27||25|46|.543|6|16|.375|10|13|.769|6|27|11|3|6|16|18
10|10|2010-12-19|@|Indiana|L|60|102|24|58|.414|4|22|.182|8|13|.615|6|25|9|3|3|18|24||35|63|.556|10|22|.455|22|30|.733|12|35|24|10|2|8|13
11|11|2010-12-22|N|Citadel|L|57|67|22|61|.361|7|23|.304|6|11|.545|12|30|9|5|7|12|14||26|64|.406|3|10|.300|12|17|.706|16|45|10|5|2|11|12
12|12|2010-12-23|N|Longwood|L|73|90|28|59|.475|5|19|.263|12|17|.706|11|32|11|6|2|20|20||33|59|.559|10|19|.526|14|21|.667|7|27|17|9|0|11|17
13|13|2011-01-04|@|South Carolina|L|56|91|22|64|.344|2|11|.182|10|16|.625|13|28|7|5|4|18|18||33|62|.532|10|24|.417|15|22|.682|12|38|17|8|15|16|16
14|14|2011-01-08||Maryland-Eastern Shore|W|71|69|23|56|.411|4|14|.286|21|29|.724|13|34|10|7|6|17|20||26|54|.481|8|22|.364|9|17|.529|5|21|10|6|1|12|24
15|15|2011-01-10||Delaware State|L|60|62|24|50|.480|5|15|.333|7|10|.700|10|32|12|3|3|19|17||21|54|.389|8|27|.296|12|18|.667|8|20|13|12|5|11|14
16|16|2011-01-15|@|Morgan State|L|55|71|16|41|.390|1|9|.111|22|31|.710|4|20|9|3|4|18|22||25|54|.463|1|9|.111|20|30|.667|14|34|16|7|5|10|26
17|17|2011-01-17|@|Coppin State|L|80|84|29|64|.453|12|24|.500|10|19|.526|13|34|18|5|6|15|22||26|60|.433|10|25|.400|22|27|.815|12|33|9|9|4|11|17
18|18|2011-01-22|@|North Carolina A&T|L (1 OT)|74|84|28|78|.359|12|36|.333|6|13|.462|15|42|17|6|5|15|28||27|61|.443|6|22|.273|24|37|.649|9|36|12|8|10|14|14
19|19|2011-01-24|@|Norfolk State|L|61|84|20|56|.357|6|17|.353|15|23|.652|8|27|10|5|1|17|16||30|61|.492|9|21|.429|15|20|.750|10|31|17|8|6|13|19
20|20|2011-01-29||Bethune-Cookman|L|60|61|23|47|.489|8|15|.533|6|10|.600|7|23|10|6|5|19|20||21|51|.412|3|13|.231|16|21|.762|13|33|10|5|2|21|15
21|21|2011-01-31||Florida A&M|W|90|75|33|58|.569|7|18|.389|17|23|.739|8|26|18|5|5|12|20||26|59|.441|7|19|.368|16|20|.800|12|29|13|7|6|15|23
22|22|2011-02-05|@|Hampton|L|53|64|17|61|.279|7|23|.304|12|19|.632|15|38|10|1|0|14|20||23|53|.434|2|16|.125|16|23|.696|9|36|16|8|5|12|17
23|23|2011-02-07|@|Howard|L|53|65|18|49|.367|4|19|.211|13|18|.722|12|27|8|4|4|18|20||21|48|.438|2|10|.200|21|26|.808|9|24|12|8|2|13|18
24|24|2011-02-12||Coppin State|L|62|70|24|55|.436|10|26|.385|4|6|.667|12|25|13|5|2|20|14||24|60|.400|7|22|.318|15|20|.750|18|34|15|12|1|14|12
25|25|2011-02-14||Morgan State|L|66|72|26|55|.473|5|15|.333|9|21|.429|7|23|18|10|9|9|21||24|51|.471|8|18|.444|16|22|.727|11|36|17|5|2|17|21
26|26|2011-02-19||North Carolina A&T|W|71|57|25|62|.403|11|30|.367|10|12|.833|14|39|19|10|2|9|21||17|42|.405|8|25|.320|15|30|.500|6|26|11|4|3|11|15
27|27|2011-02-21||Norfolk State|W|64|62|18|57|.316|5|12|.417|23|30|.767|18|43|11|8|1|16|17||20|50|.400|7|21|.333|15|26|.577|7|30|17|10|9|15|21
28|28|2011-02-26|@|Bethune-Cookman|L|72|76|27|59|.458|4|13|.308|14|20|.700|11|25|9|12|2|14|23||23|50|.460|5|15|.333|25|34|.735|14|34|16|9|0|19|18
29|29|2011-02-28|@|Florida A&M|W|65|53|26|60|.433|4|15|.267|9|11|.818|11|40|9|3|0|12|20||18|54|.333|6|21|.286|11|23|.478|12|31|8|7|1|10|17
30|30|2011-03-03|@|North Carolina Central|L|62|78|24|48|.500|4|11|.364|10|15|.667|6|21|9|11|3|20|26||22|48|.458|2|10|.200|32|38|.842|10|28|14|10|2|19|23
31|31|2011-03-08|N|Delaware State|W|64|59|21|43|.488|6|9|.667|16|22|.727|11|31|10|3|2|15|14||21|52|.404|7|21|.333|10|13|.769|9|21|11|7|3|9|18
32|32|2011-03-09|N|Bethune-Cookman|L|50|66|20|45|.444|1|14|.071|9|14|.643|5|25|8|1|7|13|15||22|54|.407|5|11|.455|17|20|.850|9|27|15|4|3|7|16
