ranker|game_season|date_game|game_location|opp_id|game_result|pts|opp_pts|fg|fga|fg_pct|fg3|fg3a|fg3_pct|ft|fta|ft_pct|orb|trb|ast|stl|blk|tov|pf|x|opp_fg|opp_fga|opp_fg_pct|opp_fg3|opp_fg3a|opp_fg3_pct|opp_ft|opp_fta|opp_ft_pct|opp_orb|opp_trb|opp_ast|opp_stl|opp_blk|opp_tov|opp_pf|
1|1|2010-11-12|@|Eastern Illinois|W|67|55|22|57|.386|10|20|.500|13|17|.765|7|31|12|4|4|11|19||20|54|.370|3|11|.273|12|21|.571|9|37|10|4|6|13|23
2|2|2010-11-14|@|Iowa|W|79|69|29|67|.433|10|21|.476|11|15|.733|8|33|18|11|4|10|21||24|59|.407|3|10|.300|18|25|.720|9|40|10|3|2|18|17
3|3|2010-11-18||Southwest State (MN)|W|94|80|31|64|.484|8|17|.471|24|32|.750|11|33|12|8|5|10|13||31|67|.463|7|18|.389|11|12|.917|13|36|16|5|1|22|23
4|4|2010-11-23||Idaho State|W|79|47|29|61|.475|8|20|.400|13|22|.591|13|38|16|8|2|11|15||17|46|.370|5|15|.333|8|16|.500|8|29|6|7|4|20|18
5|5|2010-11-27||Eastern Illinois|W|84|58|31|59|.525|13|21|.619|9|11|.818|7|28|19|2|1|8|17||19|50|.380|4|10|.400|16|20|.800|7|27|14|4|1|10|15
6|6|2010-11-30||Nevada|W|82|65|26|60|.433|6|18|.333|24|34|.706|14|32|13|11|2|7|20||23|47|.489|6|15|.400|13|21|.619|7|31|10|2|4|22|26
7|7|2010-12-04||North Dakota State|L|75|82|26|71|.366|7|27|.259|16|22|.727|13|31|10|7|4|9|17||33|72|.458|4|13|.308|12|17|.706|23|50|6|5|5|18|22
8|8|2010-12-08||Mayville State|W|84|57|32|67|.478|7|17|.412|13|22|.591|16|44|20|6|4|11|16||21|56|.375|8|18|.444|7|16|.438|9|25|12|8|1|15|23
9|9|2010-12-11||Milwaukee|L|70|82|28|62|.452|5|17|.294|9|12|.750|12|28|14|7|2|6|19||27|43|.628|14|23|.609|14|18|.778|4|27|17|3|1|16|16
10|10|2010-12-18|@|Western Michigan|L|74|77|25|57|.439|6|21|.286|18|30|.600|8|30|12|9|5|12|23||28|58|.483|3|8|.375|18|23|.783|10|32|7|7|3|16|25
11|11|2010-12-20|@|Central Michigan|W|72|69|24|48|.500|7|16|.438|17|23|.739|8|35|12|1|7|19|18||27|70|.386|4|14|.286|11|17|.647|17|33|8|12|3|9|24
12|12|2010-12-23|@|Minnesota|L|73|85|26|65|.400|10|27|.370|11|13|.846|9|29|17|6|0|16|23||32|61|.525|5|15|.333|16|26|.615|14|34|19|6|5|12|14
13|13|2010-12-30|@|Missouri-Kansas City|W|91|71|35|63|.556|9|20|.450|12|14|.857|7|27|17|6|2|10|15||26|54|.481|6|19|.316|13|19|.684|8|28|8|6|6|14|15
14|14|2011-01-01|@|Southern Utah|W|105|95|32|59|.542|10|20|.500|31|46|.674|11|29|16|6|1|13|28||32|59|.542|8|12|.667|23|28|.821|8|27|16|3|5|16|32
15|15|2011-01-06||Centenary (LA)|W|86|62|31|61|.508|9|20|.450|15|23|.652|13|43|23|5|3|10|16||21|54|.389|4|12|.333|16|23|.696|6|27|11|6|4|10|15
16|16|2011-01-08||Oral Roberts|L|82|90|29|59|.492|13|29|.448|11|21|.524|8|21|14|7|1|9|15||34|52|.654|14|17|.824|8|10|.800|4|33|19|6|1|19|21
17|17|2011-01-13|@|Western Illinois|W|81|50|29|56|.518|13|21|.619|10|17|.588|7|31|14|7|1|6|17||18|45|.400|6|14|.429|8|14|.571|5|26|8|3|0|12|16
18|18|2011-01-15|@|IUPUI|L|76|81|27|56|.482|11|26|.423|11|12|.917|10|25|15|3|3|12|17||34|57|.596|5|13|.385|8|13|.615|10|24|15|5|3|7|14
19|19|2011-01-20||Oakland|L|88|97|35|77|.455|11|27|.407|7|10|.700|14|30|23|7|0|5|18||37|67|.552|12|26|.462|11|17|.647|15|43|18|3|3|13|15
20|20|2011-01-22||IPFW|W|87|52|30|63|.476|10|24|.417|17|19|.895|11|38|17|5|5|6|18||18|52|.346|2|16|.125|14|19|.737|9|27|6|2|4|12|17
21|21|2011-01-27||Missouri-Kansas City|L|58|63|22|63|.349|6|24|.250|8|12|.667|14|32|13|5|5|10|18||21|49|.429|5|18|.278|16|21|.762|7|34|9|4|4|16|17
22|22|2011-01-29||Southern Utah|W|96|79|32|57|.561|13|23|.565|19|23|.826|9|24|19|12|4|12|17||30|52|.577|10|15|.667|9|12|.750|8|22|18|5|3|20|22
23|23|2011-02-03|@|Oral Roberts|L|73|77|26|58|.448|8|27|.296|13|19|.684|8|27|9|4|1|6|20||27|63|.429|1|12|.083|22|27|.815|18|42|14|3|1|8|17
24|24|2011-02-05|@|Centenary (LA)|W|102|73|35|65|.538|12|26|.462|20|26|.769|12|41|23|10|2|14|22||24|49|.490|6|12|.500|19|26|.731|2|22|11|7|2|11|21
25|25|2011-02-10||IUPUI|W|81|70|30|57|.526|9|17|.529|12|15|.800|7|32|16|4|0|8|12||27|60|.450|7|23|.304|9|9|1.000|8|26|11|6|3|9|14
26|26|2011-02-12||Western Illinois|W|82|61|24|55|.436|8|18|.444|26|27|.963|10|39|15|3|1|10|20||19|54|.352|9|21|.429|14|20|.700|7|27|11|5|0|12|22
27|27|2011-02-17|@|IPFW|W|80|64|26|56|.464|8|17|.471|20|23|.870|5|27|15|11|2|10|19||24|52|.462|5|17|.294|11|20|.550|8|27|10|6|5|16|21
28|28|2011-02-19|@|Oakland|L|96|105|36|79|.456|10|28|.357|14|17|.824|12|36|16|4|1|5|20||38|70|.543|10|27|.370|19|22|.864|9|37|22|3|9|9|14
29|29|2011-02-25|@|North Dakota State|L|61|84|19|58|.328|4|18|.222|19|30|.633|11|29|5|5|3|12|19||30|60|.500|8|17|.471|16|24|.667|13|44|15|9|1|13|22
30|30|2011-03-06|N|IPFW|W|85|75|25|56|.446|6|20|.300|29|42|.690|11|37|11|4|3|8|23||29|61|.475|5|17|.294|12|20|.600|8|30|14|1|3|8|28
31|31|2011-03-07|N|Oakland|L|90|110|32|65|.492|9|25|.360|17|23|.739|11|29|15|1|4|8|12||45|78|.577|12|21|.571|8|11|.727|14|38|22|5|2|4|18
