ranker|game_season|date_game|game_location|opp_id|game_result|pts|opp_pts|fg|fga|fg_pct|fg3|fg3a|fg3_pct|ft|fta|ft_pct|orb|trb|ast|stl|blk|tov|pf|x|opp_fg|opp_fga|opp_fg_pct|opp_fg3|opp_fg3a|opp_fg3_pct|opp_ft|opp_fta|opp_ft_pct|opp_orb|opp_trb|opp_ast|opp_stl|opp_blk|opp_tov|opp_pf|
1|1|2010-11-12|@|North Carolina State|L|69|82|24|68|.353|5|16|.313|16|22|.727|19|45|9|5|4|19|25||23|56|.411|5|18|.278|31|41|.756|8|33|15|7|13|8|19
2|2|2010-11-20|@|East Tennessee State|L|60|73|19|52|.365|5|21|.238|17|21|.810|7|35|12|3|2|17|26||22|55|.400|5|20|.250|24|30|.800|8|36|11|7|5|12|21
3|3|2010-11-28|@|Michigan State|L|55|73|20|54|.370|4|9|.444|11|16|.688|5|27|5|9|1|16|17||27|55|.491|10|24|.417|9|16|.563|7|33|22|6|4|17|15
4|4|2010-12-01||Southern Illinois-Edwardsville|W|78|65|27|63|.429|5|11|.455|19|29|.655|13|35|16|11|3|16|18||24|52|.462|6|16|.375|11|17|.647|4|21|14|7|4|20|23
5|5|2010-12-04|@|Jacksonville State|W|64|62|25|44|.568|3|6|.500|11|17|.647|4|23|15|10|2|18|19||20|43|.465|7|14|.500|15|21|.714|6|21|17|3|2|17|14
6|6|2010-12-08||High Point|L|69|80|22|60|.367|3|12|.250|22|27|.815|7|24|13|8|2|14|26||27|59|.458|6|15|.400|20|30|.667|13|34|11|4|8|20|23
7|7|2010-12-11||Lipscomb|L|94|98|35|67|.522|7|23|.304|17|24|.708|16|26|17|13|0|14|21||35|52|.673|10|19|.526|18|23|.783|7|22|13|6|1|24|16
8|8|2010-12-16|N|Hiwassee|W|113|42|44|74|.595|6|16|.375|19|36|.528|20|47|23|26|3|21|11||18|53|.340|2|10|.200|4|7|.571|4|17|10|9|2|36|24
9|9|2010-12-19||Eastern Illinois|W|65|64|24|52|.462|3|11|.273|14|22|.636|7|29|18|7|1|16|20||21|47|.447|5|10|.500|17|25|.680|5|26|10|7|1|19|22
10|10|2010-12-21||Southeast Missouri State|L|75|77|24|48|.500|5|12|.417|22|31|.710|5|26|18|5|2|18|28||23|52|.442|7|11|.636|24|34|.706|10|28|11|6|3|12|27
11|11|2010-12-30||Crowley's Ridge|W|106|44|43|70|.614|8|19|.421|12|24|.500|16|47|24|22|0|23|21||18|56|.321|5|23|.217|3|17|.176|10|20|13|9|2|29|21
12|12|2011-01-02||Bluefield College (VA)|W|74|56|26|51|.510|5|15|.333|17|21|.810|9|39|11|10|4|22|15||19|61|.311|8|22|.364|10|14|.714|9|23|12|11|3|17|20
13|13|2011-01-06|@|Morehead State|L|64|76|21|49|.429|3|13|.231|19|28|.679|8|27|11|9|1|19|24||24|56|.429|3|13|.231|25|30|.833|13|36|8|12|2|18|22
14|14|2011-01-08|@|Eastern Kentucky|W|78|66|27|42|.643|7|12|.583|17|20|.850|5|26|17|4|2|16|18||20|50|.400|10|29|.345|16|17|.941|4|10|13|8|0|11|18
15|15|2011-01-13||Tennessee-Martin|W (3 OT)|109|105|41|79|.519|4|10|.400|23|35|.657|13|41|22|14|1|21|30||37|82|.451|6|23|.261|25|39|.641|13|39|18|8|1|24|27
16|16|2011-01-15||Murray State|L|85|92|31|56|.554|6|10|.600|17|21|.810|12|31|12|3|0|15|19||33|60|.550|5|13|.385|21|27|.778|7|20|17|9|3|7|19
17|17|2011-01-20|@|Austin Peay|W|71|68|27|55|.491|6|16|.375|11|21|.524|12|35|10|8|3|22|22||21|59|.356|6|17|.353|20|28|.714|13|31|12|9|4|15|20
18|18|2011-01-22|@|Tennessee State|L|65|71|24|66|.364|7|22|.318|10|22|.455|14|42|8|2|2|11|21||23|58|.397|6|22|.273|19|31|.613|10|39|12|4|7|12|20
19|19|2011-01-27|@|Eastern Illinois|W|77|74|31|59|.525|9|18|.500|6|9|.667|11|30|15|3|4|14|15||28|60|.467|4|9|.444|14|20|.700|13|31|19|8|6|10|11
20|20|2011-01-29|@|Southeast Missouri State|W|93|86|29|51|.569|5|12|.417|30|42|.714|6|34|11|5|0|10|23||31|64|.484|5|15|.333|19|30|.633|11|29|10|3|0|7|26
21|21|2011-02-03||Eastern Kentucky|W|63|54|21|53|.396|4|16|.250|17|24|.708|11|38|12|4|2|11|18||19|49|.388|7|23|.304|9|14|.643|4|22|13|4|1|11|20
22|22|2011-02-05||Morehead State|L|60|76|25|65|.385|3|14|.214|7|15|.467|15|38|14|4|4|17|20||26|58|.448|3|15|.200|21|32|.656|8|33|15|13|1|10|17
23|23|2011-02-07||Austin Peay|W|70|64|24|51|.471|3|15|.200|19|32|.594|10|34|17|9|3|15|16||21|52|.404|3|17|.176|19|23|.826|8|28|12|5|2|17|24
24|24|2011-02-10|@|Murray State|L|44|55|17|53|.321|0|7|.000|10|17|.588|8|28|3|14|1|17|19||21|48|.438|5|15|.333|8|16|.500|9|37|15|10|5|21|15
25|25|2011-02-12|@|Tennessee-Martin|W|85|71|35|52|.673|1|6|.167|14|17|.824|6|28|18|12|5|20|15||26|56|.464|6|17|.353|13|18|.722|9|19|17|9|2|16|17
26|26|2011-02-14||Tennessee State|W|61|59|24|53|.453|4|12|.333|9|13|.692|8|26|8|6|4|14|14||20|49|.408|8|18|.444|11|12|.917|9|21|12|7|5|15|15
27|27|2011-02-19||Gardner-Webb|W|60|58|17|43|.395|4|14|.286|22|32|.688|3|29|12|6|1|17|16||20|54|.370|7|26|.269|11|15|.733|7|27|8|7|1|17|22
28|28|2011-02-22|@|Southern Illinois-Edwardsville|W|92|69|37|54|.685|2|8|.250|16|26|.615|6|30|25|14|1|19|21||25|50|.500|8|25|.320|11|18|.611|1|12|19|8|2|21|22
29|29|2011-02-26||Jacksonville State|W|77|75|28|56|.500|5|11|.455|16|26|.615|11|33|19|2|3|13|17||26|58|.448|10|21|.476|13|23|.565|9|21|17|5|7|8|21
30|30|2011-03-03|N|Tennessee-Martin|W|83|59|32|70|.457|6|15|.400|13|21|.619|15|43|12|8|4|8|12||20|56|.357|7|23|.304|12|14|.857|4|25|9|4|4|15|19
31|31|2011-03-04|N|Murray State|W|64|59|23|47|.489|3|6|.500|15|22|.682|7|30|16|5|2|15|23||17|51|.333|3|18|.167|22|29|.759|9|29|14|7|3|10|22
32|32|2011-03-05|N|Morehead State|L|73|80|22|62|.355|7|19|.368|22|27|.815|10|25|10|12|2|9|26||23|48|.479|7|16|.438|27|37|.730|14|42|15|6|7|22|23
33|33|2011-03-16|@|Western Michigan|L|66|74|21|44|.477|4|10|.400|20|39|.513|5|29|9|6|3|14|29||24|56|.429|5|13|.385|21|39|.538|12|40|14|3|2|12|26
