ranker|game_season|date_game|game_location|opp_id|game_result|pts|opp_pts|fg|fga|fg_pct|fg3|fg3a|fg3_pct|ft|fta|ft_pct|orb|trb|ast|stl|blk|tov|pf|x|opp_fg|opp_fga|opp_fg_pct|opp_fg3|opp_fg3a|opp_fg3_pct|opp_ft|opp_fta|opp_ft_pct|opp_orb|opp_trb|opp_ast|opp_stl|opp_blk|opp_tov|opp_pf|
1|1|2010-11-12||Alcorn State|W|88|56|25|56|.446|4|20|.200|34|48|.708|14|48|13|6|2|20|34||17|57|.298|3|12|.250|19|37|.514|9|29|7|7|5|19|36
2|2|2010-11-15|@|Texas A&M-Corpus Christi|W|86|65|31|60|.517|7|21|.333|17|21|.810|7|26|19|16|1|12|26||21|45|.467|3|13|.231|20|30|.667|7|24|9|7|2|20|21
3|3|2010-11-19||Texas A&M-International|W|77|46|30|65|.462|6|17|.353|11|17|.647|17|44|17|7|1|10|9||17|48|.354|6|19|.316|6|8|.750|5|23|11|5|3|15|15
4|4|2010-11-25|N|Boston College|L|65|67|22|49|.449|7|19|.368|14|17|.824|13|29|13|3|2|14|16||22|45|.489|9|19|.474|14|17|.824|5|14|14|6|1|8|18
5|5|2010-11-26|N|Manhattan|W|74|45|23|55|.418|10|26|.385|18|24|.750|15|40|17|8|1|13|18||17|55|.309|2|16|.125|9|16|.563|14|28|6|8|5|14|19
6|6|2010-11-28|N|Temple|W|54|51|17|51|.333|2|11|.182|18|27|.667|15|44|6|4|2|14|19||15|48|.313|4|16|.250|17|23|.739|7|28|9|5|4|10|24
7|7|2010-12-02||Stephen F. Austin|W|62|53|21|45|.467|8|17|.471|12|16|.750|8|33|14|3|5|16|17||18|51|.353|3|16|.188|14|19|.737|9|24|10|8|0|10|18
8|8|2010-12-04||Pacific|W|79|59|30|62|.484|10|18|.556|9|13|.692|14|35|21|5|2|11|12||24|58|.414|5|15|.333|6|6|1.000|9|27|13|6|0|12|12
9|9|2010-12-08||Prairie View|W|87|63|30|61|.492|11|24|.458|16|25|.640|13|44|20|6|4|13|16||24|65|.369|9|29|.310|6|14|.429|11|29|12|7|3|11|23
10|10|2010-12-11||Washington|W|63|62|23|56|.411|0|8|.000|17|25|.680|15|35|11|10|5|18|20||20|53|.377|6|22|.273|16|16|1.000|8|28|11|9|3|20|24
11|11|2010-12-18|N|Arkansas|W (1 OT)|71|62|22|55|.400|3|13|.231|24|31|.774|11|37|11|9|1|18|24||19|47|.404|8|24|.333|16|28|.571|8|30|7|11|11|24|27
12|12|2010-12-21||Wagner|W|86|51|30|57|.526|4|9|.444|22|31|.710|13|42|19|10|1|16|15||17|48|.354|5|18|.278|12|17|.706|2|16|13|6|5|16|23
13|13|2010-12-31||McNeese State|W|66|57|20|52|.385|3|15|.200|23|29|.793|13|34|13|4|2|9|9||23|55|.418|6|20|.300|5|8|.625|10|28|16|6|6|12|25
14|14|2011-01-03||Nicholls State|W|66|55|22|44|.500|4|11|.364|18|26|.692|6|31|18|2|0|12|20||17|43|.395|7|23|.304|14|21|.667|4|18|12|9|3|10|20
15|15|2011-01-08|@|Oklahoma|W|69|51|25|46|.543|5|17|.294|14|18|.778|5|28|17|8|1|12|13||18|45|.400|4|12|.333|11|13|.846|3|18|12|5|3|14|16
16|16|2011-01-12||Oklahoma State|W|71|48|21|46|.457|8|17|.471|21|29|.724|9|31|15|9|2|11|17||16|46|.348|4|19|.211|12|18|.667|8|26|8|5|3|18|25
17|17|2011-01-15||Missouri|W (1 OT)|91|89|28|59|.475|6|18|.333|29|38|.763|10|32|17|7|0|9|20||35|67|.522|10|25|.400|9|19|.474|13|33|18|3|6|12|26
18|18|2011-01-19|@|Texas|L|60|81|22|53|.415|6|14|.429|10|17|.588|12|23|7|2|0|8|21||29|50|.580|4|9|.444|19|22|.864|8|31|16|3|7|7|17
19|19|2011-01-22||Kansas State|W|64|56|16|43|.372|5|10|.500|27|37|.730|12|31|12|5|3|17|20||20|50|.400|5|20|.250|11|19|.579|12|27|7|5|7|16|28
20|20|2011-01-29|@|Nebraska|L|48|57|18|46|.391|6|19|.316|6|14|.429|9|29|8|2|0|14|19||21|48|.438|3|15|.200|12|17|.706|5|25|9|6|2|7|14
21|21|2011-01-31||Texas|L|49|69|17|55|.309|1|12|.083|14|21|.667|11|31|7|3|1|10|18||27|54|.500|2|8|.250|13|22|.591|9|36|15|5|9|9|21
22|22|2011-02-05||Baylor|L (1 OT)|74|76|24|56|.429|8|23|.348|18|30|.600|12|27|13|10|1|11|16||29|56|.518|7|16|.438|11|16|.688|11|32|14|3|4|17|21
23|23|2011-02-09|@|Colorado|W (1 OT)|73|70|27|57|.474|4|11|.364|15|20|.750|14|39|14|7|4|8|16||24|62|.387|7|13|.538|15|16|.938|9|23|9|5|6|9|18
24|24|2011-02-12|@|Texas Tech|W|70|67|27|52|.519|5|10|.500|11|21|.524|12|31|12|8|2|12|16||23|53|.434|8|18|.444|13|20|.650|9|22|9|4|6|9|20
25|25|2011-02-16||Iowa State|W|71|66|27|53|.509|5|19|.263|12|17|.706|10|32|15|6|0|12|12||26|58|.448|11|22|.500|3|6|.500|13|32|15|6|0|15|17
26|26|2011-02-19|@|Oklahoma State|W|67|66|18|42|.429|4|15|.267|27|35|.771|2|21|12|9|0|10|22||19|43|.442|5|15|.333|23|29|.793|7|29|9|7|5|17|25
27|27|2011-02-23||Oklahoma|W|61|47|23|48|.479|5|14|.357|10|17|.588|5|31|13|7|1|10|18||16|48|.333|5|20|.250|10|17|.588|9|28|9|5|0|12|16
28|28|2011-02-26|@|Baylor|L|51|58|19|55|.345|5|23|.217|8|15|.533|9|29|6|8|1|13|21||19|47|.404|4|14|.286|16|24|.667|9|34|8|5|8|14|15
29|29|2011-03-02|@|Kansas|L|51|64|19|48|.396|5|16|.313|8|10|.800|11|34|11|5|2|17|14||24|53|.453|8|17|.471|8|13|.615|7|26|16|11|5|9|15
30|30|2011-03-05||Texas Tech|W|66|54|22|48|.458|4|15|.267|18|30|.600|7|29|14|7|2|12|18||20|53|.377|3|16|.188|11|13|.846|6|29|7|6|7|15|21
31|31|2011-03-10|N|Missouri|W|86|71|26|45|.578|8|16|.500|26|34|.765|8|33|20|5|1|18|26||19|56|.339|3|15|.200|30|37|.811|10|24|10|12|4|11|25
32|32|2011-03-11|N|Texas|L|58|70|17|48|.354|3|11|.273|21|27|.778|13|28|7|8|0|10|19||26|53|.491|6|15|.400|12|18|.667|15|36|13|6|3|12|21
33|33|2011-03-18|N|Florida State|L|50|57|16|51|.314|9|25|.360|9|19|.474|10|29|12|6|1|11|19||20|43|.465|4|15|.267|13|20|.650|5|30|14|6|10|12|17
