ranker|game_season|date_game|game_location|opp_id|game_result|pts|opp_pts|fg|fga|fg_pct|fg3|fg3a|fg3_pct|ft|fta|ft_pct|orb|trb|ast|stl|blk|tov|pf|x|opp_fg|opp_fga|opp_fg_pct|opp_fg3|opp_fg3a|opp_fg3_pct|opp_ft|opp_fta|opp_ft_pct|opp_orb|opp_trb|opp_ast|opp_stl|opp_blk|opp_tov|opp_pf|
1|1|2010-11-12||Pacific|L|61|66|24|57|.421|3|17|.176|10|15|.667|7|34|11|7|5|13|16||26|60|.433|11|26|.423|3|10|.300|10|36|17|4|2|13|16
2|2|2010-11-14||Mercer|W|87|74|25|49|.510|5|12|.417|32|44|.727|7|34|16|7|2|15|26||22|54|.407|8|28|.286|22|33|.667|9|31|11|11|3|20|31
3|3|2010-11-20||Western Carolina|W|77|65|24|45|.533|4|6|.667|25|34|.735|5|29|18|9|8|22|20||22|62|.355|8|24|.333|13|17|.765|16|31|11|10|1|12|25
4|4|2010-11-23||New Mexico State|W|73|56|22|52|.423|12|24|.500|17|25|.680|5|24|19|11|6|11|20||21|58|.362|3|13|.231|11|22|.500|18|44|9|6|2|18|19
5|5|2010-11-26|N|Georgia Tech|L|61|71|24|54|.444|5|17|.294|8|17|.471|4|32|14|5|2|16|22||24|67|.358|5|19|.263|18|23|.783|15|42|17|10|5|11|18
6|6|2010-11-27|N|Michigan|W|65|56|28|55|.509|3|14|.214|6|9|.667|7|39|20|4|5|16|23||16|53|.302|5|29|.172|19|26|.731|9|30|5|5|2|12|15
7|7|2010-11-30|@|New Mexico State|W|74|72|27|54|.500|7|16|.438|13|21|.619|6|28|14|4|3|14|18||25|61|.410|7|18|.389|15|26|.577|17|42|9|8|5|12|17
8|8|2010-12-12||Arkansas-Pine Bluff|W|77|54|28|50|.560|8|19|.421|13|20|.650|8|37|22|11|6|23|19||21|64|.328|1|13|.077|11|18|.611|12|32|9|13|4|15|17
9|9|2010-12-15||Louisiana-Monroe|W|79|49|26|54|.481|7|17|.412|20|30|.667|9|34|19|8|3|5|17||20|50|.400|1|11|.091|8|12|.667|4|28|13|2|0|15|21
10|10|2010-12-18||Texas Tech|W|82|71|28|59|.475|6|15|.400|20|36|.556|7|33|12|5|5|10|17||27|68|.397|4|14|.286|13|19|.684|10|35|15|4|3|8|25
11|11|2010-12-20||Stephen F. Austin|W|61|52|19|41|.463|2|10|.200|21|32|.656|3|31|12|8|4|18|19||21|55|.382|5|19|.263|5|13|.385|7|29|15|6|0|16|27
12|12|2010-12-23|@|Brigham Young|L|68|89|28|63|.444|2|10|.200|10|18|.556|10|29|9|8|4|15|20||29|64|.453|12|25|.480|19|22|.864|11|39|22|7|1|14|18
13|13|2010-12-28||Western New Mexico|W|87|58|31|71|.437|8|24|.333|17|27|.630|18|47|23|13|9|16|22||21|64|.328|7|26|.269|9|23|.391|12|41|13|7|0|26|20
14|14|2010-12-29||Air Force|W|71|54|28|55|.509|9|25|.360|6|8|.750|6|34|16|5|5|12|18||19|53|.358|6|18|.333|10|12|.833|4|25|11|6|3|11|13
15|15|2011-01-02||Sam Houston State|W|74|65|29|53|.547|5|13|.385|11|19|.579|4|32|17|3|5|13|17||25|62|.403|7|17|.412|8|16|.500|11|38|14|9|1|11|20
16|16|2011-01-05||Tulsa|W|69|59|19|50|.380|4|11|.364|27|35|.771|7|23|9|12|3|5|19||17|41|.415|8|18|.444|17|19|.895|7|30|11|4|4|20|27
17|17|2011-01-08|@|Alabama-Birmingham|L (3 OT)|97|100|36|79|.456|8|22|.364|17|26|.654|13|41|23|8|4|16|26||34|68|.500|12|33|.364|20|32|.625|8|36|20|7|1|19|22
18|18|2011-01-12|@|Tulane|W|69|58|27|61|.443|8|18|.444|7|7|1.000|7|32|17|10|3|10|15||22|61|.361|5|25|.200|9|11|.818|12|35|11|4|4|13|12
19|19|2011-01-15||Rice|W|66|43|24|51|.471|7|13|.538|11|17|.647|4|30|16|11|1|6|8||18|49|.367|6|22|.273|1|2|.500|5|31|13|3|2|16|16
20|20|2011-01-22|@|Houston|W|57|52|20|56|.357|3|13|.231|14|22|.636|12|40|13|4|2|6|14||21|49|.429|6|17|.353|4|10|.400|2|28|10|3|8|7|18
21|21|2011-01-26||Tulane|W|69|65|26|49|.531|5|11|.455|12|18|.667|4|27|16|6|6|11|16||22|51|.431|9|23|.391|12|15|.800|6|27|17|6|2|14|19
22|22|2011-01-29|@|Tulsa|L|68|69|20|52|.385|9|26|.346|19|23|.826|6|22|12|5|0|7|20||27|50|.540|5|18|.278|10|22|.455|10|33|13|1|6|9|17
23|23|2011-02-05|@|Rice|W|59|53|19|41|.463|4|13|.308|17|24|.708|4|27|10|6|4|16|16||17|51|.333|7|20|.350|12|17|.706|11|32|11|12|1|12|20
24|24|2011-02-12||Southern Methodist|W|67|57|23|45|.511|6|17|.353|15|19|.789|4|26|15|2|0|9|12||23|48|.479|7|21|.333|4|5|.800|4|24|15|5|2|13|17
25|25|2011-02-16|@|Southern Mississippi|L|51|64|21|50|.420|3|10|.300|6|13|.462|4|23|15|6|1|15|20||24|53|.453|7|21|.333|9|14|.643|10|33|15|8|7|13|15
26|26|2011-02-19||Houston|W|76|64|24|52|.462|4|15|.267|24|26|.923|8|29|18|8|3|11|13||23|55|.418|6|17|.353|12|16|.750|11|29|13|6|4|17|18
27|27|2011-02-21||Central Florida|L|68|74|25|60|.417|5|13|.385|13|19|.684|11|28|10|7|2|11|23||23|48|.479|6|17|.353|22|28|.786|10|35|12|7|3|17|20
28|28|2011-02-23|@|East Carolina|L|76|83|27|63|.429|11|28|.393|11|17|.647|9|33|17|11|3|13|22||21|50|.420|6|19|.316|35|45|.778|10|39|13|7|3|16|14
29|29|2011-02-26||Memphis|W|74|47|26|53|.491|6|14|.429|16|29|.552|8|33|17|5|2|15|18||17|51|.333|1|18|.056|12|21|.571|9|32|8|10|5|20|23
30|30|2011-03-02||Marshall|W|82|74|31|52|.596|5|12|.417|15|25|.600|4|29|18|3|3|5|20||28|72|.389|7|28|.250|11|17|.647|23|43|17|1|2|10|20
31|31|2011-03-05|@|Southern Methodist|W|59|56|22|52|.423|5|12|.417|10|15|.667|8|28|10|7|3|15|14||20|47|.426|9|25|.360|7|9|.778|4|23|17|3|6|17|15
32|32|2011-03-10|N|Marshall|W|77|65|26|59|.441|5|17|.294|20|29|.690|9|33|16|6|6|7|18||23|59|.390|2|16|.125|17|22|.773|8|33|13|6|1|10|18
33|33|2011-03-11|N|Tulsa|W|66|54|23|41|.561|5|9|.556|15|23|.652|5|25|15|3|6|11|15||21|54|.389|5|18|.278|7|11|.636|11|31|9|5|1|14|20
34|34|2011-03-12|N|Memphis|L|66|67|25|53|.472|7|18|.389|9|16|.563|8|32|16|5|7|12|20||22|53|.415|8|18|.444|15|23|.652|10|31|14|8|1|15|19
35|35|2011-03-15|@|New Mexico|L|57|69|23|55|.418|3|16|.188|8|11|.727|4|25|13|4|2|12|22||22|54|.407|8|24|.333|17|22|.773|10|37|16|3|3|14|15
