ranker|game_season|date_game|game_location|opp_id|game_result|pts|opp_pts|fg|fga|fg_pct|fg3|fg3a|fg3_pct|ft|fta|ft_pct|orb|trb|ast|stl|blk|tov|pf|x|opp_fg|opp_fga|opp_fg_pct|opp_fg3|opp_fg3a|opp_fg3_pct|opp_ft|opp_fta|opp_ft_pct|opp_orb|opp_trb|opp_ast|opp_stl|opp_blk|opp_tov|opp_pf|
1|1|2010-11-13|@|Drake|L|46|60|16|41|.390|1|12|.083|13|18|.722|7|37|7|3|4|22|16||20|58|.345|9|25|.360|11|16|.688|10|29|16|14|1|9|16
2|2|2010-11-16|@|Wichita State|L|67|79|24|57|.421|6|18|.333|13|18|.722|7|24|15|9|1|10|16||26|50|.520|11|26|.423|16|22|.727|7|33|20|4|4|16|13
3|3|2010-11-18|@|Oklahoma|L|52|82|17|52|.327|5|20|.250|13|20|.650|4|17|8|5|1|13|19||28|48|.583|13|24|.542|13|16|.813|7|34|20|6|1|20|19
4|4|2010-11-21|@|Oregon State|W|66|60|25|47|.532|10|26|.385|6|8|.750|5|23|17|4|1|17|14||22|53|.415|5|24|.208|11|14|.786|12|29|10|12|0|15|14
5|5|2010-11-23|@|Oregon|L|52|75|17|43|.395|5|19|.263|13|20|.650|6|19|6|6|3|21|21||29|55|.527|5|15|.333|12|18|.667|12|31|12|12|0|13|19
6|6|2010-11-26|@|Kansas State|L|60|84|26|58|.448|5|18|.278|3|11|.273|8|21|15|9|2|17|22||32|65|.492|7|21|.333|13|19|.684|18|42|18|9|6|19|13
7|7|2010-12-04||North Texas|L|64|70|24|62|.387|4|16|.250|12|19|.632|13|29|12|4|2|5|22||20|44|.455|6|18|.333|24|31|.774|6|25|12|4|0|11|16
8|8|2010-12-12|@|Iowa State|L|54|65|19|54|.352|6|22|.273|10|15|.667|10|38|6|6|2|14|16||22|60|.367|7|28|.250|14|17|.824|12|38|15|7|5|8|15
9|9|2010-12-16|N|Texas State|W|78|64|26|46|.565|5|14|.357|21|33|.636|6|30|20|11|3|23|22||22|62|.355|4|19|.211|16|28|.571|18|33|11|12|2|24|23
10|10|2010-12-22|@|Arkansas|L|59|67|20|50|.400|4|16|.250|15|17|.882|12|33|11|6|3|20|17||25|55|.455|6|22|.273|11|16|.688|8|26|15|11|5|12|15
11|11|2011-01-02|@|Baylor|L|60|68|20|51|.392|7|14|.500|13|19|.684|7|31|9|6|5|21|24||22|52|.423|7|19|.368|17|30|.567|11|35|9|12|8|13|19
12|12|2011-01-04|@|Southern|W (1 OT)|81|74|26|55|.473|8|18|.444|21|27|.778|16|45|13|8|10|20|22||24|68|.353|8|27|.296|18|25|.720|13|28|16|5|1|11|17
13|13|2011-01-06|@|Alcorn State|W|79|66|22|59|.373|2|17|.118|33|40|.825|18|40|8|9|2|15|19||23|54|.426|7|15|.467|13|23|.565|7|25|7|5|1|19|27
14|14|2011-01-08|@|Prairie View|W|58|51|16|41|.390|5|17|.294|21|31|.677|7|38|6|7|3|18|18||17|51|.333|6|21|.286|11|21|.524|10|27|8|9|4|15|25
15|15|2011-01-15||Jackson State|W|66|62|20|40|.500|8|14|.571|18|26|.692|6|27|13|11|5|17|18||23|57|.404|4|19|.211|12|16|.750|11|28|13|10|2|13|23
16|16|2011-01-17||Grambling|W|66|41|25|57|.439|6|29|.207|10|23|.435|11|37|17|11|5|14|11||17|50|.340|2|13|.154|5|12|.417|6|30|9|4|0|21|18
17|17|2011-01-22|@|Arkansas-Pine Bluff|W|50|43|12|34|.353|3|16|.188|23|40|.575|4|27|9|9|3|19|21||15|45|.333|4|18|.222|9|19|.474|9|33|14|6|2|22|29
18|18|2011-01-24|@|Mississippi Valley State|L|76|89|24|51|.471|6|22|.273|22|33|.667|6|35|7|6|3|14|17||33|63|.524|12|29|.414|11|19|.579|6|31|22|8|2|9|25
19|19|2011-01-29||Alabama A&M|W|65|61|24|53|.453|4|17|.235|13|29|.448|15|37|17|9|8|23|17||25|62|.403|4|15|.267|7|16|.438|13|31|15|18|4|19|27
20|20|2011-01-31||Alabama State|W|73|59|26|51|.510|7|18|.389|14|23|.609|6|27|16|10|2|11|18||21|55|.382|6|19|.316|11|22|.500|13|33|14|5|3|16|17
21|21|2011-02-05||Prairie View|W|63|58|22|54|.407|6|23|.261|13|33|.394|14|40|16|7|7|11|20||23|63|.365|4|21|.190|8|24|.333|14|40|13|2|4|11|25
22|22|2011-02-12|@|Jackson State|W|70|67|21|43|.488|4|12|.333|24|30|.800|4|29|6|3|1|14|27||19|51|.373|5|25|.200|24|38|.632|13|33|13|6|2|12|26
23|23|2011-02-14|@|Grambling|W|51|49|20|48|.417|2|9|.222|9|16|.563|8|31|10|7|2|13|14||18|53|.340|8|20|.400|5|13|.385|14|33|13|6|5|14|16
24|24|2011-02-19||Arkansas-Pine Bluff|W|71|68|25|48|.521|8|18|.444|13|20|.650|10|32|17|10|4|19|13||24|57|.421|13|25|.520|7|11|.636|8|23|18|11|1|14|19
25|25|2011-02-21||Mississippi Valley State|W (1 OT)|58|55|20|57|.351|5|24|.208|13|20|.650|9|28|16|18|5|21|11||20|55|.364|10|22|.455|5|7|.714|9|37|16|8|3|30|17
26|26|2011-02-26|@|Alabama A&M|W (1 OT)|83|78|30|58|.517|10|19|.526|13|27|.481|7|32|21|10|1|15|21||25|56|.446|6|17|.353|22|31|.710|8|34|18|10|6|16|22
27|27|2011-02-28|@|Alabama State|L|48|60|13|41|.317|5|19|.263|17|29|.586|11|26|6|6|0|17|16||21|43|.488|4|11|.364|14|24|.583|12|33|14|11|4|16|24
28|28|2011-03-03||Southern|W|71|63|26|57|.456|4|23|.174|15|21|.714|8|31|13|12|4|12|16||22|49|.449|7|15|.467|12|17|.706|11|33|13|7|4|21|17
29|29|2011-03-05||Alcorn State|W|79|68|30|67|.448|13|38|.342|6|23|.261|12|46|21|11|9|20|22||25|69|.362|2|11|.182|16|29|.552|14|39|10|12|5|18|18
30|30|2011-03-09|N|Arkansas-Pine Bluff|W|50|45|10|35|.286|5|20|.250|25|35|.714|9|33|8|7|6|17|18||15|51|.294|4|20|.200|11|24|.458|12|30|11|10|0|15|24
31|31|2011-03-11|N|Alabama State|L|66|73|18|44|.409|8|18|.444|22|34|.647|4|21|12|9|2|13|28||19|41|.463|7|14|.500|28|42|.667|10|34|10|6|3|19|28
32|32|2011-03-16|@|Colorado|L|74|88|27|68|.397|8|28|.286|12|16|.750|12|27|14|9|2|9|22||30|49|.612|4|15|.267|24|31|.774|7|33|19|6|2|13|14
