ranker|game_season|date_game|game_location|opp_id|game_result|pts|opp_pts|fg|fga|fg_pct|fg3|fg3a|fg3_pct|ft|fta|ft_pct|orb|trb|ast|stl|blk|tov|pf|x|opp_fg|opp_fga|opp_fg_pct|opp_fg3|opp_fg3a|opp_fg3_pct|opp_ft|opp_fta|opp_ft_pct|opp_orb|opp_trb|opp_ast|opp_stl|opp_blk|opp_tov|opp_pf|
1|1|2010-11-10|@|Illinois|L|45|84|16|45|.356|3|12|.250|10|19|.526|3|19|9|6|0|23|14||37|64|.578|5|18|.278|5|6|.833|10|38|21|10|7|14|18
2|2|2010-11-14|@|Temple|L|49|82|17|44|.386|5|16|.313|10|12|.833|4|25|12|3|0|18|11||36|66|.545|6|19|.316|4|7|.571|8|30|26|12|2|6|11
3|3|2010-11-19||Illinois-Chicago|L|51|57|17|43|.395|4|12|.333|13|23|.565|4|30|10|5|0|17|17||19|48|.396|5|15|.333|14|16|.875|3|29|9|8|3|13|22
4|4|2010-11-20||Rhode Island|L|65|76|20|47|.426|4|15|.267|21|29|.724|7|27|13|5|0|17|22||25|55|.455|10|26|.385|16|22|.727|11|32|12|12|1|16|24
5|5|2010-11-21||College of Charleston|L|51|64|18|45|.400|4|14|.286|11|21|.524|4|21|12|7|0|13|12||24|52|.462|8|28|.286|8|10|.800|10|34|14|9|2|14|19
6|6|2010-11-24|@|Youngstown State|L|67|73|26|59|.441|8|20|.400|7|11|.636|13|38|14|6|2|17|18||23|53|.434|11|29|.379|16|24|.667|8|29|19|6|10|11|16
7|7|2010-11-28|@|Illinois-Chicago|L|62|63|20|45|.444|5|12|.417|17|23|.739|7|18|10|8|0|8|16||24|51|.471|5|17|.294|10|13|.769|14|34|17|1|4|12|19
8|8|2010-12-04||Cincinnati|L|47|81|15|49|.306|2|9|.222|15|26|.577|12|35|12|3|0|18|11||31|63|.492|10|29|.345|9|15|.600|12|39|22|10|3|8|19
9|9|2010-12-08|@|IPFW|L|65|78|21|45|.467|4|9|.444|19|23|.826|5|25|9|4|2|19|19||27|55|.491|11|27|.407|13|15|.867|6|24|17|5|8|9|21
10|10|2010-12-11||Valparaiso|W (1 OT)|75|72|25|59|.424|5|19|.263|20|30|.667|15|44|17|8|1|17|19||27|65|.415|8|27|.296|10|19|.526|10|31|17|8|4|11|22
11|11|2010-12-18||Florida Gulf Coast|W|75|63|22|50|.440|11|21|.524|20|30|.667|8|38|17|1|3|12|10||22|66|.333|10|29|.345|9|14|.643|14|37|15|9|4|7|21
12|12|2010-12-21||Indiana-Northwest|W|80|44|29|57|.509|10|24|.417|12|25|.480|14|45|24|3|4|11|11||15|58|.259|7|23|.304|7|14|.500|12|29|9|7|1|10|22
13|13|2010-12-30|@|North Carolina-Wilmington|L|42|64|18|48|.375|2|16|.125|4|14|.286|13|33|10|6|0|17|16||22|53|.415|12|31|.387|8|16|.500|12|33|11|9|4|11|15
14|14|2011-01-03|@|Alabama|L|41|83|14|36|.389|4|17|.235|9|18|.500|4|20|5|0|1|25|13||29|54|.537|10|22|.455|15|18|.833|9|31|21|13|4|12|19
15|15|2011-01-08||Eastern Michigan|L|48|71|18|50|.360|3|15|.200|9|17|.529|7|30|11|2|1|9|15||24|61|.393|9|28|.321|14|19|.737|15|43|14|5|3|7|17
16|16|2011-01-12|@|Central Michigan|L|52|65|15|43|.349|5|12|.417|17|24|.708|6|21|7|6|2|12|12||26|54|.481|8|19|.421|5|8|.625|9|34|16|5|5|13|20
17|17|2011-01-15|@|Northern Illinois|L|54|64|22|59|.373|3|20|.150|7|12|.583|10|33|7|6|3|11|15||24|58|.414|11|29|.379|5|8|.625|9|38|18|5|4|13|15
18|18|2011-01-19||Western Michigan|W|73|60|21|48|.438|5|12|.417|26|34|.765|12|35|13|7|0|12|21||21|56|.375|7|23|.304|11|21|.524|15|34|7|3|4|16|24
19|19|2011-01-22||Ball State|L|60|70|20|49|.408|7|15|.467|13|21|.619|13|34|12|7|3|21|24||19|46|.413|6|18|.333|26|31|.839|7|24|12|8|1|16|20
20|20|2011-01-25||Bowling Green State|L|64|70|20|50|.400|9|20|.450|15|23|.652|10|29|13|7|4|15|18||23|53|.434|6|17|.353|18|26|.692|13|36|15|8|4|11|20
21|21|2011-01-30|@|Kent State|L|55|72|22|55|.400|7|20|.350|4|8|.500|7|31|10|2|2|18|24||23|54|.426|5|19|.263|21|34|.618|14|40|13|10|7|9|11
22|22|2011-02-03|@|Buffalo|L|58|81|19|46|.413|7|17|.412|13|17|.765|7|15|14|11|2|18|14||31|52|.596|9|16|.563|10|14|.714|11|31|23|8|7|18|16
23|23|2011-02-05||Akron|L|41|59|15|47|.319|3|13|.231|8|17|.471|11|29|10|8|0|15|10||22|48|.458|11|27|.407|4|6|.667|7|30|16|7|4|15|17
24|24|2011-02-09|@|Ohio|L|58|71|20|47|.426|5|20|.250|13|16|.813|4|28|13|6|2|18|14||27|57|.474|12|27|.444|5|9|.556|4|27|22|12|3|10|17
25|25|2011-02-12||Miami (OH)|L|66|68|25|48|.521|7|17|.412|9|18|.500|6|22|22|6|1|12|18||23|46|.500|9|24|.375|13|18|.722|6|22|13|10|5|14|14
26|26|2011-02-15|@|Ball State|L|62|83|22|42|.524|5|14|.357|13|22|.591|8|22|13|7|2|24|27||26|57|.456|7|22|.318|24|32|.750|22|37|20|15|2|16|19
27|27|2011-02-19||Eastern Illinois|L|58|75|19|48|.396|9|28|.321|11|16|.688|4|20|14|5|1|11|18||24|50|.480|7|15|.467|20|22|.909|8|34|14|6|2|11|14
28|28|2011-02-23|@|Western Michigan|L|56|68|18|46|.391|4|16|.250|16|24|.667|5|20|9|7|2|17|20||21|43|.488|10|21|.476|16|24|.667|6|29|15|6|6|20|24
29|29|2011-02-26||Northern Illinois|L (1 OT)|70|75|20|58|.345|6|24|.250|24|31|.774|11|37|13|7|2|9|21||25|63|.397|9|24|.375|16|26|.615|17|45|14|6|1|13|24
30|30|2011-03-01||Central Michigan|L|56|68|23|54|.426|4|15|.267|6|16|.375|11|34|12|4|1|16|20||20|46|.435|5|18|.278|23|30|.767|8|34|9|8|4|14|23
31|31|2011-03-05|@|Eastern Michigan|L|50|69|18|48|.375|5|16|.313|9|18|.500|7|23|12|6|1|13|18||26|50|.520|7|23|.304|10|17|.588|10|32|20|8|6|12|17
32|32|2011-03-08|@|Ohio|L|57|74|20|47|.426|5|21|.238|12|20|.600|7|29|13|5|5|21|19||24|58|.414|3|19|.158|23|30|.767|14|39|17|16|1|13|19
