ranker|game_season|date_game|game_location|opp_id|game_result|pts|opp_pts|fg|fga|fg_pct|fg3|fg3a|fg3_pct|ft|fta|ft_pct|orb|trb|ast|stl|blk|tov|pf|x|opp_fg|opp_fga|opp_fg_pct|opp_fg3|opp_fg3a|opp_fg3_pct|opp_ft|opp_fta|opp_ft_pct|opp_orb|opp_trb|opp_ast|opp_stl|opp_blk|opp_tov|opp_pf|
1|1|2010-11-12||Appalachian State|L|86|89|29|63|.460|8|22|.364|20|36|.556|13|30|13|12|1|15|31||24|45|.533|8|17|.471|33|41|.805|5|31|13|5|4|19|28
2|2|2010-11-16||Oral Roberts|W|83|68|25|48|.521|9|19|.474|24|31|.774|8|35|13|2|8|14|21||25|66|.379|7|16|.438|11|16|.688|12|28|15|6|2|11|22
3|3|2010-11-19||Missouri State|W|62|50|22|52|.423|4|13|.308|14|20|.700|9|37|6|5|3|8|16||17|60|.283|3|15|.200|13|16|.813|13|34|6|3|2|7|15
4|4|2010-11-25|N|Nevada-Las Vegas|L|71|80|19|45|.422|7|19|.368|26|35|.743|3|20|9|3|0|20|21||29|54|.537|8|14|.571|14|21|.667|7|29|18|8|3|16|23
5|5|2010-11-26|N|Stanford|W|65|53|21|52|.404|3|17|.176|20|26|.769|9|34|9|6|1|18|13||20|54|.370|3|14|.214|10|12|.833|6|29|7|6|3|18|24
6|6|2010-11-28|N|Cal State Northridge|W|80|63|27|54|.500|8|17|.471|18|24|.750|8|32|14|5|2|17|25||22|50|.440|4|14|.286|15|25|.600|7|24|9|4|2|18|24
7|7|2010-12-05|@|Arkansas-Little Rock|L|67|69|24|55|.436|9|26|.346|10|14|.714|14|35|14|0|3|19|23||24|54|.444|6|15|.400|15|23|.652|8|24|13|10|2|10|16
8|8|2010-12-08|N|Oklahoma State|L|54|71|21|52|.404|2|14|.143|10|20|.500|10|27|9|4|4|13|15||26|47|.553|3|13|.231|16|20|.800|5|30|9|9|2|10|20
9|9|2010-12-12||Princeton|L (2 OT)|78|82|26|67|.388|7|15|.467|19|30|.633|13|39|12|1|7|12|23||27|63|.429|4|16|.250|24|30|.800|5|31|7|4|2|7|22
10|10|2010-12-16||Weber State|W (1 OT)|81|79|28|63|.444|6|22|.273|19|26|.731|12|36|13|9|5|12|15||28|59|.475|11|27|.407|12|15|.800|6|32|15|4|4|19|27
11|11|2010-12-21|@|Wichita State|L|79|82|27|53|.509|14|27|.519|11|13|.846|5|15|11|3|3|9|27||23|49|.469|8|24|.333|28|36|.778|13|32|13|4|1|8|15
12|12|2010-12-23||Texas-San Antonio|W|92|67|31|60|.517|13|25|.520|17|20|.850|9|39|17|6|6|17|20||20|55|.364|6|19|.316|21|27|.778|4|22|11|11|2|13|20
13|13|2010-12-30||Texas Christian|W|69|66|22|62|.355|7|20|.350|18|24|.750|11|41|13|1|4|8|18||22|62|.355|6|19|.316|16|20|.800|10|36|7|5|1|5|18
14|14|2011-01-05|@|Texas-El Paso|L|59|69|17|41|.415|8|18|.444|17|19|.895|7|30|11|4|4|20|27||19|50|.380|4|11|.364|27|35|.771|7|23|9|12|3|5|19
15|15|2011-01-08||Rice|W|75|64|20|42|.476|5|18|.278|30|36|.833|3|28|10|12|4|13|19||23|61|.377|5|16|.313|13|23|.565|16|37|9|10|0|16|25
16|16|2011-01-12|@|Arizona State|L|59|69|23|59|.390|4|21|.190|9|16|.563|13|40|12|3|3|11|19||23|55|.418|10|24|.417|13|16|.813|6|32|17|9|5|7|13
17|17|2011-01-15||Alabama-Birmingham|W|78|62|28|52|.538|4|11|.364|18|26|.692|9|30|16|8|5|13|13||26|58|.448|7|28|.250|3|5|.600|4|17|14|4|3|13|19
18|18|2011-01-19|@|Houston|L|57|64|20|55|.364|6|21|.286|11|20|.550|9|36|11|1|5|9|21||19|50|.380|5|13|.385|21|29|.724|5|29|9|4|7|6|16
19|19|2011-01-22|@|Tulane|W|65|61|22|55|.400|8|23|.348|13|15|.867|10|36|11|4|4|16|15||22|55|.400|7|23|.304|10|16|.625|8|27|11|11|1|10|14
20|20|2011-01-26||Southern Methodist|L|58|59|21|46|.457|10|19|.526|6|14|.429|5|30|15|2|4|18|8||24|53|.453|7|15|.467|4|4|1.000|3|22|13|8|6|10|14
21|21|2011-01-29||Texas-El Paso|W|69|68|27|50|.540|5|18|.278|10|22|.455|10|33|13|1|6|9|17||20|52|.385|9|26|.346|19|23|.826|6|22|12|5|0|7|20
22|22|2011-02-02|@|Memphis|W|68|65|21|62|.339|4|19|.211|22|27|.815|13|36|11|9|3|11|20||22|55|.400|3|15|.200|18|25|.720|11|35|13|7|8|17|23
23|23|2011-02-05||Houston|W (1 OT)|76|71|25|68|.368|10|29|.345|16|31|.516|18|43|10|2|1|12|27||24|53|.453|2|15|.133|21|31|.677|8|29|11|2|9|12|26
24|24|2011-02-12|@|Central Florida|L|57|58|20|56|.357|7|21|.333|10|16|.625|11|35|10|4|5|9|19||20|53|.377|5|22|.227|13|18|.722|7|28|12|2|6|9|17
25|25|2011-02-16||East Carolina|W|86|67|32|61|.525|10|22|.455|12|14|.857|13|38|16|7|3|15|19||23|52|.442|7|19|.368|14|19|.737|5|18|13|10|3|12|16
26|26|2011-02-19|@|Southern Methodist|W|74|66|25|50|.500|5|12|.417|19|30|.633|15|32|9|5|4|16|22||18|40|.450|7|14|.500|23|30|.767|6|21|10|10|4|18|23
27|27|2011-02-23|@|Marshall|L|61|79|21|51|.412|2|13|.154|17|24|.708|6|26|4|3|2|11|21||29|59|.492|4|15|.267|17|25|.680|11|35|14|4|5|12|22
28|28|2011-02-26||Tulane|W|66|59|23|52|.442|7|23|.304|13|18|.722|8|36|14|2|9|14|17||22|55|.400|6|17|.353|9|16|.563|5|27|7|7|3|10|17
29|29|2011-03-02|@|Rice|W|67|57|21|47|.447|7|20|.350|18|23|.783|7|38|9|5|4|21|23||19|60|.317|2|13|.154|17|24|.708|11|29|6|5|1|9|20
30|30|2011-03-05||Southern Mississippi|W|78|70|17|42|.405|7|21|.333|37|46|.804|5|24|9|4|4|7|19||24|54|.444|4|7|.571|18|23|.783|8|26|7|2|0|11|30
31|31|2011-03-10|N|Rice|W|81|72|27|48|.563|3|10|.300|24|36|.667|7|34|12|4|1|15|22||28|65|.431|4|14|.286|12|24|.500|12|27|17|9|3|9|28
32|32|2011-03-11|N|Texas-El Paso|L|54|66|21|54|.389|5|18|.278|7|11|.636|11|31|9|5|1|14|20||23|41|.561|5|9|.556|15|23|.652|5|25|15|3|6|11|15
