ranker|game_season|date_game|game_location|opp_id|game_result|pts|opp_pts|fg|fga|fg_pct|fg3|fg3a|fg3_pct|ft|fta|ft_pct|orb|trb|ast|stl|blk|tov|pf|x|opp_fg|opp_fga|opp_fg_pct|opp_fg3|opp_fg3a|opp_fg3_pct|opp_ft|opp_fta|opp_ft_pct|opp_orb|opp_trb|opp_ast|opp_stl|opp_blk|opp_tov|opp_pf|
1|1|2010-11-12||Cal State Northridge|W|83|50|29|51|.569|5|17|.294|20|32|.625|9|36|19|17|12|22|21||18|62|.290|2|12|.167|12|21|.571|18|35|6|9|2|27|24
2|2|2010-11-15||Pepperdine|W|79|69|30|57|.526|5|16|.313|14|25|.560|12|32|21|7|2|13|18||26|51|.510|5|12|.417|12|17|.706|7|23|18|9|3|18|20
3|3|2010-11-16||Pacific|W|57|44|24|51|.471|5|13|.385|4|7|.571|2|37|15|4|5|12|16||15|60|.250|3|23|.130|11|17|.647|11|38|4|5|0|7|11
4|4|2010-11-24|N|Villanova|L|70|82|24|59|.407|4|15|.267|18|24|.750|9|33|12|4|7|13|28||25|62|.403|4|14|.286|28|34|.824|12|40|11|10|7|7|22
5|5|2010-11-26|N|Virginia Commonwealth|L|85|89|34|69|.493|7|16|.438|10|12|.833|14|41|17|7|7|21|22||31|64|.484|10|22|.455|17|26|.654|12|26|17|9|5|13|14
6|6|2010-12-02|@|Kansas|L|76|77|28|58|.483|6|14|.429|14|22|.636|11|36|13|7|3|19|25||28|55|.509|5|11|.455|16|30|.533|10|31|16|10|5|15|18
7|7|2010-12-05||Montana|L|57|66|20|64|.313|4|18|.222|13|17|.765|15|35|9|4|4|16|20||26|50|.520|5|15|.333|9|18|.500|10|36|12|6|3|16|19
8|8|2010-12-11||Cal Poly|W|72|61|24|53|.453|7|21|.333|17|25|.680|12|35|18|3|8|8|17||21|50|.420|5|15|.333|14|20|.700|6|23|8|6|1|8|20
9|9|2010-12-13||California-Davis|W|74|67|29|63|.460|7|17|.412|9|17|.529|20|47|15|5|7|15|10||28|64|.438|8|17|.471|3|4|.750|9|28|16|9|0|7|16
10|10|2010-12-18|N|Brigham Young|W|86|79|29|61|.475|6|16|.375|22|36|.611|14|30|17|4|1|10|21||27|51|.529|4|17|.235|21|31|.677|10|30|5|2|3|19|27
11|11|2010-12-21||Montana State|W|75|59|26|54|.481|2|13|.154|21|30|.700|12|36|14|7|9|10|12||23|65|.354|7|16|.438|6|13|.462|17|33|10|0|2|13|19
12|12|2010-12-23||California-Irvine|W|74|73|26|54|.481|10|20|.500|12|23|.522|8|34|17|4|9|17|17||29|65|.446|7|12|.583|8|11|.727|10|32|13|8|1|11|21
13|13|2010-12-29||Washington State|W|80|71|29|58|.500|6|18|.333|16|24|.667|9|31|20|10|5|14|19||25|56|.446|3|8|.375|18|21|.857|8|32|12|5|5|15|21
14|14|2010-12-31||Washington|L|63|74|18|51|.353|2|11|.182|25|36|.694|10|30|11|5|0|10|17||29|58|.500|4|15|.267|12|15|.800|10|33|17|4|1|9|23
15|15|2011-01-09|@|Southern California|L|52|63|19|48|.396|2|9|.222|12|16|.750|5|28|8|4|2|16|18||25|54|.463|5|16|.313|8|16|.500|9|32|11|9|1|10|16
16|16|2011-01-13|@|Oregon State|W|62|57|23|47|.489|4|14|.286|12|19|.632|8|35|11|4|2|19|21||20|62|.323|3|16|.188|14|23|.609|12|26|9|15|4|10|19
17|17|2011-01-15|@|Oregon|W|67|59|25|50|.500|9|24|.375|8|13|.615|11|35|11|4|3|18|11||23|61|.377|6|17|.353|7|8|.875|10|26|13|10|3|11|16
18|18|2011-01-20||California|W|86|84|30|60|.500|10|24|.417|16|25|.640|12|31|16|5|2|12|26||29|50|.580|1|5|.200|25|34|.735|4|25|11|6|1|9|22
19|19|2011-01-22||Stanford|W|68|57|19|49|.388|5|16|.313|25|33|.758|8|34|12|4|6|8|13||20|65|.308|7|22|.318|10|15|.667|14|36|8|3|3|11|23
20|20|2011-01-27|@|Arizona|L|74|85|24|58|.414|2|15|.133|24|31|.774|9|31|15|8|2|19|23||26|50|.520|6|10|.600|27|36|.750|4|27|15|9|2|17|23
21|21|2011-01-29|@|Arizona State|W (1 OT)|73|72|26|56|.464|5|17|.294|16|23|.696|9|40|20|3|10|13|20||25|67|.373|7|17|.412|15|24|.625|13|32|18|6|5|9|19
22|22|2011-02-02||Southern California|W|64|50|24|50|.480|4|12|.333|12|18|.667|11|38|17|2|6|8|15||20|51|.392|1|9|.111|9|17|.529|8|24|11|6|2|5|14
23|23|2011-02-05||St. John's (NY)|W|66|59|18|37|.486|3|12|.250|27|41|.659|14|38|14|5|7|19|15||25|63|.397|4|10|.400|5|7|.714|14|27|8|13|2|10|23
24|24|2011-02-10||Oregon|W|64|54|24|54|.444|5|15|.333|11|20|.550|14|39|19|5|5|13|14||21|53|.396|6|21|.286|6|10|.600|6|24|12|6|2|10|21
25|25|2011-02-12||Oregon State|W|69|61|19|39|.487|4|14|.286|27|37|.730|10|36|14|7|16|26|17||23|70|.329|4|11|.364|11|17|.647|16|28|12|11|1|14|28
26|26|2011-02-17|@|Stanford|W|69|65|22|47|.468|9|17|.529|16|25|.640|10|34|13|3|2|17|14||24|54|.444|9|19|.474|8|14|.571|7|26|13|5|1|11|19
27|27|2011-02-20|@|California|L (1 OT)|72|76|25|54|.463|7|18|.389|15|18|.833|9|28|10|5|6|18|16||29|63|.460|3|10|.300|15|22|.682|15|34|13|7|5|11|13
28|28|2011-02-24||Arizona State|W|71|53|26|50|.520|8|19|.421|11|17|.647|6|27|22|11|10|8|9||21|50|.420|7|15|.467|4|9|.444|8|25|12|6|2|16|15
29|29|2011-02-26||Arizona|W|71|49|28|53|.528|2|11|.182|13|17|.765|7|38|18|1|10|8|14||17|54|.315|4|19|.211|11|17|.647|5|23|7|2|3|6|17
30|30|2011-03-03|@|Washington|L|63|70|23|58|.397|5|13|.385|12|13|.923|12|39|9|7|6|18|19||22|61|.361|6|15|.400|20|28|.714|16|36|13|5|5|13|15
31|31|2011-03-05|@|Washington State|W (1 OT)|58|54|21|54|.389|2|17|.118|14|15|.933|10|34|13|4|7|13|13||21|52|.404|4|13|.308|8|14|.571|4|24|15|5|2|12|14
32|32|2011-03-10|N|Oregon|L|59|76|19|54|.352|4|13|.308|17|25|.680|11|34|8|5|4|11|19||27|55|.491|5|13|.385|17|21|.810|6|29|10|9|4|9|16
33|33|2011-03-17|N|Michigan State|W|78|76|22|48|.458|4|11|.364|30|47|.638|11|34|13|7|8|16|20||25|62|.403|10|25|.400|16|21|.762|11|33|20|9|8|16|28
34|34|2011-03-19|N|Florida|L|65|73|23|55|.418|3|13|.231|16|25|.640|10|30|12|4|5|8|14||27|54|.500|6|14|.429|13|17|.765|7|30|13|2|4|8|18
