ranker|game_season|date_game|game_location|opp_id|game_result|pts|opp_pts|fg|fga|fg_pct|fg3|fg3a|fg3_pct|ft|fta|ft_pct|orb|trb|ast|stl|blk|tov|pf|x|opp_fg|opp_fga|opp_fg_pct|opp_fg3|opp_fg3a|opp_fg3_pct|opp_ft|opp_fta|opp_ft_pct|opp_orb|opp_trb|opp_ast|opp_stl|opp_blk|opp_tov|opp_pf|
1|1|2010-11-13||Weber State|W|77|65|26|57|.456|1|12|.083|24|30|.800|10|39|14|4|7|10|19||23|54|.426|9|20|.450|10|17|.588|5|27|11|3|1|12|28
2|2|2010-11-17|@|Brigham Young|L|72|78|25|52|.481|7|11|.636|15|26|.577|8|32|12|2|6|14|23||24|62|.387|7|26|.269|23|30|.767|12|35|12|7|6|9|22
3|3|2010-11-20|@|Southern Utah|W|66|53|22|45|.489|7|16|.438|15|22|.682|5|23|10|7|1|8|21||13|36|.361|4|8|.500|23|25|.920|5|22|10|3|2|18|21
4|4|2010-11-24||Utah|W|79|62|22|53|.415|5|15|.333|30|39|.769|12|44|15|4|6|12|17||25|66|.379|4|19|.211|8|13|.615|10|30|7|5|6|14|26
5|5|2010-11-27||Northeastern|W|56|54|19|50|.380|3|18|.167|15|24|.625|9|34|12|4|6|5|17||18|47|.383|9|16|.563|9|15|.600|8|34|11|2|1|12|19
6|6|2010-12-01|@|Denver|W|61|53|18|33|.545|5|10|.500|20|28|.714|6|31|8|0|4|15|19||16|43|.372|11|22|.500|10|16|.625|0|14|14|4|2|8|24
7|7|2010-12-04|@|Georgetown|L|51|68|20|48|.417|7|17|.412|4|8|.500|8|22|12|5|4|15|24||23|44|.523|2|9|.222|20|27|.741|6|28|11|7|3|10|13
8|8|2010-12-07||Long Beach State|W|81|53|31|63|.492|10|26|.385|9|13|.692|11|41|24|3|2|6|17||19|58|.328|5|20|.250|10|12|.833|7|30|12|2|2|8|9
9|9|2010-12-11||Cal State Bakersfield|W|77|58|26|62|.419|5|16|.313|20|31|.645|18|53|18|5|1|14|12||24|61|.393|5|12|.417|5|11|.455|5|27|15|11|6|10|21
10|10|2010-12-18|@|Utah Valley|W|76|58|24|51|.471|5|14|.357|23|27|.852|9|37|12|2|4|13|19||20|55|.364|5|16|.313|13|21|.619|8|27|11|4|1|11|23
11|11|2010-12-21||Idaho State|W|71|48|24|45|.533|9|16|.563|14|19|.737|6|24|20|7|1|9|12||19|40|.475|6|15|.400|4|10|.400|6|21|7|5|1|16|17
12|12|2010-12-22||Western Michigan|W|78|57|23|46|.500|7|12|.583|25|33|.758|8|31|15|7|1|10|18||21|52|.404|4|14|.286|11|14|.786|7|21|9|4|2|13|29
13|13|2010-12-23||Troy|W|80|39|28|62|.452|12|33|.364|12|16|.750|15|55|21|5|3|11|15||12|61|.197|5|26|.192|10|18|.556|12|32|8|8|4|9|16
14|14|2010-12-29||Hawaii|W|74|66|21|46|.457|7|23|.304|25|30|.833|17|31|15|6|2|13|14||24|38|.632|8|14|.571|10|15|.667|1|12|14|4|1|13|25
15|15|2010-12-31||San Jose State|W|80|71|26|52|.500|5|15|.333|23|34|.676|12|39|18|4|8|14|23||24|56|.429|3|11|.273|20|29|.690|7|25|11|8|1|12|28
16|16|2011-01-08|@|Nevada|W|81|67|31|50|.620|4|12|.333|15|24|.625|6|30|14|5|1|11|24||20|51|.392|6|19|.316|21|30|.700|8|25|8|4|3|13|25
17|17|2011-01-13|@|Boise State|W|68|59|26|51|.510|9|21|.429|7|12|.583|4|38|12|3|3|21|20||20|62|.323|5|24|.208|14|23|.609|9|30|9|13|1|13|14
18|18|2011-01-15|@|Fresno State|W|52|39|21|48|.438|5|12|.417|5|9|.556|10|32|11|3|3|9|17||12|44|.273|4|21|.190|11|23|.478|14|33|9|5|4|10|14
19|19|2011-01-20||Louisiana Tech|W|74|57|27|58|.466|4|16|.250|16|18|.889|13|40|19|4|4|13|12||24|56|.429|6|21|.286|3|4|.750|5|21|15|3|2|11|21
20|20|2011-01-22||New Mexico State|W|59|49|22|53|.415|5|16|.313|10|17|.588|14|44|15|5|1|14|17||20|53|.377|4|16|.250|5|13|.385|8|28|12|6|3|11|17
21|21|2011-01-27|@|San Jose State|W|84|65|28|59|.475|9|17|.529|19|23|.826|5|23|17|4|3|6|17||22|53|.415|4|12|.333|17|21|.810|6|28|11|1|4|11|20
22|22|2011-01-29|@|Hawaii|W (2 OT)|89|84|28|62|.452|9|20|.450|24|31|.774|6|35|17|4|3|14|23||28|64|.438|8|15|.533|20|30|.667|8|36|13|6|6|13|23
23|23|2011-02-02||Nevada|W|67|45|26|63|.413|5|22|.227|10|13|.769|12|38|15|4|4|7|11||18|55|.327|2|17|.118|7|11|.636|11|32|6|4|9|13|14
24|24|2011-02-05||Boise State|W|77|49|27|42|.643|5|8|.625|18|22|.818|4|31|20|8|3|12|12||19|56|.339|5|22|.227|6|10|.600|11|24|12|3|2|14|17
25|25|2011-02-09|@|Idaho|L|56|64|22|65|.338|5|28|.179|7|13|.538|18|38|9|5|3|12|19||22|52|.423|3|17|.176|17|23|.739|10|37|7|7|6|12|14
26|26|2011-02-12||Fresno State|W|71|55|21|43|.488|7|16|.438|22|26|.846|9|36|15|7|3|11|15||20|48|.417|4|20|.200|11|17|.647|6|21|14|6|3|12|21
27|27|2011-02-16||Montana Western|W|100|66|37|65|.569|13|22|.591|13|17|.765|14|43|27|5|4|11|14||24|64|.375|11|33|.333|7|11|.636|9|23|11|8|3|12|16
28|28|2011-02-19|@|Saint Mary's (CA)|W|75|65|24|48|.500|2|6|.333|25|32|.781|6|31|8|6|2|13|16||23|59|.390|9|22|.409|10|13|.769|9|28|17|8|2|10|22
29|29|2011-02-26||Idaho|W|84|68|26|52|.500|6|15|.400|26|30|.867|11|37|19|6|6|8|14||25|61|.410|8|20|.400|10|15|.667|13|31|15|7|1|9|22
30|30|2011-03-02|@|New Mexico State|W|58|54|25|50|.500|3|11|.273|5|8|.625|5|27|12|4|2|11|16||20|45|.444|4|13|.308|10|19|.526|8|30|9|3|1|15|13
31|31|2011-03-05|@|Louisiana Tech|W|72|30|25|61|.410|8|26|.308|14|21|.667|9|37|14|12|4|12|15||10|56|.179|0|14|.000|10|16|.625|15|37|2|6|1|20|16
32|32|2011-03-11|N|San Jose State|W|58|54|20|54|.370|3|14|.214|15|21|.714|10|32|5|1|2|10|17||19|51|.373|5|19|.263|11|15|.733|8|34|6|3|4|12|16
33|33|2011-03-12|N|Boise State|W|77|69|26|49|.531|3|8|.375|22|26|.846|5|33|15|9|1|17|17||23|58|.397|6|26|.231|17|21|.810|5|21|10|13|3|12|22
34|34|2011-03-17|N|Kansas State|L|68|73|23|50|.460|6|18|.333|16|21|.762|7|26|10|2|2|12|25||22|54|.407|5|17|.294|24|28|.857|11|29|14|2|1|10|17
