ranker|game_season|date_game|game_location|opp_id|game_result|pts|opp_pts|fg|fga|fg_pct|fg3|fg3a|fg3_pct|ft|fta|ft_pct|orb|trb|ast|stl|blk|tov|pf|x|opp_fg|opp_fga|opp_fg_pct|opp_fg3|opp_fg3a|opp_fg3_pct|opp_ft|opp_fta|opp_ft_pct|opp_orb|opp_trb|opp_ast|opp_stl|opp_blk|opp_tov|opp_pf|
1|1|2010-11-13|@|Siena|W|80|76|26|55|.473|6|14|.429|22|27|.815|10|39|16|3|2|20|26||25|68|.368|3|14|.214|23|29|.793|12|27|10|13|4|9|21
2|2|2010-11-17|@|Connecticut|L|73|89|27|57|.474|7|12|.583|12|20|.600|7|25|16|6|5|18|17||34|71|.479|7|21|.333|14|19|.737|18|42|13|10|10|15|18
3|3|2010-11-20|@|Quinnipiac|W|79|75|28|51|.549|5|11|.455|18|31|.581|6|33|16|4|6|20|19||29|77|.377|6|18|.333|11|21|.524|19|40|17|8|1|12|27
4|4|2010-11-24||Loyola (MD)|W|51|48|21|47|.447|0|4|.000|9|14|.643|10|40|7|4|3|20|13||21|65|.323|4|20|.200|2|5|.400|12|29|6|12|6|10|18
5|5|2010-11-27||NJIT|W|69|50|25|57|.439|8|16|.500|11|13|.846|10|38|17|3|3|11|9||21|56|.375|4|16|.250|4|8|.500|4|21|10|3|3|8|15
6|6|2010-12-01||Dartmouth|W|80|53|31|59|.525|5|18|.278|13|20|.650|12|45|17|4|7|10|12||20|59|.339|8|18|.444|5|7|.714|7|21|8|5|3|12|19
7|7|2010-12-04||Yale|W|82|78|30|54|.556|4|8|.500|18|27|.667|9|34|12|4|7|11|21||24|53|.453|10|16|.625|20|28|.714|7|23|11|4|1|10|22
8|8|2010-12-08|N|Brigham Young|L|58|86|21|60|.350|6|18|.333|10|18|.556|11|32|9|12|4|16|18||33|59|.559|9|18|.500|11|13|.846|6|36|20|12|2|15|15
9|9|2010-12-12||Marist|W|75|67|22|60|.367|3|13|.231|28|38|.737|21|48|9|9|3|17|21||23|52|.442|7|18|.389|14|21|.667|4|24|13|7|3|16|30
10|10|2010-12-20|@|Fairfield|L|59|67|25|54|.463|6|11|.545|3|9|.333|9|25|12|3|0|15|18||24|55|.436|3|9|.333|16|19|.842|12|30|12|5|6|11|16
11|11|2010-12-22|@|Iona|W|84|79|27|63|.429|9|19|.474|21|32|.656|10|41|18|5|3|11|21||27|66|.409|7|23|.304|18|25|.720|8|35|15|6|5|9|22
12|12|2010-12-29||Mount St. Mary's|W (1 OT)|68|61|26|53|.491|1|8|.125|15|26|.577|9|37|10|5|4|17|13||26|68|.382|5|16|.313|4|5|.800|10|31|11|7|3|16|23
13|13|2011-01-04|@|Stony Brook|W|55|49|19|46|.413|1|13|.077|16|23|.696|7|32|9|5|1|9|13||18|55|.327|6|17|.353|7|7|1.000|8|31|5|2|4|12|22
14|14|2011-01-06||Albany (NY)|W|60|48|18|49|.367|5|18|.278|19|22|.864|14|34|11|4|5|11|17||19|50|.380|6|14|.429|4|10|.400|9|25|9|7|3|9|20
15|15|2011-01-09|@|Boston University|L|65|74|25|59|.424|5|18|.278|10|18|.556|10|26|12|4|5|9|23||21|50|.420|4|16|.250|28|35|.800|12|38|7|5|8|13|17
16|16|2011-01-15||Maryland-Baltimore County|W|85|48|27|58|.466|6|21|.286|25|32|.781|14|41|17|10|1|15|20||14|47|.298|2|14|.143|18|21|.857|6|23|4|6|3|20|22
17|17|2011-01-18||Maine|L|58|72|19|53|.358|4|14|.286|16|23|.696|12|33|9|3|6|12|18||27|55|.491|5|12|.417|13|20|.650|8|30|10|6|3|8|21
18|18|2011-01-20|@|New Hampshire|W|61|53|22|49|.449|5|11|.455|12|21|.571|10|35|10|4|0|14|14||15|50|.300|8|29|.276|15|16|.938|5|22|5|1|1|11|20
19|19|2011-01-23|@|Binghamton|W|70|52|25|56|.446|6|15|.400|14|18|.778|13|33|10|6|2|11|16||18|52|.346|5|18|.278|11|15|.733|11|27|6|6|5|16|19
20|20|2011-01-25||Hartford|W|72|51|25|55|.455|6|19|.316|16|26|.615|15|45|10|5|5|13|11||20|55|.364|9|24|.375|2|7|.286|5|23|7|10|1|15|22
21|21|2011-01-29|@|Albany (NY)|W|63|54|26|58|.448|4|9|.444|7|8|.875|11|35|13|7|3|9|14||20|59|.339|2|15|.133|12|17|.706|12|30|9|5|4|8|10
22|22|2011-01-31||New Hampshire|W|63|49|24|49|.490|2|7|.286|13|17|.765|7|30|6|5|3|8|12||19|56|.339|4|24|.167|7|12|.583|13|32|7|3|2|12|18
23|23|2011-02-03|@|Hartford|W|61|47|18|46|.391|4|10|.400|21|23|.913|6|35|9|4|1|16|18||18|61|.295|4|27|.148|7|11|.636|12|32|9|7|5|12|21
24|24|2011-02-06||Stony Brook|W|65|42|26|46|.565|5|10|.500|8|14|.571|7|23|17|14|4|17|11||17|44|.386|4|16|.250|4|6|.667|8|22|6|4|1|24|13
25|25|2011-02-09|@|Maryland-Baltimore County|W|80|67|26|58|.448|6|18|.333|22|27|.815|10|37|13|5|4|7|16||26|56|.464|6|17|.353|9|14|.643|2|26|14|4|0|13|21
26|26|2011-02-13||Binghamton|W|60|51|23|49|.469|6|12|.500|8|14|.571|9|29|16|3|5|6|11||18|52|.346|11|26|.423|4|4|1.000|10|26|10|2|0|12|20
27|27|2011-02-16|@|Maine|W|73|57|31|52|.596|5|13|.385|6|10|.600|7|31|22|4|4|11|15||20|48|.417|5|12|.417|12|18|.667|5|14|14|6|4|11|13
28|28|2011-02-19|@|College of Charleston|L|70|85|29|68|.426|7|19|.368|5|12|.417|16|36|13|4|2|12|14||34|62|.548|10|23|.435|7|7|1.000|5|28|21|7|4|8|13
29|29|2011-02-27||Boston University|L (1 OT)|64|66|26|63|.413|5|15|.333|7|10|.700|12|31|13|2|1|9|26||19|50|.380|5|20|.250|23|35|.657|12|35|6|6|4|10|19
30|30|2011-03-05|N|Binghamton|W|57|46|23|55|.418|2|8|.250|9|15|.600|14|42|8|0|4|13|13||14|53|.264|4|15|.267|14|17|.824|6|26|6|4|4|4|16
31|31|2011-03-06|N|Stony Brook|L|47|69|14|44|.318|5|15|.333|14|24|.583|12|30|8|2|0|15|15||27|56|.482|8|15|.533|7|9|.778|8|28|12|6|4|9|21
32|32|2011-03-15|@|Cleveland State|L|60|63|24|58|.414|2|13|.154|10|16|.625|16|42|10|7|2|16|20||20|52|.385|7|20|.350|16|27|.593|9|26|16|9|3|10|15
