ranker|game_season|date_game|game_location|opp_id|game_result|pts|opp_pts|fg|fga|fg_pct|fg3|fg3a|fg3_pct|ft|fta|ft_pct|orb|trb|ast|stl|blk|tov|pf|x|opp_fg|opp_fga|opp_fg_pct|opp_fg3|opp_fg3a|opp_fg3_pct|opp_ft|opp_fta|opp_ft_pct|opp_orb|opp_trb|opp_ast|opp_stl|opp_blk|opp_tov|opp_pf|
1|1|2010-11-12||Randolph|W|106|65|42|86|.488|11|41|.268|11|17|.647|17|51|23|16|6|15|27||17|54|.315|6|14|.429|25|36|.694|5|33|9|6|2|25|19
2|2|2010-11-14|@|Maryland-Baltimore County|W|94|77|32|66|.485|14|32|.438|16|23|.696|8|38|16|5|4|15|18||28|67|.418|6|24|.250|15|23|.652|8|37|17|7|0|12|20
3|3|2010-11-16||Virginia Wise|W|120|88|37|83|.446|12|37|.324|34|38|.895|15|42|16|18|3|12|20||32|70|.457|8|21|.381|16|25|.640|10|33|15|6|4|24|27
4|4|2010-11-18||Jacksonville State|W|65|55|17|40|.425|5|17|.294|26|37|.703|3|33|9|9|9|18|15||21|62|.339|4|14|.286|9|18|.500|14|34|13|9|4|17|27
5|5|2010-11-23||Southern Virginia|W|94|78|32|82|.390|11|45|.244|19|28|.679|15|41|21|16|13|11|15||29|73|.397|12|24|.500|8|12|.667|14|43|13|5|1|28|21
6|6|2010-11-27|N|West Virginia|L|66|82|23|68|.338|9|34|.265|11|16|.688|9|35|9|6|3|10|21||31|65|.477|3|13|.231|17|22|.773|11|44|21|1|4|13|14
7|7|2010-11-29||Central Pennsylvania College|W|151|92|54|94|.574|21|48|.438|22|34|.647|19|48|31|22|3|22|23||34|69|.493|5|13|.385|19|34|.559|13|35|13|19|3|36|21
8|8|2010-12-02||Winthrop|L (1 OT)|82|88|23|67|.343|8|32|.250|28|34|.824|6|34|10|14|8|21|27||28|73|.384|6|17|.353|26|32|.813|11|47|15|10|3|17|25
9|9|2010-12-04||Presbyterian|L|78|92|28|66|.424|8|29|.276|14|18|.778|11|30|13|7|2|14|20||34|62|.548|8|17|.471|16|22|.727|10|38|21|2|5|15|13
10|10|2010-12-08|@|Virginia Commonwealth|L|80|86|26|61|.426|9|28|.321|19|25|.760|9|32|11|8|6|16|21||32|67|.478|9|17|.529|13|22|.591|14|37|20|11|3|12|18
11|11|2010-12-11||Longwood|W|114|82|43|78|.551|15|34|.441|13|22|.591|14|50|23|5|1|10|20||31|71|.437|4|20|.200|16|26|.615|9|34|13|5|1|11|19
12|12|2010-12-19|@|Marshall|L|70|98|25|77|.325|7|31|.226|13|20|.650|15|28|10|7|3|8|22||37|63|.587|9|17|.529|15|28|.536|14|49|23|5|7|19|15
13|13|2010-12-31|@|North Carolina-Asheville|W|83|72|27|62|.435|11|30|.367|18|30|.600|19|47|15|6|5|18|22||26|67|.388|5|19|.263|15|24|.625|17|38|20|9|4|18|21
14|14|2011-01-02|@|Gardner-Webb|W|97|76|37|63|.587|10|25|.400|13|19|.684|8|29|18|6|4|12|20||26|61|.426|7|26|.269|17|25|.680|10|27|13|6|1|10|17
15|15|2011-01-06||Coastal Carolina|L|87|109|30|73|.411|13|38|.342|14|20|.700|9|29|10|7|2|15|23||40|72|.556|3|10|.300|26|38|.684|13|47|21|7|4|14|18
16|16|2011-01-08||Charleston Southern|L|80|88|30|73|.411|6|28|.214|14|21|.667|9|28|14|12|5|14|22||31|72|.431|2|12|.167|24|28|.857|19|52|13|7|6|19|17
17|17|2011-01-13|@|Radford|W|105|71|37|69|.536|15|30|.500|16|25|.640|13|38|20|10|7|12|21||25|68|.368|5|23|.217|16|24|.667|12|37|14|4|2|17|17
18|18|2011-01-15|@|High Point|W|97|91|28|63|.444|14|29|.483|27|35|.771|7|36|11|16|8|19|22||32|72|.444|7|17|.412|20|27|.741|18|48|15|9|3|20|23
19|19|2011-01-20|@|Liberty|L|82|100|27|56|.482|10|25|.400|18|26|.692|5|21|15|6|6|16|24||36|64|.563|9|11|.818|19|25|.760|10|35|26|7|3|11|20
20|20|2011-01-27||Gardner-Webb|W|85|66|29|56|.518|14|33|.424|13|16|.813|9|31|15|8|4|11|14||27|62|.435|6|24|.250|6|8|.750|11|29|12|6|0|14|15
21|21|2011-01-29||North Carolina-Asheville|L|87|100|32|67|.478|15|38|.395|8|18|.444|10|29|20|3|5|15|19||38|63|.603|3|9|.333|21|28|.750|10|37|19|9|5|9|18
22|22|2011-02-03|@|Charleston Southern|L|90|101|32|60|.533|16|26|.615|10|13|.769|8|24|15|2|2|12|17||39|62|.629|11|20|.550|12|18|.667|10|31|16|8|5|11|14
23|23|2011-02-05|@|Coastal Carolina|L|86|99|33|81|.407|11|35|.314|9|17|.529|16|37|9|7|4|7|33||33|65|.508|4|10|.400|29|46|.630|18|53|23|5|4|12|17
24|24|2011-02-10||High Point|W|87|74|30|63|.476|9|25|.360|18|26|.692|18|44|16|5|3|14|14||27|64|.422|12|24|.500|8|14|.571|11|28|15|6|3|13|18
25|25|2011-02-12||Radford|W|71|58|23|63|.365|10|30|.333|15|24|.625|15|38|15|13|2|17|14||20|59|.339|3|11|.273|15|20|.750|12|41|5|14|3|22|20
26|26|2011-02-15||Liberty|W|79|69|29|66|.439|14|36|.389|7|8|.875|12|35|18|6|7|10|15||25|66|.379|7|23|.304|12|19|.632|16|39|14|3|1|13|16
27|27|2011-02-19|@|Morgan State|L|62|67|23|61|.377|10|33|.303|6|9|.667|13|30|13|3|4|11|16||27|58|.466|2|13|.154|11|18|.611|12|35|11|6|4|9|13
28|28|2011-02-24|@|Presbyterian|W|80|74|25|61|.410|13|30|.433|17|19|.895|9|26|10|6|5|7|11||29|54|.537|7|18|.389|9|9|1.000|6|32|16|2|1|20|15
29|29|2011-02-26|@|Winthrop|W|89|85|29|60|.483|9|22|.409|22|31|.710|8|31|14|11|3|8|16||33|67|.493|6|21|.286|13|22|.591|15|41|19|3|4|12|20
30|30|2011-03-01||Winthrop|W|78|73|23|50|.460|10|25|.400|22|28|.786|4|28|11|3|4|10|16||27|71|.380|5|20|.250|14|19|.737|16|41|11|9|2|8|18
31|31|2011-03-03|@|Coastal Carolina|L|81|89|29|67|.433|11|32|.344|12|15|.800|8|22|11|6|0|7|21||31|55|.564|8|18|.444|19|28|.679|12|41|17|2|3|15|12
