ranker|game_season|date_game|game_location|opp_id|game_result|pts|opp_pts|fg|fga|fg_pct|fg3|fg3a|fg3_pct|ft|fta|ft_pct|orb|trb|ast|stl|blk|tov|pf|x|opp_fg|opp_fga|opp_fg_pct|opp_fg3|opp_fg3a|opp_fg3_pct|opp_ft|opp_fta|opp_ft_pct|opp_orb|opp_trb|opp_ast|opp_stl|opp_blk|opp_tov|opp_pf|
1|1|2010-11-13||Southern|W|86|47|32|61|.525|6|21|.286|16|21|.762|13|49|12|9|1|15|16||18|59|.305|4|27|.148|7|14|.500|5|18|12|6|2|15|18
2|2|2010-11-16||Idaho|W|88|71|34|59|.576|6|18|.333|14|18|.778|4|24|21|9|6|12|20||25|53|.472|7|18|.389|14|18|.778|7|26|13|5|1|18|20
3|3|2010-11-23|N|Portland|W|84|68|30|51|.588|11|21|.524|13|19|.684|6|27|12|5|11|15|18||23|65|.354|10|27|.370|12|15|.800|15|32|14|7|4|11|18
4|4|2010-11-26|@|Fresno State|W|66|55|26|56|.464|9|25|.360|5|10|.500|3|31|13|6|0|10|16||19|56|.339|7|33|.212|10|18|.556|14|36|10|6|5|15|14
5|5|2010-11-30||Sacramento State|W|84|36|33|63|.524|8|20|.400|10|21|.476|11|37|20|13|2|7|18||15|47|.319|1|15|.067|5|14|.357|6|30|7|5|1|22|19
6|6|2010-12-03||Kansas State|L|58|63|21|57|.368|3|16|.188|13|23|.565|11|28|8|9|4|15|18||23|58|.397|7|22|.318|10|19|.526|16|41|11|10|7|21|20
7|7|2010-12-08||Gonzaga|W|81|59|30|60|.500|11|21|.524|10|17|.588|8|24|21|14|3|10|21||19|48|.396|4|18|.222|17|21|.810|11|36|17|4|3|25|19
8|8|2010-12-10||Texas-Pan American|W|74|52|30|60|.500|10|22|.455|4|8|.500|10|34|17|4|5|10|18||17|50|.340|5|20|.250|13|21|.619|9|33|10|4|1|15|14
9|9|2010-12-19|@|Santa Clara|W (1 OT)|85|79|26|61|.426|5|17|.294|28|37|.757|11|37|15|7|6|14|24||18|59|.305|10|31|.323|33|36|.917|13|41|11|10|6|17|28
10|10|2010-12-22|N|Mississippi State|W|83|57|31|62|.500|12|24|.500|9|16|.563|10|39|10|11|2|12|18||19|55|.345|8|28|.286|11|16|.688|8|23|10|4|2|21|15
11|11|2010-12-23|N|Baylor|W|77|71|28|49|.571|9|18|.500|12|18|.667|5|23|15|9|2|12|21||22|60|.367|4|22|.182|23|29|.793|18|37|6|5|2|12|19
12|12|2010-12-25|N|Butler|L|68|84|24|59|.407|7|24|.292|13|18|.722|5|28|10|3|2|9|20||28|56|.500|11|27|.407|17|24|.708|4|33|16|3|0|11|22
13|13|2010-12-29|@|UCLA|L|71|80|25|56|.446|3|8|.375|18|21|.857|8|32|12|5|5|15|21||29|58|.500|6|18|.333|16|24|.667|9|31|20|10|5|14|19
14|14|2010-12-31|@|Southern California|L|56|60|22|60|.367|6|17|.353|6|7|.857|6|27|5|4|3|8|11||21|51|.412|7|19|.368|11|17|.647|7|34|10|4|1|8|11
15|15|2011-01-06||Oregon State|W|84|70|26|51|.510|11|29|.379|21|26|.808|7|37|18|9|6|19|20||23|68|.338|7|21|.333|17|24|.708|16|35|12|12|0|15|20
16|16|2011-01-08||Oregon|W|77|63|24|55|.436|11|26|.423|18|21|.857|9|41|16|4|7|17|16||24|71|.338|10|32|.313|5|9|.556|12|31|11|9|2|11|18
17|17|2011-01-13|@|California|L (1 OT)|81|88|29|63|.460|11|24|.458|12|13|.923|8|27|12|4|1|14|19||31|60|.517|5|11|.455|21|25|.840|10|37|22|3|1|15|14
18|18|2011-01-15|@|Stanford|W|61|58|23|56|.411|4|18|.222|11|14|.786|7|34|9|7|4|11|15||21|61|.344|8|25|.320|8|11|.727|10|37|13|6|1|11|16
19|19|2011-01-20||Arizona State|W|78|61|30|58|.517|9|20|.450|9|15|.600|8|37|19|6|8|11|11||20|61|.328|10|29|.345|11|16|.688|10|30|12|6|3|9|14
20|20|2011-01-22||Arizona|L|63|65|25|55|.455|4|20|.200|9|17|.529|6|30|20|7|8|11|19||21|57|.368|11|18|.611|12|19|.632|14|39|14|6|1|16|18
21|21|2011-01-30||Washington|W|87|80|30|62|.484|8|17|.471|19|30|.633|5|28|18|13|3|12|21||23|62|.371|11|31|.355|23|29|.793|14|44|12|8|5|24|26
22|22|2011-02-03|@|Oregon|L|43|69|14|54|.259|4|25|.160|11|13|.846|8|28|8|4|2|15|16||24|56|.429|9|23|.391|12|14|.857|9|36|17|9|2|12|17
23|23|2011-02-05|@|Oregon State|W|61|55|20|48|.417|3|15|.200|18|23|.783|8|35|10|5|2|20|21||21|51|.412|2|17|.118|11|23|.478|10|28|10|11|6|12|20
24|24|2011-02-10||Stanford|L|62|75|25|52|.481|3|18|.167|9|19|.474|6|25|14|5|2|12|15||25|50|.500|9|16|.563|16|19|.842|6|29|20|5|2|11|17
25|25|2011-02-12||California|W|75|71|23|54|.426|6|24|.250|23|31|.742|6|26|9|9|4|14|18||25|61|.410|8|21|.381|13|17|.765|7|33|14|6|3|15|20
26|26|2011-02-17|@|Arizona|L|70|79|26|60|.433|7|19|.368|11|15|.733|10|26|12|5|1|12|19||25|52|.481|5|17|.294|24|26|.923|9|32|17|5|5|12|15
27|27|2011-02-19|@|Arizona State|L|69|71|23|57|.404|9|21|.429|14|25|.560|16|33|15|8|2|15|19||24|47|.511|9|24|.375|14|18|.778|4|28|16|9|3|18|24
28|28|2011-02-27|@|Washington|W|80|69|21|53|.396|6|21|.286|32|36|.889|12|35|9|5|1|14|21||23|68|.338|8|27|.296|15|24|.625|23|42|13|5|4|16|26
29|29|2011-03-03||Southern California|W|85|77|29|53|.547|4|10|.400|23|30|.767|6|29|12|7|3|9|15||28|62|.452|10|23|.435|11|16|.688|12|27|12|3|2|11|24
30|30|2011-03-05||UCLA|L (1 OT)|54|58|21|52|.404|4|13|.308|8|14|.571|4|24|15|5|2|12|14||21|54|.389|2|17|.118|14|15|.933|10|34|13|4|7|13|13
31|31|2011-03-10|N|Washington|L|87|89|30|63|.476|10|23|.435|17|23|.739|10|30|14|5|3|13|14||34|67|.507|11|28|.393|10|14|.714|9|30|20|8|1|10|18
32|32|2011-03-16||Long Beach State|W|85|74|29|58|.500|8|18|.444|19|26|.731|10|40|17|6|8|19|17||26|69|.377|9|30|.300|13|22|.591|15|36|12|8|2|15|19
33|33|2011-03-21||Oklahoma State|W|74|64|22|53|.415|8|22|.364|22|26|.846|9|33|10|4|6|10|12||24|59|.407|4|19|.211|12|15|.800|7|29|7|6|2|8|20
34|34|2011-03-23||Northwestern|W (1 OT)|69|66|25|60|.417|4|17|.235|15|22|.682|8|35|11|6|6|8|12||24|64|.375|10|38|.263|8|10|.800|8|35|14|4|5|11|19
35|35|2011-03-29|N|Wichita State|L|44|75|15|51|.294|0|10|.000|14|21|.667|4|21|7|7|5|9|18||31|65|.477|3|16|.188|10|14|.714|15|46|19|5|4|12|17
