ranker|game_season|date_game|game_location|opp_id|game_result|pts|opp_pts|fg|fga|fg_pct|fg3|fg3a|fg3_pct|ft|fta|ft_pct|orb|trb|ast|stl|blk|tov|pf|x|opp_fg|opp_fga|opp_fg_pct|opp_fg3|opp_fg3a|opp_fg3_pct|opp_ft|opp_fta|opp_ft_pct|opp_orb|opp_trb|opp_ast|opp_stl|opp_blk|opp_tov|opp_pf|
1|1|2010-11-12|@|Xavier|L|65|68|26|61|.426|5|20|.250|8|13|.615|11|32|11|7|2|11|18||23|54|.426|9|25|.360|13|18|.722|8|27|18|4|2|9|17
2|2|2010-11-20||Loyola (IL)|L|64|82|24|58|.414|2|15|.133|14|17|.824|8|30|10|6|1|16|24||28|53|.528|8|17|.471|18|26|.692|5|27|17|5|2|7|13
3|3|2010-11-23|@|Milwaukee|W|67|55|24|55|.436|3|13|.231|16|27|.593|8|41|11|9|3|15|19||18|62|.290|6|29|.207|13|23|.565|13|40|12|9|2|16|24
4|4|2010-11-27||Illinois|L|63|78|24|55|.436|7|23|.304|8|11|.727|9|22|13|6|3|14|11||33|64|.516|4|13|.308|8|10|.800|15|36|19|5|6|10|14
5|5|2010-12-01|@|Towson|L|73|75|30|68|.441|6|17|.353|7|10|.700|17|37|20|10|2|14|17||30|63|.476|4|11|.364|11|18|.611|13|35|11|5|3|14|11
6|6|2010-12-04||Alma|W|109|50|44|78|.564|10|21|.476|11|18|.611|20|53|22|12|3|8|7||20|64|.313|4|20|.200|6|6|1.000|9|24|10|4|3|16|14
7|7|2010-12-08||Detroit Mercy|W|71|69|27|55|.491|8|18|.444|9|18|.500|14|33|15|10|6|16|17||27|62|.435|7|17|.412|8|13|.615|13|33|7|8|4|15|20
8|8|2010-12-11|@|Georgia State|W|61|59|21|58|.362|1|12|.083|18|22|.818|9|30|9|6|4|9|14||24|55|.436|5|9|.556|6|11|.545|6|32|12|4|6|15|18
9|9|2010-12-18||South Dakota State|W|77|74|28|58|.483|3|8|.375|18|23|.783|10|32|7|7|3|16|25||25|57|.439|6|21|.286|18|30|.600|8|30|12|9|5|12|23
10|10|2010-12-21|N|Troy|L (1 OT)|99|102|36|70|.514|13|25|.520|14|27|.519|14|44|24|6|8|16|23||37|80|.463|17|30|.567|11|20|.550|16|41|30|7|4|15|19
11|11|2010-12-22|@|Utah State|L|57|78|21|52|.404|4|14|.286|11|14|.786|7|21|9|4|2|13|29||23|46|.500|7|12|.583|25|33|.758|8|31|15|7|1|10|18
12|12|2010-12-23|N|Idaho State|W|63|60|21|59|.356|5|20|.250|16|22|.727|19|45|10|2|6|17|22||21|62|.339|2|12|.167|16|27|.593|16|38|11|9|3|12|19
13|13|2010-12-31||Eastern Illinois|W|69|60|25|56|.446|5|19|.263|14|16|.875|7|33|15|8|1|9|11||26|58|.448|5|17|.294|3|6|.500|5|28|16|7|1|11|16
14|14|2011-01-09||Central Michigan|W (1 OT)|63|56|18|50|.360|2|11|.182|25|35|.714|10|39|13|0|6|12|20||22|70|.314|1|14|.071|11|18|.611|17|39|5|7|2|7|27
15|15|2011-01-12|@|Ball State|L|63|72|24|61|.393|4|16|.250|11|14|.786|14|31|13|2|2|16|26||21|42|.500|5|9|.556|25|35|.714|9|30|12|8|1|15|17
16|16|2011-01-16||Eastern Michigan|W|65|48|21|60|.350|5|14|.357|18|22|.818|19|41|10|7|2|11|17||18|49|.367|6|16|.375|6|16|.375|11|27|11|6|6|16|20
17|17|2011-01-19|@|Toledo|L|60|73|21|56|.375|7|23|.304|11|21|.524|15|34|7|3|4|16|24||21|48|.438|5|12|.417|26|34|.765|12|35|13|7|0|12|21
18|18|2011-01-22||Northern Illinois|W|82|80|30|55|.545|9|18|.500|13|18|.722|6|30|12|4|3|13|18||31|59|.525|10|18|.556|8|14|.571|7|23|12|8|4|11|18
19|19|2011-01-25||Buffalo|L|68|79|22|50|.440|5|15|.333|19|34|.559|13|26|10|8|2|16|22||27|48|.563|7|15|.467|18|25|.720|7|27|13|5|4|17|23
20|20|2011-01-29|@|Miami (OH)|W (1 OT)|73|68|30|61|.492|5|15|.333|8|10|.800|10|32|15|4|3|10|16||24|57|.421|8|25|.320|12|18|.667|7|28|12|3|1|11|13
21|21|2011-02-05|@|Bowling Green State|W|75|61|25|61|.410|9|20|.450|16|17|.941|16|41|14|8|3|13|17||25|57|.439|4|12|.333|7|8|.875|6|21|15|8|5|12|16
22|22|2011-02-09|@|Akron|L|71|83|23|57|.404|0|12|.000|25|29|.862|8|32|7|8|1|11|19||28|58|.483|9|24|.375|18|21|.857|4|30|21|8|4|12|22
23|23|2011-02-12||Ohio|W|85|83|30|63|.476|12|21|.571|13|17|.765|8|29|16|4|11|13|20||31|66|.470|5|14|.357|16|23|.696|15|34|15|6|2|10|21
24|24|2011-02-15|@|Northern Illinois|W|77|65|28|62|.452|6|16|.375|15|21|.714|13|42|14|5|4|13|25||22|53|.415|5|15|.333|16|25|.640|5|29|10|3|4|11|21
25|25|2011-02-19||Illinois State|W|68|65|24|55|.436|7|18|.389|13|18|.722|9|29|17|5|2|12|15||23|49|.469|7|15|.467|12|16|.750|4|26|10|3|1|12|18
26|26|2011-02-21||Kent State|L|72|74|26|60|.433|6|17|.353|14|19|.737|10|35|12|4|5|16|14||31|70|.443|3|13|.231|9|12|.750|10|34|7|7|1|11|15
27|27|2011-02-23||Toledo|W|68|56|21|43|.488|10|21|.476|16|24|.667|6|29|15|6|6|20|24||18|46|.391|4|16|.250|16|24|.667|5|20|9|7|2|17|20
28|28|2011-02-27|@|Eastern Michigan|W|87|60|31|59|.525|5|14|.357|20|24|.833|9|40|14|11|1|13|22||19|55|.345|10|25|.400|12|26|.462|10|30|10|5|3|17|20
29|29|2011-03-02||Ball State|W|87|70|33|54|.611|9|16|.563|12|16|.750|11|30|15|3|3|12|21||23|56|.411|5|18|.278|19|26|.731|12|25|9|5|1|9|19
30|30|2011-03-05|@|Central Michigan|W|81|68|28|54|.519|3|6|.500|22|33|.667|9|39|9|3|4|13|18||25|68|.368|5|24|.208|13|16|.813|10|30|10|5|6|12|25
31|31|2011-03-10|N|Bowling Green State|W|67|56|23|54|.426|6|16|.375|15|19|.789|10|29|16|6|5|8|13||24|56|.429|1|12|.083|7|9|.778|10|30|8|2|5|13|17
32|32|2011-03-11||Akron|L|68|79|22|71|.310|5|20|.250|19|30|.633|22|45|10|8|2|13|23||27|56|.482|9|20|.450|16|25|.640|7|36|18|6|3|13|24
33|33|2011-03-16||Tennessee Tech|W|74|66|24|56|.429|5|13|.385|21|39|.538|12|40|14|3|2|12|26||21|44|.477|4|10|.400|20|39|.513|5|29|9|6|3|14|29
34|34|2011-03-19||Buffalo|L|48|49|20|49|.408|3|12|.250|5|10|.500|11|32|13|4|3|18|21||20|52|.385|2|12|.167|7|23|.304|14|33|5|9|4|15|17
