ranker|game_season|date_game|game_location|opp_id|game_result|pts|opp_pts|fg|fga|fg_pct|fg3|fg3a|fg3_pct|ft|fta|ft_pct|orb|trb|ast|stl|blk|tov|pf|x|opp_fg|opp_fga|opp_fg_pct|opp_fg3|opp_fg3a|opp_fg3_pct|opp_ft|opp_fta|opp_ft_pct|opp_orb|opp_trb|opp_ast|opp_stl|opp_blk|opp_tov|opp_pf|
1|1|2010-11-13||Kean|W|92|58|35|62|.565|7|23|.304|15|18|.833|5|38|17|11|6|9|23||19|61|.311|8|26|.308|12|19|.632|7|27|10|4|1|18|19
2|2|2010-11-16|@|Northern Colorado|L|53|67|16|47|.340|6|23|.261|15|24|.625|10|30|10|7|5|17|18||22|57|.386|8|24|.333|15|16|.938|12|36|10|6|1|12|23
3|3|2010-11-18||North Florida|L|60|76|19|47|.404|5|18|.278|17|24|.708|7|28|10|1|5|16|14||29|64|.453|7|22|.318|11|17|.647|14|34|14|5|2|8|18
4|4|2010-11-20||Western Illinois|W|64|55|22|51|.431|3|13|.231|17|25|.680|5|27|8|7|4|10|16||19|45|.422|8|17|.471|9|16|.563|3|27|9|4|2|14|23
5|5|2010-11-23|N|Missouri|L|62|72|20|51|.392|3|14|.214|19|30|.633|10|32|6|9|4|19|16||26|67|.388|10|27|.370|10|12|.833|18|43|20|8|4|20|23
6|6|2010-11-24|N|Providence|L|77|84|29|54|.537|4|16|.250|15|17|.882|9|25|11|3|3|16|25||27|57|.474|8|20|.400|22|30|.733|13|27|12|5|4|11|17
7|7|2010-12-01|@|South Dakota|L|70|80|26|59|.441|6|17|.353|12|23|.522|8|34|10|10|2|14|19||29|57|.509|9|17|.529|13|20|.650|6|34|20|8|1|15|15
8|8|2010-12-04||Indiana State|W|81|51|27|54|.500|6|18|.333|21|28|.750|10|26|11|16|5|8|22||15|51|.294|3|15|.200|18|25|.720|17|35|6|1|3|22|21
9|9|2010-12-10|@|California-Irvine|L|68|83|23|52|.442|5|22|.227|17|21|.810|13|28|12|7|1|18|19||28|48|.583|10|18|.556|17|20|.850|7|25|14|5|0|17|24
10|10|2010-12-14||Denver|W|61|48|18|36|.500|1|4|.250|24|30|.800|8|27|6|6|1|20|17||16|38|.421|10|25|.400|6|12|.500|2|12|10|9|2|15|22
11|11|2010-12-17||Western State|W|80|37|31|67|.463|9|29|.310|9|14|.643|16|44|17|9|1|13|12||11|53|.208|2|21|.095|13|15|.867|8|23|6|9|0|22|17
12|12|2010-12-20||Centenary (LA)|W|76|49|25|52|.481|6|21|.286|20|31|.645|11|38|11|14|3|20|20||20|53|.377|4|11|.364|5|14|.357|8|29|9|7|1|24|24
13|13|2010-12-22||Green Bay|L|62|68|16|42|.381|3|14|.214|27|35|.771|5|21|7|9|4|10|16||24|50|.480|10|23|.435|10|14|.714|12|35|7|3|4|16|24
14|14|2010-12-28||Kennesaw State|W|68|55|24|52|.462|4|11|.364|16|32|.500|12|31|13|10|5|10|17||20|54|.370|3|18|.167|12|16|.750|13|37|9|2|5|15|22
15|15|2011-01-04|@|Colorado State|L|60|73|20|48|.417|8|23|.348|12|20|.600|6|25|12|6|5|8|16||25|52|.481|14|27|.519|9|15|.600|10|34|22|4|4|12|14
16|16|2011-01-08||New Mexico|W|67|66|22|42|.524|7|15|.467|16|22|.727|5|24|13|4|5|19|19||23|48|.479|10|19|.526|10|19|.526|8|27|13|7|0|17|22
17|17|2011-01-12|@|Texas Christian|L|60|78|22|48|.458|4|18|.222|12|17|.706|5|22|12|4|1|14|10||29|55|.527|10|21|.476|10|13|.769|8|28|21|7|3|10|17
18|18|2011-01-15||Utah|L|51|68|19|53|.358|2|10|.200|11|18|.611|3|26|7|4|5|9|16||23|58|.397|12|27|.444|10|14|.714|8|41|7|4|5|12|14
19|19|2011-01-22|@|Air Force|L|51|72|22|58|.379|4|23|.174|3|6|.500|12|29|11|5|2|12|11||26|46|.565|11|19|.579|9|11|.818|2|26|22|8|2|9|13
20|20|2011-01-25||Nevada-Las Vegas|L|65|74|24|55|.436|4|12|.333|13|19|.684|6|24|11|7|4|9|14||30|61|.492|7|24|.292|7|8|.875|12|36|21|2|5|12|17
21|21|2011-01-29|@|San Diego State|L|57|96|19|64|.297|4|16|.250|15|22|.682|13|34|6|6|2|11|16||35|65|.538|17|33|.515|9|15|.600|12|44|20|6|11|11|19
22|22|2011-02-02||Brigham Young|L|62|69|21|51|.412|4|14|.286|16|22|.727|6|32|6|8|5|18|21||24|59|.407|5|24|.208|16|23|.696|10|34|6|12|6|15|22
23|23|2011-02-05||Colorado State|L|56|59|22|57|.386|5|15|.333|7|13|.538|8|31|8|5|1|8|18||24|55|.436|4|19|.211|7|13|.538|11|36|3|3|4|11|15
24|24|2011-02-09|@|New Mexico|L|57|68|22|55|.400|2|16|.125|11|14|.786|7|33|7|6|5|19|27||23|61|.377|5|20|.250|17|26|.654|12|36|16|7|0|12|19
25|25|2011-02-12||Texas Christian|W|77|67|26|54|.481|9|25|.360|16|21|.762|5|29|16|11|7|19|19||21|52|.404|3|16|.188|22|27|.815|7|31|8|11|1|18|22
26|26|2011-02-16|@|Utah|L|70|80|28|66|.424|6|19|.316|8|13|.615|13|32|9|6|2|13|26||26|50|.520|5|11|.455|23|32|.719|6|31|7|7|6|11|13
27|27|2011-02-23||Air Force|W|63|61|22|55|.400|7|28|.250|12|28|.429|10|29|17|9|9|11|17||23|52|.442|4|18|.222|11|13|.846|5|32|9|3|2|18|26
28|28|2011-02-26|@|Nevada-Las Vegas|L|77|90|28|71|.394|4|21|.190|17|22|.773|16|32|13|12|3|16|23||31|56|.554|7|17|.412|21|28|.750|10|34|21|12|7|23|20
29|29|2011-03-01||San Diego State|L|58|85|23|54|.426|2|16|.125|10|18|.556|7|25|7|7|4|17|19||32|61|.525|2|13|.154|19|24|.792|10|40|12|7|4|15|18
30|30|2011-03-05|@|Brigham Young|L|78|102|28|58|.483|9|14|.643|13|22|.591|5|24|13|6|3|9|24||35|64|.547|9|23|.391|23|29|.793|11|35|13|4|2|9|19
31|31|2011-03-09|N|Texas Christian|L|61|70|21|56|.375|6|21|.286|13|18|.722|13|34|7|8|5|17|17||29|60|.483|5|10|.500|7|12|.583|9|33|17|10|3|13|18
