ranker|game_season|date_game|game_location|opp_id|game_result|pts|opp_pts|fg|fga|fg_pct|fg3|fg3a|fg3_pct|ft|fta|ft_pct|orb|trb|ast|stl|blk|tov|pf|x|opp_fg|opp_fga|opp_fg_pct|opp_fg3|opp_fg3a|opp_fg3_pct|opp_ft|opp_fta|opp_ft_pct|opp_orb|opp_trb|opp_ast|opp_stl|opp_blk|opp_tov|opp_pf|
1|1|2014-11-14|@|Army|L|78|84|31|62|.500|6|19|.316|10|15|.667|11|26|14|8|6|18|21||30|61|.492|13|25|.520|11|17|.647|14|33|18|6|4|15|21
2|2|2014-11-15|N|Citadel|W|68|55|24|43|.558|9|20|.450|11|14|.786|10|31|17|3|2|17|22||21|51|.412|4|18|.222|9|19|.474|11|20|7|6|0|11|17
3|3|2014-11-19||Colorado Christian|W|70|47|26|47|.553|9|17|.529|9|15|.600|7|42|21|6|7|15|19||14|56|.250|6|27|.222|13|18|.722|11|30|10|12|1|12|17
4|4|2014-11-22||Western State|W|90|60|31|46|.674|15|21|.714|13|18|.722|2|27|30|6|1|10|16||22|51|.431|10|26|.385|6|11|.545|4|20|17|3|0|10|18
5|5|2014-11-25|@|Colorado|L|53|68|18|55|.327|4|20|.200|13|20|.650|8|23|11|10|4|10|20||21|48|.438|7|16|.438|19|24|.792|10|37|13|7|7|15|22
6|6|2014-11-30|@|Texas Tech|L|62|63|23|47|.489|8|18|.444|8|9|.889|8|24|9|12|4|18|19||20|52|.385|6|19|.316|17|22|.773|15|31|8|9|4|18|13
7|7|2014-12-03||Grambling|W|59|34|20|53|.377|5|24|.208|14|25|.560|21|43|13|7|3|9|16||13|45|.289|1|8|.125|7|11|.636|9|24|9|5|1|11|21
8|8|2014-12-08||Nebraska-Omaha|W|77|61|27|50|.540|9|25|.360|14|17|.824|7|26|21|6|4|10|16||23|58|.397|6|24|.250|9|11|.818|12|27|14|6|4|15|20
9|9|2014-12-13||Arkansas-Pine Bluff|W|80|47|26|43|.605|11|21|.524|17|24|.708|9|30|19|9|0|14|16||17|40|.425|6|15|.400|7|11|.636|4|13|12|8|3|15|18
10|10|2014-12-20||California-Davis|L|75|81|26|62|.419|7|27|.259|16|21|.762|11|31|14|4|1|9|21||25|48|.521|6|19|.316|25|28|.893|5|28|17|4|3|8|19
11|11|2014-12-22||Jacksonville State|W (1 OT)|66|65|22|45|.489|10|23|.435|12|18|.667|1|31|17|1|8|10|12||25|66|.379|9|25|.360|6|7|.857|9|33|14|2|1|7|16
12|12|2014-12-31|@|San Diego State|L|49|53|19|43|.442|1|11|.091|10|13|.769|5|30|5|6|3|17|14||22|61|.361|4|21|.190|5|10|.500|11|27|12|6|4|9|14
13|13|2015-01-03|@|Nevada|L|62|80|23|50|.460|6|20|.300|10|18|.556|8|20|12|8|0|9|24||24|50|.480|7|23|.304|25|35|.714|16|34|18|6|1|10|18
14|14|2015-01-07||San Jose State|W|78|56|33|54|.611|8|17|.471|4|8|.500|4|29|23|6|1|11|13||22|49|.449|9|27|.333|3|8|.375|4|22|11|6|2|14|13
15|15|2015-01-10||Colorado State|L|87|92|30|63|.476|16|35|.457|11|19|.579|8|30|25|5|1|5|23||30|57|.526|8|26|.308|24|36|.667|10|39|20|1|3|11|15
16|16|2015-01-14|@|New Mexico|L|48|60|16|46|.348|6|22|.273|10|16|.625|7|22|11|9|0|12|19||19|38|.500|6|20|.300|16|23|.696|7|29|17|7|4|16|20
17|17|2015-01-17|@|Utah State|L|59|71|22|53|.415|9|22|.409|6|11|.545|9|30|13|6|2|10|16||26|48|.542|13|23|.565|6|9|.667|2|24|22|4|4|8|13
18|18|2015-01-20||San Diego State|L|45|77|18|45|.400|3|18|.167|6|12|.500|4|16|9|6|2|12|16||28|48|.583|13|22|.591|8|14|.571|9|31|20|11|6|11|12
19|19|2015-01-24||Boise State|L|68|77|28|51|.549|6|18|.333|6|7|.857|8|25|17|4|1|11|16||26|45|.578|14|22|.636|11|14|.786|4|19|19|8|1|9|13
20|20|2015-01-28|@|San Jose State|W|66|52|19|45|.422|7|16|.438|21|25|.840|7|28|13|6|1|10|18||17|44|.386|6|18|.333|12|16|.750|4|20|11|5|4|14|23
21|21|2015-01-31|@|Nevada-Las Vegas|L|63|74|23|52|.442|10|22|.455|7|8|.875|8|27|12|1|1|14|19||24|52|.462|9|24|.375|17|24|.708|9|26|16|6|6|5|9
22|22|2015-02-04||New Mexico|W|53|49|19|47|.404|7|26|.269|8|14|.571|3|20|16|8|3|8|14||17|42|.405|9|23|.391|6|12|.500|6|32|12|4|5|14|15
23|23|2015-02-07||Wyoming|W|73|50|28|49|.571|10|20|.500|7|8|.875|6|31|18|7|2|8|17||17|49|.347|8|30|.267|8|16|.500|10|24|8|5|4|11|11
24|24|2015-02-11|@|Boise State|L|42|67|17|41|.415|4|16|.250|4|14|.286|5|23|9|4|0|14|15||23|50|.460|10|27|.370|11|12|.917|6|31|15|7|3|10|16
25|25|2015-02-14||Nevada-Las Vegas|W|76|75|25|59|.424|12|25|.480|14|21|.667|11|27|24|7|1|5|12||28|55|.509|9|25|.360|10|12|.833|12|39|22|0|6|15|17
