ranker|game_season|date_game|game_location|opp_id|game_result|pts|opp_pts|fg|fga|fg_pct|fg3|fg3a|fg3_pct|ft|fta|ft_pct|orb|trb|ast|stl|blk|tov|pf|x|opp_fg|opp_fga|opp_fg_pct|opp_fg3|opp_fg3a|opp_fg3_pct|opp_ft|opp_fta|opp_ft_pct|opp_orb|opp_trb|opp_ast|opp_stl|opp_blk|opp_tov|opp_pf|
1|1|2014-11-14||Auburn Montgomery|W|105|64|38|73|.521|10|23|.435|19|27|.704|15|49|16|8|3|11|18||21|56|.375|7|21|.333|15|24|.625|5|27|6|7|3|15|26
2|2|2014-11-16|@|Arkansas|L|79|97|31|70|.443|9|18|.500|8|10|.800|12|32|18|7|3|22|27||34|60|.567|8|14|.571|21|29|.724|6|25|25|14|6|14|13
3|3|2014-11-26|N|North Dakota|L|68|75|26|64|.406|6|18|.333|10|18|.556|8|35|12|5|8|9|21||25|65|.385|9|22|.409|16|22|.727|10|35|14|5|0|6|20
4|4|2014-11-28|N|Texas-Pan American|W|91|79|35|78|.449|8|17|.471|13|17|.765|15|40|20|12|8|15|24||23|53|.434|6|12|.500|27|36|.750|6|31|12|10|8|18|18
5|5|2014-11-29|@|Utah|L|62|93|19|54|.352|7|14|.500|17|24|.708|9|33|13|4|6|17|28||32|60|.533|10|23|.435|19|32|.594|10|35|19|8|6|8|17
6|6|2014-12-06||Jacksonville State|W|80|55|31|60|.517|4|9|.444|14|25|.560|11|45|14|3|2|10|22||18|59|.305|3|19|.158|16|28|.571|13|34|9|4|5|13|21
7|7|2014-12-13|@|Western Illinois|L|68|78|29|68|.426|3|19|.158|7|15|.467|12|36|12|4|5|16|16||29|64|.453|8|22|.364|12|17|.706|8|38|20|6|0|14|14
8|8|2014-12-21|@|Evansville|L|63|81|23|55|.418|5|11|.455|12|17|.706|9|30|13|8|4|17|21||29|58|.500|7|18|.389|16|22|.727|9|32|21|8|2|11|16
9|9|2014-12-30||Fort Valley State|W|76|65|27|62|.435|8|22|.364|14|27|.519|9|36|15|12|6|16|16||25|57|.439|7|16|.438|8|16|.500|5|36|12|6|3|17|16
10|10|2015-01-03||Grambling|W|71|50|29|62|.468|4|17|.235|9|20|.450|10|35|14|8|6|10|14||17|53|.321|3|19|.158|13|20|.650|10|38|7|7|1|18|18
11|11|2015-01-05||Jackson State|W|72|52|24|51|.471|6|15|.400|18|24|.750|9|39|12|3|9|11|22||16|60|.267|2|19|.105|18|25|.720|12|33|3|5|3|10|24
12|12|2015-01-10|@|Arkansas-Pine Bluff|W|74|71|24|48|.500|8|13|.615|18|25|.720|12|33|14|4|3|16|11||28|59|.475|10|28|.357|5|8|.625|7|21|16|9|3|9|21
13|13|2015-01-12|@|Mississippi Valley State|W|88|76|35|68|.515|5|15|.333|13|19|.684|8|29|22|8|1|10|22||23|53|.434|5|17|.294|25|36|.694|10|30|13|6|3|14|20
14|14|2015-01-17|@|Alabama A&M|W|59|56|24|58|.414|2|11|.182|9|21|.429|14|34|9|13|0|12|14||21|55|.382|8|25|.320|6|13|.462|13|38|12|2|2|21|19
15|15|2015-01-24||Alcorn State|W|84|60|32|70|.457|5|15|.333|15|25|.600|17|50|18|4|4|12|20||21|56|.375|1|11|.091|17|23|.739|7|29|7|5|4|15|19
16|16|2015-01-26||Southern|W (1 OT)|63|59|22|67|.328|2|12|.167|17|27|.630|19|44|9|6|4|7|14||25|68|.368|4|18|.222|5|9|.556|11|35|12|4|5|10|22
17|17|2015-01-31|@|Texas Southern|L|65|80|25|58|.431|4|10|.400|11|16|.688|7|23|12|4|2|9|14||30|55|.545|10|18|.556|10|14|.714|8|30|13|6|6|8|14
18|18|2015-02-02|@|Prairie View|W|73|71|26|54|.481|8|22|.364|13|18|.722|12|32|14|9|6|18|18||27|58|.466|7|16|.438|10|15|.667|10|25|8|11|0|17|19
19|19|2015-02-07||Arkansas-Pine Bluff|W|73|55|18|46|.391|7|18|.389|30|41|.732|8|25|9|10|1|13|15||20|41|.488|5|13|.385|10|15|.667|5|27|13|9|2|19|28
20|20|2015-02-09||Mississippi Valley State|W|65|57|25|56|.446|7|22|.318|8|12|.667|11|30|10|8|1|18|15||22|48|.458|6|15|.400|7|16|.438|9|29|8|9|1|22|11
21|21|2015-02-14||Alabama A&M|L|71|80|24|59|.407|7|19|.368|16|23|.696|11|32|13|2|1|12|24||26|56|.464|6|19|.316|22|34|.647|10|32|13|6|2|9|20
22|22|2015-02-21|@|Alcorn State|W|71|67|25|50|.500|9|15|.600|12|19|.632|9|31|11|4|1|13|15||23|64|.359|8|24|.333|13|18|.722|9|26|11|7|1|6|15
23|23|2015-02-23|@|Southern|W|56|54|18|53|.340|4|11|.364|16|24|.667|9|35|9|3|5|16|17||21|55|.382|4|14|.286|8|14|.571|9|32|9|5|3|14|21
24|24|2015-02-28||Texas Southern|L|49|58|18|52|.346|1|14|.071|12|18|.667|7|26|8|6|3|10|13||21|48|.438|6|19|.316|10|16|.625|5|30|9|6|3|17|20
25|25|2015-03-02||Prairie View|L|65|67|24|63|.381|7|19|.368|10|19|.526|15|44|13|3|4|14|16||26|58|.448|6|15|.400|9|15|.600|6|30|10|10|4|9|17
26|26|2015-03-05|@|Grambling|W|78|46|31|60|.517|7|23|.304|9|14|.643|5|32|25|5|6|7|13||17|55|.309|0|11|.000|12|18|.667|10|34|5|6|0|10|12
27|27|2015-03-07|@|Jackson State|W|62|42|23|45|.511|8|18|.444|8|9|.889|7|39|11|6|6|24|15||17|57|.298|1|14|.071|7|16|.438|11|23|10|12|1|11|14
28|28|2015-03-11|N|Mississippi Valley State|W|93|81|36|71|.507|7|22|.318|14|20|.700|15|44|20|8|5|15|14||31|73|.425|10|18|.556|9|14|.643|10|29|16|7|4|13|19
29|29|2015-03-13|N|Southern|L|66|68|19|63|.302|4|18|.222|24|35|.686|21|41|7|7|9|13|21||23|54|.426|6|10|.600|16|25|.640|10|32|10|10|4|15|23
