ranker|game_season|date_game|game_location|opp_id|game_result|pts|opp_pts|fg|fga|fg_pct|fg3|fg3a|fg3_pct|ft|fta|ft_pct|orb|trb|ast|stl|blk|tov|pf|x|opp_fg|opp_fga|opp_fg_pct|opp_fg3|opp_fg3a|opp_fg3_pct|opp_ft|opp_fta|opp_ft_pct|opp_orb|opp_trb|opp_ast|opp_stl|opp_blk|opp_tov|opp_pf|
1|1|2014-11-14|@|Temple|L|37|40|12|39|.308|3|23|.130|10|12|.833|2|22|10|6|5|12|17||11|48|.229|5|19|.263|13|18|.722|13|34|7|6|3|14|15
2|2|2014-11-17||Saint Francis (PA)|W|49|46|17|40|.425|8|19|.421|7|10|.700|6|28|10|3|2|15|11||15|39|.385|7|22|.318|9|12|.750|1|19|11|3|0|11|15
3|3|2014-11-21|N|Presbyterian|W|63|38|22|45|.489|11|21|.524|8|10|.800|4|23|12|10|3|10|11||16|36|.444|4|10|.400|2|8|.250|4|20|6|3|6|20|14
4|4|2014-11-22|@|Louisiana Tech|L|44|63|16|47|.340|4|16|.250|8|10|.800|9|23|10|4|3|13|11||24|47|.511|5|14|.357|10|11|.909|6|24|15|3|6|7|11
5|5|2014-11-23|N|Morehead State|W|51|46|17|40|.425|5|14|.357|12|20|.600|6|22|11|7|1|16|11||19|41|.463|4|12|.333|4|8|.500|5|23|9|8|3|22|18
6|6|2014-11-26|@|Hampton|W|64|60|24|48|.500|11|26|.423|5|7|.714|6|23|16|6|4|12|9||24|48|.500|5|15|.333|7|9|.778|4|21|12|5|5|11|12
7|7|2014-11-29|@|Columbia|L|43|52|18|50|.360|3|9|.333|4|6|.667|3|24|9|8|3|10|13||21|48|.438|4|21|.190|6|10|.600|6|34|12|6|3|9|13
8|8|2014-12-03|@|Brown|W|66|49|23|46|.500|5|11|.455|15|21|.714|6|31|10|6|4|9|16||17|50|.340|3|15|.200|12|19|.632|13|31|7|4|4|12|22
9|9|2014-12-06|@|Illinois|L|55|70|21|42|.500|5|12|.417|8|11|.727|0|16|10|7|3|18|16||23|48|.479|5|12|.417|19|21|.905|7|27|10|8|3|14|18
10|10|2014-12-16|@|La Salle|W (1 OT)|68|66|23|46|.500|6|15|.400|16|23|.696|1|18|17|11|4|14|11||25|52|.481|5|12|.417|11|12|.917|10|34|15|8|4|23|19
11|11|2014-12-20||Mount St. Mary's|W|46|45|21|46|.457|3|16|.188|1|4|.250|5|25|9|6|1|8|10||17|50|.340|7|20|.350|4|6|.667|12|33|8|3|1|11|14
12|12|2014-12-23|@|Stony Brook|L|47|59|19|42|.452|7|19|.368|2|3|.667|2|18|17|3|5|7|17||22|49|.449|4|11|.364|11|19|.579|12|29|13|2|5|5|9
13|13|2014-12-31|@|Bucknell|L|47|57|16|42|.381|6|18|.333|9|10|.900|1|21|9|2|4|8|20||19|47|.404|4|15|.267|15|25|.600|10|31|9|4|1|8|12
14|14|2015-01-03||Holy Cross|W|53|49|15|33|.455|2|12|.167|21|33|.636|3|26|10|5|1|13|13||19|55|.345|3|12|.250|8|14|.571|14|35|7|9|4|12|28
15|15|2015-01-07|@|Loyola (MD)|L (1 OT)|53|56|17|44|.386|3|15|.200|16|23|.696|6|27|5|4|4|15|16||20|46|.435|4|12|.333|12|18|.667|7|28|12|6|1|15|22
16|16|2015-01-10||Colgate|W (2 OT)|71|69|25|53|.472|8|19|.421|13|19|.684|6|31|11|4|2|12|20||23|57|.404|11|26|.423|12|16|.750|10|32|12|7|3|10|24
17|17|2015-01-14||Lehigh|W|62|59|21|48|.438|9|23|.391|11|17|.647|6|22|11|6|2|8|14||22|49|.449|2|13|.154|13|17|.765|10|35|8|4|0|14|18
18|18|2015-01-17|@|Lafayette|W|78|76|30|50|.600|7|16|.438|11|14|.786|2|21|14|7|1|8|18||27|57|.474|4|18|.222|18|23|.783|12|32|13|3|2|8|15
19|19|2015-01-21|@|Boston University|L|54|59|19|43|.442|7|21|.333|9|12|.750|7|24|14|2|2|13|14||20|44|.455|6|17|.353|13|18|.722|5|21|9|11|1|8|14
20|20|2015-01-26||Army|L|66|68|24|44|.545|5|18|.278|13|21|.619|2|25|19|5|4|10|17||26|56|.464|9|21|.429|7|15|.467|6|26|18|3|0|10|19
21|21|2015-01-28|@|Navy|L|54|64|17|31|.548|5|13|.385|15|22|.682|4|14|12|8|2|12|13||24|37|.649|6|9|.667|10|14|.714|5|18|19|6|1|14|20
22|22|2015-02-02|@|Holy Cross|W|57|50|20|43|.465|10|17|.588|7|9|.778|5|20|13|5|0|8|13||20|39|.513|3|11|.273|7|12|.583|6|25|7|4|4|10|15
23|23|2015-02-04||Loyola (MD)|W|64|49|21|35|.600|3|9|.333|19|23|.826|2|22|14|7|2|11|13||20|50|.400|3|12|.250|6|9|.667|10|25|6|7|1|11|21
24|24|2015-02-07|@|Colgate|L|43|59|16|39|.410|4|12|.333|7|13|.538|6|19|8|3|6|12|13||23|45|.511|8|16|.500|5|7|.714|5|26|11|7|2|10|16
25|25|2015-02-12|@|Lehigh|L|58|65|20|51|.392|8|20|.400|10|13|.769|7|25|13|7|2|13|20||20|44|.455|5|14|.357|20|23|.870|4|25|16|6|7|13|13
26|26|2015-02-14||Lafayette|W|88|77|27|48|.563|13|24|.542|21|30|.700|8|28|16|7|2|12|14||27|49|.551|13|23|.565|10|18|.556|5|20|16|4|0|15|25
27|27|2015-02-18||Boston University|L|53|61|18|54|.333|7|27|.259|10|14|.714|9|27|12|5|2|9|19||20|41|.488|4|13|.308|17|24|.708|3|27|6|3|4|14|17
28|28|2015-02-22|@|Army|L|63|72|24|58|.414|7|23|.304|8|11|.727|7|26|11|5|0|8|25||23|44|.523|6|12|.500|20|32|.625|7|34|14|4|4|8|18
29|29|2015-02-25||Navy|W|68|49|22|39|.564|7|14|.500|17|23|.739|5|21|17|8|2|6|10||19|51|.373|3|14|.214|8|13|.615|14|28|8|4|4|13|20
30|30|2015-02-28||Bucknell|L|69|71|24|51|.471|6|17|.353|15|18|.833|6|22|13|2|2|4|16||26|47|.553|5|13|.385|14|21|.667|7|29|8|3|3|10|20
31|31|2015-03-05|@|Lehigh|W|68|62|24|51|.471|8|22|.364|12|17|.706|2|22|19|10|2|7|15||26|48|.542|3|14|.214|7|16|.438|5|27|15|3|2|14|16
32|32|2015-03-08|@|Colgate|W|73|62|26|42|.619|7|12|.583|14|22|.636|2|19|14|8|4|7|13||24|53|.453|5|22|.227|9|14|.643|12|32|11|6|2|11|19
33|33|2015-03-11|@|Lafayette|L|63|65|24|49|.490|10|18|.556|5|8|.625|6|16|12|9|0|11|13||24|37|.649|8|15|.533|9|11|.818|3|22|11|4|2|18|10
