ranker|game_season|date_game|game_location|opp_id|game_result|pts|opp_pts|fg|fga|fg_pct|fg3|fg3a|fg3_pct|ft|fta|ft_pct|orb|trb|ast|stl|blk|tov|pf|x|opp_fg|opp_fga|opp_fg_pct|opp_fg3|opp_fg3a|opp_fg3_pct|opp_ft|opp_fta|opp_ft_pct|opp_orb|opp_trb|opp_ast|opp_stl|opp_blk|opp_tov|opp_pf|
1|1|2014-11-14||Chicago State|W|86|50|30|49|.612|7|16|.438|19|34|.559|8|33|17|7|4|11|22||17|53|.321|3|20|.150|13|23|.565|12|28|7|5|3|17|30
2|2|2014-11-17||Bethune-Cookman|W|49|39|14|37|.378|8|22|.364|13|19|.684|8|31|13|7|4|19|15||14|44|.318|4|16|.250|7|12|.583|7|25|7|5|0|17|16
3|3|2014-11-20||Loyola Marymount|W|68|44|21|45|.467|10|22|.455|16|23|.696|8|39|15|5|5|16|20||16|57|.281|1|11|.091|11|19|.579|11|30|7|10|2|9|23
4|4|2014-11-24|N|Maryland|L|73|78|25|50|.500|14|27|.519|9|14|.643|4|22|20|4|3|13|20||28|59|.475|6|13|.462|16|18|.889|10|28|9|8|5|10|14
5|5|2014-11-25|N|Alabama|L|71|76|25|58|.431|7|23|.304|14|24|.583|8|30|13|4|2|9|22||21|50|.420|8|22|.364|26|29|.897|4|28|6|5|4|9|22
6|6|2014-11-29||Colgate|W|78|71|25|46|.543|6|17|.353|22|31|.710|6|28|11|6|3|11|19||25|50|.500|9|18|.500|12|18|.667|5|25|15|4|1|14|24
7|7|2014-12-03||Nevada-Las Vegas|W|77|55|27|62|.435|11|22|.500|12|14|.857|11|43|19|3|5|8|14||23|63|.365|5|19|.263|4|7|.571|6|28|15|3|9|8|19
8|8|2014-12-06|@|Texas A&M|L|71|72|25|47|.532|12|29|.414|9|10|.900|8|26|15|2|2|16|15||27|53|.509|7|16|.438|11|18|.611|5|18|16|11|1|8|13
9|9|2014-12-13||Pepperdine|W|81|74|22|53|.415|3|13|.231|34|48|.708|16|39|9|7|2|13|17||28|56|.500|6|16|.375|12|15|.800|5|25|15|8|1|16|30
10|10|2014-12-16|@|Marquette|L|71|78|24|62|.387|8|21|.381|15|20|.750|10|30|14|8|1|16|25||28|49|.571|1|6|.167|21|32|.656|2|29|23|11|6|13|17
11|11|2014-12-20||Lehigh|L (3 OT)|81|84|30|70|.429|6|20|.300|15|29|.517|9|42|15|12|2|19|20||31|70|.443|9|21|.429|13|23|.565|7|43|20|12|2|22|23
12|12|2014-12-23||Detroit Mercy|W|93|54|31|54|.574|6|17|.353|25|37|.676|9|39|21|9|1|17|22||18|60|.300|5|21|.238|13|20|.650|12|32|7|7|3|20|28
13|13|2014-12-28||Harvard|W|56|46|22|54|.407|4|12|.333|8|11|.727|8|32|11|6|1|14|15||16|44|.364|5|11|.455|9|15|.600|5|23|7|7|10|14|16
14|14|2015-01-04|@|Arizona|L|49|73|14|43|.326|5|17|.294|16|19|.842|3|20|7|6|0|22|21||26|51|.510|5|10|.500|16|19|.842|8|32|14|5|3|15|20
15|15|2015-01-08|@|Oregon State|L|47|55|17|43|.395|4|21|.190|9|16|.563|8|23|11|5|2|16|21||16|41|.390|3|8|.375|20|25|.800|10|27|10|6|3|15|17
16|16|2015-01-10|@|Oregon|L|56|59|19|47|.404|3|17|.176|15|26|.577|8|28|9|8|0|15|19||23|46|.500|3|12|.250|10|14|.714|3|25|10|3|8|15|26
17|17|2015-01-15||Utah|L|59|76|22|56|.393|9|24|.375|6|10|.600|12|27|13|6|1|13|25||22|41|.537|9|17|.529|23|30|.767|5|28|15|6|2|12|17
18|18|2015-01-17||Colorado|W|78|72|26|47|.553|10|20|.500|16|24|.667|3|27|20|6|3|14|17||26|56|.464|10|21|.476|10|17|.588|8|32|16|6|2|12|23
19|19|2015-01-22|@|California|W|79|44|26|54|.481|10|21|.476|17|26|.654|6|32|12|8|3|10|17||15|45|.333|2|11|.182|12|16|.750|4|26|6|4|4|19|21
20|20|2015-01-24|@|Stanford|L|70|89|27|62|.435|8|21|.381|8|14|.571|7|25|15|2|0|9|20||31|53|.585|8|14|.571|19|27|.704|6|32|21|6|2|8|19
21|21|2015-01-28||Oregon State|W|73|55|23|49|.469|9|24|.375|18|23|.783|7|28|13|5|3|13|15||25|51|.490|2|9|.222|3|8|.375|3|20|12|6|6|13|24
22|22|2015-01-30||Oregon|L (1 OT)|67|68|26|61|.426|8|27|.296|7|15|.467|7|32|12|7|1|14|19||26|57|.456|4|12|.333|12|14|.857|5|32|10|3|3|12|16
23|23|2015-02-07||Arizona|W|81|78|26|52|.500|7|15|.467|22|28|.786|8|32|12|5|3|13|20||32|71|.451|6|16|.375|8|14|.571|13|32|12|4|3|12|25
24|24|2015-02-13|@|Washington State|L|71|74|28|63|.444|5|21|.238|10|16|.625|11|39|9|4|1|15|17||28|54|.519|5|17|.294|13|21|.619|2|27|14|5|4|9|15
25|25|2015-02-15|@|Washington|W|78|68|28|57|.491|5|12|.417|17|29|.586|14|40|11|1|1|11|19||22|58|.379|7|25|.280|17|21|.810|8|21|8|2|6|7|23
26|26|2015-02-18||UCLA|W|68|66|23|50|.460|5|17|.294|17|26|.654|11|36|16|4|2|15|15||25|57|.439|6|20|.300|10|15|.667|6|25|14|8|6|8|23
27|27|2015-02-22||Southern California|W|64|59|19|58|.328|6|26|.231|20|26|.769|13|36|9|7|3|11|12||25|55|.455|6|15|.400|3|5|.600|6|32|14|7|9|15|24
28|28|2015-02-26|@|Utah|L|41|83|14|50|.280|3|16|.188|10|13|.769|8|20|6|3|0|14|21||31|49|.633|8|14|.571|13|20|.650|6|29|16|8|11|9|16
29|29|2015-03-01|@|Colorado|L|81|87|24|50|.480|8|20|.400|25|39|.641|9|28|12|6|3|12|27||29|49|.592|4|7|.571|25|33|.758|6|30|14|6|5|11|29
30|30|2015-03-05||Stanford|W|67|62|24|50|.480|3|15|.200|16|21|.762|7|26|8|8|3|13|20||22|55|.400|6|19|.316|12|16|.750|12|32|12|4|0|16|21
31|31|2015-03-07||California|W|74|70|26|57|.456|3|9|.333|19|30|.633|8|36|15|7|7|11|16||28|64|.438|6|15|.400|8|15|.533|8|34|14|7|6|10|23
32|32|2015-03-11|N|Southern California|L|64|67|23|65|.354|5|22|.227|13|21|.619|17|35|11|11|2|10|19||24|46|.522|7|13|.538|12|17|.706|7|33|9|4|4|17|17
