ranker|game_season|date_game|game_location|opp_id|game_result|pts|opp_pts|fg|fga|fg_pct|fg3|fg3a|fg3_pct|ft|fta|ft_pct|orb|trb|ast|stl|blk|tov|pf|x|opp_fg|opp_fga|opp_fg_pct|opp_fg3|opp_fg3a|opp_fg3_pct|opp_ft|opp_fta|opp_ft_pct|opp_orb|opp_trb|opp_ast|opp_stl|opp_blk|opp_tov|opp_pf|
1|1|2014-11-14||Air Force|W|84|78|30|61|.492|13|25|.520|11|17|.647|14|33|18|6|4|15|21||31|62|.500|6|19|.316|10|15|.667|11|26|14|8|6|18|21
2|2|2014-11-15|N|Virginia Military Institute|W|92|86|36|65|.554|5|19|.263|15|29|.517|17|43|15|8|6|18|20||33|75|.440|9|24|.375|11|15|.733|14|33|14|10|4|15|26
3|3|2014-11-19|@|St. Francis (NY)|W|74|71|30|68|.441|5|23|.217|9|15|.600|6|30|17|12|4|16|19||26|59|.441|6|16|.375|13|21|.619|11|37|12|11|4|20|19
4|4|2014-11-22|@|Marist|W|76|62|24|65|.369|4|18|.222|24|31|.774|16|37|13|13|4|11|20||22|51|.431|4|14|.286|14|20|.700|8|36|7|6|2|21|25
5|5|2014-11-25||Binghamton|W|80|54|30|62|.484|9|22|.409|11|14|.786|9|34|13|7|2|11|20||17|54|.315|4|17|.235|16|20|.800|11|34|6|3|4|16|18
6|6|2014-11-30|@|Duke|L|73|93|26|57|.456|7|16|.438|14|18|.778|5|24|14|4|0|14|24||31|60|.517|4|19|.211|27|37|.730|16|41|20|9|4|10|17
7|7|2014-12-03|@|Delaware|W|73|69|22|46|.478|9|22|.409|20|31|.645|7|23|12|5|5|8|20||23|49|.469|5|8|.625|18|29|.621|11|31|10|6|3|10|20
8|8|2014-12-09||Bryant|L|73|80|27|53|.509|4|17|.235|15|22|.682|9|26|10|6|4|13|20||28|56|.500|8|18|.444|16|23|.696|11|28|10|9|4|13|20
9|9|2014-12-13|@|Southern California|W (1 OT)|85|77|30|70|.429|7|32|.219|18|25|.720|11|41|14|6|4|11|25||29|72|.403|4|19|.211|15|28|.536|13|40|14|9|2|14|22
10|10|2014-12-21||Maine|W (1 OT)|72|69|26|58|.448|5|23|.217|15|24|.625|10|42|16|10|8|22|27||19|56|.339|6|17|.353|25|36|.694|7|27|12|15|0|15|24
11|11|2014-12-28||Coast Guard|W|93|48|36|69|.522|14|36|.389|7|13|.538|17|39|27|14|3|7|12||22|46|.478|2|8|.250|2|6|.333|3|21|15|3|2|21|16
12|12|2014-12-31||Lafayette|L|78|92|29|65|.446|11|24|.458|9|12|.750|10|31|13|7|5|11|22||33|61|.541|10|17|.588|16|23|.696|12|33|16|8|1|9|14
13|13|2015-01-03|@|Loyola (MD)|W|77|53|27|62|.435|9|26|.346|14|22|.636|13|41|17|6|3|11|21||18|48|.375|1|10|.100|16|27|.593|7|30|13|6|2|17|18
14|14|2015-01-07||Lehigh|L|60|71|21|62|.339|9|31|.290|9|15|.600|10|35|12|7|5|16|19||26|57|.456|3|11|.273|16|23|.696|6|37|17|4|4|15|17
15|15|2015-01-10||Navy|L|66|75|25|51|.490|10|22|.455|6|13|.462|8|27|15|3|5|14|24||25|54|.463|5|16|.313|20|27|.741|12|32|11|6|3|6|13
16|16|2015-01-14|@|Holy Cross|W (1 OT)|72|70|24|62|.387|10|23|.435|14|20|.700|14|37|17|6|5|14|24||21|58|.362|4|15|.267|24|27|.889|11|32|10|11|9|10|20
17|17|2015-01-17|@|Bucknell|L|75|81|27|57|.474|5|17|.294|16|25|.640|5|24|11|3|2|10|23||29|57|.509|9|15|.600|14|25|.560|9|32|19|2|4|10|21
18|18|2015-01-21||Colgate|W|65|63|23|51|.451|8|23|.348|11|12|.917|5|23|12|6|2|13|14||27|53|.509|7|19|.368|2|7|.286|11|27|18|8|2|13|16
19|19|2015-01-26|@|American|W|68|66|26|56|.464|9|21|.429|7|15|.467|6|26|18|3|0|10|19||24|44|.545|5|18|.278|13|21|.619|2|25|19|5|4|10|17
20|20|2015-01-29||Boston University|W|71|67|26|52|.500|3|22|.136|16|19|.842|4|27|15|4|2|15|20||24|60|.400|6|25|.240|13|22|.591|8|32|11|5|1|15|19
21|21|2015-01-31||Loyola (MD)|L|71|77|23|54|.426|10|24|.417|15|21|.714|4|22|16|10|2|15|19||30|59|.508|5|15|.333|12|20|.600|12|37|12|3|4|17|22
22|22|2015-02-04|@|Lehigh|L|74|103|21|62|.339|12|32|.375|20|24|.833|7|28|18|5|4|15|23||35|63|.556|9|18|.500|24|34|.706|7|38|29|9|2|10|22
23|23|2015-02-07|@|Navy|L|59|67|24|60|.400|5|24|.208|6|7|.857|11|36|14|8|1|19|18||26|56|.464|8|18|.444|7|13|.538|9|32|16|3|7|12|14
24|24|2015-02-11||Holy Cross|L|64|73|25|62|.403|9|24|.375|5|6|.833|8|29|15|6|5|15|16||26|56|.464|6|9|.667|15|20|.750|9|37|11|9|5|13|11
25|25|2015-02-15||Bucknell|L|75|78|29|59|.492|4|16|.250|13|19|.684|9|27|15|3|6|9|17||27|51|.529|13|17|.765|11|18|.611|7|29|16|7|2|13|18
26|26|2015-02-18|@|Colgate|L|69|84|26|57|.456|5|25|.200|12|14|.857|5|29|9|3|3|16|18||31|60|.517|9|21|.429|13|19|.684|4|27|21|9|3|4|17
27|27|2015-02-22||American|W|72|63|23|44|.523|6|12|.500|20|32|.625|7|34|14|4|4|8|18||24|58|.414|7|23|.304|8|11|.727|7|26|11|5|0|8|25
28|28|2015-02-25|@|Boston University|L|57|63|18|53|.340|8|26|.308|13|18|.722|5|27|13|5|0|15|27||18|44|.409|4|17|.235|23|36|.639|7|36|11|8|3|16|18
29|29|2015-02-28|@|Lafayette|L|64|74|26|70|.371|8|31|.258|4|10|.400|9|32|14|3|4|5|18||27|55|.491|1|9|.111|19|23|.826|7|42|18|4|5|8|14
30|30|2015-03-03|@|Navy|L|52|56|19|55|.345|4|21|.190|10|14|.714|7|26|10|9|4|13|24||20|50|.400|1|10|.100|15|27|.556|11|37|10|5|11|15|17
