ranker|game_season|date_game|game_location|opp_id|game_result|pts|opp_pts|fg|fga|fg_pct|fg3|fg3a|fg3_pct|ft|fta|ft_pct|orb|trb|ast|stl|blk|tov|pf|x|opp_fg|opp_fga|opp_fg_pct|opp_fg3|opp_fg3a|opp_fg3_pct|opp_ft|opp_fta|opp_ft_pct|opp_orb|opp_trb|opp_ast|opp_stl|opp_blk|opp_tov|opp_pf|
1|1|2014-11-15|@|Western Kentucky|L|70|77|23|52|.442|6|12|.500|18|30|.600|9|30|9|3|5|13|25||23|53|.434|9|21|.429|22|35|.629|9|33|13|5|0|13|23
2|2|2014-11-16||Berea|W|68|63|24|64|.375|3|15|.200|17|22|.773|17|46|11|4|17|17|12||23|63|.365|8|17|.471|9|10|.900|7|32|16|11|3|18|22
3|3|2014-11-19|@|Samford|L|67|68|24|56|.429|3|15|.200|16|20|.800|8|31|20|8|4|14|18||25|55|.455|7|22|.318|11|17|.647|7|31|14|7|2|14|17
4|4|2014-11-21|@|Illinois|L|66|107|24|56|.429|5|17|.294|13|15|.867|5|23|12|3|6|18|17||40|67|.597|14|25|.560|13|18|.722|9|33|20|9|3|10|16
5|5|2014-11-24|@|Indiana State|L|57|61|22|63|.349|4|10|.400|9|14|.643|12|35|13|8|4|12|25||16|41|.390|3|16|.188|26|37|.703|9|37|7|5|3|18|18
6|6|2014-11-27|N|Brown|W|79|58|33|62|.532|7|16|.438|6|11|.545|8|39|19|13|1|17|16||23|55|.418|5|20|.250|7|10|.700|3|24|14|9|6|21|13
7|7|2014-11-28|N|Stephen F. Austin|L|62|83|20|48|.417|4|14|.286|18|31|.581|11|22|9|6|4|17|17||31|49|.633|4|11|.364|17|19|.895|8|31|18|7|3|19|29
8|8|2014-12-06|@|Southern Illinois|L|49|71|18|46|.391|2|18|.111|11|14|.786|8|29|9|5|2|18|13||28|58|.483|6|14|.429|9|17|.529|10|28|14|11|1|7|16
9|9|2014-12-13||Lipscomb|L|59|68|16|48|.333|5|15|.333|22|36|.611|12|35|10|7|2|15|22||18|46|.391|8|27|.296|24|30|.800|7|31|12|9|2|16|29
10|10|2014-12-15||Troy|W|73|70|26|56|.464|8|19|.421|13|24|.542|12|33|16|7|4|12|18||25|54|.463|5|18|.278|15|28|.536|11|34|7|10|1|17|20
11|11|2014-12-18||Oakland City|W|76|52|24|61|.393|12|32|.375|16|22|.727|20|42|18|10|0|14|10||17|45|.378|9|27|.333|9|12|.750|3|20|13|7|1|16|20
12|12|2014-12-21|@|Lipscomb|L|63|69|20|53|.377|3|20|.150|20|27|.741|11|26|9|5|4|13|20||21|45|.467|8|21|.381|19|25|.760|6|31|13|4|1|16|19
13|13|2014-12-31||North Florida|W|65|60|25|53|.472|2|13|.154|13|18|.722|6|27|11|7|5|12|12||21|56|.375|7|21|.333|11|12|.917|10|28|9|8|2|15|18
14|14|2015-01-03|@|Mississippi|L|63|92|19|54|.352|8|22|.364|17|23|.739|6|25|14|7|3|16|17||34|62|.548|11|21|.524|13|17|.765|9|39|23|8|4|11|23
15|15|2015-01-08|@|Jacksonville State|L|59|71|23|61|.377|2|14|.143|11|18|.611|16|36|15|6|7|15|18||24|58|.414|4|13|.308|19|21|.905|9|34|16|12|6|10|19
16|16|2015-01-10|@|Tennessee Tech|L|56|72|18|47|.383|8|16|.500|12|20|.600|6|29|12|5|3|21|12||25|60|.417|8|20|.400|14|16|.875|11|33|9|12|7|12|19
17|17|2015-01-15||Tennessee State|W|69|68|21|53|.396|9|26|.346|18|28|.643|9|30|11|6|3|9|20||20|44|.455|5|14|.357|23|30|.767|5|31|7|4|2|14|22
18|18|2015-01-17||Belmont|L|83|89|31|68|.456|5|19|.263|16|21|.762|14|32|14|10|3|15|21||34|57|.596|10|22|.455|11|18|.611|7|30|17|11|2|18|19
19|19|2015-01-22|@|Southern Illinois-Edwardsville|L|65|69|23|58|.397|5|21|.238|14|24|.583|12|30|11|6|4|9|17||24|52|.462|6|20|.300|15|21|.714|11|37|13|4|4|14|15
20|20|2015-01-24|@|Eastern Illinois|W|56|52|19|50|.380|5|14|.357|13|25|.520|8|29|10|12|3|11|11||21|51|.412|7|20|.350|3|6|.500|7|30|11|5|7|18|20
21|21|2015-01-28||Morehead State|L|69|82|16|45|.356|5|14|.357|32|44|.727|6|27|10|5|4|12|17||32|58|.552|4|14|.286|14|19|.737|7|33|16|6|5|11|30
22|22|2015-01-31||Southeast Missouri State|L|64|70|22|58|.379|6|18|.333|14|21|.667|15|32|11|5|3|11|16||26|46|.565|7|16|.438|11|16|.688|6|27|8|7|6|17|17
23|23|2015-02-05||Tennessee-Martin|L|64|76|21|54|.389|8|24|.333|14|23|.609|10|25|9|4|7|11|17||26|49|.531|8|17|.471|16|22|.727|9|33|16|9|1|10|17
24|24|2015-02-07||Murray State|L|72|82|26|67|.388|4|18|.222|16|31|.516|20|45|15|7|5|16|25||25|52|.481|5|15|.333|27|36|.750|7|29|9|8|2|17|21
25|25|2015-02-12||Eastern Illinois|L|55|66|18|54|.333|2|14|.143|17|24|.708|12|30|3|8|4|15|17||25|44|.568|5|14|.357|11|13|.846|1|23|19|8|6|17|22
26|26|2015-02-14|@|Tennessee-Martin|L|61|67|23|63|.365|7|21|.333|8|10|.800|11|33|10|4|1|5|16||24|50|.480|8|20|.400|11|17|.647|6|32|10|4|3|7|15
27|27|2015-02-21|@|Murray State|L|54|89|18|54|.333|2|11|.182|16|22|.727|9|32|14|6|5|15|20||31|64|.484|11|22|.500|16|21|.762|12|38|21|9|2|8|18
28|28|2015-02-23|@|Eastern Kentucky|L|64|76|22|56|.393|6|18|.333|14|19|.737|16|32|7|7|3|17|17||25|49|.510|12|28|.429|14|20|.700|5|25|20|10|3|12|15
29|29|2015-02-26||Southern Illinois-Edwardsville|W|64|61|20|54|.370|3|11|.273|21|27|.778|12|46|12|4|5|18|15||20|55|.364|9|24|.375|12|18|.667|4|30|12|10|3|12|21
30|30|2015-02-28|@|Southeast Missouri State|L|65|89|24|53|.453|6|16|.375|11|21|.524|7|27|16|3|3|14|13||31|71|.437|14|28|.500|13|18|.722|16|38|20|11|3|9|17
