ranker|game_season|date_game|game_location|opp_id|game_result|pts|opp_pts|fg|fga|fg_pct|fg3|fg3a|fg3_pct|ft|fta|ft_pct|orb|trb|ast|stl|blk|tov|pf|x|opp_fg|opp_fga|opp_fg_pct|opp_fg3|opp_fg3a|opp_fg3_pct|opp_ft|opp_fta|opp_ft_pct|opp_orb|opp_trb|opp_ast|opp_stl|opp_blk|opp_tov|opp_pf|
1|1|2014-11-14|@|Utah|L|72|90|25|55|.455|10|22|.455|12|13|.923|9|15|10|5|4|15|30||29|49|.592|6|9|.667|26|40|.650|13|33|14|11|5|14|18
2|2|2014-11-17||Indiana-Kokomo|W|101|62|38|61|.623|11|20|.550|14|23|.609|11|42|26|9|3|16|15||24|68|.353|7|21|.333|7|12|.583|9|26|17|5|0|16|19
3|3|2014-11-22|@|IUPUI|L (1 OT)|69|71|19|45|.422|3|11|.273|28|35|.800|13|37|10|9|4|25|20||29|67|.433|4|15|.267|9|12|.750|10|25|17|12|3|15|27
4|4|2014-11-24||Grambling|W|88|46|30|55|.545|14|28|.500|14|21|.667|9|33|23|9|0|10|15||20|46|.435|1|8|.125|5|12|.417|4|21|9|5|0|18|18
5|5|2014-12-03|@|Eastern Illinois|L|54|61|17|56|.304|6|21|.286|14|21|.667|11|35|11|6|2|12|23||20|47|.426|5|14|.357|16|28|.571|6|32|11|8|7|11|21
6|6|2014-12-06||Indiana State|W|70|63|22|49|.449|8|21|.381|18|26|.692|6|32|15|5|0|13|18||25|56|.446|4|20|.200|9|15|.600|5|26|15|4|4|11|21
7|7|2014-12-13|@|Valparaiso|L|62|65|23|57|.404|9|19|.474|7|9|.778|5|31|11|4|2|11|21||21|58|.362|7|24|.292|16|26|.615|7|33|11|7|3|5|15
8|8|2014-12-17||James Madison|L|52|72|17|57|.298|6|23|.261|12|18|.667|6|24|11|4|1|10|14||27|53|.509|3|16|.188|15|17|.882|6|39|15|6|5|13|18
9|9|2014-12-20|@|San Diego State|L|57|70|19|46|.413|4|14|.286|15|21|.714|8|29|11|8|2|19|20||23|52|.442|4|12|.333|20|29|.690|12|29|11|12|5|15|19
10|10|2014-12-28||Longwood|W|69|64|18|47|.383|10|23|.435|23|35|.657|6|30|14|8|4|14|12||24|55|.436|11|23|.478|5|8|.625|7|29|14|10|4|15|22
11|11|2015-01-03||Bethune-Cookman|W|51|48|14|44|.318|2|18|.111|21|24|.875|6|26|9|2|3|13|13||17|46|.370|4|12|.333|10|15|.667|5|27|9|6|2|13|25
12|12|2015-01-07|@|Eastern Michigan|W (1 OT)|60|59|21|62|.339|7|28|.250|11|19|.579|14|46|11|4|4|15|23||17|61|.279|6|25|.240|19|28|.679|11|38|8|7|10|8|16
13|13|2015-01-10||Central Michigan|W|83|65|30|54|.556|9|18|.500|14|19|.737|10|35|17|6|3|11|21||22|49|.449|8|27|.296|13|20|.650|4|22|10|7|1|12|19
14|14|2015-01-14|@|Western Michigan|L (2 OT)|93|95|33|70|.471|12|32|.375|15|23|.652|11|38|17|5|3|13|22||33|68|.485|11|23|.478|18|24|.750|7|31|13|5|4|12|21
15|15|2015-01-17|@|Bowling Green State|L|46|58|17|52|.327|7|23|.304|5|13|.385|11|30|6|5|2|14|22||18|48|.375|3|18|.167|19|26|.731|6|32|4|8|4|11|18
16|16|2015-01-21||Ohio|L|73|82|24|56|.429|11|27|.407|14|20|.700|12|27|15|6|2|12|20||29|47|.617|13|18|.722|11|17|.647|4|25|20|9|2|15|18
17|17|2015-01-24||Kent State|L|52|63|20|47|.426|4|17|.235|8|11|.727|8|26|9|5|1|15|12||25|49|.510|4|14|.286|9|16|.563|8|26|11|6|5|10|13
18|18|2015-01-27|@|Akron|L|47|59|18|48|.375|6|19|.316|5|12|.417|4|28|12|9|2|10|13||23|55|.418|7|26|.269|6|10|.600|8|33|12|4|3|13|16
19|19|2015-01-31|@|Miami (OH)|L|73|79|25|43|.581|14|24|.583|9|14|.643|6|24|13|0|1|17|21||26|46|.565|6|11|.545|21|26|.808|5|19|14|9|2|8|16
20|20|2015-02-04||Buffalo|L|78|82|23|53|.434|9|25|.360|23|33|.697|13|36|14|5|4|16|25||27|59|.458|5|16|.313|23|31|.742|10|31|13|10|5|12|27
21|21|2015-02-07||Toledo|L|61|72|22|57|.386|6|32|.188|11|14|.786|6|25|8|7|1|14|21||25|47|.532|3|10|.300|19|24|.792|5|32|10|8|4|13|17
22|22|2015-02-10|@|Northern Illinois|L|63|75|23|48|.479|9|30|.300|8|10|.800|6|21|11|5|3|14|17||26|47|.553|8|14|.571|15|22|.682|5|24|13|9|2|10|10
23|23|2015-02-14||Bowling Green State|L|65|77|23|43|.535|10|20|.500|9|14|.643|3|26|12|3|2|16|18||27|53|.509|12|27|.444|11|16|.688|4|23|17|5|3|5|15
24|24|2015-02-18|@|Kent State|L|53|58|19|55|.345|8|26|.308|7|11|.636|11|23|10|3|2|12|19||19|43|.442|5|16|.313|15|21|.714|11|32|9|6|3|12|13
