ranker|game_season|date_game|game_location|opp_id|game_result|pts|opp_pts|fg|fga|fg_pct|fg3|fg3a|fg3_pct|ft|fta|ft_pct|orb|trb|ast|stl|blk|tov|pf|x|opp_fg|opp_fga|opp_fg_pct|opp_fg3|opp_fg3a|opp_fg3_pct|opp_ft|opp_fta|opp_ft_pct|opp_orb|opp_trb|opp_ast|opp_stl|opp_blk|opp_tov|opp_pf|
1|1|2014-11-14||McNeese State|W|80|39|30|58|.517|7|22|.318|13|23|.565|12|47|23|7|5|14|14||13|62|.210|4|21|.190|9|15|.600|10|23|8|7|2|10|19
2|2|2014-11-18|@|South Carolina|W|69|65|21|47|.447|6|18|.333|21|26|.808|5|25|10|6|1|11|20||22|54|.407|5|21|.238|16|19|.842|11|31|11|4|3|10|21
3|3|2014-11-21||Prairie View|W|60|45|21|44|.477|4|12|.333|14|24|.583|12|39|11|8|3|18|13||19|54|.352|5|21|.238|2|7|.286|8|25|14|8|1|14|21
4|4|2014-11-24||Stephen F. Austin|W|67|51|23|53|.434|6|13|.462|15|24|.625|13|39|14|9|8|13|16||18|54|.333|5|26|.192|10|16|.625|8|26|13|6|6|15|21
5|5|2014-11-27|N|Memphis|W|71|47|27|63|.429|11|25|.440|6|10|.600|16|39|15|4|2|8|15||16|47|.340|6|15|.400|9|15|.600|7|27|8|4|4|14|13
6|6|2014-11-28|N|Illinois|L|54|62|17|51|.333|5|21|.238|15|25|.600|11|43|9|4|3|15|18||23|59|.390|6|23|.261|10|18|.556|8|30|15|6|2|5|20
7|7|2014-12-01||Texas Southern|W|75|49|27|61|.443|7|18|.389|14|25|.560|19|43|21|12|6|11|18||17|48|.354|4|21|.190|11|22|.500|10|24|12|7|3|15|20
8|8|2014-12-04|@|Vanderbilt|W|66|63|24|53|.453|10|18|.556|8|14|.571|12|31|15|7|3|14|20||21|48|.438|3|17|.176|18|23|.783|9|29|11|8|6|14|17
9|9|2014-12-09||Texas A&M|W|77|63|29|61|.475|4|15|.267|15|23|.652|17|38|15|9|1|13|17||22|39|.564|5|14|.357|14|24|.583|1|18|16|6|2|17|18
10|10|2014-12-17||New Mexico State|W|66|55|24|61|.393|7|15|.467|11|21|.524|17|39|14|13|7|9|18||21|46|.457|6|12|.500|7|13|.538|6|27|19|6|3|19|16
11|11|2014-12-22||Southern|W|70|66|22|50|.440|4|14|.286|22|30|.733|13|37|15|8|7|13|19||24|60|.400|6|16|.375|12|17|.706|13|31|22|5|4|11|21
12|12|2014-12-30||Norfolk State|W|92|51|34|68|.500|8|19|.421|16|24|.667|23|44|28|11|8|10|13||18|54|.333|5|17|.294|10|16|.625|12|28|11|6|5|18|19
13|13|2015-01-03|@|Oklahoma|L|63|73|22|59|.373|7|21|.333|12|18|.667|12|30|11|6|1|10|18||22|54|.407|8|22|.364|21|25|.840|10|38|13|5|2|9|16
14|14|2015-01-07||Kansas|L|55|56|18|53|.340|8|15|.533|11|14|.786|15|34|10|4|5|9|14||24|51|.471|5|17|.294|3|6|.500|7|24|19|6|7|8|17
15|15|2015-01-10|@|Texas Christian|W (1 OT)|66|59|17|57|.298|1|12|.083|31|46|.674|20|47|5|8|3|11|24||21|56|.375|2|13|.154|15|28|.536|13|38|11|5|5|11|29
16|16|2015-01-14||Iowa State|W|74|73|30|70|.429|9|23|.391|5|7|.714|18|39|19|4|4|9|14||26|56|.464|10|19|.526|11|19|.579|7|29|20|6|6|9|13
17|17|2015-01-17|@|Kansas State|L|61|63|21|55|.382|8|23|.348|11|14|.786|11|28|12|8|3|15|16||23|46|.500|4|11|.364|13|18|.722|6|24|17|8|1|14|15
18|18|2015-01-21||Huston-Tillotson|W|81|61|28|66|.424|5|21|.238|20|26|.769|19|58|22|2|8|17|17||22|66|.333|8|21|.381|9|15|.600|8|28|14|8|6|9|21
19|19|2015-01-24||Oklahoma|W|69|58|26|52|.500|9|19|.474|8|8|1.000|9|32|15|7|4|15|10||24|62|.387|6|24|.250|4|7|.571|10|25|18|8|4|12|11
20|20|2015-01-27|@|Oklahoma State|L|53|64|19|55|.345|6|20|.300|9|15|.600|11|30|8|9|5|13|15||24|54|.444|9|18|.500|7|9|.778|8|33|16|9|8|12|13
21|21|2015-01-31||Texas|W|83|60|30|62|.484|12|22|.545|11|20|.550|15|39|24|6|1|9|10||27|70|.386|5|26|.192|1|3|.333|16|37|21|5|7|10|18
22|22|2015-02-04||Texas Christian|W|77|57|26|53|.491|6|12|.500|19|24|.792|12|40|19|9|3|13|19||20|56|.357|3|11|.273|14|25|.560|14|29|14|7|4|12|20
23|23|2015-02-07|@|West Virginia|W|87|69|28|51|.549|6|15|.400|25|35|.714|11|41|12|11|7|19|21||24|66|.364|6|23|.261|15|25|.600|16|32|15|11|1|16|24
24|24|2015-02-09||Oklahoma State|L|65|74|23|50|.460|3|15|.200|16|24|.667|10|33|15|5|4|16|19||25|54|.463|9|24|.375|15|20|.750|6|24|21|6|4|7|19
25|25|2015-02-14|@|Kansas|L|64|74|21|56|.375|8|23|.348|14|18|.778|11|30|13|6|2|12|22||22|47|.468|6|18|.333|24|29|.828|7|32|16|4|2|10|16
26|26|2015-02-17|@|Texas Tech|W|54|49|18|47|.383|8|24|.333|10|13|.769|8|29|7|6|2|16|13||17|48|.354|5|24|.208|10|16|.625|10|24|9|10|7|10|13
