ranker|game_season|date_game|game_location|opp_id|game_result|pts|opp_pts|fg|fga|fg_pct|fg3|fg3a|fg3_pct|ft|fta|ft_pct|orb|trb|ast|stl|blk|tov|pf|x|opp_fg|opp_fga|opp_fg_pct|opp_fg3|opp_fg3a|opp_fg3_pct|opp_ft|opp_fta|opp_ft_pct|opp_orb|opp_trb|opp_ast|opp_stl|opp_blk|opp_tov|opp_pf|
1|1|2014-11-14|@|Notre Dame|L|39|82|13|49|.265|3|17|.176|10|13|.769|8|32|4|0|2|18|18||32|58|.552|8|22|.364|10|18|.556|6|33|16|14|3|7|18
2|2|2014-11-17|@|Providence|L|45|66|18|54|.333|3|18|.167|6|11|.545|6|22|9|5|2|17|19||24|58|.414|0|9|.000|18|24|.750|19|48|15|12|8|18|19
3|3|2014-11-19||Hartwick|W|82|51|29|62|.468|7|20|.350|17|24|.708|12|34|15|12|4|7|14||16|48|.333|7|22|.318|12|16|.750|6|23|5|2|4|19|20
4|4|2014-11-22|N|Manhattan|L|63|78|19|45|.422|4|10|.400|21|28|.750|9|26|5|4|3|20|23||28|57|.491|7|29|.241|15|22|.682|10|24|11|7|1|10|24
5|5|2014-11-23|N|Navy|L|68|70|25|55|.455|11|23|.478|7|11|.636|5|28|13|3|5|10|17||26|54|.481|7|19|.368|11|16|.688|4|29|12|4|1|9|12
6|6|2014-11-25|@|Army|L|54|80|17|54|.315|4|17|.235|16|20|.800|11|34|6|3|4|16|18||30|62|.484|9|22|.409|11|14|.786|9|34|13|7|2|11|20
7|7|2014-11-29||Cornell|L|54|68|17|47|.362|4|16|.250|16|26|.615|4|30|9|5|1|11|16||26|57|.456|11|25|.440|5|13|.385|9|35|16|6|2|11|23
8|8|2014-12-03|@|Boston University|L|65|77|22|49|.449|8|21|.381|13|17|.765|7|23|14|3|1|14|18||28|54|.519|14|28|.500|7|13|.538|12|31|19|8|1|10|20
9|9|2014-12-06||Pennsylvania|L|70|79|21|59|.356|11|29|.379|17|26|.654|11|30|10|4|3|10|19||26|51|.510|9|19|.474|18|26|.692|9|39|15|4|3|18|24
10|10|2014-12-08||Caldwell|L|52|63|20|55|.364|11|34|.324|1|4|.250|5|28|11|9|3|12|23||18|41|.439|4|11|.364|23|30|.767|1|27|8|4|0|11|10
11|11|2014-12-11|@|Colgate|L|44|65|15|43|.349|4|14|.286|10|15|.667|5|26|7|3|4|18|9||27|57|.474|9|22|.409|2|5|.400|5|27|19|5|1|10|16
12|12|2014-12-14|@|Boston College|L|49|63|13|43|.302|2|17|.118|21|24|.875|6|26|6|6|2|14|21||20|47|.426|6|20|.300|17|25|.680|11|34|10|7|1|17|28
13|13|2014-12-20||St. Bonaventure|L|51|69|20|53|.377|3|15|.200|8|11|.727|5|28|10|8|3|20|15||26|62|.419|8|21|.381|9|15|.600|12|43|15|9|2|17|13
14|14|2014-12-22|@|Mount St. Mary's|L|68|69|25|44|.568|7|13|.538|11|19|.579|8|24|8|6|1|20|17||25|58|.431|8|25|.320|11|15|.733|15|32|13|8|0|14|23
15|15|2014-12-30||Buffalo|L|50|76|18|52|.346|5|20|.250|9|14|.643|6|30|11|3|3|11|21||24|57|.421|9|24|.375|19|28|.679|12|40|18|7|3|7|18
16|16|2015-01-02|@|Massachusetts-Lowell|L|40|50|14|42|.333|2|17|.118|10|14|.714|3|24|7|13|0|23|16||19|43|.442|5|22|.227|7|8|.875|3|28|9|9|0|23|16
17|17|2015-01-07|@|Hartford|L|59|69|24|44|.545|3|13|.231|8|18|.444|6|24|11|7|2|16|24||23|50|.460|9|26|.346|14|21|.667|8|25|10|6|1|12|15
18|18|2015-01-10||Maine|W|65|46|24|58|.414|4|15|.267|13|23|.565|13|36|7|13|1|8|13||18|44|.409|5|20|.250|5|12|.417|5|26|11|6|1|16|19
19|19|2015-01-14|@|Albany (NY)|L|58|73|21|50|.420|7|17|.412|9|12|.750|8|23|9|2|2|12|17||24|54|.444|8|19|.421|17|20|.850|9|29|13|5|1|6|10
20|20|2015-01-17||New Hampshire|L (1 OT)|66|73|22|57|.386|4|19|.211|18|31|.581|6|26|7|11|4|10|24||25|48|.521|6|12|.500|17|25|.680|6|43|14|2|1|22|24
21|21|2015-01-19|@|Vermont|L|44|64|16|47|.340|3|11|.273|9|13|.692|4|22|6|6|3|11|20||20|52|.385|3|13|.231|21|23|.913|12|36|9|7|9|9|13
22|22|2015-01-25||Stony Brook|L|54|61|19|54|.352|7|19|.368|9|14|.643|13|34|9|5|2|13|21||20|48|.417|9|20|.450|12|21|.571|10|31|10|9|5|11|18
23|23|2015-01-28|@|Maryland-Baltimore County|W|68|56|24|52|.462|3|8|.375|17|28|.607|9|34|12|8|4|8|17||19|50|.380|10|32|.313|8|12|.667|7|31|10|2|3|18|20
24|24|2015-01-31||Massachusetts-Lowell|W|76|69|24|40|.600|7|13|.538|21|32|.656|5|29|13|5|0|13|16||25|56|.446|10|21|.476|9|15|.600|8|25|12|9|1|11|24
25|25|2015-02-03||Hartford|L|61|62|19|45|.422|8|22|.364|15|22|.682|8|30|8|6|3|14|17||21|49|.429|12|26|.462|8|15|.533|7|27|17|9|2|11|20
26|26|2015-02-07|@|Maine|L|64|67|21|48|.438|6|20|.300|16|22|.727|6|22|14|7|1|11|14||23|48|.479|5|17|.294|16|17|.941|5|27|15|3|2|11|20
27|27|2015-02-10||Albany (NY)|L|46|62|14|44|.318|7|22|.318|11|16|.688|3|18|5|5|2|6|17||24|52|.462|4|15|.267|10|16|.625|13|39|15|2|0|11|19
28|28|2015-02-14|@|New Hampshire|L|48|66|15|54|.278|3|12|.250|15|24|.625|11|26|3|7|1|9|19||22|54|.407|7|16|.438|15|19|.789|12|43|7|3|1|13|22
29|29|2015-02-18||Vermont|W|57|55|20|46|.435|2|9|.222|15|27|.556|7|22|5|2|4|4|14||21|44|.477|6|12|.500|7|8|.875|5|28|12|2|7|11|26
30|30|2015-02-21|@|Stony Brook|L|52|64|20|50|.400|4|17|.235|8|13|.615|8|32|9|3|3|17|16||23|56|.411|9|19|.474|9|13|.692|9|29|16|6|4|10|13
31|31|2015-02-28||Maryland-Baltimore County|W|76|69|23|54|.426|8|20|.400|22|32|.688|11|33|9|8|5|13|21||22|45|.489|9|13|.692|16|25|.640|5|28|15|6|2|16|20
32|32|2015-03-04|@|Stony Brook|L|57|62|21|49|.429|6|16|.375|9|14|.643|8|31|6|4|2|17|22||20|52|.385|5|18|.278|17|29|.586|14|35|14|7|1|12|15
