ranker|game_season|date_game|game_location|opp_id|game_result|pts|opp_pts|fg|fga|fg_pct|fg3|fg3a|fg3_pct|ft|fta|ft_pct|orb|trb|ast|stl|blk|tov|pf|x|opp_fg|opp_fga|opp_fg_pct|opp_fg3|opp_fg3a|opp_fg3_pct|opp_ft|opp_fta|opp_ft_pct|opp_orb|opp_trb|opp_ast|opp_stl|opp_blk|opp_tov|opp_pf|
1|1|2014-11-14||New Hampshire|W|58|50|19|53|.358|1|19|.053|19|27|.704|9|30|5|6|2|11|17||15|49|.306|6|23|.261|14|20|.700|7|33|11|5|1|19|24
2|2|2014-11-16|N|Massachusetts|L|62|71|20|57|.351|5|21|.238|17|27|.630|13|38|11|9|3|18|31||20|41|.488|0|3|.000|31|46|.674|5|33|12|9|7|14|22
3|3|2014-11-20|N|New Mexico|W|69|65|26|55|.473|8|28|.286|9|12|.750|8|29|16|6|2|17|23||21|47|.447|2|13|.154|21|28|.750|8|25|10|12|5|17|17
4|4|2014-11-21|N|West Virginia|L|66|70|25|46|.543|4|12|.333|12|16|.750|8|22|15|5|5|21|28||25|59|.424|6|15|.400|14|24|.583|14|25|14|10|3|14|21
5|5|2014-11-23|N|Dayton|L|53|65|17|50|.340|2|21|.095|17|20|.850|8|30|8|8|2|17|23||20|47|.426|6|21|.286|19|29|.655|6|29|12|4|0|12|21
6|6|2014-12-01||Marist|W|79|61|27|57|.474|8|20|.400|17|26|.654|14|31|16|10|5|8|17||18|38|.474|6|14|.429|19|24|.792|2|19|7|2|3|15|21
7|7|2014-12-05||Providence|W|69|60|24|48|.500|5|16|.313|16|28|.571|8|38|13|6|5|14|14||24|61|.393|6|20|.300|6|11|.545|6|24|12|10|3|10|20
8|8|2014-12-11||Maine|W|85|74|29|54|.537|7|17|.412|20|29|.690|8|25|16|12|3|7|16||26|52|.500|7|17|.412|15|17|.882|8|28|11|2|1|17|22
9|9|2014-12-14||Binghamton|W|63|49|20|47|.426|6|20|.300|17|25|.680|11|34|10|7|1|17|28||13|43|.302|2|17|.118|21|24|.875|6|26|6|6|2|14|21
10|10|2014-12-21||Southern California|L|71|75|25|61|.410|7|25|.280|14|18|.778|9|27|17|10|4|12|20||29|52|.558|4|11|.364|13|19|.684|7|31|13|5|6|17|19
11|11|2014-12-29||Massachusetts-Lowell|W|70|47|25|45|.556|7|12|.583|13|17|.765|1|21|15|10|3|11|11||19|48|.396|7|23|.304|2|2|1.000|5|24|7|5|1|22|19
12|12|2015-01-03|@|Duke|L|62|85|26|65|.400|3|13|.231|7|10|.700|16|31|10|6|2|11|22||27|57|.474|9|21|.429|22|29|.759|16|39|15|4|10|11|14
13|13|2015-01-06||Pittsburgh|L (1 OT)|60|61|23|58|.397|6|16|.375|8|9|.889|9|31|12|1|2|15|16||23|60|.383|1|8|.125|14|18|.778|13|35|15|4|3|12|13
14|14|2015-01-10|@|Miami (FL)|L|56|60|21|52|.404|9|22|.409|5|10|.500|5|33|11|2|3|6|17||23|51|.451|5|22|.227|9|14|.643|3|31|11|5|5|4|12
15|15|2015-01-14||Harvard|W (1 OT)|64|57|27|52|.519|4|17|.235|6|15|.400|6|32|17|6|5|18|20||19|60|.317|4|19|.211|15|21|.714|14|36|8|9|1|16|17
16|16|2015-01-17||Virginia|L|51|66|17|43|.395|5|15|.333|12|13|.923|3|18|8|2|0|9|16||21|49|.429|6|18|.333|18|21|.857|12|33|12|2|3|8|18
17|17|2015-01-20|@|Syracuse|L|61|69|16|51|.314|10|29|.345|19|27|.704|8|29|15|3|3|9|24||22|50|.440|4|11|.364|21|31|.677|8|34|16|4|5|8|17
18|18|2015-01-25|@|Georgia Tech|W|64|62|23|50|.460|9|20|.450|9|13|.692|5|24|11|6|2|12|19||21|55|.382|8|23|.348|12|18|.667|13|34|10|5|7|12|18
19|19|2015-01-28||Louisville|L|72|81|26|61|.426|9|29|.310|11|15|.733|8|26|17|2|1|6|21||29|50|.580|6|12|.500|17|24|.708|3|26|10|4|5|9|21
20|20|2015-01-31|@|Clemson|L|49|64|18|46|.391|8|22|.364|5|9|.556|6|25|13|6|1|13|11||22|56|.393|7|23|.304|13|14|.929|12|31|12|4|2|8|12
21|21|2015-02-04|@|Notre Dame|L|63|71|25|57|.439|10|26|.385|3|6|.500|7|31|13|7|3|13|14||25|50|.500|10|21|.476|11|19|.579|6|29|16|6|2|9|7
22|22|2015-02-07||North Carolina|L|68|79|25|56|.446|5|23|.217|13|19|.684|4|19|13|4|1|11|21||29|51|.569|1|5|.200|20|27|.741|12|35|16|3|3|14|20
23|23|2015-02-11||Syracuse|L|56|70|21|49|.429|6|18|.333|8|8|1.000|3|20|15|9|1|13|11||26|53|.491|9|23|.391|9|11|.818|9|30|12|9|6|13|10
24|24|2015-02-16||Miami (FL)|L (2 OT)|86|89|30|66|.455|8|24|.333|18|24|.750|7|31|19|5|4|10|27||24|57|.421|11|24|.458|30|37|.811|7|35|14|5|5|11|23
25|25|2015-02-18|@|Florida State|L|60|69|23|50|.460|3|14|.214|11|16|.688|7|25|12|5|1|13|22||21|44|.477|8|12|.667|19|30|.633|8|31|14|7|2|15|20
