ranker|game_season|date_game|game_location|opp_id|game_result|pts|opp_pts|fg|fga|fg_pct|fg3|fg3a|fg3_pct|ft|fta|ft_pct|orb|trb|ast|stl|blk|tov|pf|x|opp_fg|opp_fga|opp_fg_pct|opp_fg3|opp_fg3a|opp_fg3_pct|opp_ft|opp_fta|opp_ft_pct|opp_orb|opp_trb|opp_ast|opp_stl|opp_blk|opp_tov|opp_pf|
1|1|2014-11-14||Long Beach State|W|95|90|28|54|.519|11|24|.458|28|33|.848|7|31|19|6|3|17|22||33|61|.541|13|22|.591|11|20|.550|9|24|15|10|3|18|25
2|2|2014-11-18||Arkansas-Little Rock|W|91|62|37|69|.536|7|20|.350|10|20|.500|12|45|22|9|0|11|18||21|61|.344|6|18|.333|14|19|.737|7|28|10|3|4|14|18
3|3|2014-11-19||Southern Virginia|W|101|48|37|68|.544|5|21|.238|22|33|.667|15|47|24|19|5|17|18||18|62|.290|3|21|.143|9|11|.818|10|29|8|9|1|26|26
4|4|2014-11-24|N|San Diego State|L (2 OT)|87|92|30|78|.385|13|30|.433|14|22|.636|12|32|13|6|4|10|24||32|66|.485|9|27|.333|19|31|.613|13|43|17|6|9|15|17
5|5|2014-11-25|N|Chaminade|W|121|85|41|74|.554|17|29|.586|22|26|.846|15|49|28|10|4|15|23||27|72|.375|10|25|.400|21|30|.700|8|27|10|10|6|15|24
6|6|2014-11-26|N|Purdue|L (1 OT)|85|87|27|62|.435|7|21|.333|24|32|.750|8|30|14|9|7|11|30||27|59|.458|5|17|.294|28|36|.778|9|31|14|6|8|16|23
7|7|2014-11-29||Eastern Kentucky|W|90|76|32|55|.582|15|28|.536|11|15|.733|10|31|24|8|0|19|19||24|49|.490|9|24|.375|19|23|.826|5|19|13|8|4|17|20
8|8|2014-12-02|@|Utah State|W|91|81|26|66|.394|5|25|.200|34|39|.872|15|42|13|9|1|6|19||26|57|.456|8|16|.500|21|30|.700|7|31|13|4|2|13|26
9|9|2014-12-06|N|Hawaii|W|90|70|29|60|.483|9|24|.375|23|27|.852|12|47|23|8|3|19|21||25|66|.379|5|18|.278|15|20|.750|8|27|16|13|2|12|20
10|10|2014-12-10||Utah|L|61|65|24|65|.369|7|20|.350|6|10|.600|8|27|12|8|3|7|21||22|48|.458|2|14|.143|19|30|.633|7|38|9|5|6|15|14
11|11|2014-12-13|@|Weber State|W|76|60|25|46|.543|12|19|.632|14|19|.737|8|34|16|8|1|16|25||19|51|.373|3|12|.250|19|24|.792|8|24|11|6|2|10|17
12|12|2014-12-20||Stanford|W|79|77|26|61|.426|6|21|.286|21|29|.724|11|32|17|4|3|12|14||32|66|.485|6|15|.400|7|10|.700|11|35|20|5|2|14|24
13|13|2014-12-23||Massachusetts|W (1 OT)|77|71|23|59|.390|5|21|.238|26|32|.813|11|37|12|10|3|12|13||27|59|.458|5|22|.227|12|17|.706|8|35|14|8|3|15|25
14|14|2014-12-27||Gonzaga|L|80|87|23|58|.397|7|25|.280|27|31|.871|8|34|13|4|0|12|18||32|65|.492|8|19|.421|15|21|.714|9|38|22|7|3|10|21
15|15|2014-12-29||Portland|W|97|88|33|65|.508|7|21|.333|24|31|.774|9|32|22|9|2|8|21||30|63|.476|9|23|.391|19|21|.905|7|31|19|4|4|13|25
16|16|2015-01-01|@|Santa Clara|W|81|46|25|53|.472|8|22|.364|23|28|.821|8|43|18|7|3|10|17||17|56|.304|6|23|.261|6|15|.400|6|27|13|6|0|11|19
17|17|2015-01-03|@|San Francisco|W|99|68|33|55|.600|15|28|.536|18|25|.720|8|37|22|6|0|9|19||24|58|.414|7|24|.292|13|21|.619|9|26|17|5|1|9|22
18|18|2015-01-08||Pepperdine|L|61|67|24|63|.381|6|26|.231|7|8|.875|8|27|12|5|3|11|17||23|54|.426|6|19|.316|15|20|.750|9|33|17|7|4|10|13
19|19|2015-01-10||Loyola Marymount|W|85|72|28|55|.509|13|29|.448|16|21|.762|10|30|25|10|3|13|16||27|60|.450|7|14|.500|11|15|.733|11|26|18|6|1|16|18
20|20|2015-01-15|@|Pacific|W|93|80|28|52|.538|10|20|.500|27|32|.844|8|34|19|6|4|14|26||27|59|.458|4|18|.222|22|27|.815|9|26|12|7|2|12|27
21|21|2015-01-17|@|Saint Mary's (CA)|L|77|82|25|55|.455|10|25|.400|17|20|.850|7|26|11|6|1|12|24||29|61|.475|7|21|.333|17|26|.654|17|39|16|7|3|12|20
22|22|2015-01-24|@|San Diego|L|74|77|28|63|.444|3|15|.200|15|17|.882|6|31|12|6|2|11|24||26|60|.433|5|18|.278|20|32|.625|11|36|14|7|6|10|17
23|23|2015-01-29||San Francisco|W|78|74|26|65|.400|3|20|.150|23|33|.697|9|35|14|8|2|8|22||27|56|.482|5|21|.238|15|24|.625|6|36|15|3|2|17|28
24|24|2015-01-31||Santa Clara|W|78|57|22|54|.407|15|29|.517|19|28|.679|10|40|17|6|5|11|20||21|61|.344|4|22|.182|11|16|.688|7|29|12|5|3|8|22
25|25|2015-02-05|@|Pepperdine|L|74|80|25|53|.472|4|17|.235|20|27|.741|12|27|12|6|2|12|21||25|51|.490|5|20|.250|25|31|.806|10|28|15|10|6|12|22
26|26|2015-02-07|@|Loyola Marymount|W|87|68|27|59|.458|6|20|.300|27|31|.871|16|39|20|7|3|10|14||24|55|.436|7|19|.368|13|18|.722|7|24|16|6|5|10|22
27|27|2015-02-12||Saint Mary's (CA)|W|82|60|29|58|.500|9|19|.474|15|19|.789|10|32|19|9|7|10|19||20|49|.408|2|11|.182|18|24|.750|9|25|7|6|2|15|20
28|28|2015-02-14||Pacific|W|84|59|29|58|.500|9|18|.500|17|22|.773|11|37|18|1|9|8|16||24|65|.369|6|20|.300|5|12|.417|9|27|12|3|3|5|20
