ranker|game_season|date_game|game_location|opp_id|game_result|pts|opp_pts|fg|fga|fg_pct|fg3|fg3a|fg3_pct|ft|fta|ft_pct|orb|trb|ast|stl|blk|tov|pf|x|opp_fg|opp_fga|opp_fg_pct|opp_fg3|opp_fg3a|opp_fg3_pct|opp_ft|opp_fta|opp_ft_pct|opp_orb|opp_trb|opp_ast|opp_stl|opp_blk|opp_tov|opp_pf|
1|1|2014-11-14||Marist|W|75|72|25|60|.417|7|20|.350|18|24|.750|13|40|15|4|2|6|11||24|57|.421|12|28|.429|12|12|1.000|3|26|12|5|5|7|22
2|2|2014-11-17|@|Michigan|L|53|77|19|48|.396|6|20|.300|9|12|.750|4|28|10|1|1|17|21||29|63|.460|8|18|.444|11|18|.611|10|36|18|7|4|6|13
3|3|2014-11-20|@|Villanova|L|65|72|24|51|.471|5|14|.357|12|18|.667|9|37|11|4|2|20|27||21|54|.389|5|22|.227|25|36|.694|9|30|10|12|4|7|16
4|4|2014-11-22||Mount St. Mary's|L|69|73|25|46|.543|3|11|.273|16|23|.696|4|22|12|6|3|14|13||28|56|.500|5|19|.263|12|18|.667|9|25|9|6|2|14|20
5|5|2014-11-24|@|Toledo|L|65|92|25|62|.403|7|20|.350|8|12|.667|8|26|14|1|1|9|21||31|60|.517|6|12|.500|24|31|.774|12|39|15|4|5|7|13
6|6|2014-11-25|N|Maryland-Eastern Shore|W|58|55|21|47|.447|7|17|.412|9|11|.818|8|32|14|4|3|19|22||20|49|.408|3|10|.300|12|20|.600|6|22|11|11|0|9|17
7|7|2014-11-28||Penn State|L|80|88|26|53|.491|10|16|.625|18|24|.750|5|23|16|4|4|14|24||30|54|.556|8|15|.533|20|26|.769|9|31|6|6|4|13|23
8|8|2014-12-01|@|Fairfield|W (1 OT)|72|66|23|63|.365|5|15|.333|21|25|.840|9|29|12|5|3|10|18||22|52|.423|5|15|.333|17|20|.850|6|33|6|5|11|17|20
9|9|2014-12-06|@|Columbia|L|39|62|15|53|.283|2|15|.133|7|12|.583|11|31|8|4|2|9|14||22|49|.449|10|22|.455|8|10|.800|6|33|15|4|8|9|16
10|10|2014-12-08||Albany (NY)|W|61|58|22|46|.478|7|18|.389|10|15|.667|6|31|13|3|7|17|19||20|55|.364|6|15|.400|12|15|.800|8|26|7|8|3|13|18
11|11|2014-12-19||Case Western Reserve|W|88|65|33|65|.508|13|27|.481|9|16|.563|13|44|26|6|8|10|14||24|63|.381|10|21|.476|7|13|.538|7|27|16|2|6|10|16
12|12|2014-12-22|@|Wake Forest|L|53|60|14|49|.286|5|22|.227|20|26|.769|9|29|8|4|2|16|30||17|47|.362|6|18|.333|20|35|.571|13|38|9|11|9|12|22
13|13|2014-12-28|@|Siena|L|71|73|27|61|.443|8|21|.381|9|11|.818|10|27|10|5|1|9|21||26|47|.553|3|9|.333|18|25|.720|6|27|10|5|1|9|13
14|14|2014-12-31||American|W|57|47|19|47|.404|4|15|.267|15|25|.600|10|31|9|4|1|8|12||16|42|.381|6|18|.333|9|10|.900|1|21|9|2|4|8|20
15|15|2015-01-03|@|Colgate|L|62|68|24|54|.444|7|17|.412|7|12|.583|10|35|14|1|3|8|15||22|49|.449|11|23|.478|13|17|.765|4|26|15|1|5|6|16
16|16|2015-01-07||Lafayette|W|79|69|24|56|.429|6|18|.333|25|33|.758|11|42|14|6|8|11|16||27|71|.380|7|15|.467|8|10|.800|9|32|14|6|2|9|27
17|17|2015-01-10|@|Holy Cross|L (1 OT)|62|65|24|46|.522|2|9|.222|12|19|.632|4|18|10|5|3|12|19||20|47|.426|7|18|.389|18|22|.818|7|24|13|3|1|11|20
18|18|2015-01-14||Navy|W|65|63|21|51|.412|9|15|.600|14|19|.737|8|29|13|4|6|8|16||22|49|.449|2|10|.200|17|21|.810|5|28|10|6|8|8|18
19|19|2015-01-17||Army|W|81|75|29|57|.509|9|15|.600|14|25|.560|9|32|19|2|4|10|21||27|57|.474|5|17|.294|16|25|.640|5|24|11|3|2|10|23
20|20|2015-01-21|@|Loyola (MD)|W|75|61|27|51|.529|9|21|.429|12|21|.571|9|31|15|5|2|8|18||20|54|.370|4|13|.308|17|24|.708|10|31|8|4|2|9|18
21|21|2015-01-24|@|Boston University|W|92|77|32|57|.561|13|20|.650|15|16|.938|7|26|19|5|2|6|22||24|57|.421|4|15|.267|25|30|.833|11|27|9|2|0|8|15
22|22|2015-01-28||Lehigh|W|68|62|21|56|.375|9|24|.375|17|26|.654|12|36|15|5|1|10|15||25|58|.431|4|12|.333|8|11|.727|6|28|12|5|5|11|24
23|23|2015-01-31||Colgate|L|69|71|24|48|.500|10|14|.714|11|17|.647|10|25|15|5|1|11|8||31|52|.596|6|13|.462|3|3|1.000|5|20|11|5|4|10|16
24|24|2015-02-04|@|Lafayette|L (1 OT)|74|84|27|64|.422|9|30|.300|11|16|.688|10|26|12|5|1|9|22||29|53|.547|6|14|.429|20|25|.800|8|36|15|4|3|10|20
25|25|2015-02-08||Holy Cross|W|70|57|21|45|.467|3|13|.231|25|35|.714|5|31|10|5|2|8|24||15|49|.306|6|18|.333|21|34|.618|11|33|7|5|7|9|28
26|26|2015-02-11|@|Navy|W|52|51|14|49|.286|2|12|.167|22|28|.786|12|43|6|4|3|13|15||18|56|.321|2|12|.167|13|18|.722|9|32|7|6|6|8|22
27|27|2015-02-15|@|Army|W|78|75|27|51|.529|13|17|.765|11|18|.611|7|29|16|7|2|13|18||29|59|.492|4|16|.250|13|19|.684|9|27|15|3|6|9|17
28|28|2015-02-18||Loyola (MD)|W|61|50|19|45|.422|4|15|.267|19|30|.633|7|31|11|1|7|8|17||18|53|.340|4|10|.400|10|11|.909|6|30|8|4|4|11|23
29|29|2015-02-22||Boston University|W|78|69|24|52|.462|7|16|.438|23|32|.719|5|28|13|3|1|9|25||21|45|.467|8|18|.444|19|31|.613|1|24|11|5|2|10|22
30|30|2015-02-25|@|Lehigh|L|65|84|22|63|.349|7|27|.259|14|23|.609|9|32|19|7|2|9|13||31|58|.534|8|16|.500|14|20|.700|5|37|19|4|3|12|19
31|31|2015-02-28|@|American|W|71|69|26|47|.553|5|13|.385|14|21|.667|7|29|8|3|3|10|20||24|51|.471|6|17|.353|15|18|.833|6|22|13|2|2|4|16
32|32|2015-03-05||Holy Cross|W (1 OT)|90|83|26|54|.481|4|13|.308|34|41|.829|9|33|13|7|2|11|20||32|67|.478|3|12|.250|16|18|.889|8|23|9|5|5|10|27
33|33|2015-03-08||Lafayette|L|74|80|26|60|.433|7|18|.389|15|22|.682|13|33|11|2|1|7|20||26|49|.531|7|16|.438|21|24|.875|2|20|15|4|5|4|20
