ranker|game_season|date_game|game_location|opp_id|game_result|pts|opp_pts|fg|fga|fg_pct|fg3|fg3a|fg3_pct|ft|fta|ft_pct|orb|trb|ast|stl|blk|tov|pf|x|opp_fg|opp_fga|opp_fg_pct|opp_fg3|opp_fg3a|opp_fg3_pct|opp_ft|opp_fta|opp_ft_pct|opp_orb|opp_trb|opp_ast|opp_stl|opp_blk|opp_tov|opp_pf|
1|1|2014-11-14|@|Santa Clara|L|72|89|22|58|.379|9|23|.391|19|28|.679|12|39|12|2|2|14|25||27|55|.491|11|16|.688|24|31|.774|6|36|13|6|2|8|25
2|2|2014-11-16|@|New Mexico|L|59|67|24|55|.436|9|22|.409|2|7|.286|4|18|14|2|4|9|29||19|39|.487|5|9|.556|24|36|.667|9|34|11|1|3|13|16
3|3|2014-11-22||San Jose State|W|70|66|22|52|.423|4|13|.308|22|29|.759|6|32|7|7|1|10|10||26|62|.419|9|23|.391|5|9|.556|11|37|12|3|2|15|23
4|4|2014-11-25|@|Southern California|L|49|53|18|56|.321|7|20|.350|6|9|.667|10|36|6|4|2|16|12||23|59|.390|3|14|.214|4|14|.286|13|40|10|7|8|13|14
5|5|2014-11-27|N|Wright State|W|67|62|20|46|.435|3|12|.250|24|33|.727|8|40|5|5|5|13|17||20|54|.370|6|23|.261|16|22|.727|6|29|9|5|1|9|25
6|6|2014-11-28||South Carolina Upstate|L|64|79|20|49|.408|7|23|.304|17|23|.739|6|32|7|5|2|17|22||26|59|.441|8|20|.400|19|27|.704|7|30|18|12|4|9|22
7|7|2014-11-29|N|Florida International|W|64|61|21|49|.429|3|14|.214|19|26|.731|11|33|10|11|0|13|19||21|54|.389|2|13|.154|17|23|.739|12|29|11|6|5|14|20
8|8|2014-12-03|@|UCLA|L|45|73|13|54|.241|4|20|.200|15|22|.682|7|30|9|7|2|15|15||29|65|.446|8|19|.421|7|13|.538|12|49|18|7|6|14|17
9|9|2014-12-06||Pepperdine|L|62|74|21|55|.382|3|20|.150|17|22|.773|9|35|8|5|5|11|20||25|56|.446|9|18|.500|15|24|.625|7|32|16|3|4|11|22
10|10|2014-12-11|@|Sacramento State|L|59|73|22|44|.500|6|18|.333|9|15|.600|6|25|16|5|0|15|19||25|53|.472|5|15|.333|18|19|.947|6|21|14|11|0|9|15
11|11|2014-12-13|@|Nevada|W|65|55|21|51|.412|5|13|.385|18|25|.720|14|37|10|2|3|8|11||20|54|.370|5|16|.313|10|12|.833|8|27|12|4|7|9|18
12|12|2014-12-18||Cal State Dominguez Hills|W|72|50|25|52|.481|5|12|.417|17|25|.680|12|34|11|5|0|14|12||17|47|.362|8|25|.320|8|8|1.000|4|23|8|5|4|14|19
13|13|2014-12-22||Texas A&M-Corpus Christi|W|82|77|25|54|.463|8|22|.364|24|29|.828|11|31|10|7|3|17|22||25|50|.500|8|15|.533|19|30|.633|6|23|11|6|4|11|24
14|14|2014-12-30||Cal State East Bay|W|77|45|29|64|.453|6|20|.300|13|19|.684|12|43|9|6|1|6|11||17|59|.288|7|24|.292|4|4|1.000|6|28|10|3|4|11|15
15|15|2015-01-03||Seattle|W|67|55|28|60|.467|9|22|.409|2|3|.667|7|29|17|6|1|7|9||22|48|.458|6|15|.400|5|11|.455|4|27|14|3|2|14|10
16|16|2015-01-08|@|California-Riverside|L (1 OT)|78|84|30|63|.476|6|18|.333|12|19|.632|6|38|9|2|6|12|23||28|67|.418|9|22|.409|19|33|.576|9|35|17|9|3|7|18
17|17|2015-01-15||California-Irvine|L|58|63|21|50|.420|3|11|.273|13|22|.591|9|39|11|4|1|16|14||23|58|.397|4|12|.333|13|18|.722|8|30|15|7|3|10|16
18|18|2015-01-17||California-Davis|L|68|79|19|55|.345|5|17|.294|25|34|.735|11|32|7|9|0|8|19||26|49|.531|9|19|.474|18|23|.783|4|31|17|2|0|15|27
19|19|2015-01-22|@|Cal Poly|L|55|66|23|59|.390|3|16|.188|6|14|.429|11|33|7|1|4|9|20||24|56|.429|2|16|.125|16|25|.640|10|33|5|7|5|7|13
20|20|2015-01-24|@|California-Santa Barbara|L|49|68|18|58|.310|7|23|.304|6|13|.462|12|28|10|1|0|10|21||23|51|.451|7|20|.350|15|23|.652|11|37|15|3|6|11|13
21|21|2015-01-29||Long Beach State|L (1 OT)|85|91|30|66|.455|11|27|.407|14|18|.778|12|35|14|6|1|19|23||32|66|.485|8|22|.364|19|29|.655|9|34|16|11|1|11|17
22|22|2015-02-05||Cal State Northridge|W|69|53|25|53|.472|5|15|.333|14|18|.778|11|36|7|4|0|11|18||18|50|.360|2|8|.250|15|19|.789|5|25|8|3|5|11|17
23|23|2015-02-07||California-Riverside|L (1 OT)|66|71|22|65|.338|4|12|.333|18|24|.750|9|33|9|13|0|8|19||26|50|.520|8|19|.421|11|18|.611|3|37|13|4|5|22|24
24|24|2015-02-12|@|California-Davis|L|69|75|25|55|.455|4|16|.250|15|21|.714|10|27|11|7|1|12|27||20|46|.435|7|16|.438|28|39|.718|7|28|11|7|0|11|19
25|25|2015-02-14|@|Hawaii|L|61|81|20|56|.357|4|21|.190|17|20|.850|9|30|9|4|1|14|16||29|58|.500|10|23|.435|13|17|.765|7|30|14|10|5|6|17
26|26|2015-02-19||Cal Poly|L|54|65|24|44|.545|3|4|.750|3|8|.375|5|27|9|4|2|14|16||22|47|.468|8|17|.471|13|16|.813|5|19|9|7|4|7|11
27|27|2015-02-21||California-Santa Barbara|L|54|69|19|47|.404|4|7|.571|12|15|.800|4|24|10|3|3|10|17||27|55|.491|7|17|.412|8|12|.667|6|29|15|5|5|7|17
28|28|2015-02-26|@|Cal State Northridge|L|72|82|28|57|.491|6|15|.400|10|18|.556|4|25|17|4|5|11|23||25|52|.481|6|11|.545|26|30|.867|5|29|19|7|3|9|15
29|29|2015-02-28|@|Long Beach State|L|47|70|15|46|.326|2|14|.143|15|27|.556|6|29|6|6|3|16|13||26|56|.464|9|26|.346|9|11|.818|4|36|13|6|4|12|22
30|30|2015-03-05|@|California-Irvine|L|62|68|23|60|.383|6|13|.462|10|15|.667|9|33|9|5|2|10|23||19|44|.432|7|21|.333|23|32|.719|6|32|15|5|10|10|16
31|31|2015-03-07||Hawaii|L|70|91|25|62|.403|6|20|.300|14|22|.636|12|28|9|4|2|17|20||32|57|.561|7|19|.368|20|28|.714|11|35|19|7|4|14|20
