ranker|game_season|date_game|game_location|opp_id|game_result|pts|opp_pts|fg|fga|fg_pct|fg3|fg3a|fg3_pct|ft|fta|ft_pct|orb|trb|ast|stl|blk|tov|pf|x|opp_fg|opp_fga|opp_fg_pct|opp_fg3|opp_fg3a|opp_fg3_pct|opp_ft|opp_fta|opp_ft_pct|opp_orb|opp_trb|opp_ast|opp_stl|opp_blk|opp_tov|opp_pf|
1|1|2014-11-14|N|High Point|L (4 OT)|99|100|35|75|.467|7|21|.333|22|27|.815|12|46|16|5|5|19|27||36|73|.493|10|24|.417|18|32|.563|4|26|14|6|4|11|22
2|2|2014-11-15|@|Hawaii|L|65|72|24|62|.387|7|23|.304|10|11|.909|13|34|14|3|2|18|28||21|47|.447|8|19|.421|22|36|.611|9|28|14|10|5|14|17
3|3|2014-11-17|N|Arkansas-Pine Bluff|L|49|56|12|37|.324|6|18|.333|19|24|.792|9|26|6|4|1|13|17||18|46|.391|9|16|.563|11|18|.611|10|23|10|6|6|11|19
4|4|2014-11-20|@|San Diego State|L|27|51|12|56|.214|1|20|.050|2|5|.400|11|36|9|6|2|20|24||14|57|.246|3|24|.125|20|29|.690|17|40|8|11|9|13|15
5|5|2014-11-23||Delaware|W|70|52|29|65|.446|7|21|.333|5|11|.455|13|43|17|5|5|7|21||12|45|.267|7|22|.318|21|32|.656|9|34|7|1|4|8|16
6|6|2014-11-30||South Dakota|L|66|68|23|53|.434|3|18|.167|17|19|.895|5|32|18|5|4|14|22||20|52|.385|8|25|.320|20|29|.690|6|30|11|5|3|14|18
7|7|2014-12-02||California-Riverside|L|58|59|23|52|.442|7|18|.389|5|8|.625|8|32|14|5|4|14|18||21|45|.467|4|14|.286|13|17|.765|3|23|7|10|5|10|13
8|8|2014-12-06||Fresno State|L|61|63|20|45|.444|4|13|.308|17|28|.607|8|29|9|5|1|11|24||17|42|.405|6|15|.400|23|27|.852|4|24|8|5|4|11|25
9|9|2014-12-13|@|Portland State|L|59|65|18|60|.300|9|31|.290|14|18|.778|14|31|13|8|1|15|21||20|48|.417|5|17|.294|20|25|.800|6|30|14|6|8|12|18
10|10|2014-12-18|@|Utah State|L|56|57|19|53|.358|4|15|.267|14|24|.583|14|40|8|5|0|13|21||17|42|.405|5|15|.333|18|26|.692|2|23|12|8|3|8|20
11|11|2014-12-19|N|South Dakota State|L|49|53|16|46|.348|5|17|.294|12|17|.706|7|31|7|4|2|11|19||19|54|.352|10|28|.357|5|9|.556|7|30|11|4|5|8|21
12|12|2014-12-20|N|Idaho State|W|59|50|21|46|.457|6|17|.353|11|16|.688|9|33|15|5|3|10|17||19|47|.404|4|14|.286|8|14|.571|6|23|9|6|2|11|16
13|13|2014-12-28|@|California|W|55|52|18|46|.391|2|11|.182|17|24|.708|5|25|9|8|1|9|19||18|46|.391|2|15|.133|14|25|.560|9|36|10|4|2|18|19
14|14|2014-12-31||La Verne|W|87|36|31|57|.544|9|17|.529|16|22|.727|9|34|27|14|0|10|16||11|44|.250|3|21|.143|11|12|.917|4|22|6|1|1|24|21
15|15|2015-01-03|@|North Carolina A&T|L|70|83|18|50|.360|9|22|.409|25|30|.833|8|24|12|6|2|10|34||20|42|.476|8|17|.471|35|39|.897|8|32|7|2|3|14|24
16|16|2015-01-10|@|Grand Canyon|L|65|73|21|48|.438|4|10|.400|19|27|.704|7|23|6|3|1|6|22||24|46|.522|9|23|.391|16|24|.667|9|29|15|3|3|11|23
17|17|2015-01-15||New Mexico State|L|54|70|21|55|.382|1|10|.100|11|16|.688|9|27|12|6|1|10|23||21|38|.553|8|13|.615|20|26|.769|4|28|12|4|4|16|13
18|18|2015-01-17||Texas-Pan American|W|66|53|22|55|.400|7|18|.389|15|21|.714|12|30|17|10|3|8|16||19|51|.373|1|7|.143|14|18|.778|13|35|10|4|5|17|17
19|19|2015-01-22|@|Missouri-Kansas City|L|63|66|22|49|.449|8|18|.444|11|15|.733|7|32|11|5|1|17|22||21|44|.477|7|19|.368|17|31|.548|5|23|13|5|4|10|18
20|20|2015-01-24|@|Chicago State|W|57|41|19|51|.373|3|16|.188|16|17|.941|11|39|8|6|1|12|14||12|45|.267|4|18|.222|13|18|.722|8|25|5|6|3|11|22
21|21|2015-01-27||San Diego Christian|W|79|54|27|43|.628|8|12|.667|17|25|.680|5|30|18|4|1|8|13||19|49|.388|9|24|.375|7|12|.583|5|21|9|5|2|8|21
22|22|2015-01-31||Seattle|W (1 OT)|71|61|20|54|.370|6|22|.273|25|31|.806|16|38|17|8|1|13|19||22|47|.468|3|11|.273|14|22|.636|5|24|13|4|0|14|25
23|23|2015-02-05||Utah Valley|W|72|69|24|41|.585|6|12|.500|18|27|.667|4|21|13|4|2|11|16||25|57|.439|9|19|.474|10|12|.833|13|29|13|5|3|11|19
24|24|2015-02-07||Grand Canyon|L|76|78|27|51|.529|8|13|.615|14|23|.609|10|31|14|3|2|10|19||25|47|.532|10|22|.455|18|21|.857|3|19|15|5|5|8|18
25|25|2015-02-12|@|Texas-Pan American|W|66|54|21|47|.447|3|16|.188|21|26|.808|11|35|14|4|1|11|23||15|40|.375|2|9|.222|22|29|.759|1|16|8|4|4|9|17
26|26|2015-02-14|@|New Mexico State|L|58|74|22|50|.440|4|10|.400|10|16|.625|10|30|12|2|2|16|22||24|49|.490|4|11|.364|22|27|.815|7|27|15|3|1|10|18
27|27|2015-02-19||Chicago State|W|64|51|23|46|.500|11|20|.550|7|10|.700|9|32|15|3|3|13|14||19|52|.365|10|23|.435|3|5|.600|8|24|13|9|2|11|12
28|28|2015-02-21||Missouri-Kansas City|W|64|62|27|53|.509|5|12|.417|5|7|.714|13|28|18|4|2|10|18||19|42|.452|10|18|.556|14|17|.824|6|18|8|5|8|8|13
29|29|2015-02-24||Bristol University|W|95|81|28|61|.459|9|25|.360|30|41|.732|20|44|14|9|1|18|20||27|57|.474|13|28|.464|14|20|.700|5|21|10|9|0|18|29
30|30|2015-02-28|@|Seattle|L|43|53|14|52|.269|5|20|.250|10|14|.714|9|30|7|10|0|14|29||15|39|.385|6|17|.353|17|33|.515|6|31|7|6|1|14|16
31|31|2015-03-07|@|Utah Valley|L|69|74|23|53|.434|3|11|.273|20|30|.667|9|28|10|5|1|5|20||22|43|.512|14|25|.560|16|25|.640|7|30|18|2|4|11|20
32|32|2015-03-12|N|Utah Valley|W|55|40|16|42|.381|6|16|.375|17|23|.739|6|32|12|9|2|12|19||12|45|.267|6|23|.261|10|16|.625|5|21|6|3|0|15|20
33|33|2015-03-13|N|New Mexico State|L|53|57|19|49|.388|3|11|.273|12|16|.750|9|20|15|7|1|9|15||23|51|.451|3|10|.300|8|11|.727|11|31|12|5|5|11|12
