ranker|game_season|date_game|game_location|opp_id|game_result|pts|opp_pts|fg|fga|fg_pct|fg3|fg3a|fg3_pct|ft|fta|ft_pct|orb|trb|ast|stl|blk|tov|pf|x|opp_fg|opp_fga|opp_fg_pct|opp_fg3|opp_fg3a|opp_fg3_pct|opp_ft|opp_fta|opp_ft_pct|opp_orb|opp_trb|opp_ast|opp_stl|opp_blk|opp_tov|opp_pf|
1|1|2014-11-15|@|Nevada|L|49|65|18|58|.310|4|22|.182|9|18|.500|12|36|10|2|5|4|17||23|56|.411|5|15|.333|14|21|.667|10|38|8|2|6|3|14
2|2|2014-11-18||San Francisco State|W|65|44|20|44|.455|5|17|.294|20|24|.833|8|35|14|8|5|11|12||15|50|.300|6|18|.333|8|17|.471|9|23|9|7|0|11|18
3|3|2014-11-21||Delaware|W|78|60|27|68|.397|12|35|.343|12|15|.800|14|38|16|5|3|3|17||16|51|.314|10|21|.476|18|21|.857|7|28|11|0|0|11|11
4|4|2014-11-26|@|California|L|52|72|18|52|.346|3|12|.250|13|22|.591|4|26|7|4|1|5|18||26|55|.473|6|17|.353|14|20|.700|6|38|17|1|6|7|19
5|5|2014-11-29|@|Saint Mary's (CA)|L|56|82|19|56|.339|4|16|.250|14|19|.737|5|26|8|4|1|7|19||28|58|.483|15|29|.517|11|15|.733|10|43|20|2|1|11|17
6|6|2014-12-06||Menlo|W|72|35|26|66|.394|6|24|.250|14|17|.824|17|45|17|8|2|5|7||14|49|.286|5|24|.208|2|6|.333|3|19|10|3|2|13|13
7|7|2014-12-13|@|Fresno State|L|57|63|17|57|.298|3|19|.158|20|27|.741|15|36|5|7|0|8|20||20|42|.476|7|20|.350|16|24|.667|5|28|12|6|7|13|20
8|8|2014-12-15|@|San Francisco|W|78|71|27|53|.509|3|10|.300|21|28|.750|10|40|6|6|5|14|24||26|61|.426|9|19|.474|10|23|.435|8|27|17|6|1|11|22
9|9|2014-12-17|N|Northeastern|W|60|58|25|53|.472|3|14|.214|7|13|.538|6|28|13|3|5|5|14||23|55|.418|6|20|.300|6|8|.750|11|37|19|3|6|10|12
10|10|2014-12-20|N|Gonzaga|L|50|63|21|53|.396|3|15|.200|5|11|.455|10|24|4|10|3|16|25||21|46|.457|5|13|.385|16|20|.800|8|29|10|6|3|16|12
11|11|2014-12-23|@|Santa Clara|W|69|58|25|52|.481|8|15|.533|11|15|.733|12|35|17|7|6|13|15||19|51|.373|8|26|.308|12|16|.750|11|26|13|5|0|10|16
12|12|2014-12-30|@|IPFW|W|71|57|27|60|.450|9|20|.450|8|11|.727|9|34|14|6|5|8|21||22|50|.440|3|17|.176|10|18|.556|5|25|12|2|5|9|12
13|13|2015-01-07|@|Hawaii|W (1 OT)|61|57|21|59|.356|5|21|.238|14|27|.519|13|39|14|5|3|16|23||18|55|.327|5|16|.313|16|23|.696|10|32|11|8|7|14|24
14|14|2015-01-10||California-Santa Barbara|L|45|50|15|64|.234|4|22|.182|11|18|.611|18|40|7|7|2|7|18||17|46|.370|7|18|.389|9|16|.563|8|37|8|3|3|15|15
15|15|2015-01-15|@|Long Beach State|L|48|50|16|51|.314|8|19|.421|8|9|.889|12|24|6|4|0|6|13||18|45|.400|3|17|.176|11|14|.786|12|32|9|5|3|8|13
16|16|2015-01-17|@|Cal State Northridge|L|48|55|18|56|.321|5|18|.278|7|11|.636|7|29|8|3|1|6|14||21|45|.467|1|6|.167|12|16|.750|3|31|16|3|4|7|14
17|17|2015-01-22||Cal State Fullerton|W|66|55|24|56|.429|2|16|.125|16|25|.640|10|33|5|7|5|7|13||23|59|.390|3|16|.188|6|14|.429|11|33|7|1|4|9|20
18|18|2015-01-24||California-Riverside|W|68|49|22|53|.415|6|18|.333|18|24|.750|9|32|14|6|5|7|15||17|49|.347|5|19|.263|10|12|.833|8|30|10|5|3|13|18
19|19|2015-01-29|@|California-Irvine|L|57|67|24|57|.421|3|9|.333|6|8|.750|3|24|7|5|3|9|12||27|58|.466|9|18|.500|4|5|.800|9|33|17|5|8|11|11
20|20|2015-01-31|@|California-Davis|L (1 OT)|78|81|30|62|.484|7|20|.350|11|17|.647|13|34|13|3|8|8|17||29|57|.509|11|19|.579|12|16|.750|8|25|15|5|3|7|15
21|21|2015-02-05||Hawaii|L|56|59|15|53|.283|11|23|.478|15|24|.625|15|30|13|7|3|15|15||24|49|.490|2|13|.154|9|15|.600|13|34|7|7|5|15|19
22|22|2015-02-12||Cal State Northridge|W|70|63|21|46|.457|6|19|.316|22|36|.611|9|34|10|3|8|10|17||22|55|.400|4|10|.400|15|18|.833|6|26|14|3|0|7|26
23|23|2015-02-14||Long Beach State|W|71|58|24|51|.471|12|27|.444|11|14|.786|14|35|15|2|1|12|16||20|50|.400|4|18|.222|14|18|.778|8|22|11|5|2|5|20
24|24|2015-02-19|@|Cal State Fullerton|W|65|54|22|47|.468|8|17|.471|13|16|.813|5|19|9|7|4|7|11||24|44|.545|3|4|.750|3|8|.375|5|27|9|4|2|14|16
25|25|2015-02-21|@|California-Riverside|L|44|48|15|45|.333|5|13|.385|9|13|.692|5|23|9|5|1|11|12||18|49|.367|5|16|.313|7|8|.875|8|31|9|6|7|11|13
26|26|2015-02-26||California-Irvine|L|56|63|19|56|.339|6|21|.286|12|16|.750|14|30|8|7|0|7|10||28|48|.583|4|11|.364|3|8|.375|4|27|16|5|5|8|13
27|27|2015-02-28||California-Davis|L|56|66|22|50|.440|7|17|.412|5|7|.714|7|24|8|6|2|9|15||24|43|.558|8|17|.471|10|11|.909|3|22|13|3|1|10|13
28|28|2015-03-07|@|California-Santa Barbara|L|56|64|22|58|.379|4|17|.235|8|13|.615|5|26|10|3|0|4|19||20|42|.476|5|10|.500|19|22|.864|2|29|17|1|2|7|17
29|29|2015-03-12|N|California-Santa Barbara|L|50|54|20|53|.377|4|17|.235|6|8|.750|7|24|8|8|0|8|16||19|41|.463|3|12|.250|13|16|.813|4|28|6|3|2|13|10
