ranker|game_season|date_game|game_location|opp_id|game_result|pts|opp_pts|fg|fga|fg_pct|fg3|fg3a|fg3_pct|ft|fta|ft_pct|orb|trb|ast|stl|blk|tov|pf|x|opp_fg|opp_fga|opp_fg_pct|opp_fg3|opp_fg3a|opp_fg3_pct|opp_ft|opp_fta|opp_ft_pct|opp_orb|opp_trb|opp_ast|opp_stl|opp_blk|opp_tov|opp_pf|
1|1|2014-11-14||Barber-Scotia|W|97|58|39|71|.549|8|31|.258|11|17|.647|15|47|29|10|4|13|15||22|65|.338|3|8|.375|11|13|.846|9|25|12|8|0|15|16
2|2|2014-11-18|@|Davidson|L|51|86|23|49|.469|1|11|.091|4|16|.250|6|26|9|3|6|17|12||36|64|.563|10|21|.476|4|8|.500|9|36|18|5|5|8|22
3|3|2014-11-22||Colgate|L|48|54|18|50|.360|4|13|.308|8|22|.364|7|32|12|6|0|6|16||19|47|.404|6|17|.353|10|15|.667|4|36|10|4|3|10|17
4|4|2014-11-26|@|Ohio State|L|64|91|20|53|.377|10|26|.385|14|18|.778|12|24|11|4|3|16|15||34|56|.607|8|20|.400|15|19|.789|9|28|17|7|4|10|14
5|5|2014-11-30|@|Sacred Heart|L|62|71|19|51|.373|6|19|.316|18|25|.720|11|37|5|9|3|17|20||25|56|.446|3|11|.273|18|23|.783|7|29|11|7|2|11|18
6|6|2014-12-02|@|James Madison|L|61|63|23|51|.451|5|19|.263|10|15|.667|8|23|12|8|2|15|21||23|45|.511|6|16|.375|11|18|.611|4|23|17|6|3|17|17
7|7|2014-12-08||Johnson & Wales (NC)|W|63|38|21|51|.412|12|30|.400|9|18|.500|9|37|19|11|5|13|10||15|55|.273|3|17|.176|5|5|1.000|10|32|5|6|1|16|17
8|8|2014-12-10|@|Delaware State|W|70|55|24|49|.490|9|17|.529|13|17|.765|4|27|14|8|2|11|19||18|43|.419|2|18|.111|17|22|.773|3|23|8|6|6|12|14
9|9|2014-12-14|@|College of Charleston|L|47|58|18|56|.321|4|22|.182|7|13|.538|12|30|6|6|3|10|19||20|48|.417|6|19|.316|12|16|.750|10|38|10|2|2|14|16
10|10|2014-12-17||Southern Illinois-Edwardsville|W|70|65|22|49|.449|8|21|.381|18|24|.750|6|33|16|5|2|9|18||22|51|.431|7|16|.438|14|22|.636|3|26|12|3|1|8|18
11|11|2014-12-20||Montreat|W|90|64|29|60|.483|8|25|.320|24|34|.706|14|41|16|13|1|11|22||22|47|.468|8|18|.444|12|18|.667|3|24|17|5|0|16|21
12|12|2014-12-23||North Carolina-Wilmington|W|69|63|26|48|.542|7|14|.500|10|20|.500|2|21|13|8|3|10|15||23|55|.418|4|15|.267|13|15|.867|11|35|10|4|2|16|15
13|13|2014-12-28|@|Samford|L|56|65|17|44|.386|7|17|.412|15|31|.484|6|22|12|6|0|12|23||25|40|.625|2|9|.222|13|28|.464|6|31|15|7|3|12|21
14|14|2014-12-31||Liberty|W|53|46|14|49|.286|7|24|.292|18|27|.667|15|39|9|5|1|15|21||17|56|.304|2|15|.133|10|16|.625|13|37|6|6|3|15|22
15|15|2015-01-05|@|Charleston Southern|L|71|74|25|50|.500|13|26|.500|8|19|.421|3|32|16|5|5|13|20||26|70|.371|9|28|.321|13|15|.867|11|38|11|5|1|9|13
16|16|2015-01-10|@|High Point|L|62|69|22|42|.524|6|17|.353|12|16|.750|1|21|8|8|3|14|19||20|52|.385|6|14|.429|23|27|.852|11|31|11|11|2|11|12
17|17|2015-01-12||Coastal Carolina|L|67|70|24|66|.364|12|38|.316|7|8|.875|15|34|15|3|1|8|14||24|45|.533|6|12|.500|16|21|.762|4|31|10|5|2|10|12
18|18|2015-01-15||Radford|L|55|72|22|57|.386|5|16|.313|6|10|.600|11|27|10|7|2|13|13||29|52|.558|2|11|.182|12|17|.706|8|31|13|9|6|12|13
19|19|2015-01-17||North Carolina-Asheville|L|65|69|25|55|.455|8|21|.381|7|17|.412|8|26|14|11|2|12|16||24|46|.522|9|17|.529|12|19|.632|7|30|14|6|3|17|17
20|20|2015-01-22|@|Presbyterian|L|70|72|23|47|.489|13|29|.448|11|17|.647|9|22|15|6|2|10|14||28|41|.683|4|7|.571|12|20|.600|2|18|9|6|2|8|12
21|21|2015-01-24|@|Winthrop|L|63|71|21|55|.382|7|21|.333|14|19|.737|7|28|10|5|5|8|19||20|51|.392|7|21|.333|24|30|.800|10|33|7|6|3|8|14
22|22|2015-01-26||Gardner-Webb|W|78|59|26|49|.531|8|18|.444|18|26|.692|8|26|17|13|3|11|17||18|43|.419|5|20|.250|18|24|.750|7|26|15|8|0|18|18
23|23|2015-01-31|@|North Carolina-Asheville|L|63|70|22|44|.500|11|24|.458|8|15|.533|4|20|13|8|2|15|22||23|42|.548|4|13|.308|20|26|.769|5|24|14|10|3|15|15
24|24|2015-02-03||Presbyterian|W|66|53|25|53|.472|10|25|.400|6|7|.857|10|29|20|8|0|12|20||21|43|.488|2|6|.333|9|12|.750|2|20|8|7|3|13|13
25|25|2015-02-06|@|Gardner-Webb|L (1 OT)|65|73|23|51|.451|10|27|.370|9|13|.692|6|29|18|7|2|21|22||22|57|.386|4|26|.154|25|35|.714|15|38|13|8|2|14|14
26|26|2015-02-10|@|Liberty|L|60|73|20|57|.351|11|34|.324|9|18|.500|12|29|11|9|1|13|22||24|43|.558|8|12|.667|17|25|.680|7|34|11|8|3|16|13
27|27|2015-02-14||High Point|L|51|63|14|40|.350|7|19|.368|16|20|.800|9|26|11|5|5|19|16||21|52|.404|5|14|.357|16|16|1.000|10|27|12|8|1|11|17
28|28|2015-02-19|@|Coastal Carolina|L|57|81|15|48|.313|9|30|.300|18|24|.750|7|22|11|6|4|9|19||27|50|.540|8|16|.500|19|32|.594|13|39|9|5|3|10|19
29|29|2015-02-21||Charleston Southern|L|57|86|19|55|.345|10|28|.357|9|14|.643|8|29|12|1|6|15|19||29|58|.500|11|20|.550|17|23|.739|5|33|14|11|0|5|17
30|30|2015-02-26||Winthrop|W|65|50|22|45|.489|8|22|.364|13|20|.650|9|36|15|5|5|9|14||20|53|.377|2|17|.118|8|12|.667|8|26|12|3|3|8|19
31|31|2015-02-28|@|Longwood|L|65|70|21|54|.389|11|30|.367|12|21|.571|12|25|12|10|4|11|21||20|40|.500|7|19|.368|23|29|.793|5|24|10|6|5|11|20
32|32|2015-03-04|N|Gardner-Webb|L|64|72|23|55|.418|7|22|.318|11|16|.688|10|24|8|7|5|9|21||21|50|.420|8|20|.400|22|30|.733|14|36|12|6|0|14|18
