ranker|game_season|date_game|game_location|opp_id|game_result|pts|opp_pts|fg|fga|fg_pct|fg3|fg3a|fg3_pct|ft|fta|ft_pct|orb|trb|ast|stl|blk|tov|pf|x|opp_fg|opp_fga|opp_fg_pct|opp_fg3|opp_fg3a|opp_fg3_pct|opp_ft|opp_fta|opp_ft_pct|opp_orb|opp_trb|opp_ast|opp_stl|opp_blk|opp_tov|opp_pf|
1|1|2014-11-15||Vermont|W|64|60|22|55|.400|8|18|.444|12|20|.600|10|30|16|8|6|10|17||19|47|.404|5|18|.278|17|20|.850|8|28|13|2|6|15|23
2|2|2014-11-18|@|Lehigh|W|63|51|19|59|.322|6|27|.222|19|21|.905|7|33|13|11|1|13|18||18|55|.327|3|15|.200|12|19|.632|7|32|12|6|5|20|21
3|3|2014-11-22|@|St. Bonaventure|L|53|59|19|60|.317|10|25|.400|5|9|.556|13|34|10|6|3|9|19||18|48|.375|7|21|.333|16|21|.762|7|35|15|4|5|13|12
4|4|2014-11-26|@|Cornell|L|60|67|19|57|.333|6|21|.286|16|26|.615|12|31|11|7|1|14|24||21|47|.447|4|15|.267|21|31|.677|12|37|8|9|4|23|24
5|5|2014-11-29|N|Buffalo|L|57|72|21|65|.323|6|25|.240|9|12|.750|11|34|11|7|2|15|13||29|60|.483|5|18|.278|9|13|.692|10|39|16|9|7|13|16
6|6|2014-12-03|@|Saint Peter's|W|60|57|23|51|.451|6|16|.375|8|12|.667|7|25|15|6|3|8|14||22|45|.489|7|13|.538|6|15|.400|7|27|15|4|3|13|12
7|7|2014-12-06|@|Niagara|W|77|64|27|55|.491|8|16|.500|15|23|.652|10|31|14|7|6|9|17||24|54|.444|7|16|.438|9|12|.750|6|27|12|3|3|16|21
8|8|2014-12-13|@|Massachusetts|L|58|75|22|58|.379|8|23|.348|6|10|.600|6|23|16|6|2|7|24||25|50|.500|7|19|.368|18|26|.692|11|37|22|2|4|12|13
9|9|2014-12-18||Stony Brook|W (1 OT)|60|59|18|56|.321|5|21|.238|19|21|.905|10|36|12|9|7|11|21||19|67|.284|4|17|.235|17|25|.680|20|47|5|7|5|13|19
10|10|2014-12-21||Holy Cross|W|67|48|24|55|.436|8|18|.444|11|12|.917|9|30|15|12|4|16|16||18|47|.383|6|20|.300|6|11|.545|5|23|9|10|9|19|14
11|11|2014-12-30||Missouri-Kansas City|W|67|55|26|56|.464|6|20|.300|9|17|.529|9|30|20|4|3|12|24||15|48|.313|4|15|.267|21|29|.724|5|28|7|8|3|15|18
12|12|2015-01-02||Monmouth|L|68|73|22|61|.361|11|35|.314|13|18|.722|15|35|13|6|1|15|20||22|53|.415|8|22|.364|21|27|.778|10|28|10|7|3|11|17
13|13|2015-01-04||Manhattan|L|60|63|22|56|.393|3|21|.143|13|25|.520|9|28|17|6|3|7|21||21|43|.488|9|21|.429|12|21|.571|5|27|14|2|3|15|22
14|14|2015-01-08|@|Marist|W|67|52|23|46|.500|5|13|.385|16|21|.762|6|31|18|7|3|11|14||21|56|.375|8|26|.308|2|4|.500|8|28|13|6|2|12|16
15|15|2015-01-10|@|Iona|L|76|79|30|59|.508|11|24|.458|5|7|.714|7|32|19|4|3|13|18||27|61|.443|10|27|.370|15|24|.625|11|31|20|9|3|8|11
16|16|2015-01-16||Siena|W|83|49|28|57|.491|8|23|.348|19|23|.826|6|24|15|13|1|9|24||15|51|.294|3|15|.200|16|26|.615|17|40|6|2|1|22|16
17|17|2015-01-18||Iona|W|78|74|29|66|.439|9|25|.360|11|16|.688|12|30|17|3|6|6|16||27|56|.482|6|24|.250|14|21|.667|9|30|18|5|6|10|15
18|18|2015-01-22|@|Fairfield|W|64|50|25|52|.481|7|15|.467|7|19|.368|9|34|15|7|7|12|19||17|47|.362|3|14|.214|13|25|.520|10|30|10|5|1|16|16
19|19|2015-01-24|@|Rider|L|46|59|13|44|.295|4|21|.190|16|25|.640|9|30|7|4|0|18|24||16|43|.372|4|17|.235|23|34|.676|9|32|10|8|0|12|19
20|20|2015-01-30||Quinnipiac|W|63|57|24|67|.358|3|19|.158|12|18|.667|13|34|13|7|3|5|16||21|63|.333|2|15|.133|13|15|.867|17|44|10|0|6|13|17
21|21|2015-02-01||Marist|L|67|75|23|75|.307|7|26|.269|14|20|.700|27|51|15|3|2|10|20||25|46|.543|6|20|.300|19|29|.655|2|27|18|6|2|7|12
22|22|2015-02-06|@|Manhattan|L|69|78|19|61|.311|5|18|.278|26|31|.839|14|35|9|10|6|20|24||24|54|.444|6|17|.353|24|31|.774|10|34|14|12|6|20|24
23|23|2015-02-08|@|Monmouth|L|40|44|17|50|.340|4|19|.211|2|6|.333|8|28|8|5|6|13|17||14|44|.318|1|8|.125|15|21|.714|11|32|8|7|1|14|13
24|24|2015-02-13||Rider|L|59|60|22|46|.478|5|17|.294|10|13|.769|5|21|15|9|0|12|14||21|42|.500|9|17|.529|9|14|.643|4|22|13|5|0|16|13
25|25|2015-02-15||Saint Peter's|W|69|55|23|46|.500|4|10|.400|19|24|.792|9|35|14|4|6|9|16||18|50|.360|7|21|.333|12|21|.571|8|24|11|3|1|8|19
26|26|2015-02-19|@|Siena|W (1 OT)|69|63|25|48|.521|7|17|.412|12|15|.800|5|23|15|5|5|15|14||24|53|.453|6|15|.400|9|9|1.000|3|20|16|10|4|12|17
27|27|2015-02-21|@|Quinnipiac|W|65|63|24|61|.393|3|17|.176|14|17|.824|15|33|15|4|3|8|16||22|51|.431|7|19|.368|12|15|.800|11|35|17|3|6|15|18
28|28|2015-02-24||Niagara|L|71|82|24|62|.387|12|29|.414|11|13|.846|14|25|17|7|2|12|17||27|45|.600|7|12|.583|21|28|.750|8|30|18|7|4|13|16
29|29|2015-02-27||Fairfield|W|72|65|25|52|.481|1|10|.100|21|27|.778|16|40|12|9|1|12|16||19|50|.380|11|24|.458|16|18|.889|8|22|14|8|2|11|21
30|30|2015-03-07|N|Monmouth|L|54|60|19|50|.380|6|20|.300|10|14|.714|10|30|13|4|3|17|19||20|54|.370|8|22|.364|12|18|.667|9|29|10|8|1|11|16
