ranker|game_season|date_game|game_location|opp_id|game_result|pts|opp_pts|fg|fga|fg_pct|fg3|fg3a|fg3_pct|ft|fta|ft_pct|orb|trb|ast|stl|blk|tov|pf|x|opp_fg|opp_fga|opp_fg_pct|opp_fg3|opp_fg3a|opp_fg3_pct|opp_ft|opp_fta|opp_ft_pct|opp_orb|opp_trb|opp_ast|opp_stl|opp_blk|opp_tov|opp_pf|
1|1|2014-11-14|@|Creighton|L|77|104|26|56|.464|11|24|.458|14|20|.700|5|24|12|4|4|20|30||35|72|.486|9|26|.346|25|30|.833|16|42|17|9|2|13|20
2|2|2014-11-16|@|Nebraska-Omaha|L|75|100|25|57|.439|9|21|.429|16|24|.667|5|22|14|5|5|20|24||34|76|.447|11|22|.500|21|31|.677|26|51|19|7|2|16|20
3|3|2014-11-18|@|Nebraska|L|56|82|19|58|.328|7|26|.269|11|19|.579|8|31|13|6|3|17|26||27|51|.529|5|16|.313|23|34|.676|9|36|12|8|5|15|15
4|4|2014-11-22||Southeast Missouri State|L|68|74|25|56|.446|9|21|.429|9|15|.600|5|25|15|8|4|16|20||28|62|.452|3|13|.231|15|28|.536|14|38|12|12|3|14|19
5|5|2014-11-25|@|Charleston Southern|L|67|80|20|48|.417|6|14|.429|21|30|.700|6|34|10|6|6|19|23||26|60|.433|11|31|.355|17|30|.567|10|31|16|7|3|12|21
6|6|2014-11-29|@|Arkansas-Little Rock|L|71|85|26|55|.473|11|25|.440|8|11|.727|5|24|14|5|2|15|21||30|55|.545|4|14|.286|21|25|.840|6|27|15|9|3|9|15
7|7|2014-12-01||Arkansas State|L|49|67|17|50|.340|8|21|.381|7|18|.389|12|32|10|4|5|20|19||26|58|.448|6|19|.316|9|16|.563|15|34|10|11|7|13|15
8|8|2014-12-06|@|Troy|L|73|85|27|59|.458|7|24|.292|12|14|.857|15|28|14|6|0|16|22||29|49|.592|8|16|.500|19|26|.731|11|26|12|6|2|15|14
9|9|2014-12-17|@|New Mexico|L|55|76|20|56|.357|6|25|.240|9|12|.750|8|24|10|5|6|12|22||27|58|.466|6|15|.400|16|31|.516|16|44|21|8|7|9|11
10|10|2014-12-21||Coastal Carolina|L|55|72|20|54|.370|5|20|.250|10|14|.714|7|30|12|4|5|15|19||25|60|.417|6|15|.400|16|20|.800|11|37|11|7|4|12|12
11|11|2014-12-29||Morehead State|L|60|95|16|41|.390|5|15|.333|23|34|.676|6|21|9|4|6|22|22||35|59|.593|9|15|.600|16|27|.593|14|36|18|7|2|14|26
12|12|2015-01-04|@|Abilene Christian|L|70|87|24|51|.471|6|16|.375|16|20|.800|5|25|11|7|3|16|20||29|54|.537|11|18|.611|18|22|.818|7|29|16|7|0|14|19
13|13|2015-01-06||Texas A&M-Corpus Christi|L|70|77|22|49|.449|6|19|.316|20|29|.690|9|36|13|10|6|21|26||20|55|.364|4|20|.200|33|43|.767|9|29|15|14|3|14|24
14|14|2015-01-10|@|Lamar|L|65|84|22|46|.478|4|16|.250|17|23|.739|7|27|15|4|2|22|14||34|64|.531|8|21|.381|8|12|.667|10|24|22|14|3|9|19
15|15|2015-01-13||Stephen F. Austin|L|58|109|26|48|.542|1|10|.100|5|7|.714|5|22|10|7|6|32|25||39|67|.582|8|17|.471|23|30|.767|10|27|26|19|1|10|14
16|16|2015-01-19|@|Houston Baptist|L|61|84|22|51|.431|7|19|.368|10|18|.556|4|17|10|8|3|15|21||27|50|.540|3|8|.375|27|30|.900|11|39|11|8|5|15|18
17|17|2015-01-24||Nicholls State|L|61|71|16|47|.340|3|17|.176|26|40|.650|11|34|9|11|4|19|27||27|50|.540|3|8|.375|14|29|.483|7|32|14|8|4|19|29
18|18|2015-01-26|@|New Orleans|L|67|87|19|48|.396|5|16|.313|24|38|.632|10|25|10|11|3|25|24||32|53|.604|5|13|.385|18|33|.545|7|27|19|11|1|22|28
19|19|2015-02-03||Northwestern State|L|108|110|36|62|.581|13|25|.520|23|28|.821|9|37|23|5|5|20|27||37|76|.487|11|25|.440|25|33|.758|9|26|16|9|3|8|20
20|20|2015-02-07||New Orleans|W|70|67|24|48|.500|4|9|.444|18|26|.692|4|34|10|9|7|22|20||27|75|.360|1|7|.143|12|17|.706|15|36|6|10|6|14|21
21|21|2015-02-10|@|Southeastern Louisiana|L|58|83|23|45|.511|7|18|.389|5|13|.385|6|22|13|4|2|20|10||35|55|.636|9|19|.474|4|6|.667|5|27|20|7|2|13|16
22|22|2015-02-13||Incarnate Word|L|67|77|22|55|.400|8|21|.381|15|18|.833|7|31|15|3|4|9|21||27|54|.500|5|16|.313|18|23|.783|7|32|12|7|3|5|15
23|23|2015-02-16|@|Northwestern State|L|70|86|24|52|.462|11|24|.458|11|21|.524|5|28|16|6|4|21|17||32|64|.500|7|18|.389|15|20|.750|9|34|20|13|2|11|18
24|24|2015-02-21||Sam Houston State|L|42|70|16|48|.333|3|12|.250|7|13|.538|7|33|11|6|3|22|24||23|57|.404|4|19|.211|20|32|.625|14|38|11|16|4|12|18
25|25|2015-02-24||McNeese State|L|60|77|24|59|.407|6|23|.261|6|9|.667|8|29|13|4|4|18|7||32|61|.525|6|18|.333|7|11|.636|8|31|14|12|9|11|15
26|26|2015-02-28||Southeastern Louisiana|W|74|72|23|49|.469|8|20|.400|20|31|.645|8|26|10|10|4|14|18||30|60|.500|2|11|.182|10|14|.714|11|30|12|7|4|17|22
27|27|2015-03-02|@|Sam Houston State|L|49|76|17|56|.304|5|14|.357|10|12|.833|12|28|10|6|2|14|16||27|49|.551|9|20|.450|13|17|.765|9|34|19|6|5|13|16
28|28|2015-03-05|@|Nicholls State|L|70|77|19|62|.306|5|20|.250|27|33|.818|15|28|11|11|2|12|24||21|38|.553|7|13|.538|28|42|.667|6|33|18|8|6|22|23
29|29|2015-03-08|@|McNeese State|L|68|70|26|58|.448|10|21|.476|6|9|.667|8|29|18|3|4|8|15||27|69|.391|4|19|.211|12|16|.750|18|42|15|5|5|5|10
