ranker|game_season|date_game|game_location|opp_id|game_result|pts|opp_pts|fg|fga|fg_pct|fg3|fg3a|fg3_pct|ft|fta|ft_pct|orb|trb|ast|stl|blk|tov|pf|x|opp_fg|opp_fga|opp_fg_pct|opp_fg3|opp_fg3a|opp_fg3_pct|opp_ft|opp_fta|opp_ft_pct|opp_orb|opp_trb|opp_ast|opp_stl|opp_blk|opp_tov|opp_pf|
1|1|2014-11-15||Montana|W|83|66|27|52|.519|12|27|.444|17|28|.607|11|38|22|2|3|17|25||21|52|.404|6|24|.250|18|25|.720|3|23|12|6|2|13|22
2|2|2014-11-21||Georgia State|W|80|70|25|59|.424|9|23|.391|21|27|.778|13|38|18|2|4|12|17||28|57|.491|6|16|.375|8|17|.471|6|29|12|9|2|9|22
3|3|2014-11-23||Mercer|W|75|62|26|53|.491|8|19|.421|15|23|.652|13|35|18|11|9|13|18||21|51|.412|4|12|.333|16|20|.800|8|26|12|6|1|15|19
4|4|2014-11-27|N|Missouri State|W|76|61|20|53|.377|8|20|.400|28|33|.848|11|36|13|3|3|7|17||21|56|.375|6|24|.250|13|19|.684|10|30|14|4|4|11|23
5|5|2014-11-28|N|Pacific|W|75|64|24|46|.522|8|18|.444|19|33|.576|7|29|15|5|4|7|18||21|53|.396|13|26|.500|9|17|.529|7|26|12|3|2|12|26
6|6|2014-11-29|N|California-Santa Barbara|W|65|63|19|54|.352|4|14|.286|23|27|.852|10|32|10|3|6|8|17||24|53|.453|5|11|.455|10|16|.625|7|29|15|1|5|11|23
7|7|2014-12-03||Texas-El Paso|W|65|62|24|50|.480|7|15|.467|10|18|.556|11|37|19|5|3|15|18||23|50|.460|4|10|.400|12|22|.545|5|24|13|7|1|12|21
8|8|2014-12-07||Northern Colorado|W|66|58|24|51|.471|4|15|.267|14|30|.467|13|38|16|5|1|14|15||24|57|.421|4|21|.190|6|16|.375|9|29|14|6|2|14|25
9|9|2014-12-10|@|Colorado|W|62|60|21|46|.457|6|20|.300|14|26|.538|5|24|6|8|5|9|21||21|52|.404|5|9|.556|13|20|.650|10|35|6|3|3|14|22
10|10|2014-12-13||Arkansas-Fort Smith|W|88|60|32|62|.516|11|26|.423|13|24|.542|14|42|21|7|2|14|17||20|53|.377|9|22|.409|11|15|.733|6|27|14|6|0|17|22
11|11|2014-12-19|@|Denver|W|85|84|32|53|.604|7|18|.389|14|20|.700|13|29|24|4|2|8|11||31|53|.585|17|31|.548|5|7|.714|8|16|18|3|1|7|21
12|12|2014-12-22||Charleston Southern|W|75|54|24|49|.490|13|29|.448|14|21|.667|6|34|19|6|0|14|21||16|47|.340|8|27|.296|14|18|.778|5|26|11|4|0|18|22
13|13|2014-12-27|@|New Mexico State|W (1 OT)|58|57|21|60|.350|0|9|.000|16|26|.615|9|32|8|5|0|5|20||19|50|.380|4|13|.308|15|22|.682|9|41|8|2|4|17|22
14|14|2014-12-31||Boise State|W|71|65|23|49|.469|6|16|.375|19|24|.792|4|26|10|5|3|8|15||24|55|.436|6|20|.300|11|17|.647|8|29|8|4|3|9|23
15|15|2015-01-03|@|New Mexico|L|53|66|18|55|.327|6|25|.240|11|12|.917|6|31|13|6|2|13|18||26|51|.510|4|14|.286|10|19|.526|4|30|17|7|4|10|17
16|16|2015-01-07||Wyoming|L|54|60|17|50|.340|2|14|.143|18|24|.750|10|34|10|7|2|16|22||18|40|.450|5|18|.278|19|28|.679|1|26|11|9|1|17|19
17|17|2015-01-10|@|Air Force|W|92|87|30|57|.526|8|26|.308|24|36|.667|10|39|20|1|3|11|15||30|63|.476|16|35|.457|11|19|.579|8|30|25|5|1|5|23
18|18|2015-01-14||Nevada|W|98|42|37|65|.569|13|24|.542|11|16|.688|12|36|21|9|4|5|13||18|55|.327|1|10|.100|5|11|.455|16|31|3|3|4|18|16
19|19|2015-01-17|@|San Jose State|W|70|41|21|52|.404|6|21|.286|22|32|.688|16|45|9|8|0|12|18||10|48|.208|4|23|.174|17|21|.810|8|23|6|7|2|13|23
20|20|2015-01-24||San Diego State|W|79|73|25|54|.463|12|21|.571|17|22|.773|5|25|15|3|1|5|14||28|59|.475|8|19|.421|9|17|.529|11|28|11|2|3|7|19
21|21|2015-01-27|@|Boise State|L|78|82|27|59|.458|12|25|.480|12|17|.706|14|36|11|2|4|14|19||28|62|.452|12|22|.545|14|16|.875|9|26|13|7|3|7|16
22|22|2015-01-31||Fresno State|W|80|57|31|64|.484|7|24|.292|11|17|.647|14|45|21|8|2|11|18||17|52|.327|6|19|.316|17|22|.773|3|27|6|8|1|10|20
23|23|2015-02-04|@|Wyoming|L|48|59|18|60|.300|3|25|.120|9|17|.529|10|33|5|7|1|9|18||19|48|.396|8|19|.421|13|19|.684|6|36|13|8|4|12|20
24|24|2015-02-07||Nevada-Las Vegas|W|83|82|32|67|.478|9|21|.429|10|20|.500|13|39|24|6|5|10|13||30|64|.469|11|26|.423|11|17|.647|8|31|17|7|7|10|16
25|25|2015-02-10||New Mexico|W|70|59|20|56|.357|8|23|.348|22|31|.710|9|34|14|8|5|8|14||23|58|.397|4|16|.250|9|13|.692|10|40|9|5|3|15|27
26|26|2015-02-14|@|San Diego State|L|63|72|26|66|.394|2|19|.105|9|14|.643|12|29|6|6|1|7|20||24|49|.490|4|16|.250|20|26|.769|6|33|11|4|7|12|15
27|27|2015-02-18|@|Fresno State|W|81|73|25|53|.472|7|16|.438|24|31|.774|9|37|14|4|3|15|20||28|60|.467|5|17|.294|12|24|.500|6|25|10|10|1|9|24
28|28|2015-02-21||Air Force|W|66|53|23|53|.434|8|22|.364|12|16|.750|10|35|14|8|8|15|14||22|51|.431|7|16|.438|2|7|.286|3|22|14|8|1|15|20
29|29|2015-02-25||San Jose State|W|72|56|24|57|.421|10|26|.385|14|22|.636|12|41|17|7|4|7|13||19|55|.345|10|26|.385|8|11|.727|6|26|10|2|0|10|18
30|30|2015-03-04|@|Nevada|W|78|62|29|59|.492|6|14|.429|14|19|.737|7|29|14|7|5|13|18||20|48|.417|2|7|.286|20|28|.714|8|28|8|7|1|16|15
31|31|2015-03-07|@|Utah State|W|75|70|29|68|.426|3|21|.143|14|18|.778|15|40|16|9|3|7|18||23|58|.397|9|27|.333|15|19|.789|7|33|10|5|3|11|17
32|32|2015-03-12|N|Fresno State|W|71|59|20|52|.385|9|21|.429|22|31|.710|9|34|14|6|3|9|10||23|53|.434|7|15|.467|6|12|.500|5|28|11|6|3|11|23
33|33|2015-03-13|N|San Diego State|L|43|56|17|53|.321|6|20|.300|3|5|.600|10|31|9|1|8|8|11||23|52|.442|5|12|.417|5|9|.556|5|29|10|4|4|6|8
