ranker|game_season|date_game|game_location|opp_id|game_result|pts|opp_pts|fg|fga|fg_pct|fg3|fg3a|fg3_pct|ft|fta|ft_pct|orb|trb|ast|stl|blk|tov|pf|x|opp_fg|opp_fga|opp_fg_pct|opp_fg3|opp_fg3a|opp_fg3_pct|opp_ft|opp_fta|opp_ft_pct|opp_orb|opp_trb|opp_ast|opp_stl|opp_blk|opp_tov|opp_pf|
1|1|2014-11-14|@|George Mason|W|68|60|21|47|.447|9|18|.500|17|28|.607|4|42|9|1|3|16|21||21|68|.309|7|27|.259|11|21|.524|9|33|11|5|4|5|24
2|2|2014-11-16|@|Loyola (MD)|L|71|76|21|53|.396|3|19|.158|26|36|.722|11|33|7|4|9|10|24||22|59|.373|8|19|.421|24|34|.706|14|36|11|6|3|10|28
3|3|2014-11-18||Colgate|W|58|52|19|49|.388|6|20|.300|14|26|.538|5|32|8|8|4|10|15||23|51|.451|5|15|.333|1|7|.143|1|33|9|5|2|13|21
4|4|2014-11-20|N|South Carolina|L|45|69|14|52|.269|5|20|.250|12|16|.750|8|28|6|6|6|17|19||22|58|.379|8|22|.364|17|21|.810|12|38|16|10|5|11|15
5|5|2014-11-21|N|Penn State|L|71|72|21|52|.404|8|21|.381|21|22|.955|7|26|10|4|5|12|14||26|57|.456|7|21|.333|13|17|.765|11|32|7|9|4|10|17
6|6|2014-11-23|N|Drexel|L|59|61|24|53|.453|5|16|.313|6|13|.462|3|34|11|7|5|13|20||21|62|.339|3|16|.188|16|22|.727|12|41|9|6|1|9|12
7|7|2014-11-26||Canisius|W|67|60|21|47|.447|4|15|.267|21|31|.677|12|37|8|9|4|23|24||19|57|.333|6|21|.286|16|26|.615|12|31|11|7|1|14|24
8|8|2014-11-29|@|Binghamton|W|68|54|26|57|.456|11|25|.440|5|13|.385|9|35|16|6|2|11|23||17|47|.362|4|16|.250|16|26|.615|4|30|9|5|1|11|16
9|9|2014-12-06||Massachusetts-Lowell|W|71|60|24|48|.500|10|21|.476|13|13|1.000|6|29|16|7|6|18|15||21|54|.389|9|24|.375|9|10|.900|6|21|11|4|2|10|13
10|10|2014-12-21|@|Radford|L|61|74|17|52|.327|7|22|.318|20|24|.833|6|27|9|8|2|11|19||26|53|.491|3|11|.273|19|28|.679|9|36|9|4|5|13|18
11|11|2014-12-23|@|Siena|W|75|57|23|49|.469|4|11|.364|25|28|.893|4|35|9|5|4|14|21||16|52|.308|5|20|.250|20|28|.714|6|29|13|5|3|10|18
12|12|2014-12-28||Saint Peter's|L (1 OT)|52|59|16|48|.333|5|20|.250|15|22|.682|8|34|10|6|4|19|22||15|52|.288|8|19|.421|21|28|.750|10|36|7|12|0|13|19
13|13|2014-12-31|@|Syracuse|L|44|61|19|55|.345|4|22|.182|2|5|.400|6|26|13|8|3|18|14||25|52|.481|4|12|.333|7|11|.636|6|29|16|12|5|14|8
14|14|2015-01-03|@|Buffalo|L|73|92|27|62|.435|10|27|.370|9|13|.692|8|30|14|3|5|14|22||29|57|.509|11|22|.500|23|30|.767|4|28|17|6|4|7|14
15|15|2015-01-08||Howard|W|70|60|19|46|.413|6|19|.316|26|28|.929|8|29|15|4|9|11|18||20|53|.377|7|23|.304|13|18|.722|9|27|10|8|4|8|20
16|16|2015-01-10||Alfred|W|107|29|36|73|.493|14|28|.500|21|27|.778|19|46|27|16|5|4|10||10|47|.213|3|18|.167|6|8|.750|9|26|6|2|2|28|16
17|17|2015-01-17||Columbia|L|45|48|13|52|.250|6|25|.240|13|17|.765|7|25|10|9|3|13|17||18|41|.439|6|17|.353|6|10|.600|5|34|11|4|3|24|15
18|18|2015-01-24|@|Columbia|W|57|47|22|49|.449|4|17|.235|9|12|.750|7|28|5|6|9|9|17||19|58|.328|5|21|.238|4|9|.444|12|29|8|3|4|11|13
19|19|2015-01-30||Brown|W|57|49|21|56|.375|1|14|.071|14|19|.737|7|34|8|8|11|5|18||15|50|.300|4|20|.200|15|21|.714|7|37|9|2|1|13|15
20|20|2015-01-31||Yale|L|57|65|20|60|.333|4|21|.190|13|17|.765|8|29|11|9|2|8|25||19|48|.396|5|17|.294|22|33|.667|12|42|10|3|2|15|20
21|21|2015-02-06||Pennsylvania|L|69|71|21|53|.396|8|21|.381|19|29|.655|8|23|15|8|5|7|18||22|45|.489|10|19|.526|17|23|.739|6|32|10|1|1|17|24
22|22|2015-02-07||Princeton|W|68|60|17|43|.395|3|7|.429|31|36|.861|6|33|7|6|8|12|22||16|49|.327|9|28|.321|19|27|.704|6|26|11|9|2|9|24
23|23|2015-02-13|@|Dartmouth|W (1 OT)|81|72|28|52|.538|8|16|.500|17|26|.654|9|31|9|8|2|13|18||24|54|.444|8|24|.333|16|24|.667|11|29|11|6|2|14|21
24|24|2015-02-14|@|Harvard|L|40|61|11|46|.239|4|15|.267|14|16|.875|6|25|3|3|4|13|15||21|51|.412|7|21|.333|12|16|.750|10|40|17|5|5|11|15
