ranker|game_season|date_game|game_location|opp_id|game_result|pts|opp_pts|fg|fga|fg_pct|fg3|fg3a|fg3_pct|ft|fta|ft_pct|orb|trb|ast|stl|blk|tov|pf|x|opp_fg|opp_fga|opp_fg_pct|opp_fg3|opp_fg3a|opp_fg3_pct|opp_ft|opp_fta|opp_ft_pct|opp_orb|opp_trb|opp_ast|opp_stl|opp_blk|opp_tov|opp_pf|
1|1|2014-11-15|@|St. Bonaventure|L|57|77|19|53|.358|6|16|.375|13|19|.684|13|35|9|0|3|19|22||26|64|.406|9|21|.429|16|22|.727|12|35|15|12|4|7|19
2|2|2014-11-19|@|Hartford|L|48|53|19|44|.432|4|17|.235|6|7|.857|4|30|9|5|4|18|18||17|52|.327|6|18|.333|13|19|.684|5|23|10|9|1|9|12
3|3|2014-11-28||IPFW|W|68|67|29|65|.446|7|16|.438|3|8|.375|6|35|15|7|5|6|25||22|47|.468|5|16|.313|18|30|.600|5|39|13|3|2|14|16
4|4|2014-11-30||New Hampshire|L|63|65|22|47|.468|8|16|.500|11|18|.611|8|26|12|3|3|12|17||25|52|.481|6|20|.300|9|14|.643|9|26|10|5|1|7|15
5|5|2014-12-03|@|Longwood|L|73|74|27|48|.563|8|18|.444|11|19|.579|11|28|16|6|4|10|22||23|45|.511|9|21|.429|19|24|.792|8|17|11|5|2|9|17
6|6|2014-12-06||Maine|W|74|51|26|53|.491|9|22|.409|13|21|.619|10|40|16|10|3|13|22||16|50|.320|2|21|.095|17|23|.739|7|30|11|6|3|15|21
7|7|2014-12-10|@|Massachusetts-Lowell|W|69|48|27|62|.435|9|22|.409|6|9|.667|13|37|13|12|7|15|16||15|43|.349|5|16|.313|13|24|.542|6|27|8|6|3|17|14
8|8|2014-12-14|@|Jacksonville State|L|67|79|25|56|.446|3|14|.214|14|18|.778|11|31|18|5|2|13|27||22|52|.423|5|14|.357|30|41|.732|12|33|14|3|4|8|13
9|9|2014-12-16|@|Mercer|W|67|51|24|49|.490|10|19|.526|9|11|.818|9|28|15|4|1|10|14||18|47|.383|7|18|.389|8|11|.727|7|22|11|5|3|9|14
10|10|2014-12-19||Northern Illinois|W (1 OT)|58|55|19|56|.339|9|26|.346|11|21|.524|13|33|15|12|2|8|14||18|46|.391|8|20|.400|11|13|.846|7|34|10|3|4|19|19
11|11|2014-12-22|@|Penn State|L|49|69|19|54|.352|2|20|.100|9|16|.563|7|27|8|6|3|10|21||23|49|.469|7|19|.368|16|24|.667|7|34|15|5|4|11|15
12|12|2014-12-31|@|Bryant|W|76|59|24|55|.436|7|18|.389|21|29|.724|13|40|18|4|2|8|16||20|57|.351|5|22|.227|14|16|.875|7|26|9|4|1|9|22
13|13|2015-01-10||Harvard|L|46|57|16|48|.333|6|20|.300|8|12|.667|10|24|9|8|1|12|14||22|44|.500|5|15|.333|8|12|.667|11|34|11|5|2|17|15
14|14|2015-01-14|@|Vermont|L|52|55|21|48|.438|3|11|.273|7|10|.700|9|29|10|5|6|13|19||21|45|.467|3|11|.273|10|15|.667|6|25|12|7|3|9|15
15|15|2015-01-17||NJIT|W|62|53|19|45|.422|4|13|.308|20|25|.800|12|28|10|13|7|17|17||17|44|.386|8|14|.571|11|12|.917|10|25|12|12|5|22|24
16|16|2015-01-24|@|Harvard|W|70|61|22|52|.423|4|11|.364|22|31|.710|7|29|14|13|3|12|22||20|51|.392|5|17|.294|16|23|.696|9|33|13|7|5|18|24
17|17|2015-01-30|@|Pennsylvania|L|51|58|18|50|.360|5|19|.263|10|19|.526|6|23|10|9|4|8|18||20|43|.465|6|10|.600|12|16|.750|5|32|9|3|4|16|19
18|18|2015-01-31|@|Princeton|L|53|64|22|45|.489|0|9|.000|9|17|.529|4|25|11|10|3|18|22||20|42|.476|7|20|.350|17|25|.680|3|26|10|10|4|16|15
19|19|2015-02-06|@|Yale|L|66|81|24|58|.414|6|19|.316|12|22|.545|14|31|9|7|7|10|26||23|45|.511|13|21|.619|22|32|.688|8|33|18|7|4|14|21
20|20|2015-02-07|@|Brown|L|64|67|23|60|.383|4|14|.286|14|23|.609|12|32|11|11|1|14|21||22|48|.458|5|15|.333|18|26|.692|11|39|11|3|5|18|21
21|21|2015-02-13||Cornell|L (1 OT)|72|81|24|54|.444|8|24|.333|16|24|.667|11|29|11|6|2|14|21||28|52|.538|8|16|.500|17|26|.654|9|31|9|8|2|13|18
22|22|2015-02-14||Columbia|W|61|49|19|38|.500|7|12|.583|16|27|.593|9|31|8|11|6|19|10||18|46|.391|7|23|.304|6|9|.667|6|19|8|8|4|16|21
23|23|2015-02-20||Princeton|L|56|63|20|48|.417|4|14|.286|12|18|.667|5|24|11|5|0|12|22||19|44|.432|8|26|.308|17|27|.630|9|34|11|5|4|13|21
24|24|2015-02-21||Pennsylvania|W|67|62|27|59|.458|8|15|.533|5|11|.455|10|31|19|8|3|7|14||21|48|.438|9|21|.429|11|15|.733|2|26|16|5|1|12|15
25|25|2015-02-27|@|Columbia|W|84|71|29|48|.604|6|11|.545|20|26|.769|5|30|14|3|4|13|23||22|62|.355|9|34|.265|18|29|.621|14|26|11|4|1|8|23
26|26|2015-02-28|@|Cornell|W|56|45|17|35|.486|7|15|.467|15|22|.682|4|33|8|8|5|19|11||16|46|.348|6|20|.300|7|10|.700|2|18|11|9|1|14|19
27|27|2015-03-06||Brown|W|75|69|25|57|.439|6|17|.353|19|29|.655|11|34|12|8|5|10|22||25|51|.490|6|19|.316|13|26|.500|8|36|16|3|1|14|25
28|28|2015-03-07||Yale|W|59|58|24|59|.407|4|19|.211|7|13|.538|11|28|13|13|3|10|22||22|46|.478|5|16|.313|9|17|.529|9|35|9|4|4|18|16
