ranker|game_season|date_game|game_location|opp_id|game_result|pts|opp_pts|fg|fga|fg_pct|fg3|fg3a|fg3_pct|ft|fta|ft_pct|orb|trb|ast|stl|blk|tov|pf|x|opp_fg|opp_fga|opp_fg_pct|opp_fg3|opp_fg3a|opp_fg3_pct|opp_ft|opp_fta|opp_ft_pct|opp_orb|opp_trb|opp_ast|opp_stl|opp_blk|opp_tov|opp_pf|
1|1|2014-11-15||Catholic|W|102|66|33|65|.508|15|29|.517|21|23|.913|11|38|20|7|3|8|25||21|52|.404|6|14|.429|18|28|.643|9|23|9|5|3|14|22
2|2|2014-11-18||Campbell|W|86|51|36|64|.563|10|21|.476|4|8|.500|9|36|18|5|5|8|22||23|49|.469|1|11|.091|4|16|.250|6|26|9|3|6|17|12
3|3|2014-11-22|N|North Carolina|L|72|90|25|74|.338|11|36|.306|11|13|.846|13|36|18|2|6|10|18||33|69|.478|6|17|.353|18|28|.643|13|42|21|4|9|9|16
4|4|2014-11-26|@|Central Florida|W|95|69|37|69|.536|13|34|.382|8|12|.667|9|37|18|6|2|9|19||28|61|.459|4|22|.182|9|16|.563|4|21|10|3|5|12|17
5|5|2014-11-29||North Carolina-Wilmington|W|72|49|23|67|.343|8|23|.348|18|25|.720|14|43|16|10|3|11|23||17|56|.304|3|15|.200|12|20|.600|13|38|9|6|7|20|22
6|6|2014-12-03||Charlotte|W|92|86|32|55|.582|14|30|.467|14|24|.583|8|30|24|3|3|18|26||32|63|.508|6|21|.286|16|28|.571|10|28|16|7|1|9|22
7|7|2014-12-06||Stetson|W|90|59|31|69|.449|16|34|.471|12|15|.800|11|48|25|4|2|9|21||19|59|.322|7|31|.226|14|22|.636|6|28|9|3|4|10|13
8|8|2014-12-10|@|Montana|W|110|99|33|56|.589|10|23|.435|34|36|.944|6|28|15|3|1|8|21||33|59|.559|11|22|.500|22|27|.815|7|19|14|5|1|8|29
9|9|2014-12-13||Niagara|W|78|58|28|52|.538|10|24|.417|12|20|.600|8|35|17|8|1|12|25||19|55|.345|3|15|.200|17|25|.680|12|28|8|4|2|11|20
10|10|2014-12-20|@|College of Charleston|W|80|68|31|69|.449|8|24|.333|10|16|.625|12|42|12|5|6|11|22||23|53|.434|4|17|.235|18|27|.667|3|27|5|8|5|13|18
11|11|2014-12-30|@|Virginia|L|72|83|27|56|.482|11|28|.393|7|12|.583|2|19|14|3|3|7|19||27|61|.443|5|15|.333|24|29|.828|17|40|13|4|2|5|13
12|12|2015-01-03||Richmond|W|81|67|27|51|.529|9|25|.360|18|23|.783|8|31|16|2|2|8|18||26|56|.464|5|16|.313|10|16|.625|6|21|9|5|2|5|20
13|13|2015-01-07|@|Virginia Commonwealth|L|65|71|22|59|.373|10|28|.357|11|12|.917|12|33|15|5|1|15|16||25|59|.424|7|22|.318|14|20|.700|15|40|15|13|8|10|15
14|14|2015-01-10||Saint Louis|W|89|54|32|58|.552|12|22|.545|13|21|.619|11|40|22|4|2|9|22||19|47|.404|3|19|.158|13|28|.464|7|24|9|3|3|12|21
15|15|2015-01-14|@|Massachusetts|W|71|63|26|63|.413|7|29|.241|12|16|.750|12|34|14|11|3|11|16||24|59|.407|4|17|.235|11|18|.611|12|37|15|7|5|14|16
16|16|2015-01-17|@|Richmond|L|63|89|20|50|.400|6|22|.273|17|21|.810|7|28|13|3|0|12|18||31|54|.574|14|31|.452|13|16|.813|5|26|25|4|2|6|19
17|17|2015-01-20||Dayton|W|77|60|30|58|.517|12|23|.522|5|8|.625|7|28|22|6|4|7|20||22|45|.489|3|11|.273|13|19|.684|7|28|13|4|4|15|15
18|18|2015-01-24|@|George Mason|W (1 OT)|80|73|25|56|.446|9|29|.310|21|30|.700|6|30|13|3|1|8|20||27|66|.409|5|16|.313|14|20|.700|14|41|9|5|5|11|25
19|19|2015-01-31|@|Saint Joseph's|L|70|75|25|64|.391|14|33|.424|6|10|.600|9|33|11|3|4|8|19||26|57|.456|9|21|.429|14|25|.560|11|43|14|6|6|11|16
20|20|2015-02-04||St. Bonaventure|L|61|62|22|56|.393|9|22|.409|8|12|.667|7|19|18|5|3|11|16||24|56|.429|3|13|.231|11|18|.611|12|37|12|5|9|12|17
21|21|2015-02-07||Duquesne|W|95|69|38|63|.603|13|26|.500|6|12|.500|8|28|22|4|1|7|11||28|62|.452|6|22|.273|7|10|.700|9|28|14|4|2|13|12
22|22|2015-02-11||George Mason|W|92|71|27|56|.482|12|31|.387|26|32|.813|8|28|21|7|3|8|22||29|52|.558|1|8|.125|12|26|.462|9|33|13|2|1|16|25
23|23|2015-02-14|@|La Salle|W|77|69|27|53|.509|10|24|.417|13|22|.591|8|27|13|5|4|9|12||26|55|.473|4|17|.235|13|15|.867|7|25|10|6|2|12|17
24|24|2015-02-18|@|George Washington|W|65|63|27|66|.409|8|33|.242|3|6|.500|14|36|11|7|4|8|16||22|60|.367|8|29|.276|11|16|.688|14|36|14|3|4|12|15
25|25|2015-02-21||Fordham|W|76|57|30|60|.500|11|26|.423|5|6|.833|4|29|17|9|4|6|15||20|53|.377|7|21|.333|10|11|.909|5|29|10|4|3|14|13
26|26|2015-02-25|@|Rhode Island|W|60|59|23|56|.411|3|19|.158|11|15|.733|6|36|10|6|2|14|22||21|61|.344|1|19|.053|16|33|.485|17|44|9|8|7|10|18
27|27|2015-02-28||George Washington|W|77|66|23|55|.418|14|28|.500|17|21|.810|5|25|15|8|5|4|8||27|60|.450|11|20|.550|1|2|.500|9|37|18|3|4|13|19
28|28|2015-03-05||Virginia Commonwealth|W|82|55|29|57|.509|11|26|.423|13|21|.619|10|40|19|10|2|11|20||21|53|.396|1|15|.067|12|24|.500|8|28|8|9|4|16|21
29|29|2015-03-07|@|Duquesne|W|107|78|40|65|.615|20|36|.556|7|12|.583|8|36|35|3|4|7|18||31|66|.470|8|20|.400|8|14|.571|10|31|16|4|1|5|14
30|30|2015-03-13|N|La Salle|W|67|66|24|62|.387|14|35|.400|5|13|.385|12|28|15|6|2|10|11||27|54|.500|7|21|.333|5|9|.556|10|37|20|5|2|15|16
31|31|2015-03-14|N|Virginia Commonwealth|L|73|93|24|57|.421|7|26|.269|18|26|.692|11|30|15|7|3|9|25||28|57|.491|12|24|.500|25|30|.833|12|37|15|7|3|12|25
