ranker|game_season|date_game|game_location|opp_id|game_result|pts|opp_pts|fg|fga|fg_pct|fg3|fg3a|fg3_pct|ft|fta|ft_pct|orb|trb|ast|stl|blk|tov|pf|x|opp_fg|opp_fga|opp_fg_pct|opp_fg3|opp_fg3a|opp_fg3_pct|opp_ft|opp_fta|opp_ft_pct|opp_orb|opp_trb|opp_ast|opp_stl|opp_blk|opp_tov|opp_pf|
1|1|2014-11-17|@|Liberty|L|55|61|20|67|.299|3|24|.125|12|18|.667|19|39|9|4|2|11|22||20|53|.377|6|18|.333|15|17|.882|10|35|15|1|5|12|19
2|2|2014-11-21|@|Cal Poly|L|60|78|16|51|.314|10|21|.476|18|21|.857|7|28|11|0|0|11|11||27|68|.397|12|35|.343|12|15|.800|14|38|16|5|3|3|17
3|3|2014-11-23|@|Cal State Bakersfield|L|52|70|12|45|.267|7|22|.318|21|32|.656|9|34|7|1|4|8|16||29|65|.446|7|21|.333|5|11|.455|13|43|17|5|5|7|21
4|4|2014-11-25|@|Stanford|L|47|84|18|62|.290|6|21|.286|5|8|.625|9|31|9|2|5|11|20||30|68|.441|9|25|.360|15|20|.750|9|44|22|6|3|6|13
5|5|2014-11-30|N|Villanova|L|47|78|18|58|.310|7|25|.280|4|7|.571|8|26|9|7|2|17|11||28|58|.483|13|32|.406|9|12|.750|10|38|21|7|6|13|11
6|6|2014-12-03||Army|L|69|73|23|49|.469|5|8|.625|18|29|.621|11|31|10|6|3|10|20||22|46|.478|9|22|.409|20|31|.645|7|23|12|5|5|8|20
7|7|2014-12-07||Delaware State|L|53|66|17|56|.304|6|27|.222|13|22|.591|8|28|10|7|5|7|19||23|54|.426|4|18|.222|16|23|.696|10|42|14|5|7|11|23
8|8|2014-12-18||Temple|L|62|82|21|52|.404|6|20|.300|14|20|.700|7|32|12|4|5|14|12||30|71|.423|16|33|.485|6|8|.750|13|42|19|10|1|7|20
9|9|2014-12-20|@|Fairleigh Dickinson|L|74|76|27|57|.474|8|19|.421|12|22|.545|10|35|19|6|8|22|22||24|63|.381|11|23|.478|17|26|.654|15|34|16|11|2|18|20
10|10|2014-12-22|@|Robert Morris|L|81|84|24|62|.387|11|31|.355|22|29|.759|10|30|17|4|3|16|26||25|45|.556|6|13|.462|28|40|.700|4|31|10|11|4|17|24
11|11|2014-12-30||St. Bonaventure|W|82|77|29|54|.537|10|17|.588|14|19|.737|6|34|18|2|11|18|11||32|80|.400|5|15|.333|8|10|.800|16|36|17|14|5|8|19
12|12|2015-01-03||Northeastern|L|53|72|19|60|.317|4|14|.286|11|20|.550|11|29|10|5|4|6|14||26|53|.491|8|18|.444|12|13|.923|9|41|13|3|3|15|18
13|13|2015-01-05|@|Hofstra|L|58|71|22|58|.379|5|18|.278|9|16|.563|5|28|14|3|2|16|12||29|71|.408|5|23|.217|8|11|.727|14|44|17|7|6|13|14
14|14|2015-01-08|@|North Carolina-Wilmington|L (1 OT)|73|74|23|62|.371|8|20|.400|19|24|.792|13|40|12|4|3|19|18||28|70|.400|6|22|.273|12|21|.571|17|42|15|11|11|11|20
15|15|2015-01-10|@|College of Charleston|W|64|58|21|52|.404|8|21|.381|14|21|.667|10|30|9|1|5|3|14||23|47|.489|7|15|.467|5|11|.455|5|29|10|1|0|9|19
16|16|2015-01-14||Towson|W (1 OT)|67|64|19|48|.396|3|17|.176|26|39|.667|10|37|12|4|4|12|19||20|56|.357|9|24|.375|15|24|.625|10|34|13|5|2|12|28
17|17|2015-01-17||Drexel|L|62|66|21|51|.412|4|19|.211|16|25|.640|9|30|12|2|5|5|18||22|49|.449|5|14|.357|17|21|.810|7|30|10|2|1|8|20
18|18|2015-01-21||William & Mary|W|84|80|33|59|.559|8|20|.400|10|13|.769|8|30|16|6|3|8|22||24|54|.444|12|25|.480|20|25|.800|7|27|15|5|2|7|16
19|19|2015-01-24|@|Elon|L|82|94|29|53|.547|9|15|.600|15|26|.577|5|31|11|4|2|14|27||29|64|.453|11|23|.478|25|37|.676|13|36|10|7|2|8|22
20|20|2015-01-28|@|James Madison|L|82|88|29|65|.446|12|27|.444|12|16|.750|9|32|17|3|0|5|17||32|59|.542|8|22|.364|16|21|.762|7|34|17|2|5|5|13
21|21|2015-01-31||College of Charleston|W|71|68|21|49|.429|9|20|.450|20|26|.769|5|27|11|4|4|11|19||24|50|.480|5|18|.278|15|23|.652|7|30|7|5|3|12|24
22|22|2015-02-04||Hofstra|L|69|79|22|51|.431|5|17|.294|20|25|.800|5|30|8|5|0|13|21||21|54|.389|13|37|.351|24|30|.800|7|31|14|6|1|10|21
23|23|2015-02-07|@|Northeastern|W|73|68|27|56|.482|5|11|.455|14|21|.667|8|31|14|5|3|14|23||22|50|.440|3|16|.188|21|31|.677|5|26|8|9|4|10|18
24|24|2015-02-10||James Madison|L|54|67|17|45|.378|5|15|.333|15|18|.833|5|27|12|5|4|15|13||24|57|.421|9|21|.429|10|13|.769|7|31|14|11|2|9|18
25|25|2015-02-14|@|William & Mary|W|73|70|28|55|.509|9|22|.409|8|12|.667|6|31|15|2|3|10|15||26|63|.413|9|30|.300|9|14|.643|10|30|15|9|6|5|16
26|26|2015-02-19||North Carolina-Wilmington|W|70|59|25|50|.500|5|16|.313|15|24|.625|7|33|17|5|5|15|16||19|55|.345|6|19|.316|15|21|.714|11|30|10|12|4|13|23
27|27|2015-02-21||Elon|L (1 OT)|75|83|24|61|.393|8|22|.364|19|29|.655|12|42|17|8|2|18|22||28|63|.444|13|30|.433|14|24|.583|10|39|21|8|2|14|20
28|28|2015-02-26|@|Drexel|W|58|44|22|52|.423|5|20|.250|9|10|.900|9|39|16|5|7|9|9||20|66|.303|3|18|.167|1|2|.500|13|32|10|6|3|5|11
29|29|2015-02-28|@|Towson|W|65|60|23|53|.434|4|16|.250|15|23|.652|9|29|12|8|4|11|12||25|60|.417|6|14|.429|4|10|.400|15|36|15|5|4|16|20
30|30|2015-03-07|N|Northeastern|L|64|67|25|53|.472|4|11|.364|10|12|.833|8|24|10|6|0|13|20||23|42|.548|7|13|.538|14|17|.824|1|21|14|3|5|15|18
