ranker|game_season|date_game|game_location|opp_id|game_result|pts|opp_pts|fg|fga|fg_pct|fg3|fg3a|fg3_pct|ft|fta|ft_pct|orb|trb|ast|stl|blk|tov|pf|x|opp_fg|opp_fga|opp_fg_pct|opp_fg3|opp_fg3a|opp_fg3_pct|opp_ft|opp_fta|opp_ft_pct|opp_orb|opp_trb|opp_ast|opp_stl|opp_blk|opp_tov|opp_pf|
1|1|2014-11-14||Rochester (MI)|W|77|54|29|54|.537|6|17|.353|13|21|.619|10|39|11|9|5|15|22||21|53|.396|10|24|.417|2|13|.154|8|24|13|5|0|18|19
2|2|2014-11-17|@|Oregon|L|66|83|24|67|.358|7|17|.412|11|14|.786|10|31|9|8|0|13|21||30|67|.448|9|33|.273|14|22|.636|13|41|16|6|6|14|16
3|3|2014-11-20|@|Michigan|L|62|71|23|53|.434|9|19|.474|7|8|.875|2|24|14|4|1|11|20||23|53|.434|9|24|.375|16|20|.800|7|35|14|3|3|11|13
4|4|2014-11-22||South Alabama|W|66|53|21|61|.344|4|17|.235|20|23|.870|7|33|11|11|7|14|21||18|55|.327|5|21|.238|12|23|.522|12|44|7|8|6|22|18
5|5|2014-11-24|N|Maryland-Eastern Shore|W|69|55|21|52|.404|3|17|.176|24|31|.774|11|29|8|11|1|9|18||20|50|.400|5|21|.238|10|16|.625|13|31|15|2|3|19|28
6|6|2014-11-25|N|Toledo|W|82|79|30|57|.526|7|17|.412|15|16|.938|7|27|16|10|1|12|19||27|48|.563|7|22|.318|18|21|.857|1|19|17|3|4|14|15
7|7|2014-11-30||Bowling Green State|L|63|64|22|49|.449|7|18|.389|12|16|.750|3|24|14|9|5|10|17||22|57|.386|6|21|.286|14|19|.737|14|40|11|7|5|14|18
8|8|2014-12-01||Aquinas|W|109|59|41|68|.603|12|22|.545|15|26|.577|12|37|22|13|6|9|11||22|56|.393|6|18|.333|9|10|.900|6|22|13|3|2|22|22
9|9|2014-12-06||South Florida|W|67|57|23|51|.451|10|21|.476|11|16|.688|4|24|13|10|6|12|18||20|48|.417|5|19|.263|12|20|.600|8|30|7|7|2|17|13
10|10|2014-12-13||Wichita State|L|68|77|26|58|.448|9|24|.375|7|10|.700|9|33|12|5|4|12|22||26|63|.413|9|28|.321|16|25|.640|16|39|13|9|0|10|11
11|11|2014-12-17|@|Central Florida|L|70|75|27|58|.466|8|18|.444|8|11|.727|7|24|15|5|5|11|22||22|44|.500|9|20|.450|22|32|.688|6|26|15|4|7|12|15
12|12|2014-12-20|@|Rhode Island|L|55|69|19|54|.352|4|15|.267|13|20|.650|9|32|7|8|2|15|26||19|51|.373|5|19|.263|26|34|.765|7|32|11|5|7|13|19
13|13|2014-12-23|@|Arizona State|L|54|93|18|60|.300|5|21|.238|13|20|.650|12|32|7|7|3|20|28||31|54|.574|6|17|.353|25|37|.676|9|39|21|9|1|17|22
14|14|2014-12-30||Oral Roberts|L (1 OT)|73|77|30|72|.417|8|20|.400|5|12|.417|12|34|14|9|6|15|29||19|46|.413|6|15|.400|33|40|.825|4|31|7|8|4|19|19
15|15|2015-01-02|@|Wright State|L|57|70|19|55|.345|8|13|.615|11|16|.688|10|32|10|3|3|10|11||29|58|.500|7|19|.368|5|11|.455|7|32|15|5|4|9|13
16|16|2015-01-04||Milwaukee|W|83|67|34|66|.515|6|17|.353|9|13|.692|12|32|18|5|1|9|16||24|51|.471|6|22|.273|13|19|.684|5|22|16|3|0|12|17
17|17|2015-01-10||Oakland|W|74|54|28|60|.467|9|25|.360|9|16|.563|10|31|12|11|5|13|19||19|55|.345|8|28|.286|8|13|.615|11|35|10|5|3|19|13
18|18|2015-01-14|@|Illinois-Chicago|W|69|68|27|61|.443|4|12|.333|11|23|.478|11|32|17|7|2|8|21||20|44|.455|6|21|.286|22|26|.846|4|29|16|4|2|15|25
19|19|2015-01-17||Green Bay|L|64|70|25|57|.439|6|14|.429|8|13|.615|5|28|16|4|3|18|20||24|50|.480|5|14|.357|17|23|.739|6|30|15|9|4|18|18
20|20|2015-01-19|@|Northeastern|W (1 OT)|81|69|29|67|.433|7|19|.368|16|18|.889|11|41|18|8|2|13|25||21|58|.362|6|25|.240|21|33|.636|11|38|13|7|6|15|19
21|21|2015-01-23|@|Cleveland State|L|66|70|22|59|.373|7|21|.333|15|23|.652|12|33|9|7|0|14|26||22|50|.440|6|21|.286|20|33|.606|10|39|12|5|4|13|21
22|22|2015-01-26||Wright State|L|53|64|18|45|.400|7|18|.389|10|16|.625|3|26|14|9|3|16|15||20|44|.455|11|29|.379|13|18|.722|3|29|15|6|2|16|18
23|23|2015-01-29||Youngstown State|W (1 OT)|93|87|30|71|.423|7|21|.333|26|34|.765|14|41|22|11|6|15|23||27|62|.435|11|26|.423|22|29|.759|7|34|14|7|4|18|26
24|24|2015-01-31|@|Milwaukee|L|74|78|27|55|.491|8|20|.400|12|17|.706|6|30|14|4|4|11|28||21|49|.429|8|20|.400|28|35|.800|5|27|15|9|1|9|17
25|25|2015-02-04|@|Valparaiso|L|70|78|22|58|.379|10|23|.435|16|22|.727|10|29|15|13|1|17|24||26|46|.565|6|15|.400|20|31|.645|7|31|15|7|5|20|19
26|26|2015-02-08||Illinois-Chicago|L|73|83|28|52|.538|7|21|.333|10|15|.667|6|20|13|6|3|12|17||27|46|.587|12|22|.545|17|23|.739|7|23|11|7|0|14|12
27|27|2015-02-13||Cleveland State|W|66|65|21|50|.420|9|21|.429|15|29|.517|9|30|13|10|1|12|23||21|52|.404|8|22|.364|15|23|.652|12|34|9|6|6|14|24
28|28|2015-02-15|@|Oakland|L|78|83|28|58|.483|7|17|.412|15|19|.789|11|32|17|9|3|14|23||30|58|.517|6|19|.316|17|22|.773|7|21|15|6|2|10|17
29|29|2015-02-18|@|Green Bay|L|76|96|26|53|.491|4|12|.333|20|30|.667|8|30|11|4|5|10|28||31|56|.554|6|14|.429|28|38|.737|9|32|27|6|3|7|22
