ranker|game_season|date_game|game_location|opp_id|game_result|pts|opp_pts|fg|fga|fg_pct|fg3|fg3a|fg3_pct|ft|fta|ft_pct|orb|trb|ast|stl|blk|tov|pf|x|opp_fg|opp_fga|opp_fg_pct|opp_fg3|opp_fg3a|opp_fg3_pct|opp_ft|opp_fta|opp_ft_pct|opp_orb|opp_trb|opp_ast|opp_stl|opp_blk|opp_tov|opp_pf|
1|1|2014-11-14||North Carolina Wesleyan|W|99|81|30|62|.484|3|16|.188|36|46|.783|13|42|17|17|3|22|24||27|66|.409|7|20|.350|20|30|.667|10|30|18|14|3|24|31
2|2|2014-11-16||North Carolina-Asheville|L|79|83|26|55|.473|7|23|.304|20|30|.667|5|25|10|7|3|13|28||24|55|.436|7|20|.350|28|34|.824|10|38|12|3|1|18|24
3|3|2014-11-20||Virginia-Lynchburg|W|92|51|37|70|.529|6|17|.353|12|25|.480|22|58|21|7|3|9|12||19|67|.284|6|27|.222|7|10|.700|10|25|7|5|1|10|19
4|4|2014-11-24|N|Green Bay|L|49|66|15|47|.319|4|18|.222|15|25|.600|9|20|5|7|0|11|15||26|47|.553|4|16|.250|10|15|.667|10|30|11|7|5|15|22
5|5|2014-11-25|N|Fresno State|W|58|52|19|44|.432|4|16|.250|16|25|.640|6|29|9|3|1|9|15||16|49|.327|5|24|.208|15|16|.938|3|23|7|4|1|8|21
6|6|2014-11-26|N|Hawaii|L|73|75|25|54|.463|10|22|.455|13|18|.722|6|26|14|6|0|10|17||28|61|.459|6|23|.261|13|19|.684|14|36|13|3|3|10|16
7|7|2014-11-30||Central Connecticut State|W|74|59|31|52|.596|6|13|.462|6|7|.857|5|26|20|4|3|11|11||24|55|.436|6|17|.353|5|6|.833|8|19|14|4|3|12|9
8|8|2014-12-03|@|Florida Atlantic|L|63|72|19|49|.388|3|11|.273|22|24|.917|7|26|8|2|1|12|22||26|50|.520|7|16|.438|13|19|.684|4|21|16|4|5|8|23
9|9|2014-12-07|@|North Carolina|L|64|108|23|69|.333|4|25|.160|14|19|.737|11|24|5|2|0|10|19||45|75|.600|1|7|.143|17|22|.773|15|50|27|7|5|8|16
10|10|2014-12-13||James Madison|W|70|58|22|48|.458|6|16|.375|20|32|.625|11|35|14|7|3|21|20||19|47|.404|6|22|.273|14|25|.560|6|23|12|12|4|19|26
11|11|2014-12-20|@|North Carolina-Wilmington|L|54|66|18|64|.281|6|19|.316|12|22|.545|18|34|7|7|0|9|21||21|45|.467|5|14|.357|19|28|.679|10|40|8|5|11|16|20
12|12|2014-12-22||Florida A&M|W|75|57|28|64|.438|7|23|.304|12|16|.750|7|32|17|12|2|11|18||21|50|.420|4|17|.235|11|20|.550|5|28|10|5|2|17|19
13|13|2014-12-28||North Carolina-Greensboro|W|71|50|23|40|.575|6|14|.429|19|26|.731|2|28|20|4|2|13|15||21|60|.350|4|24|.167|4|10|.400|12|29|8|8|0|14|26
14|14|2014-12-31||Tulane|L|59|67|20|42|.476|10|19|.526|9|14|.643|3|20|10|2|0|11|15||26|48|.542|8|13|.615|7|8|.875|3|22|13|6|0|7|14
15|15|2015-01-03|@|South Florida|L|50|58|18|51|.353|6|15|.400|8|11|.727|10|28|11|4|3|10|16||22|51|.431|3|19|.158|11|18|.611|14|35|11|8|8|10|8
16|16|2015-01-06|@|Cincinnati|L|48|69|17|63|.270|5|22|.227|9|13|.692|11|30|8|5|0|10|20||26|55|.473|4|11|.364|13|23|.565|10|41|12|8|7|12|14
17|17|2015-01-14||Houston|W|66|61|24|54|.444|8|26|.308|10|16|.625|8|34|15|7|7|13|21||20|59|.339|6|21|.286|15|21|.714|12|34|10|7|6|13|17
18|18|2015-01-17|@|Southern Methodist|L|54|77|19|53|.358|11|30|.367|5|6|.833|10|26|13|1|3|15|15||30|51|.588|6|17|.353|11|19|.579|8|30|21|10|4|9|12
19|19|2015-01-24||Tulsa|L|64|66|23|56|.411|12|28|.429|6|12|.500|9|30|16|4|1|7|23||20|48|.417|6|21|.286|20|29|.690|8|33|10|3|2|6|12
20|20|2015-01-28|@|Memphis|L|58|70|21|48|.438|13|27|.481|3|3|1.000|6|22|17|2|2|13|12||28|52|.538|6|14|.429|8|14|.571|7|25|19|6|5|6|12
21|21|2015-02-01||Cincinnati|W|50|46|21|53|.396|4|19|.211|4|6|.667|5|23|17|8|1|6|13||16|45|.356|3|18|.167|11|14|.786|9|33|10|5|9|12|15
22|22|2015-02-04|@|Connecticut|L|52|65|20|45|.444|11|21|.524|1|2|.500|4|18|12|5|2|7|14||24|51|.471|11|24|.458|6|8|.750|8|28|16|2|4|6|8
23|23|2015-02-07||Central Florida|W|67|49|28|61|.459|6|20|.300|5|8|.625|15|35|16|11|1|10|18||18|45|.400|2|16|.125|11|19|.579|12|31|10|4|3|17|17
24|24|2015-02-10||Memphis|W|64|53|23|50|.460|4|11|.364|14|23|.609|4|24|15|13|2|12|13||19|52|.365|7|19|.368|8|11|.727|11|35|13|8|5|18|20
25|25|2015-02-14|@|Temple|L|53|66|19|54|.352|8|22|.364|7|9|.778|4|25|14|4|2|7|18||21|57|.368|6|25|.240|18|25|.720|15|45|12|5|6|9|12
26|26|2015-02-18|@|Tulsa|L|58|69|20|57|.351|8|20|.400|10|15|.667|13|29|9|10|2|12|12||25|49|.510|7|19|.368|12|16|.750|7|31|18|4|7|14|16
27|27|2015-02-21||South Florida|W|73|60|19|40|.475|7|15|.467|28|36|.778|8|28|14|10|3|11|22||20|46|.435|8|18|.444|12|22|.545|8|23|15|6|1|14|28
28|28|2015-02-25||Connecticut|L|49|60|19|59|.322|3|20|.150|8|12|.667|10|34|10|1|1|8|17||20|51|.392|7|28|.250|13|16|.813|7|38|13|1|8|8|16
29|29|2015-02-28|@|Central Florida|W|71|66|28|49|.571|7|16|.438|8|14|.571|7|19|20|7|1|10|19||23|44|.523|8|21|.381|12|18|.667|6|23|13|6|4|14|19
30|30|2015-03-05||Temple|L|56|70|21|51|.412|6|21|.286|8|15|.533|6|31|13|4|3|12|13||27|65|.415|9|26|.346|7|11|.636|15|40|19|10|3|10|13
31|31|2015-03-08|@|Houston|L|54|72|20|53|.377|8|18|.444|6|9|.667|9|21|12|9|0|10|16||26|52|.500|12|28|.429|8|12|.667|15|39|14|2|6|14|14
32|32|2015-03-12|N|Central Florida|W (1 OT)|81|80|31|68|.456|9|25|.360|10|16|.625|11|31|18|10|3|8|17||32|65|.492|9|22|.409|7|12|.583|12|36|19|3|5|12|17
33|33|2015-03-13|N|Southern Methodist|L|68|74|23|51|.451|15|34|.441|7|8|.875|4|25|16|6|6|14|20||26|55|.473|3|9|.333|19|28|.679|10|29|16|11|2|9|9
