ranker|game_season|date_game|game_location|opp_id|game_result|pts|opp_pts|fg|fga|fg_pct|fg3|fg3a|fg3_pct|ft|fta|ft_pct|orb|trb|ast|stl|blk|tov|pf|x|opp_fg|opp_fga|opp_fg_pct|opp_fg3|opp_fg3a|opp_fg3_pct|opp_ft|opp_fta|opp_ft_pct|opp_orb|opp_trb|opp_ast|opp_stl|opp_blk|opp_tov|opp_pf|
1|1|2014-11-14||Florida Atlantic|W|64|58|22|52|.423|3|12|.250|17|22|.773|5|28|4|7|1|11|23||18|48|.375|5|16|.313|17|24|.708|6|32|6|4|3|16|23
2|2|2014-11-16||Charlotte|L|60|73|22|69|.319|3|20|.150|13|20|.650|14|35|7|5|1|14|27||25|50|.500|7|15|.467|16|32|.500|10|42|13|6|4|20|25
3|3|2014-11-22|@|Northwestern|L (1 OT)|67|68|25|65|.385|10|18|.556|7|13|.538|8|34|15|8|0|15|29||19|47|.404|3|14|.214|27|37|.730|3|34|17|4|8|16|14
4|4|2014-11-25|N|Morgan State|W|74|73|25|50|.500|6|16|.375|18|25|.720|6|32|12|6|1|15|19||26|64|.406|7|21|.333|14|23|.609|16|36|16|4|3|13|23
5|5|2014-11-26|N|North Florida|L|65|72|22|56|.393|7|18|.389|14|19|.737|5|26|11|5|0|11|24||25|53|.472|4|21|.190|18|25|.720|8|32|12|4|6|12|16
6|6|2014-11-30|@|Miami (OH)|W|70|68|24|57|.421|9|25|.360|13|16|.813|9|32|9|6|2|13|18||25|59|.424|5|21|.238|13|14|.929|12|34|11|8|2|16|17
7|7|2014-12-02||Virginia-Lynchburg|W|111|55|41|88|.466|13|33|.394|16|22|.727|22|63|25|10|1|14|16||20|63|.317|2|17|.118|13|21|.619|5|25|5|5|3|17|20
8|8|2014-12-07||Central Pennsylvania College|W|117|73|47|77|.610|12|27|.444|11|18|.611|11|55|27|8|2|19|21||27|77|.351|6|27|.222|13|22|.591|11|32|8|8|1|16|24
9|9|2014-12-11|@|Missouri|L|73|78|24|67|.358|8|22|.364|17|24|.708|14|33|8|4|0|11|26||23|51|.451|8|18|.444|24|30|.800|9|33|10|5|3|12|25
10|10|2014-12-15|@|Duke|L|62|75|25|59|.424|5|19|.263|7|8|.875|6|26|11|9|0|19|20||29|56|.518|3|16|.188|14|27|.519|13|38|14|12|5|17|14
11|11|2014-12-20|@|North Carolina-Greensboro|W|71|64|24|48|.500|5|13|.385|18|27|.667|6|25|10|8|0|20|24||19|57|.333|3|9|.333|23|30|.767|12|33|8|7|5|17|24
12|12|2014-12-22|@|Kennesaw State|W|67|65|23|57|.404|7|21|.333|14|17|.824|8|31|9|7|3|15|13||27|59|.458|7|27|.259|4|6|.667|8|28|12|7|5|15|18
13|13|2014-12-28||Marist|W|69|64|23|51|.451|4|11|.364|19|28|.679|10|39|9|7|2|20|21||20|53|.377|10|28|.357|14|23|.609|5|26|12|11|1|19|22
14|14|2015-01-03|@|Drexel|W|77|67|24|51|.471|11|20|.550|18|23|.783|9|28|9|9|1|17|20||23|51|.451|7|19|.368|14|19|.737|8|27|13|5|3|19|18
15|15|2015-01-05|@|Towson|L|53|57|20|57|.351|3|16|.188|10|19|.526|12|28|10|5|0|8|24||18|47|.383|2|5|.400|19|26|.731|10|35|12|2|4|13|19
16|16|2015-01-08||William & Mary|W|85|79|28|63|.444|12|25|.480|17|24|.708|8|36|14|3|2|7|14||31|68|.456|12|31|.387|5|8|.625|6|37|14|3|5|7|19
17|17|2015-01-10||Hofstra|L|61|79|25|64|.391|4|21|.190|7|17|.412|9|36|14|5|1|12|22||24|60|.400|14|32|.438|17|24|.708|11|46|15|8|1|15|19
18|18|2015-01-14||College of Charleston|L|50|66|17|43|.395|3|13|.231|13|19|.684|6|23|6|5|2|15|25||22|41|.537|8|15|.533|14|24|.583|8|31|11|8|2|15|20
19|19|2015-01-17|@|James Madison|L|72|75|22|57|.386|8|21|.381|20|25|.800|13|29|10|6|1|14|22||25|50|.500|6|18|.333|19|30|.633|10|34|11|10|2|15|19
20|20|2015-01-22||Towson|L|51|53|13|45|.289|4|17|.235|21|28|.750|4|28|5|4|3|13|25||21|60|.350|1|11|.091|10|25|.400|13|38|3|2|6|14|25
21|21|2015-01-24||Delaware|W|94|82|29|64|.453|11|23|.478|25|37|.676|13|36|10|7|2|8|22||29|53|.547|9|15|.600|15|26|.577|5|31|11|4|2|14|27
22|22|2015-01-28|@|North Carolina-Wilmington|L|65|82|19|46|.413|5|18|.278|22|34|.647|11|33|9|5|1|15|21||30|59|.508|7|14|.500|15|22|.682|13|33|18|9|5|11|25
23|23|2015-01-31|@|Northeastern|L|61|80|25|57|.439|4|15|.267|7|14|.500|3|23|11|5|0|9|21||28|47|.596|4|13|.308|20|31|.645|7|36|16|4|3|15|18
24|24|2015-02-05||Drexel|L|63|67|24|51|.471|7|17|.412|8|16|.500|5|23|16|4|4|12|15||23|55|.418|6|16|.375|15|20|.750|11|34|14|8|1|10|17
25|25|2015-02-07|@|Hofstra|L|69|80|22|51|.431|10|22|.455|15|23|.652|4|28|16|4|1|18|23||26|58|.448|8|23|.348|20|31|.645|10|35|19|11|3|13|19
26|26|2015-02-11|@|William & Mary|L|58|77|25|62|.403|3|22|.136|5|6|.833|12|29|10|9|2|11|19||25|51|.490|10|24|.417|17|20|.850|10|35|14|5|7|13|11
27|27|2015-02-14||James Madison|L|75|86|27|63|.429|9|30|.300|12|15|.800|9|24|19|5|1|6|20||28|46|.609|11|20|.550|19|24|.792|4|25|15|5|3|10|16
28|28|2015-02-18|@|College of Charleston|L|63|77|18|48|.375|9|26|.346|18|32|.563|14|24|10|10|1|11|24||27|48|.563|8|19|.421|15|21|.714|13|37|9|5|4|12|25
29|29|2015-02-21|@|Delaware|W (1 OT)|83|75|28|63|.444|13|30|.433|14|24|.583|10|39|21|8|2|14|20||24|61|.393|8|22|.364|19|29|.655|12|42|17|8|2|18|22
30|30|2015-02-26||Northeastern|W|72|65|28|58|.483|7|24|.292|9|13|.692|7|30|14|10|2|11|15||27|55|.491|4|15|.267|7|12|.583|6|29|10|8|3|15|16
31|31|2015-02-28||North Carolina-Wilmington|W|74|55|19|50|.380|5|17|.294|31|39|.795|8|39|7|7|1|18|24||20|59|.339|0|14|.000|15|27|.556|12|36|1|10|3|16|28
32|32|2015-03-06|N|Towson|W (1 OT)|74|69|26|61|.426|13|29|.448|9|13|.692|6|20|15|5|5|6|18||24|56|.429|2|11|.182|19|22|.864|12|39|5|3|3|16|15
33|33|2015-03-07|N|William & Mary|L|59|72|21|56|.375|7|23|.304|10|15|.667|9|26|11|7|0|11|16||23|44|.523|11|29|.379|15|22|.682|5|27|17|6|6|12|15
