ranker|game_season|date_game|game_location|opp_id|game_result|pts|opp_pts|fg|fga|fg_pct|fg3|fg3a|fg3_pct|ft|fta|ft_pct|orb|trb|ast|stl|blk|tov|pf|x|opp_fg|opp_fga|opp_fg_pct|opp_fg3|opp_fg3a|opp_fg3_pct|opp_ft|opp_fta|opp_ft_pct|opp_orb|opp_trb|opp_ast|opp_stl|opp_blk|opp_tov|opp_pf|
1|1|2014-11-14||William & Mary|W|68|45|25|53|.472|6|17|.353|12|15|.800|6|38|13|8|1|10|11||18|57|.316|2|22|.091|7|9|.778|7|30|4|2|2|12|14
2|2|2014-11-17||Miami (FL)|L|67|69|26|50|.520|8|17|.471|7|9|.778|4|21|15|8|5|13|18||24|49|.490|9|18|.500|12|17|.706|5|23|14|4|4|13|12
3|3|2014-11-21||Louisiana-Monroe|W (1 OT)|61|56|17|52|.327|3|15|.200|24|32|.750|11|43|9|5|4|14|13||21|64|.328|9|25|.360|5|8|.625|9|33|8|7|4|10|24
4|4|2014-11-26|N|Georgetown|L (1 OT)|65|66|23|64|.359|6|23|.261|13|19|.684|18|37|10|8|3|16|23||24|49|.490|3|13|.231|15|22|.682|7|30|7|7|7|19|22
5|5|2014-11-27|N|Alabama-Birmingham|W|56|47|18|53|.340|7|23|.304|13|23|.565|14|36|13|7|3|8|13||19|45|.422|4|14|.286|5|7|.714|4|29|13|2|6|16|21
6|6|2014-11-28|N|North Carolina|L|64|75|20|61|.328|6|27|.222|18|23|.783|18|35|10|11|5|15|25||23|51|.451|6|12|.500|23|31|.742|11|33|15|9|7|18|22
7|7|2014-12-05|@|Kansas|L|65|71|25|57|.439|8|23|.348|7|10|.700|8|25|18|7|3|14|24||20|48|.417|4|14|.286|27|32|.844|8|32|9|8|3|14|14
8|8|2014-12-08||Yale|W|85|47|37|58|.638|10|19|.526|1|4|.250|12|32|18|10|6|10|12||16|47|.340|4|13|.308|11|15|.733|10|20|7|3|0|15|10
9|9|2014-12-12||Texas Southern|W|75|50|31|57|.544|7|19|.368|6|11|.545|11|31|19|7|7|12|16||17|51|.333|5|19|.263|11|17|.647|8|22|4|7|3|15|14
10|10|2014-12-14||Jacksonville|W|79|34|30|55|.545|13|27|.481|6|11|.545|14|38|18|9|4|9|8||14|45|.311|4|12|.333|2|6|.333|4|16|4|3|0|12|10
11|11|2014-12-20|N|Wake Forest|W|63|50|21|51|.412|6|23|.261|15|23|.652|8|30|12|17|4|14|17||17|46|.370|6|19|.316|10|19|.526|8|29|13|6|3|24|17
12|12|2014-12-30|@|Florida State|L|63|65|26|61|.426|4|19|.211|7|13|.538|8|33|7|3|1|17|19||21|53|.396|4|17|.235|17|25|.680|8|37|9|7|1|15|12
13|13|2015-01-03||Connecticut|L|59|63|21|50|.420|9|24|.375|8|20|.400|9|26|15|7|1|9|19||19|45|.422|8|17|.471|17|20|.850|7|31|10|3|3|13|21
14|14|2015-01-07|@|South Carolina|W|72|68|21|49|.429|5|19|.263|25|30|.833|11|31|14|7|4|17|24||20|49|.408|5|13|.385|23|27|.852|6|21|11|4|5|11|20
15|15|2015-01-10||Mississippi State|W|72|47|28|53|.528|9|22|.409|7|12|.583|8|25|19|10|4|7|15||17|44|.386|5|11|.455|8|13|.615|8|27|8|5|3|15|15
16|16|2015-01-15||Auburn|W|75|55|28|59|.475|7|18|.389|12|18|.667|10|36|14|7|4|8|20||16|49|.327|6|18|.333|17|26|.654|9|29|10|4|2|13|17
17|17|2015-01-17|@|Georgia|L|61|73|24|48|.500|5|16|.313|8|14|.571|8|25|10|7|0|17|19||23|41|.561|8|15|.533|19|29|.655|7|24|14|11|4|15|14
18|18|2015-01-20||Louisiana State|L|61|79|23|60|.383|3|16|.188|12|17|.706|12|29|12|9|3|13|17||27|52|.519|8|13|.615|17|18|.944|7|34|17|6|1|16|15
19|19|2015-01-24|@|Mississippi|L|71|72|22|46|.478|12|20|.600|15|24|.625|3|26|18|1|1|13|17||25|56|.446|6|21|.286|16|19|.842|6|27|15|2|5|9|18
20|20|2015-01-27|@|Alabama|W|52|50|20|46|.435|5|16|.313|7|9|.778|9|28|11|7|5|16|13||18|46|.391|6|17|.353|8|12|.667|10|26|7|9|6|17|10
21|21|2015-01-31||Arkansas|W|57|56|18|52|.346|4|22|.182|17|25|.680|11|36|11|7|3|14|11||24|60|.400|3|16|.188|5|7|.714|13|35|11|6|4|16|18
22|22|2015-02-03|@|Vanderbilt|L|61|67|21|57|.368|6|19|.316|13|16|.813|8|25|7|10|2|8|26||16|40|.400|6|16|.375|29|42|.690|11|36|12|6|9|18|16
23|23|2015-02-07||Kentucky|L|61|68|24|49|.490|6|21|.286|7|14|.500|6|19|9|8|1|11|20||22|47|.468|3|14|.214|21|22|.955|8|28|12|4|2|15|15
24|24|2015-02-12||Mississippi|L|61|62|23|61|.377|9|27|.333|6|9|.667|11|33|14|6|5|7|12||23|54|.426|6|16|.375|10|13|.769|8|33|13|6|5|9|13
25|25|2015-02-14|@|Texas A&M|L|62|63|26|59|.441|6|26|.231|4|7|.571|8|30|14|5|6|9|12||25|55|.455|2|12|.167|11|13|.846|5|31|21|5|3|8|11
26|26|2015-02-18||Vanderbilt|W|50|47|18|50|.360|4|17|.235|10|20|.500|8|33|9|6|6|12|15||17|51|.333|6|20|.300|7|8|.875|5|29|8|4|7|11|15
