ranker|game_season|date_game|game_location|opp_id|game_result|pts|opp_pts|fg|fga|fg_pct|fg3|fg3a|fg3_pct|ft|fta|ft_pct|orb|trb|ast|stl|blk|tov|pf|x|opp_fg|opp_fga|opp_fg_pct|opp_fg3|opp_fg3a|opp_fg3_pct|opp_ft|opp_fta|opp_ft_pct|opp_orb|opp_trb|opp_ast|opp_stl|opp_blk|opp_tov|opp_pf|
1|1|2014-11-14||Florida College|W|64|42|27|52|.519|5|20|.250|5|15|.333|11|43|21|10|7|16|24||15|53|.283|0|13|.000|12|28|.429|12|31|8|10|0|12|15
2|2|2014-11-18|@|Stetson|W|53|52|18|51|.353|6|19|.316|11|16|.688|9|26|12|5|6|6|10||20|48|.417|5|18|.278|7|12|.583|5|30|13|2|5|12|15
3|3|2014-11-21||Florida Memorial|W|74|48|24|45|.533|4|13|.308|22|35|.629|7|31|19|12|5|14|18||16|46|.348|2|10|.200|14|25|.560|8|29|7|9|1|21|24
4|4|2014-11-24|@|Georgia Southern|L|72|78|26|59|.441|5|21|.238|15|24|.625|8|31|13|9|2|14|28||20|53|.377|7|24|.292|31|41|.756|13|42|9|8|1|17|18
5|5|2014-11-27|@|South Carolina Upstate|L|53|68|18|55|.327|4|16|.250|13|18|.722|13|31|10|6|2|18|20||21|48|.438|6|21|.286|20|28|.714|10|31|14|12|4|13|16
6|6|2014-11-28|N|Wright State|W (1 OT)|61|59|19|45|.422|2|7|.286|21|28|.750|7|36|8|6|5|15|21||21|60|.350|6|21|.286|11|19|.579|7|30|13|6|2|8|21
7|7|2014-11-29|N|Cal State Fullerton|L|61|64|21|54|.389|2|13|.154|17|23|.739|12|29|11|6|5|14|20||21|49|.429|3|14|.214|19|26|.731|11|33|10|11|0|13|19
8|8|2014-12-02||Kennesaw State|W|59|38|24|55|.436|2|13|.154|9|19|.474|7|38|9|6|2|10|13||14|52|.269|4|21|.190|6|10|.600|7|27|7|5|7|15|15
9|9|2014-12-05|@|Louisville|L|57|82|20|54|.370|5|15|.333|12|18|.667|8|26|11|12|1|24|14||32|56|.571|8|20|.400|10|15|.667|9|34|21|14|9|19|20
10|10|2014-12-14|@|Florida Gulf Coast|W|69|63|25|50|.500|5|13|.385|14|22|.636|9|38|8|7|3|14|17||21|52|.404|7|17|.412|14|21|.667|5|25|11|8|1|11|16
11|11|2014-12-18|N|Long Island University|L|58|69|24|55|.436|6|21|.286|4|9|.444|7|26|11|7|2|16|22||23|52|.442|7|21|.333|16|24|.667|8|33|13|7|4|15|15
12|12|2014-12-21|@|Hartford|L|69|82|26|49|.531|5|16|.313|12|16|.750|9|26|13|6|1|19|19||27|59|.458|13|34|.382|15|20|.750|11|25|13|12|1|11|14
13|13|2014-12-29|@|Florida A&M|W|76|55|30|56|.536|9|24|.375|7|11|.636|6|31|16|7|0|11|21||19|45|.422|5|13|.385|12|24|.500|5|23|5|3|2|13|15
14|14|2015-01-04|@|Florida Atlantic|W|62|60|26|52|.500|2|6|.333|8|14|.571|10|39|7|2|6|10|13||25|66|.379|8|27|.296|2|4|.500|8|25|10|8|4|4|13
15|15|2015-01-08|@|Middle Tennessee|L|52|65|15|34|.441|4|14|.286|18|27|.667|1|18|7|7|2|17|18||25|48|.521|8|17|.471|7|11|.636|5|27|14|8|2|15|19
16|16|2015-01-10|@|Alabama-Birmingham|L|53|70|20|49|.408|3|13|.231|10|14|.714|6|27|12|7|3|21|22||23|53|.434|6|17|.353|18|21|.857|9|31|17|10|7|16|15
17|17|2015-01-15||Marshall|W (1 OT)|66|62|24|52|.462|2|11|.182|16|27|.593|5|33|11|6|8|16|18||22|70|.314|12|31|.387|6|16|.375|18|44|13|10|1|18|24
18|18|2015-01-17||Western Kentucky|L|58|65|23|55|.418|2|14|.143|10|17|.588|5|32|7|8|5|13|23||20|58|.345|3|17|.176|22|32|.688|15|42|14|8|5|13|16
19|19|2015-01-29|@|Old Dominion|L|56|71|20|48|.417|4|11|.364|12|24|.500|11|32|9|4|5|14|14||29|58|.500|5|19|.263|8|13|.615|11|32|18|7|3|6|17
20|20|2015-01-31|@|Charlotte|W|78|70|31|57|.544|13|21|.619|3|6|.500|9|37|15|3|8|17|20||24|63|.381|7|19|.368|15|20|.750|11|28|13|10|2|8|13
21|21|2015-02-03||Florida Atlantic|W|64|56|24|50|.480|4|10|.400|12|24|.500|5|34|13|8|8|11|17||21|66|.318|5|23|.217|9|17|.529|16|41|11|3|3|13|16
22|22|2015-02-05||Texas-San Antonio|L|63|74|27|52|.519|3|9|.333|6|10|.600|9|35|14|9|10|25|18||24|62|.387|9|25|.360|17|23|.739|11|27|17|10|3|13|12
23|23|2015-02-07||Texas-El Paso|L|64|67|23|49|.469|3|10|.300|15|19|.789|7|29|10|5|5|13|23||21|50|.420|7|19|.368|18|32|.563|9|28|13|6|8|8|15
24|24|2015-02-12|@|Southern Mississippi|W (1 OT)|73|71|22|50|.440|10|20|.500|19|29|.655|6|26|14|4|6|9|22||23|56|.411|8|27|.296|17|29|.586|9|35|18|4|4|8|22
25|25|2015-02-14|@|Louisiana Tech|L|42|75|15|54|.278|2|12|.167|10|13|.769|11|36|8|12|4|28|17||28|59|.475|8|23|.348|11|16|.688|8|34|15|17|12|14|15
26|26|2015-02-19||Rice|W|60|56|19|45|.422|6|16|.375|16|23|.696|5|28|8|4|3|11|15||19|51|.373|9|32|.281|9|15|.600|8|29|11|5|2|10|18
27|27|2015-02-21||North Texas|L|56|70|21|49|.429|2|13|.154|12|18|.667|9|31|7|6|8|15|22||25|64|.391|5|17|.294|15|22|.682|17|37|13|9|3|7|15
28|28|2015-02-26|@|Marshall|L|69|87|23|54|.426|4|18|.222|19|32|.594|7|24|10|8|1|12|22||26|52|.500|11|27|.407|24|33|.727|8|33|18|5|0|14|23
29|29|2015-02-28|@|Western Kentucky|L|61|77|21|53|.396|6|15|.400|13|17|.765|8|23|11|7|1|12|15||30|52|.577|11|21|.524|6|10|.600|8|30|21|5|5|15|15
30|30|2015-03-05||Middle Tennessee|W|59|54|19|42|.452|1|6|.167|20|29|.690|3|30|9|8|4|15|15||21|55|.382|7|24|.292|5|9|.556|8|33|12|9|2|17|23
31|31|2015-03-07||Alabama-Birmingham|W|70|66|28|54|.519|5|16|.313|9|17|.529|8|33|14|5|14|15|18||23|63|.365|7|18|.389|13|20|.650|13|33|15|7|3|11|17
32|32|2015-03-11|N|Texas-San Antonio|W|57|54|22|51|.431|8|21|.381|5|10|.500|8|33|13|1|6|13|15||19|56|.339|8|23|.348|8|14|.571|9|34|8|7|3|8|13
33|33|2015-03-12|N|Texas-El Paso|L|71|83|24|64|.375|7|20|.350|16|23|.696|16|27|13|11|2|12|19||25|41|.610|8|12|.667|25|32|.781|6|30|13|6|10|17|17
