ranker|game_season|date_game|game_location|opp_id|game_result|pts|opp_pts|fg|fga|fg_pct|fg3|fg3a|fg3_pct|ft|fta|ft_pct|orb|trb|ast|stl|blk|tov|pf|x|opp_fg|opp_fga|opp_fg_pct|opp_fg3|opp_fg3a|opp_fg3_pct|opp_ft|opp_fta|opp_ft_pct|opp_orb|opp_trb|opp_ast|opp_stl|opp_blk|opp_tov|opp_pf|
1|1|2014-11-15|@|Louisiana State|L|82|93|35|75|.467|9|33|.273|3|5|.600|7|24|17|12|0|10|15||36|69|.522|8|23|.348|13|14|.929|15|44|19|7|3|18|8
2|2|2014-11-17|@|College of Charleston|W|80|67|27|63|.429|7|18|.389|19|32|.594|11|40|12|3|0|11|22||23|59|.390|7|23|.304|14|21|.667|8|37|8|5|2|11|27
3|3|2014-11-21|N|Clemson|W|72|70|25|67|.373|11|31|.355|11|16|.688|11|31|18|4|0|7|16||28|57|.491|4|13|.308|10|14|.714|9|32|10|2|7|7|11
4|4|2014-11-23|N|Seton Hall|L|67|85|21|57|.368|5|21|.238|20|33|.606|8|32|10|9|0|16|21||31|68|.456|9|20|.450|14|22|.636|13|41|19|10|8|14|26
5|5|2014-11-24|N|Old Dominion|L|46|58|16|55|.291|6|24|.250|8|15|.533|9|36|7|2|2|13|18||21|54|.389|4|14|.286|12|18|.667|6|33|5|4|4|6|15
6|6|2014-11-29||Brevard|W|78|63|31|57|.544|7|17|.412|9|20|.450|10|33|20|11|3|13|17||24|58|.414|5|23|.217|10|16|.625|14|36|12|5|1|18|19
7|7|2014-12-02|@|Arizona|L|65|91|22|58|.379|10|29|.345|11|19|.579|4|24|17|0|0|11|18||36|64|.563|10|17|.588|9|18|.500|12|41|23|8|2|8|16
8|8|2014-12-05||Toccoa Falls|W|100|61|37|66|.561|12|30|.400|14|28|.500|18|52|27|12|6|14|12||21|57|.368|7|19|.368|12|13|.923|2|19|8|8|0|17|18
9|9|2014-12-06||Thomas University|W|82|66|29|63|.460|4|18|.222|20|26|.769|16|45|20|6|3|18|24||24|59|.407|3|14|.214|15|23|.652|10|28|5|8|1|19|21
10|10|2014-12-13||Furman|W|74|68|27|58|.466|5|16|.313|15|33|.455|13|40|22|8|7|13|14||25|57|.439|8|19|.421|10|14|.714|5|30|7|3|3|14|25
11|11|2014-12-17|@|Jacksonville|L|65|68|22|41|.537|9|17|.529|12|16|.750|1|20|16|2|1|18|22||23|46|.500|6|12|.500|16|28|.571|4|24|13|11|1|14|18
12|12|2014-12-19||Hiwassee|W|91|71|34|65|.523|8|14|.571|15|23|.652|13|43|22|9|9|13|9||30|68|.441|8|22|.364|3|10|.300|10|29|17|8|3|13|14
13|13|2014-12-22|@|Purdue|W|89|84|31|56|.554|14|25|.560|13|23|.565|8|24|21|5|3|13|17||32|68|.471|4|15|.267|16|21|.762|17|39|14|9|4|12|20
14|14|2014-12-31|@|Presbyterian|W|81|64|30|58|.517|12|29|.414|9|10|.900|8|33|24|6|0|9|11||28|54|.519|4|12|.333|4|6|.667|2|21|11|3|4|8|12
15|15|2015-01-03|@|North Carolina-Asheville|L|55|80|17|60|.283|4|23|.174|17|28|.607|13|37|9|4|3|9|15||31|63|.492|8|23|.348|10|18|.556|11|45|26|7|10|10|20
16|16|2015-01-08||Radford|W (2 OT)|88|85|32|65|.492|7|18|.389|17|24|.708|9|30|21|11|5|13|18||32|62|.516|4|13|.308|17|24|.708|11|34|13|8|5|15|21
17|17|2015-01-10||Winthrop|W|65|64|21|59|.356|11|34|.324|12|14|.857|11|35|17|4|6|9|13||25|55|.455|9|20|.450|5|8|.625|7|31|16|4|6|10|13
18|18|2015-01-14||High Point|L|72|84|25|53|.472|10|27|.370|12|14|.857|8|28|17|5|4|14|16||34|61|.557|5|15|.333|11|14|.786|7|25|17|5|1|5|11
19|19|2015-01-17|@|Coastal Carolina|W|82|67|28|56|.500|11|24|.458|15|18|.833|6|30|13|7|1|8|16||25|58|.431|5|13|.385|12|20|.600|12|34|14|4|3|9|15
20|20|2015-01-22||Longwood|W|79|67|31|63|.492|5|19|.263|12|22|.545|13|36|27|15|6|13|12||27|58|.466|8|19|.421|5|10|.500|6|30|15|8|1|17|14
21|21|2015-01-24|@|Charleston Southern|L|80|93|27|54|.500|12|28|.429|14|21|.667|8|22|13|4|1|10|13||32|63|.508|15|28|.536|14|19|.737|14|32|16|7|5|9|15
22|22|2015-01-26|@|Campbell|L|59|78|18|43|.419|5|20|.250|18|24|.750|7|26|15|8|0|18|18||26|49|.531|8|18|.444|18|26|.692|8|26|17|13|3|11|17
23|23|2015-01-31||Coastal Carolina|W|66|64|23|51|.451|5|15|.333|15|22|.682|3|29|18|7|4|11|19||24|62|.387|2|18|.111|14|24|.583|15|43|12|6|2|14|19
24|24|2015-02-03|@|Longwood|W|87|78|30|52|.577|16|29|.552|11|16|.688|7|33|23|2|1|16|14||27|64|.422|10|25|.400|14|15|.933|7|21|12|9|4|5|15
25|25|2015-02-06||Campbell|W (1 OT)|73|65|22|57|.386|4|26|.154|25|35|.714|15|38|13|8|2|14|14||23|51|.451|10|27|.370|9|13|.692|6|29|18|7|2|21|22
26|26|2015-02-09||North Carolina-Asheville|L|89|92|34|63|.540|12|29|.414|9|16|.563|10|28|23|4|0|11|16||37|59|.627|7|18|.389|11|15|.733|7|28|15|6|3|12|16
27|27|2015-02-14|@|Winthrop|L|68|71|23|66|.348|6|27|.222|16|18|.889|14|38|7|4|6|13|22||21|57|.368|8|17|.471|21|28|.750|10|35|8|7|3|12|16
28|28|2015-02-18|@|High Point|L|62|83|21|58|.362|5|24|.208|15|21|.714|11|30|8|8|2|10|12||33|57|.579|9|13|.692|8|12|.667|5|29|21|6|7|10|12
29|29|2015-02-21||Liberty|W|77|67|22|51|.431|7|18|.389|26|35|.743|11|34|11|6|2|12|18||26|59|.441|5|13|.385|10|17|.588|13|33|7|4|5|12|23
30|30|2015-02-26||Charleston Southern|W|91|81|31|55|.564|13|24|.542|16|22|.727|9|29|21|6|2|13|20||27|60|.450|5|18|.278|22|27|.815|12|27|10|8|2|8|19
31|31|2015-02-28|@|Radford|L|62|72|22|60|.367|7|22|.318|11|18|.611|7|27|9|8|1|10|9||31|62|.500|3|15|.200|7|11|.636|12|42|14|9|6|15|17
32|32|2015-03-04|N|Campbell|W|72|64|21|50|.420|8|20|.400|22|30|.733|14|36|12|6|0|14|18||23|55|.418|7|22|.318|11|16|.688|10|24|8|7|5|9|21
33|33|2015-03-06|N|High Point|W (1 OT)|72|71|26|64|.406|4|21|.190|16|25|.640|12|32|11|12|1|9|16||25|61|.410|7|18|.389|14|17|.824|15|41|11|5|1|14|18
34|34|2015-03-07|@|Coastal Carolina|L|70|73|21|55|.382|6|23|.261|22|30|.733|9|27|10|9|0|8|17||29|57|.509|5|13|.385|10|14|.714|10|35|15|4|3|17|22
