ranker|game_season|date_game|game_location|opp_id|game_result|pts|opp_pts|fg|fga|fg_pct|fg3|fg3a|fg3_pct|ft|fta|ft_pct|orb|trb|ast|stl|blk|tov|pf|x|opp_fg|opp_fga|opp_fg_pct|opp_fg3|opp_fg3a|opp_fg3_pct|opp_ft|opp_fta|opp_ft_pct|opp_orb|opp_trb|opp_ast|opp_stl|opp_blk|opp_tov|opp_pf|
1|1|2014-11-14||Cornell|L|60|68|21|68|.309|7|27|.259|11|21|.524|9|33|11|5|4|5|24||21|47|.447|9|18|.500|17|28|.607|4|42|9|1|3|16|21
2|2|2014-11-16||Princeton|W|63|60|24|55|.436|4|11|.364|11|20|.550|10|38|4|7|5|12|18||19|56|.339|9|30|.300|13|17|.765|8|32|13|6|5|11|21
3|3|2014-11-20|N|West Virginia|L|65|91|22|45|.489|5|12|.417|16|32|.500|6|30|10|5|2|24|24||32|72|.444|9|26|.346|18|26|.692|12|30|18|16|5|12|26
4|4|2014-11-21|N|New Mexico|L|58|69|18|54|.333|2|15|.133|20|29|.690|13|32|6|8|5|17|24||24|52|.462|5|17|.294|16|27|.593|8|31|12|9|8|14|22
5|5|2014-11-23|N|College of Charleston|L|60|61|23|54|.426|2|7|.286|12|16|.750|11|33|11|4|5|17|19||22|51|.431|6|19|.316|11|19|.579|7|22|20|7|1|14|19
6|6|2014-11-29||Manhattan|W|64|63|21|57|.368|3|11|.273|19|26|.731|14|34|7|3|3|14|22||18|41|.439|8|17|.471|19|26|.731|4|24|12|6|2|12|20
7|7|2014-12-03||Old Dominion|L|69|75|25|54|.463|3|13|.231|16|20|.800|12|25|8|7|3|6|20||22|50|.440|11|25|.440|20|23|.870|15|29|17|3|2|12|18
8|8|2014-12-06|@|Northern Iowa|L (1 OT)|65|71|20|57|.351|4|15|.267|21|32|.656|13|43|6|5|4|15|27||23|61|.377|4|19|.211|21|34|.618|14|42|17|6|7|13|26
9|9|2014-12-17||Catawba|W|99|69|42|63|.667|5|10|.500|10|17|.588|10|34|21|11|13|14|20||25|70|.357|1|14|.071|18|23|.783|15|29|6|8|3|14|18
10|10|2014-12-20||Iona|W|86|81|26|60|.433|7|14|.500|27|34|.794|10|33|11|10|4|8|23||30|60|.500|6|17|.353|15|22|.682|10|35|13|5|7|17|23
11|11|2014-12-23|@|Wright State|W|68|60|26|50|.520|4|13|.308|12|17|.706|10|37|17|4|1|15|14||22|54|.407|3|18|.167|13|18|.722|8|20|7|7|0|9|16
12|12|2014-12-31|@|Oklahoma|L|43|61|18|61|.295|0|14|.000|7|15|.467|10|35|10|10|3|10|16||22|56|.393|4|15|.267|13|20|.650|11|46|7|5|7|14|14
13|13|2015-01-03||La Salle|W|70|62|23|40|.575|4|6|.667|20|29|.690|8|29|12|7|1|17|17||24|50|.480|4|14|.286|10|19|.526|8|21|8|6|3|13|22
14|14|2015-01-08|@|Richmond|L|65|75|27|60|.450|5|11|.455|6|11|.545|14|33|8|3|3|12|20||24|43|.558|7|14|.500|20|23|.870|0|17|16|7|7|8|16
15|15|2015-01-11||Massachusetts|L|62|66|21|55|.382|5|12|.417|15|26|.577|15|36|9|5|7|13|17||24|61|.393|8|18|.444|10|17|.588|15|38|14|8|4|15|22
16|16|2015-01-14|N|St. Bonaventure|L|55|75|19|50|.380|2|14|.143|15|18|.833|7|25|12|5|5|13|24||23|55|.418|6|21|.286|23|30|.767|12|35|13|7|6|9|20
17|17|2015-01-17|@|George Washington|L|53|63|21|58|.362|5|14|.357|6|12|.500|11|34|8|5|3|13|25||17|48|.354|6|17|.353|23|31|.742|7|30|9|4|5|10|15
18|18|2015-01-24||Davidson|L (1 OT)|73|80|27|66|.409|5|16|.313|14|20|.700|14|41|9|5|5|11|25||25|56|.446|9|29|.310|21|30|.700|6|30|13|3|1|8|20
19|19|2015-01-29||Saint Louis|W|68|60|19|42|.452|2|8|.250|28|34|.824|9|29|11|8|5|15|18||20|48|.417|4|16|.250|16|20|.800|9|22|8|6|2|13|26
20|20|2015-01-31|@|Duquesne|L|53|62|16|62|.258|6|26|.231|15|23|.652|16|38|12|8|3|14|17||22|55|.400|4|18|.222|14|16|.875|11|41|13|3|5|16|19
21|21|2015-02-04||Virginia Commonwealth|L|60|72|21|57|.368|5|19|.263|13|18|.722|17|41|9|4|4|18|19||25|52|.481|6|19|.316|16|25|.640|6|25|11|10|5|7|18
22|22|2015-02-07|@|Saint Joseph's|L|54|58|21|51|.412|5|14|.357|7|13|.538|10|33|12|4|3|19|25||20|44|.455|2|13|.154|16|31|.516|5|23|12|12|2|13|14
23|23|2015-02-11|@|Davidson|L|71|92|29|52|.558|1|8|.125|12|26|.462|9|33|13|2|1|16|25||27|56|.482|12|31|.387|26|32|.813|8|28|21|7|3|8|22
24|24|2015-02-14||Richmond|W (1 OT)|71|67|21|47|.447|6|11|.545|23|32|.719|9|37|7|4|5|16|16||24|61|.393|10|22|.455|9|11|.818|6|23|11|8|4|11|24
25|25|2015-02-18||Fordham|L|68|80|22|51|.431|3|13|.231|21|31|.677|9|28|10|6|0|13|16||26|49|.531|11|18|.611|17|19|.895|6|27|12|5|3|14|24
26|26|2015-02-21||Rhode Island|L|56|71|16|52|.308|4|9|.444|20|32|.625|16|35|4|8|5|16|23||21|52|.404|7|17|.412|22|26|.846|9|33|9|4|5|13|22
27|27|2015-02-25|@|Dayton|L|63|76|26|49|.531|4|9|.444|7|14|.500|8|28|12|4|3|14|22||25|45|.556|9|17|.529|17|26|.654|5|25|14|5|1|12|13
28|28|2015-02-28|@|Saint Louis|W|78|50|28|46|.609|5|9|.556|17|18|.944|8|33|15|9|4|13|17||17|46|.370|6|15|.400|10|17|.588|4|14|12|7|2|14|13
29|29|2015-03-04||George Washington|L|51|67|19|59|.322|7|19|.368|6|8|.750|16|26|8|7|4|9|19||22|47|.468|5|13|.385|18|21|.857|13|36|12|1|4|12|13
30|30|2015-03-07|@|Virginia Commonwealth|L|60|71|22|38|.579|4|11|.364|12|17|.706|4|30|10|6|4|22|21||23|60|.383|7|21|.333|18|23|.783|13|27|11|19|2|7|17
31|31|2015-03-11|N|Fordham|L|65|71|24|50|.480|6|15|.400|11|15|.733|5|23|12|8|3|14|21||23|48|.479|5|19|.263|20|27|.741|3|23|13|9|3|10|16
