ranker|game_season|date_game|game_location|opp_id|game_result|pts|opp_pts|fg|fga|fg_pct|fg3|fg3a|fg3_pct|ft|fta|ft_pct|orb|trb|ast|stl|blk|tov|pf|x|opp_fg|opp_fga|opp_fg_pct|opp_fg3|opp_fg3a|opp_fg3_pct|opp_ft|opp_fta|opp_ft_pct|opp_orb|opp_trb|opp_ast|opp_stl|opp_blk|opp_tov|opp_pf|
1|1|2014-11-14||Grambling|W|92|40|35|63|.556|6|20|.300|16|24|.667|16|47|18|10|7|11|14||15|53|.283|2|10|.200|8|16|.500|9|22|5|7|3|16|22
2|2|2014-11-16|@|Rutgers|W|70|53|26|64|.406|6|21|.286|12|17|.706|10|41|12|7|3|9|18||19|54|.352|4|18|.222|11|18|.611|5|31|11|2|9|16|18
3|3|2014-11-21|@|Virginia|L|42|59|16|49|.327|4|18|.222|6|9|.667|6|25|6|6|6|10|14||24|57|.421|1|9|.111|10|16|.625|13|38|9|4|9|8|11
4|4|2014-11-26||Longwood|W|91|66|29|56|.518|6|15|.400|27|39|.692|11|39|21|8|2|14|16||25|56|.446|5|19|.263|11|19|.579|7|29|12|6|2|17|28
5|5|2014-11-29|@|Seton Hall|L|54|58|19|47|.404|2|8|.250|14|19|.737|13|31|7|4|1|17|20||19|49|.388|2|14|.143|18|24|.750|13|29|10|9|4|14|18
6|6|2014-12-04||Maryland-Baltimore County|W|83|60|31|69|.449|5|17|.294|16|22|.727|15|37|17|12|8|9|13||21|48|.438|6|13|.462|12|15|.800|4|29|13|5|9|21|20
7|7|2014-12-07|N|Charlotte|W|78|70|29|53|.547|5|10|.500|15|20|.750|8|33|17|5|8|14|15||28|71|.394|8|19|.421|6|10|.600|18|36|15|10|4|14|20
8|8|2014-12-11||DePaul|W|81|68|32|56|.571|3|5|.600|14|27|.519|10|32|8|10|4|14|16||26|53|.491|8|23|.348|8|14|.571|5|26|11|9|5|19|24
9|9|2014-12-14|@|Penn State|L|51|64|18|53|.340|0|8|.000|15|23|.652|13|32|8|4|6|11|13||24|62|.387|7|24|.292|9|9|1.000|15|38|11|7|11|10|20
10|10|2014-12-22|N|Ohio|W|77|49|30|63|.476|5|16|.313|12|18|.667|14|43|7|5|3|8|10||21|56|.375|6|21|.286|1|3|.333|7|25|7|2|4|14|16
11|11|2014-12-23|N|Colorado|W|53|50|17|44|.386|1|8|.125|18|25|.720|13|31|6|8|2|13|17||19|52|.365|1|12|.083|11|17|.647|12|29|5|5|1|14|18
12|12|2014-12-25|N|Wichita State|W|60|54|24|47|.511|9|15|.600|3|6|.500|2|25|12|6|5|14|8||21|61|.344|11|27|.407|1|2|.500|11|30|14|7|4|10|11
13|13|2014-12-30||Virginia Military Institute|W|80|60|30|66|.455|1|7|.143|19|30|.633|10|44|12|5|6|10|14||21|71|.296|8|36|.222|10|14|.714|14|42|12|5|8|16|26
14|14|2015-01-03|@|Saint Joseph's|W|64|60|22|54|.407|6|18|.333|14|24|.583|14|41|17|3|6|11|16||23|55|.418|5|17|.294|9|16|.563|8|30|15|7|2|8|21
15|15|2015-01-06||Saint Louis|W|75|72|24|49|.490|4|12|.333|23|34|.676|12|30|8|8|3|8|14||28|51|.549|11|20|.550|5|7|.714|5|25|13|2|1|11|25
16|16|2015-01-10|@|La Salle|L|50|63|15|38|.395|5|11|.455|15|21|.714|9|25|7|7|2|19|14||21|47|.447|6|14|.429|15|20|.750|10|24|13|10|5|14|20
17|17|2015-01-15||Richmond|W (2 OT)|73|70|23|55|.418|3|15|.200|24|29|.828|11|37|7|5|3|14|17||23|55|.418|9|22|.409|15|19|.789|2|21|13|10|3|10|26
18|18|2015-01-17||George Mason|W|63|53|17|48|.354|6|17|.353|23|31|.742|7|30|9|4|5|10|15||21|58|.362|5|14|.357|6|12|.500|11|34|8|5|3|13|25
19|19|2015-01-22|@|Fordham|W|79|59|27|48|.563|4|10|.400|21|29|.724|8|35|15|5|5|12|14||22|61|.361|5|19|.263|10|14|.714|12|28|11|5|1|8|24
20|20|2015-01-24||Duquesne|W|74|59|25|52|.481|12|24|.500|12|18|.667|13|32|17|3|4|11|16||22|50|.440|5|15|.333|10|16|.625|8|22|9|7|1|9|16
21|21|2015-01-27|@|Virginia Commonwealth|L|48|72|14|52|.269|1|17|.059|19|28|.679|15|34|3|5|3|14|18||26|62|.419|5|22|.227|15|20|.750|16|46|9|12|2|8|21
22|22|2015-01-31|@|Rhode Island|L|55|59|21|49|.429|4|11|.364|9|17|.529|13|33|14|6|5|20|20||19|51|.373|1|14|.071|20|22|.909|11|29|10|12|7|13|19
23|23|2015-02-06||Dayton|W (1 OT)|65|64|22|49|.449|5|16|.313|16|25|.640|9|31|10|8|3|14|20||20|49|.408|5|17|.294|19|23|.826|6|27|7|8|5|14|21
24|24|2015-02-11|@|Duquesne|L|62|78|23|72|.319|7|25|.280|9|16|.563|22|39|10|2|0|6|15||29|57|.509|10|21|.476|10|19|.526|13|40|18|3|4|7|17
25|25|2015-02-14||Virginia Commonwealth|L|66|79|23|52|.442|7|20|.350|13|18|.722|9|32|14|6|2|16|20||26|57|.456|12|30|.400|15|23|.652|12|32|11|9|2|9|17
26|26|2015-02-18||Davidson|L|63|65|22|60|.367|8|29|.276|11|16|.688|14|36|14|3|4|12|15||27|66|.409|8|33|.242|3|6|.500|14|36|11|7|4|8|16
