ranker|game_season|date_game|game_location|opp_id|game_result|pts|opp_pts|fg|fga|fg_pct|fg3|fg3a|fg3_pct|ft|fta|ft_pct|orb|trb|ast|stl|blk|tov|pf|x|opp_fg|opp_fga|opp_fg_pct|opp_fg3|opp_fg3a|opp_fg3_pct|opp_ft|opp_fta|opp_ft_pct|opp_orb|opp_trb|opp_ast|opp_stl|opp_blk|opp_tov|opp_pf|
1|1|2014-11-14||Georgia|W|80|73|28|63|.444|7|19|.368|17|27|.630|14|39|13|7|5|12|18||26|62|.419|5|20|.250|16|21|.762|9|31|16|7|5|12|23
2|2|2014-11-18||Alabama A&M|W|66|46|24|56|.429|3|16|.188|15|27|.556|19|42|9|11|2|14|17||17|47|.362|7|26|.269|5|12|.417|7|21|8|5|4|20|22
3|3|2014-11-21||IPFW|W|78|69|31|59|.525|5|13|.385|11|25|.440|12|40|15|4|3|12|21||24|55|.436|7|18|.389|14|28|.500|6|24|14|4|2|9|19
4|4|2014-11-27|N|Marquette|L|70|72|28|63|.444|7|24|.292|7|11|.636|16|40|13|4|3|16|23||20|47|.426|9|22|.409|23|32|.719|7|25|7|10|2|13|17
5|5|2014-11-28|N|Rider|W|61|54|22|58|.379|2|15|.133|15|20|.750|16|41|5|5|3|12|15||21|51|.412|3|19|.158|9|14|.643|2|22|9|8|2|8|18
6|6|2014-11-30|N|Rhode Island|W|64|61|19|42|.452|5|9|.556|21|31|.677|7|28|9|8|2|18|20||22|50|.440|3|16|.188|14|18|.778|4|23|11|7|2|16|25
7|7|2014-12-03|@|Northwestern|W|66|58|25|55|.455|2|9|.222|14|18|.778|6|31|15|4|6|10|16||23|55|.418|4|23|.174|8|14|.571|8|30|14|3|6|12|22
8|8|2014-12-06||South Carolina Upstate|L|54|59|20|54|.370|3|21|.143|11|20|.550|13|41|12|5|6|17|16||16|53|.302|10|26|.385|17|22|.773|7|27|11|10|3|11|23
9|9|2014-12-15||Appalachian State|W|70|57|25|56|.446|2|15|.133|18|29|.621|8|29|14|3|3|11|15||23|49|.469|3|14|.214|8|8|1.000|3|26|10|3|3|16|25
10|10|2014-12-20||Vanderbilt|W|65|60|26|67|.388|4|22|.182|9|13|.692|17|35|14|6|2|7|18||21|45|.467|3|15|.200|15|20|.750|7|27|13|3|6|13|16
11|11|2014-12-23|@|Dayton|L|61|75|25|63|.397|4|20|.200|7|10|.700|11|34|12|1|6|13|20||21|46|.457|10|18|.556|23|31|.742|2|25|15|8|3|6|11
12|12|2014-12-30||Charlotte|W|67|66|25|59|.424|3|19|.158|14|16|.875|12|30|13|6|4|13|14||27|59|.458|1|13|.077|11|12|.917|11|24|12|8|3|11|14
13|13|2015-01-03|@|Notre Dame|L (2 OT)|76|83|30|73|.411|5|16|.313|11|13|.846|18|40|12|11|0|15|17||32|60|.533|4|19|.211|15|21|.714|4|29|15|6|4|13|14
14|14|2015-01-07||Syracuse|L|45|46|15|57|.263|3|17|.176|12|15|.800|15|38|9|6|4|14|12||18|52|.346|4|9|.444|6|10|.600|8|30|13|7|5|12|13
15|15|2015-01-10|@|Wake Forest|L|69|76|28|61|.459|5|14|.357|8|17|.471|10|25|13|8|4|12|24||25|51|.490|7|19|.368|19|31|.613|12|38|13|7|5|17|15
16|16|2015-01-14||Notre Dame|L|59|62|21|51|.412|5|10|.500|12|15|.800|11|31|14|6|4|9|16||20|46|.435|7|17|.412|15|19|.789|4|24|16|5|1|9|16
17|17|2015-01-17|@|Pittsburgh|L|65|70|21|53|.396|6|14|.429|17|20|.850|14|36|14|3|2|15|21||24|55|.436|2|11|.182|20|26|.769|10|25|17|7|3|6|18
18|18|2015-01-22|@|Virginia|L|28|57|12|49|.245|0|12|.000|4|8|.500|8|29|2|3|3|10|8||24|53|.453|5|9|.556|4|6|.667|6|33|13|4|3|4|12
19|19|2015-01-25||Boston College|L|62|64|21|55|.382|8|23|.348|12|18|.667|13|34|10|5|7|12|18||23|50|.460|9|20|.450|9|13|.692|5|24|11|6|2|12|19
20|20|2015-01-28|@|Miami (FL)|W|70|50|25|44|.568|2|10|.200|18|22|.818|3|31|10|7|2|10|15||19|55|.345|6|26|.231|6|9|.667|8|25|9|4|1|11|18
21|21|2015-01-31||North Carolina State|L (1 OT)|80|81|29|73|.397|5|17|.294|17|21|.810|20|47|14|5|1|11|16||30|62|.484|10|22|.455|11|19|.579|5|24|19|5|5|8|20
22|22|2015-02-04|@|Duke|L|66|72|26|56|.464|8|11|.727|6|12|.500|7|29|11|7|3|14|20||26|57|.456|5|18|.278|15|24|.625|12|36|13|9|4|9|16
23|23|2015-02-07||Wake Forest|W|73|59|27|59|.458|9|20|.450|10|17|.588|7|38|15|4|6|10|17||19|64|.297|7|26|.269|14|17|.824|11|31|12|4|4|9|14
24|24|2015-02-09|@|Virginia Tech|L|63|65|23|61|.377|4|19|.211|13|19|.684|16|36|8|4|3|12|18||25|48|.521|5|12|.417|10|17|.588|2|21|11|6|4|13|19
25|25|2015-02-14||Florida State|L|53|57|21|59|.356|3|15|.200|8|14|.571|8|30|16|8|3|10|14||22|48|.458|4|12|.333|9|12|.750|6|35|13|4|9|18|16
26|26|2015-02-16||Clemson|W|63|52|25|54|.463|4|11|.364|9|16|.563|11|35|15|7|4|14|13||20|55|.364|4|15|.267|8|12|.667|8|27|7|9|5|14|16
27|27|2015-02-21|@|North Carolina|L|60|89|23|60|.383|6|16|.375|8|17|.471|8|24|13|6|3|11|10||38|61|.623|5|9|.556|8|11|.727|5|32|26|11|5|8|13
28|28|2015-02-23||Louisville|L|51|52|23|56|.411|1|11|.091|4|10|.400|11|40|12|4|6|14|17||20|54|.370|5|16|.313|7|17|.412|10|31|8|9|3|13|10
29|29|2015-02-28|@|Clemson|L (1 OT)|63|70|21|63|.333|6|22|.273|15|25|.600|18|36|10|9|1|13|21||22|43|.512|4|12|.333|22|27|.815|6|32|9|8|8|17|23
30|30|2015-03-03||North Carolina|L|49|81|19|58|.328|1|16|.063|10|19|.526|15|35|8|6|2|16|11||34|64|.531|6|18|.333|7|11|.636|10|35|17|11|8|11|18
31|31|2015-03-10|N|Boston College|L|65|66|26|63|.413|3|15|.200|10|15|.667|19|43|12|4|1|8|15||21|47|.447|8|20|.400|16|21|.762|4|24|11|4|2|8|14
