ranker|game_season|date_game|game_location|opp_id|game_result|pts|opp_pts|fg|fga|fg_pct|fg3|fg3a|fg3_pct|ft|fta|ft_pct|orb|trb|ast|stl|blk|tov|pf|x|opp_fg|opp_fga|opp_fg_pct|opp_fg3|opp_fg3a|opp_fg3_pct|opp_ft|opp_fta|opp_ft_pct|opp_orb|opp_trb|opp_ast|opp_stl|opp_blk|opp_tov|opp_pf|
1|1|2014-11-14|@|George Washington|L|40|92|15|53|.283|2|10|.200|8|16|.500|9|22|5|7|3|16|22||35|63|.556|6|20|.300|16|24|.667|16|47|18|10|7|11|14
2|2|2014-11-18||Lyon|W|55|49|17|40|.425|0|7|.000|21|31|.677|8|27|10|5|3|7|12||13|35|.371|9|19|.474|14|16|.875|2|21|9|3|1|12|26
3|3|2014-11-20|@|Purdue|L|30|82|11|41|.268|4|15|.267|4|12|.333|4|23|4|1|0|24|19||31|63|.492|9|25|.360|11|17|.647|15|40|24|11|3|13|16
4|4|2014-11-24|@|Ball State|L|46|88|20|46|.435|1|8|.125|5|12|.417|4|21|9|5|0|18|18||30|55|.545|14|28|.500|14|21|.667|9|33|23|9|0|10|15
5|5|2014-11-26|@|Notre Dame|L|54|81|20|54|.370|3|10|.300|11|15|.733|9|27|5|6|0|5|15||28|45|.622|12|27|.444|13|18|.722|3|27|21|2|7|7|9
6|6|2014-12-03|@|Air Force|L|34|59|13|45|.289|1|8|.125|7|11|.636|9|24|9|5|1|11|21||20|53|.377|5|24|.208|14|25|.560|21|43|13|7|3|9|16
7|7|2014-12-06||Selma University|W|74|64|23|55|.418|8|17|.471|20|30|.667|12|38|12|6|3|12|20||23|61|.377|7|20|.350|11|20|.550|7|30|11|8|0|14|23
8|8|2014-12-15|@|Oregon State|L|43|71|9|32|.281|2|8|.250|23|28|.821|6|22|6|10|1|25|25||22|45|.489|8|19|.421|19|31|.613|9|29|18|19|3|14|21
9|9|2014-12-17|@|Washington|L|38|86|14|60|.233|4|14|.286|6|10|.600|6|26|5|6|0|17|18||32|63|.508|6|24|.250|16|26|.615|12|48|24|8|10|10|11
10|10|2014-12-22|@|Texas Christian|L|39|80|11|46|.239|3|5|.600|14|26|.538|7|28|7|5|1|21|24||28|58|.483|9|19|.474|15|25|.600|12|41|18|11|10|15|20
11|11|2015-01-03|@|Alabama State|L|50|71|17|53|.321|3|19|.158|13|20|.650|10|38|7|7|1|18|18||29|62|.468|4|17|.235|9|20|.450|10|35|14|8|6|10|14
12|12|2015-01-05|@|Alabama A&M|L|46|67|17|47|.362|2|8|.250|10|17|.588|12|25|6|3|0|14|19||24|49|.490|5|17|.294|14|18|.778|8|28|17|5|1|9|18
13|13|2015-01-10||Southern|L|53|59|16|48|.333|2|12|.167|19|26|.731|8|34|6|1|2|17|15||22|58|.379|3|16|.188|12|18|.667|4|23|1|9|2|5|17
14|14|2015-01-12||Alcorn State|L|70|72|24|55|.436|5|13|.385|17|22|.773|8|32|8|8|0|13|22||26|56|.464|4|16|.250|16|25|.640|7|28|8|12|1|14|19
15|15|2015-01-17|@|Texas Southern|L|51|60|18|39|.462|4|10|.400|11|14|.786|2|29|10|3|2|19|22||18|51|.353|8|24|.333|16|23|.696|7|26|13|7|1|8|13
16|16|2015-01-19|@|Prairie View|L|60|74|20|43|.465|7|15|.467|13|21|.619|6|30|9|5|3|23|17||28|61|.459|4|21|.190|14|24|.583|14|31|15|9|2|11|15
17|17|2015-01-24||Jackson State|L|63|74|19|52|.365|4|20|.200|21|30|.700|13|36|7|4|2|11|21||23|58|.397|8|26|.308|20|29|.690|16|40|7|5|1|12|20
18|18|2015-01-31||Arkansas-Pine Bluff|L|53|65|15|29|.517|4|10|.400|19|29|.655|6|31|9|5|2|21|21||23|55|.418|3|15|.200|16|24|.667|7|23|13|16|3|9|20
19|19|2015-02-02||Mississippi Valley State|L|65|68|22|65|.338|9|25|.360|12|18|.667|13|30|11|9|1|10|19||27|57|.474|2|15|.133|12|16|.750|8|33|12|7|2|16|14
20|20|2015-02-07|@|Southern|L|50|58|17|52|.327|6|21|.286|10|14|.714|11|35|8|6|5|22|21||22|63|.349|5|19|.263|9|21|.429|17|38|8|7|1|15|15
21|21|2015-02-09|@|Alcorn State|L|77|91|26|63|.413|7|16|.438|18|28|.643|10|27|7|5|1|10|21||29|54|.537|10|20|.500|23|31|.742|7|31|10|4|2|15|19
22|22|2015-02-14||Texas Southern|L|58|81|19|47|.404|1|8|.125|19|28|.679|8|28|8|2|0|12|25||26|55|.473|8|20|.400|21|30|.700|12|34|11|6|2|3|20
23|23|2015-02-16||Prairie View|L|44|95|13|46|.283|1|9|.111|17|29|.586|10|31|7|7|2|31|18||38|72|.528|7|15|.467|12|22|.545|13|39|20|17|6|16|24
24|24|2015-02-21|@|Jackson State|L|33|72|13|44|.295|4|14|.286|3|6|.500|7|25|3|5|3|18|12||29|60|.483|6|19|.316|8|11|.727|12|35|17|7|4|9|11
25|25|2015-02-28|@|Arkansas-Pine Bluff|L|57|66|19|46|.413|3|10|.300|16|24|.667|10|30|10|8|4|18|18||24|50|.480|8|21|.381|10|18|.556|6|23|13|10|4|13|17
26|26|2015-03-02|@|Mississippi Valley State|L|62|66|23|59|.390|8|15|.533|8|14|.571|11|38|10|3|2|16|20||25|59|.424|3|20|.150|13|27|.481|11|38|12|6|1|11|15
27|27|2015-03-05||Alabama State|L|46|78|17|55|.309|0|11|.000|12|18|.667|10|34|5|6|0|10|12||31|60|.517|7|23|.304|9|14|.643|5|32|25|5|6|7|13
28|28|2015-03-07||Alabama A&M|L|66|70|26|58|.448|4|20|.200|10|16|.625|10|31|15|5|10|13|17||24|63|.381|5|12|.417|17|25|.680|16|36|16|9|2|11|13
29|29|2015-03-10|N|Alcorn State|L|52|66|18|44|.409|3|8|.375|13|19|.684|7|24|7|6|0|15|17||27|58|.466|3|15|.200|9|16|.563|13|34|13|10|6|9|15
