ranker|school_name|year_min|year_max|years|g|wins|losses|win_loss_pct|srs|sos|poll_final|conf_champ_count|conf_champ_post_count|ncaa_count|ncaa_final_four_count|ncaa_champ_count|
1|Abilene Christian Wildcats|1971|2015|5|131|58|73|.443|-17.70|-4.75|0|0|0|0|0|0
2|Air Force Falcons|1958|2015|57|1537|675|862|.439|-1.93|2.17|0|1|0|4|0|0
3|Akron Zips|1902|2015|64|1417|830|587|.586|-0.60|-1.58|0|8|4|4|0|0
4|Alabama A&M Bulldogs|2000|2015|16|452|201|251|.445|-15.84|-11.77|0|1|1|1|0|0
5|Alabama Crimson Tide|1913|2015|102|2580|1599|980|.620|11.53|7.00|15|10|7|20|0|0
6|Alabama State Hornets|1983|2015|33|964|485|479|.503|-12.39|-10.18|0|4|4|4|0|0
7|Alabama-Birmingham Blazers|1980|2015|36|1144|711|433|.622|7.04|3.23|2|6|4|14|0|0
8|Albany (NY) Great Danes|2000|2015|16|487|227|260|.466|-7.79|-6.08|0|1|3|4|0|0
9|Alcorn State Braves|1978|2015|38|1113|482|631|.433|-13.99|-8.86|0|10|6|6|0|0
10|Allegheny Gators|1896|1916|21|234|191|41|.823|||0|0|0|||
11|Alliant International Gulls|1982|1991|10|279|69|210|.247|-18.06|-5.34|0|0|0|0|0|0
12|American Eagles|1967|2015|49|1376|695|681|.505|-4.71|-3.39|0|7|3|3|0|0
13|Amherst Lord Jeffs|1901|1902|2|12|12|0|1.000|||0|0|0|||
14|Appalachian State Mountaineers|1974|2015|42|1220|610|610|.500|-5.64|-3.60|0|10|2|2|0|0
15|Arizona State Sun Devils|1912|2015|100|2400|1271|1129|.530|8.00|6.69|7|8|0|14|0|0
16|Arizona Wildcats|1905|2015|108|2571|1674|896|.651|16.14|8.22|23|21|4|31|4|1
17|Arkansas Razorbacks|1924|2015|92|2496|1599|897|.641|12.64|5.70|15|26|7|29|6|1
18|Arkansas State Red Wolves|1971|2015|45|1287|670|617|.521|-2.18|-2.15|0|7|1|1|0|0
19|Arkansas-Little Rock Trojans|1979|2015|37|1094|611|483|.559|-2.97|-3.54|0|11|4|4|0|0
20|Arkansas-Pine Bluff Golden Lions|1999|2015|17|500|150|350|.300|-19.80|-8.59|0|0|1|1|0|0
21|Armstrong Pirates|1987|1987|1|28|6|22|.214|-21.60|-4.78|0|0|0|0|0|0
22|Army Black Knights|1903|2015|113|2355|1176|1179|.499|-13.40|-5.86|0|0|0|0|0|0
23|Auburn Tigers|1906|2015|109|2422|1276|1145|.527|7.59|6.55|5|3|1|8|0|0
24|Augusta State Jaguars|1985|1991|7|197|64|133|.325|-17.30|-8.00|0|0|0|0|0|0
25|Augustana (IL) Vikings|1902|1917|12|116|81|35|.698|||0|0|0|||
26|Austin Peay Governors|1964|2015|52|1470|732|738|.498|-5.14|-3.30|1|8|4|6|0|0
27|Baker University Wildcats|1903|1908|6|90|62|28|.689|||0|0|0|||
28|Baldwin-Wallace Yellow Jackets|1948|1953|6|139|82|57|.590|||0|0|0|0|0|0
29|Ball State Cardinals|1972|2015|44|1272|673|599|.529|0.18|-0.30|1|9|7|7|0|0
30|Baltimore Super Bees|1979|1983|5|133|46|87|.346|-11.98|-6.71|0|0|0|0|0|0
31|Baylor Bears|1907|2015|109|2579|1258|1321|.488|3.89|4.35|3|5|0|8|2|0
32|Belmont Bruins|2000|2015|16|500|315|185|.630|-0.07|-3.61|0|8|6|6|0|0
33|Beloit Buccaneers|1911|1924|8|95|66|28|.702|||0|0|0|||
34|Bethune-Cookman Wildcats|1981|2015|35|1022|359|663|.351|-17.03|-9.88|0|1|0|0|0|0
35|Binghamton Bearcats|2002|2015|14|416|153|263|.368|-10.57|-5.45|0|1|1|1|0|0
36|Birmingham-Southern Panthers|1920|2006|5|105|65|40|.619|-5.44|-8.71|0|1|0|0|0|0
37|Bloomsburg Huskies|1896|1911|15|143|88|55|.615|||0|0|0|||
38|Boise State Broncos|1972|2015|44|1276|701|575|.549|0.85|-0.39|0|5|5|6|0|0
39|Boston College Eagles|1946|2015|70|1945|1090|855|.560|8.30|6.48|8|8|2|18|0|0
40|Boston University Terriers|1916|2015|89|1997|1024|973|.513|-3.23|-4.55|0|8|6|7|0|0
41|Bowling Green State Falcons|1916|2015|100|2431|1316|1115|.541|-0.29|-0.15|2|9|0|4|0|0
42|Bradley Braves|1903|2015|111|2733|1610|1123|.589|3.43|2.48|12|8|2|8|2|0
43|Brigham Young College |1908|1908|1|11|10|1|.909|||0|0|0|||
44|Brigham Young Cougars|1903|2015|113|2779|1733|1046|.624|9.31|4.31|10|25|3|28|0|0
45|Brooklyn Bulldogs|1934|1992|25|567|233|334|.411|-19.22|-9.63|0|0|0|0|0|0
46|Brown Bears|1901|2015|109|2451|991|1460|.404|-10.24|-5.12|0|1|0|2|0|0
47|Bryant Bulldogs|2011|2015|5|148|60|88|.405|-8.61|-4.18|0|0|0|0|0|0
48|Bucknell Bison|1896|2015|120|2538|1357|1181|.535|-4.62|-6.24|0|12|6|6|0|0
49|Buffalo Bulls|1907|2015|46|1058|510|548|.482|-5.11|-2.44|0|2|0|0|0|0
50|Butler Bulldogs|1897|2015|117|2599|1509|1090|.581|3.82|1.39|5|13|7|12|2|0
51|Cal Poly Mustangs|1995|2015|21|608|259|349|.426|-5.95|-1.72|0|1|1|1|0|0
52|Cal State Bakersfield Roadrunners|2011|2015|5|147|62|85|.422|-7.24|-3.48|0|0|0|0|0|0
53|Cal State Fullerton Titans|1975|2015|41|1179|561|618|.476|-1.90|-0.05|0|2|2|2|0|0
54|Cal State Los Angeles Golden Eagles|1971|1975|5|130|70|60|.538|||0|0|0|1|0|0
55|Cal State Northridge Matadors|1991|2015|25|736|327|409|.444|-4.75|-1.70|0|3|2|2|0|0
56|California Golden Bears|1908|2015|106|2665|1559|1106|.585|8.78|6.84|4|14|0|18|3|1
57|California-Davis Aggies|2008|2015|8|241|93|148|.386|-7.48|-2.77|0|0|0|0|0|0
58|California-Irvine Anteaters|1978|2015|38|1113|521|592|.468|-1.63|0.47|0|3|0|0|0|0
59|California-Riverside Highlanders|2002|2015|14|403|138|265|.342|-8.64|-1.66|0|0|0|0|0|0
60|California-Santa Barbara Gauchos|1964|2015|52|1454|764|690|.525|0.76|0.61|0|4|3|5|0|0
61|Campbell Fighting Camels|1978|2015|38|1074|433|641|.403|-13.19|-7.19|0|1|1|1|0|0
62|Canisius Golden Griffins|1904|2015|111|2433|1234|1199|.507|-5.00|-3.41|1|7|1|4|0|0
63|Carleton College Knights|1910|1934|25|360|280|80|.778|||0|0|0|||
64|Carnegie Mellon Tartans|1933|1939|7|87|40|47|.460|||0|2|0|0|0|0
65|Case Western Reserve Spartans|1898|1955|13|245|95|150|.388|||0|0|0|0|0|0
66|Catholic Cardinals|1913|1981|13|248|122|126|.492|-20.94|-6.16|0|0|0|1|0|0
67|Centenary (LA) Gents|1960|2011|52|1435|637|798|.444|-10.54|-4.46|1|2|1|0|0|0
68|Central Arkansas Bears|2011|2015|5|140|35|105|.250|-17.41|-5.51|0|0|0|0|0|0
69|Central Connecticut State Blue Devils|1987|2015|29|836|354|482|.423|-11.97|-7.71|0|3|3|3|0|0
70|Central Florida Knights|1985|2015|31|912|447|465|.490|-5.69|-3.67|0|1|4|4|0|0
71|Central Michigan Chippewas|1974|2015|42|1180|506|674|.429|-4.91|-0.29|0|6|2|4|0|0
72|Central Missouri Mules|1913|1937|10|178|140|38|.787|||0|0|0|||
73|Central Normal College |1931|1931|1|19|19|0|1.000|||0|0|0|||
74|Central Pennsylvania College Knights|1896|1900|4|6|2|4|.333|||0|0|0|||
75|Centre (KY) Colonels|1910|1919|3|45|41|4|.911|||0|0|0|||
76|Charleston Southern Buccaneers|1975|2015|41|1160|480|680|.414|-11.72|-7.54|0|3|4|1|0|0
77|Charlotte 49ers|1973|2015|43|1271|723|548|.569|4.30|3.49|2|6|5|11|1|0
78|Chattanooga Mocs|1978|2015|38|1156|701|455|.606|-2.14|-3.67|1|18|10|10|0|0
79|Cheyenne Business College |1903|1903|1|1|1|0|1.000|||0|0|0|||
80|Chicago Maroons|1896|1946|46|862|419|443|.486|||0|6|0|0|0|0
81|Chicago State Cougars|1985|2015|31|889|251|638|.282|-14.44|-2.49|0|1|1|0|0|0
82|Cincinnati Bearcats|1902|2015|114|2669|1689|980|.633|11.59|6.24|22|23|10|28|6|2
83|Citadel Bulldogs|1913|2015|103|2230|950|1280|.426|-10.88|-4.25|0|0|0|0|0|0
84|City College of New York Beavers|1906|1953|48|725|517|208|.713|||0|1|0|2|2|1
85|Clemson Tigers|1912|2015|104|2498|1251|1245|.501|10.51|6.93|5|1|1|11|0|0
86|Cleveland State Vikings|1973|2015|43|1242|638|604|.514|-1.35|-1.27|0|4|2|2|0|0
87|Coastal Carolina Chanticleers|1987|2015|29|846|427|419|.505|-9.18|-6.97|0|7|4|3|0|0
88|Colgate Raiders|1901|2015|115|2547|1211|1336|.475|-11.27|-6.02|0|3|2|2|0|0
89|College of Charleston Cougars|1992|2015|24|739|516|223|.698|0.94|-4.71|2|12|3|4|0|0
90|College of New Jersey Lions|1900|1900|1|5|3|2|.600|||0|0|0|||
91|Colorado Buffaloes|1902|2015|112|2384|1232|1152|.517|5.71|7.05|5|19|1|13|2|0
92|Colorado College Tigers|1915|1937|23|376|233|143|.620|||0|7|0|||
93|Colorado School of Mines Orediggers|1908|1937|28|282|80|202|.284|||0|2|0|||
94|Colorado State Rams|1902|2015|111|2397|1196|1201|.499|3.39|3.39|0|6|1|10|0|0
95|Columbia Lions|1901|2015|115|2495|1246|1249|.499|-10.04|-5.63|2|13|0|3|0|0
96|Concordia Seminary Preachers|1907|1923|2|16|14|2|.875|||0|0|0|||
97|Connecticut Huskies|1901|2015|109|2468|1579|889|.640|13.60|6.45|16|27|7|31|5|4
98|Coppin State Eagles|1986|2015|30|899|445|454|.495|-9.57|-8.34|0|10|4|4|0|0
99|Cornell Big Red|1899|2015|117|2581|1216|1365|.471|-8.40|-5.01|0|8|0|5|0|0
100|Cotner University |1910|1911|2|27|24|3|.889|||0|0|0|||
101|Creighton Bluejays|1912|2015|95|2438|1474|964|.605|5.33|3.26|4|15|12|19|0|0
102|Cumberland University Bulldogs|1904|1904|1|4|4|0|1.000|||0|0|0|||
103|Dakota Wesleyan Tigers|1932|1932|1|20|19|1|.950|||0|0|0|||
104|Dartmouth Big Green|1900|2015|115|2713|1267|1444|.467|-11.67|-6.47|0|12|0|7|2|0
105|Davidson Wildcats|1909|2015|106|2539|1373|1166|.541|-1.29|-2.75|6|23|12|12|0|0
106|Dayton Flyers|1904|2015|110|2622|1553|1069|.592|5.16|3.17|7|4|2|15|1|0
107|Delaware Fightin' Blue Hens|1906|2015|74|1755|877|877|.500|-5.27|-4.48|0|4|5|5|0|0
108|Delaware State Hornets|1974|2015|42|1191|497|694|.417|-15.09|-9.91|0|3|1|1|0|0
109|Denison Big Red|1905|1944|24|362|269|93|.743|||0|0|0|0|0|0
110|Denver Pioneers|1904|2015|92|1948|884|1064|.454|-3.45|-2.23|0|5|0|0|0|0
111|DePaul Blue Demons|1924|2015|92|2356|1419|937|.602|7.79|6.15|12|9|0|22|2|0
112|DePauw Tigers|1916|1932|17|276|182|94|.659|||0|0|0|||
113|Detroit Mercy Titans|1910|2015|106|2520|1370|1150|.544|-0.09|0.71|2|2|3|6|0|0
114|Dickinson College Red Devils|1926|1947|2|34|30|4|.882|||0|0|0|0|0|0
115|Drake Bulldogs|1907|2015|109|2589|1187|1402|.458|-0.27|2.52|5|8|1|4|1|0
116|Drexel Dragons|1895|2015|45|1222|702|520|.574|-2.17|-4.11|0|7|4|4|0|0
117|Duke Blue Devils|1906|2015|110|2902|2050|852|.706|20.81|9.06|43|22|24|38|15|4
118|Duquesne Dukes|1914|2015|99|2389|1336|1053|.559|-0.87|2.25|7|3|1|5|1|0
119|East Carolina Pirates|1967|2015|49|1380|614|766|.445|-4.03|-0.50|0|0|2|2|0|0
120|East Central Tigers|1929|1931|3|74|66|8|.892|||0|0|0|||
121|East Tennessee State Buccaneers|1959|2015|57|1599|847|752|.530|-3.78|-3.36|1|9|8|9|0|0
122|Eastern Illinois Panthers|1982|2015|34|986|456|530|.462|-7.28|-4.26|0|0|3|2|0|0
123|Eastern Kentucky Colonels|1948|2015|65|1721|850|871|.494|-6.63|-4.04|0|7|5|8|0|0
124|Eastern Michigan Eagles|1933|2015|43|1246|583|663|.468|-2.37|-0.34|0|5|4|4|0|0
125|Eastern Washington Eagles|1984|2015|32|905|366|539|.404|-6.74|-1.98|0|2|1|1|0|0
126|Elon Phoenix|2000|2015|16|484|202|282|.417|-9.49|-4.32|0|2|0|0|0|0
127|Emporia State Hornets|1934|1934|1|18|17|1|.944|||0|0|0|||
128|Evansville Purple Aces|1925|2015|42|1165|633|532|.543|1.85|0.99|0|6|4|5|0|0
129|Fairfield Stags|1965|2015|51|1440|705|735|.490|-4.77|-2.60|0|3|3|3|0|0
130|Fairleigh Dickinson Knights|1968|2015|48|1331|642|689|.482|-9.28|-7.03|0|5|4|4|0|0
131|Florida A&M Rattlers|1980|2015|36|1057|417|640|.395|-15.61|-9.01|0|0|4|3|0|0
132|Florida Atlantic Owls|1994|2015|22|639|232|407|.363|-9.92|-3.78|0|1|1|1|0|0
133|Florida Gators|1921|2015|94|2399|1340|1058|.559|13.32|7.81|13|9|4|19|5|2
134|Florida Gulf Coast Eagles|2011|2015|5|160|92|68|.575|-2.26|-3.25|0|1|1|1|0|0
135|Florida International Panthers|1988|2015|28|815|321|494|.394|-8.70|-3.42|0|1|1|1|0|0
136|Florida State Seminoles|1957|2015|59|1714|1002|712|.585|9.65|7.37|8|2|2|14|1|0
137|Fordham Rams|1903|2015|111|2771|1465|1306|.529|-3.57|0.19|1|4|4|4|0|0
138|Franklin Grizzlies|1907|1925|18|221|144|77|.652|||0|0|0|||
139|Fresno State Bulldogs|1956|2015|48|1431|794|637|.555|4.23|2.59|1|6|4|5|0|0
140|Furman Paladins|1920|2015|94|2346|1148|1198|.489|-7.17|-3.77|0|5|6|6|0|0
141|Gardner-Webb Runnin' Bulldogs|2003|2015|13|397|173|224|.436|-9.08|-4.65|0|1|0|0|0|0
142|Geneva Golden Tornadoes|1893|1943|10|125|80|45|.640|||0|0|0|0|0|0
143|George Mason Patriots|1979|2015|37|1099|598|501|.544|-1.06|-1.70|0|4|4|6|1|0
144|George Washington Colonials|1913|2015|98|2352|1272|1080|.541|3.20|2.26|3|7|5|11|0|0
145|Georgetown Hoyas|1907|2015|107|2589|1604|985|.620|14.41|7.35|19|11|7|29|5|1
146|Georgia Bulldogs|1906|2015|110|2595|1350|1245|.520|10.43|7.74|5|3|3|11|1|0
147|Georgia Southern Eagles|1972|2015|44|1261|636|625|.504|-7.10|-5.27|0|7|3|3|0|0
148|Georgia State Panthers|1974|2015|42|1205|501|704|.416|-7.38|-4.21|0|5|2|2|0|0
149|Georgia Tech Yellow Jackets|1920|2015|96|2453|1297|1156|.529|10.60|8.82|8|3|4|16|2|0
150|Gettysburg Bullets|1901|1973|41|724|385|339|.532|||0|0|0|0|0|0
151|Gonzaga Bulldogs|1944|2015|64|1845|1166|679|.632|7.84|1.24|8|19|13|17|0|0
152|Grambling Tigers|1978|2015|38|1061|387|674|.365|-18.07|-9.34|0|2|0|0|0|0
153|Grand Canyon Antelopes|2014|2015|2|56|30|26|.536|-5.97|-4.06|0|0|0|0|0|0
154|Green Bay Phoenix|1982|2015|34|1014|561|453|.553|-0.03|-1.00|0|4|3|4|0|0
155|Grinnell Pioneers|1901|1939|38|550|280|270|.509|||0|0|0|0|0|0
156|Grove City Wolverines|1899|1925|27|383|257|126|.671|||0|0|0|||
157|Hamline Pipers|1945|1948|4|102|82|20|.804|||0|0|0|0|0|0
158|Hampton Pirates|1996|2015|20|600|314|286|.523|-8.94|-9.13|0|2|4|4|0|0
159|Hardin-Simmons Cowboys|1923|1990|45|1149|481|668|.419|-11.53|-4.81|0|1|0|2|0|0
160|Hartford Hawks|1985|2015|31|903|379|524|.420|-8.93|-5.38|0|0|0|0|0|0
161|Harvard Crimson|1901|2015|104|2354|1079|1275|.458|-7.78|-5.75|0|4|0|4|0|0
162|Haskell Indian Nations Institute Fighting Indians|1903|1908|2|39|27|12|.692|||0|0|0|||
163|Hawaii Warriors|1971|2015|45|1306|677|629|.518|2.54|2.57|1|2|3|4|0|0
164|High Point Panthers|2000|2015|16|477|226|251|.474|-9.74|-6.47|0|2|0|0|0|0
165|Hiram Terriers|1894|1904|8|59|45|14|.763|||0|0|0|||
166|Hofstra Pride|1943|2015|50|1425|714|711|.501|-5.32|-4.49|0|6|5|4|0|0
167|Holy Cross Crusaders|1901|2015|95|2270|1351|919|.595|-4.40|-5.04|6|7|6|12|2|1
168|Hope Flying Dutchmen|1908|1913|5|65|44|21|.677|||0|0|0|||
169|Houston Baptist Huskies|1974|2015|21|589|250|339|.424|-9.25|-6.27|0|2|1|1|0|0
170|Houston Cougars|1951|2015|65|1896|1117|779|.589|4.37|3.14|7|5|6|19|5|0
171|Howard Bison|1974|2015|42|1178|464|714|.394|-15.11|-9.50|0|4|3|2|0|0
172|Idaho State Bengals|1959|2015|57|1560|698|862|.447|-7.16|-1.99|0|4|2|5|0|0
173|Idaho Vandals|1906|2015|110|2710|1275|1433|.471|-2.29|-0.78|1|7|4|4|0|0
174|Illinois Fighting Illini|1906|2015|110|2661|1725|936|.648|15.86|8.74|26|17|2|30|5|0
175|Illinois State Redbirds|1899|2015|56|1401|842|559|.601|4.04|2.18|0|5|4|6|0|0
176|Illinois Wesleyan Titans|1928|1928|1|14|13|1|.929|||0|0|0|||
177|Illinois-Chicago Flames|1982|2015|34|1014|493|521|.486|-2.35|-0.88|0|2|2|3|0|0
178|Incarnate Word Cardinals|2014|2015|2|49|36|13|.735|-6.45|-8.33|0|0|0|0|0|0
179|Indiana Hoosiers|1901|2015|115|2743|1751|992|.638|15.93|9.43|27|21|0|37|8|5
180|Indiana State Sycamores|1900|2015|93|2040|1060|980|.520|-0.80|2.42|1|2|3|4|1|0
181|Iona Gaels|1954|2015|62|1677|937|740|.559|-0.53|-2.47|1|9|7|10|0|0
182|Iowa Hawkeyes|1893|2015|118|2683|1568|1114|.585|13.35|8.12|17|8|2|23|3|0
183|Iowa State Cyclones|1908|2015|108|2552|1285|1267|.504|9.39|7.18|6|6|3|16|1|0
184|IPFW Mastodons|2003|2015|13|389|166|223|.427|-7.41|-2.12|0|0|0|0|0|0
185|IUPUI Jaguars|1999|2015|17|522|256|266|.490|-4.28|-2.56|0|1|1|1|0|0
186|Jackson State Tigers|1978|2015|38|1126|532|594|.472|-11.15|-8.52|0|7|4|3|0|0
187|Jacksonville Dolphins|1967|2015|49|1395|688|707|.493|-5.02|-1.92|2|3|2|5|1|0
188|Jacksonville State Gamecocks|1996|2015|20|574|232|342|.404|-10.68|-6.79|0|0|0|0|0|0
189|James Madison Dukes|1977|2015|39|1152|599|553|.520|-1.93|-1.83|0|6|3|5|0|0
190|John Carroll Blue Streaks|1948|1955|8|191|80|111|.419|||0|0|0|0|0|0
191|Kalamazoo Hornets|1908|1923|16|193|134|59|.694|||0|0|0|||
192|Kansas Jayhawks|1899|2015|117|2974|2147|827|.722|19.31|8.59|39|57|13|43|14|3
193|Kansas State Wildcats|1906|2015|110|2667|1567|1100|.588|9.77|7.40|15|18|2|28|4|0
194|Kennesaw State Owls|2010|2015|6|183|42|141|.230|-14.44|-3.43|0|0|0|0|0|0
195|Kent State Golden Flashes|1914|2015|96|2259|1099|1160|.486|1.34|0.01|0|8|5|5|0|0
196|Kentucky Wesleyan Panthers|1957|1958|2|52|30|22|.577|||0|0|0|0|0|0
197|Kentucky Wildcats|1903|2015|112|2842|2168|673|.763|19.04|9.07|47|52|29|54|16|8
198|La Salle Explorers|1932|2015|84|2234|1324|910|.593|1.99|1.19|6|9|8|12|2|1
199|Lafayette Leopards|1901|2015|105|2475|1293|1182|.522|-8.57|-5.91|0|17|2|3|0|0
200|Lake Forest Foresters|1905|1916|12|144|89|55|.618|||0|0|0|||
201|Lamar Cardinals|1970|2015|46|1319|674|645|.511|-3.42|-3.07|0|9|4|6|0|0
202|Latter Day Saints University |1903|1903|1|16|15|1|.938|||0|0|0|||
203|Lawrence Vikings|1948|1948|1|28|22|6|.786|||0|0|0|0|0|0
204|Lehigh Mountain Hawks|1902|2015|114|2392|1033|1359|.432|-9.73|-6.71|0|4|5|5|0|0
205|Lewis University Flyers|1905|1905|1|25|20|5|.800|||0|0|0|||
206|Liberty Flames|1989|2015|27|811|367|444|.453|-11.26|-7.23|0|2|3|3|0|0
207|Lipscomb Bisons|2004|2015|12|357|179|178|.501|-6.67|-4.70|0|2|0|0|0|0
208|Long Beach State 49ers|1970|2015|46|1353|747|606|.552|-0.32|1.47|5|14|5|9|0|0
209|Long Island University Blackbirds|1929|2015|70|1852|1042|808|.563|-10.99|-7.40|1|9|5|6|0|0
210|Longwood Lancers|2008|2015|8|248|84|164|.339|-16.90|-5.10|0|0|0|0|0|0
211|Louisiana State Fighting Tigers|1909|2015|107|2609|1483|1126|.568|10.16|6.87|12|11|1|20|4|0
212|Louisiana Tech Bulldogs|1974|2015|42|1238|705|533|.569|0.87|-0.75|1|9|6|5|0|0
213|Louisiana-Lafayette Ragin' Cajuns|1972|2015|44|1248|717|531|.575|0.48|-0.78|2|9|7|10|0|0
214|Louisiana-Monroe Warhawks|1974|2015|42|1211|643|568|.531|-5.51|-4.26|0|10|8|7|0|0
215|Louisville Cardinals|1912|2015|101|2629|1748|881|.665|15.45|7.82|31|23|17|40|10|3
216|Loyola (IL) Ramblers|1921|2015|94|2340|1230|1110|.526|-1.93|0.35|5|6|1|5|1|1
217|Loyola (LA) Wolfpack|1952|1972|20|499|237|262|.475|||0|0|0|2|0|0
218|Loyola (MD) Greyhounds|1908|2015|71|1607|747|860|.465|-8.94|-4.67|0|0|2|2|0|0
219|Loyola Marymount Lions|1943|2015|68|1858|805|1053|.433|-3.33|1.18|2|3|2|5|0|0
220|Macalester Scots|1896|1899|4|21|8|13|.381|||0|0|0|||
221|Maine Black Bears|1904|2015|71|1670|773|897|.463|-8.76|-5.70|0|0|0|0|0|0
222|Manchester Spartans|1926|1926|1|16|15|1|.938|||0|0|0|||
223|Manhattan Jaspers|1905|2015|109|2480|1311|1169|.529|-4.58|-3.37|0|13|4|7|0|0
224|Marietta Pioneers|1908|1920|13|175|109|66|.623|||0|0|0|||
225|Marist Red Foxes|1982|2015|34|995|460|535|.462|-6.86|-5.66|0|5|2|2|0|0
226|Marquette Golden Eagles|1917|2015|98|2499|1547|952|.619|10.41|5.27|22|5|1|31|3|1
227|Marshall Thundering Herd|1919|2015|91|2313|1320|991|.571|-0.48|-1.03|1|6|3|5|0|0
228|Maryland Terrapins|1924|2015|92|2454|1463|991|.596|13.98|8.20|21|6|4|24|2|1
229|Maryland-Baltimore County Retrievers|1987|2015|29|835|313|522|.375|-12.04|-6.77|0|2|1|1|0|0
230|Maryland-Eastern Shore Hawks|1974|2015|36|1020|293|727|.287|-20.25|-9.71|0|1|1|0|0|0
231|Massachusetts Institute of Technology Engineers|1909|1909|1|16|10|6|.625|||0|0|0|||
232|Massachusetts Minutemen|1926|2015|56|1596|891|705|.558|3.07|3.15|5|15|5|9|1|0
233|Massachusetts-Lowell River Hawks|1906|2015|3|72|38|34|.528|-12.06|-4.35|0|0|0|0|0|0
234|McNeese State Cowboys|1974|2015|42|1201|590|611|.491|-6.95|-4.11|0|6|2|2|0|0
235|Memphis Tigers|1956|2015|60|1802|1214|588|.674|12.03|5.25|16|19|11|25|3|0
236|Mercer Bears|1974|2015|42|1215|578|637|.476|-8.79|-5.35|0|3|3|3|0|0
237|Merchant Marine Academy Mariners|1946|1947|2|39|13|26|.333|||0|0|0|0|0|0
238|Miami (FL) Hurricanes|1949|2015|52|1468|832|636|.567|6.65|5.32|5|2|1|7|0|0
239|Miami (OH) RedHawks|1906|2015|110|2446|1320|1126|.540|2.64|1.30|1|18|4|17|0|0
240|Michigan State Spartans|1899|2015|116|2652|1597|1055|.602|14.73|8.84|20|13|4|28|8|2
241|Michigan Wolverines|1918|2015|98|2497|1501|996|.601|12.98|9.10|19|14|1|25|7|1
242|Middle Tennessee Blue Raiders|1959|2015|57|1592|870|722|.546|-2.35|-2.98|0|9|5|7|0|0
243|Millikin Big Blue|1910|1921|12|210|150|60|.714|||0|0|0|||
244|Millsaps Majors|1911|1921|11|116|59|57|.509|||0|0|0|||
245|Milwaukee Panthers|1974|2015|32|928|462|466|.498|-2.19|-0.73|0|5|4|4|0|0
246|Minnesota A&M Aggies|1896|1903|4|30|27|3|.900|||0|0|0|||
247|Minnesota Golden Gophers|1896|2015|120|2733|1581|1150|.579|11.28|8.22|10|9|0|12|1|0
248|Mississippi Rebels|1909|2015|105|2488|1235|1251|.497|7.51|6.62|2|5|2|7|0|0
249|Mississippi State Bulldogs|1909|2015|103|2481|1345|1136|.542|7.78|6.66|11|12|5|10|1|0
250|Mississippi Valley State Delta Devils|1980|2015|36|1042|449|593|.431|-13.05|-9.12|0|7|5|5|0|0
251|Missouri State Bears|1983|2015|33|1030|623|407|.605|4.81|1.32|0|5|3|6|0|0
252|Missouri Tigers|1907|2015|109|2672|1585|1087|.593|12.63|7.42|14|15|8|26|0|0
253|Missouri-Kansas City Kangaroos|1990|2015|26|755|321|434|.425|-6.94|-3.45|0|0|0|0|0|0
254|Monmouth Hawks|1984|2015|32|937|429|508|.458|-8.82|-6.64|0|2|4|4|0|0
255|Montana Grizzlies|1912|2015|100|2493|1342|1151|.538|0.25|-2.38|0|10|9|10|0|0
256|Montana State Bobcats|1902|2015|104|2486|1368|1118|.550|-3.70|-2.69|0|10|2|2|0|0
257|Morehead State Eagles|1956|2015|60|1637|820|817|.501|-7.54|-4.01|0|9|4|7|0|0
258|Morgan State Bears|1985|2015|31|907|332|575|.366|-15.72|-8.85|0|3|2|2|0|0
259|Morris Brown Wolverines|2002|2003|2|57|13|44|.228|-25.82|-6.03|0|0|0|0|0|0
260|Mount St. Mary's Mountaineers|1989|2015|27|787|339|448|.431|-9.25|-6.38|0|1|4|4|0|0
261|Mount Union Purple Raiders|1896|1932|37|493|314|179|.637|||0|0|0|||
262|Muhlenburg Mules|1901|1963|56|1064|579|484|.545|||0|3|0|0|0|0
263|Murray State Breds|1954|2015|62|1750|1104|646|.631|0.93|-3.85|2|24|14|15|0|0
264|Muskingum Fighting Muskies|1905|1927|3|48|44|4|.917|||0|0|0|||
265|Navy Midshipmen|1908|2015|108|2327|1325|1002|.569|-6.70|-5.39|1|8|6|11|0|0
266|Nebraska Cornhuskers|1897|2015|119|2740|1446|1294|.528|7.97|6.71|2|7|1|7|0|0
267|Nebraska Wesleyan Prairie Wolves|1906|1917|12|188|134|54|.713|||0|0|0|||
268|Nebraska-Omaha Mavericks|2013|2015|3|88|37|51|.420|-7.99|-3.80|0|0|0|0|0|0
269|Nevada Wolf Pack|1913|2015|60|1546|843|703|.545|1.42|1.21|2|9|4|6|0|0
270|Nevada-Las Vegas Rebels|1970|2015|46|1441|1030|411|.715|11.01|4.21|16|14|11|20|4|1
271|New Hampshire Wildcats|1927|2015|63|1589|531|1058|.334|-12.37|-5.49|0|1|0|0|0|0
272|New Mexico Lobos|1900|2015|109|2450|1429|1021|.583|7.82|3.45|11|12|6|15|0|0
273|New Mexico State Aggies|1905|2015|105|2470|1424|1044|.577|4.02|1.45|5|15|8|21|1|0
274|New Orleans Privateers|1976|2015|38|1099|609|490|.554|-1.41|-1.48|2|8|3|4|0|0
275|New York University Violets|1907|1971|65|1184|725|459|.612|||2|6|0|6|2|0
276|Newberry Wolves|1921|1921|1|4|2|2|.500|||0|0|0|||
277|Niagara Purple Eagles|1906|2015|109|2581|1418|1162|.550|-4.97|-3.16|2|10|2|3|0|0
278|Nicholls State Colonels|1981|2015|35|972|384|588|.395|-12.30|-5.91|0|2|2|2|0|0
279|NJIT Highlanders|2010|2015|6|178|85|93|.478|-11.61|-7.82|0|1|0|0|0|0
280|Norfolk State Spartans|1998|2015|18|540|252|288|.467|-11.74|-8.64|0|1|1|1|0|0
281|North Carolina A&T Aggies|1974|2015|42|1217|601|616|.494|-12.13|-9.43|0|11|14|10|0|0
282|North Carolina Central Eagles|2011|2015|5|153|102|51|.667|-3.45|-7.55|0|2|1|1|0|0
283|North Carolina State Wolfpack|1913|2015|103|2661|1654|1007|.622|12.03|8.07|17|13|17|25|3|2
284|North Carolina Tar Heels|1911|2015|105|2895|2132|763|.736|19.96|9.88|46|36|25|45|18|5
285|North Carolina-Asheville Bulldogs|1987|2015|29|851|401|450|.471|-10.38|-5.74|0|5|4|3|0|0
286|North Carolina-Greensboro Spartans|1992|2015|24|709|302|407|.426|-8.09|-4.63|0|4|2|2|0|0
287|North Carolina-Wilmington Seahawks|1977|2015|39|1138|584|554|.513|-2.93|-2.21|0|5|4|4|0|0
288|North Central Cardinals|1911|1922|8|115|78|37|.678|||0|0|0|||
289|North Dakota State Bison|1898|2015|36|600|431|169|.718|0.75|-3.32|0|2|2|2|0|0
290|North Dakota UND|1905|2015|22|351|227|124|.647|-9.56|-5.38|0|0|2|0|0|0
291|North Florida Ospreys|2010|2015|6|188|89|99|.473|-5.98|-2.19|0|0|0|0|0|0
292|North Texas Mean Green|1922|2015|60|1622|717|905|.442|-5.70|-1.99|0|3|3|3|0|0
293|Northeastern Huskies|1938|2015|52|1400|723|677|.516|-3.93|-3.91|0|11|7|7|0|0
294|Northeastern Illinois Golden Eagles|1991|1998|8|216|78|138|.361|-14.90|-6.67|0|0|0|0|0|0
295|Northern Arizona Lumberjacks|1919|2015|76|1768|824|944|.466|-5.74|-2.36|0|6|2|2|0|0
296|Northern Colorado Bears|1911|2015|36|598|320|278|.535|-4.02|-4.26|0|3|1|1|0|0
297|Northern Illinois Huskies|1927|2015|49|1348|599|749|.444|-4.23|-1.45|0|3|2|3|0|0
298|Northern Iowa Panthers|1981|2015|35|1044|546|498|.523|0.71|1.32|0|2|4|6|0|0
299|Northern Kentucky Norse|2013|2015|3|82|31|51|.378|-8.19|-4.38|0|0|0|0|0|0
300|Northest Missouri State Bearcats|1930|1932|3|97|89|8|.918|||0|0|0|||
301|Northwestern State Demons|1977|2015|39|1118|508|610|.454|-9.14|-5.51|0|3|3|3|0|0
302|Northwestern Wildcats|1905|2015|110|2470|1013|1456|.410|2.93|8.16|0|2|0|0|0|0
303|Notre Dame Fighting Irish|1897|2015|111|2760|1788|971|.648|10.86|6.25|23|5|0|33|1|0
304|Oakland Golden Grizzlies|2000|2015|16|507|269|238|.531|-1.44|-0.85|0|3|3|3|0|0
305|Oberlin Yeomen|1905|1921|7|82|61|21|.744|||0|0|0|||
306|Ohio Bobcats|1908|2015|108|2550|1457|1093|.571|1.42|0.13|0|10|6|13|0|0
307|Ohio State Buckeyes|1899|2015|116|2741|1680|1061|.613|13.87|8.34|21|22|5|30|11|1
308|Ohio Wesleyan Battling Bishops|1929|1935|2|40|35|5|.875|||0|0|0|||
309|Oklahoma City Chiefs|1951|1985|35|948|530|418|.559|-5.71|0.20|3|0|1|11|0|0
310|Oklahoma Sooners|1908|2015|108|2625|1601|1024|.610|14.66|7.28|17|14|7|28|4|0
311|Oklahoma State Cowboys|1908|2015|106|2698|1594|1104|.591|12.05|7.13|18|19|4|26|6|2
312|Old Dominion Monarchs|1977|2015|39|1202|724|478|.602|3.23|0.45|0|8|6|11|0|0
313|Oral Roberts Golden Eagles|1972|2015|40|1181|687|494|.582|-0.34|-1.35|2|10|5|5|0|0
314|Oregon Ducks|1903|2015|110|2871|1548|1323|.539|7.46|7.13|3|4|3|12|1|1
315|Oregon State Beavers|1902|2015|114|2967|1701|1266|.573|6.29|6.49|8|12|0|16|2|0
316|Pacific Tigers|1938|2015|65|1819|935|884|.514|0.18|0.67|1|10|5|9|0|0
317|Penn State Nittany Lions|1897|2015|119|2521|1402|1118|.556|4.25|4.89|2|2|1|9|1|0
318|Pennsylvania Quakers|1897|2015|114|2768|1716|1051|.620|-1.20|-3.03|6|37|0|23|1|0
319|Pepperdine Waves|1944|2015|61|1731|876|855|.506|1.38|1.32|1|12|3|13|0|0
320|Phillips Haymakers|1920|1920|1|3|2|1|.667|||0|0|0|||
321|Pittsburg State Gorillas|1927|1931|5|103|86|17|.835|||0|0|0|||
322|Pittsburgh Panthers|1906|2015|108|2648|1554|1094|.587|11.68|6.85|13|11|4|25|1|0
323|Portland Pilots|1954|2015|62|1729|745|984|.431|-3.15|0.86|0|0|1|2|0|0
324|Portland State Vikings|1973|2015|26|734|357|377|.486|-5.95|-2.97|0|2|2|2|0|0
325|Prairie View Panthers|1981|2015|35|993|265|728|.267|-22.08|-8.13|0|1|1|1|0|0
326|Pratt Institute Cannoneers|1934|1934|1|14|8|6|.571|||0|0|0|||
327|Presbyterian Blue Hose|2011|2015|5|152|50|102|.329|-13.96|-4.87|0|0|0|0|0|0
328|Princeton Tigers|1901|2015|115|2714|1668|1046|.615|-0.09|-3.98|4|29|0|24|1|0
329|Providence Friars|1929|2015|66|1877|1149|728|.612|8.55|6.72|6|3|2|16|2|0
330|Purdue Boilermakers|1897|2015|117|2690|1708|982|.635|13.78|8.74|18|22|1|26|2|0
331|Quinnipiac Bobcats|1999|2015|17|500|251|249|.502|-8.00|-7.08|0|1|0|0|0|0
332|Radford Highlanders|1985|2015|31|913|467|446|.512|-9.73|-7.52|0|4|2|2|0|0
333|Regis (CO) Rangers|1962|1964|3|66|37|29|.561|||0|0|0|0|0|0
334|Rensselaer Engineers|1901|1924|4|39|28|11|.718|||0|0|0|||
335|Rhode Island Rams|1904|2015|109|2507|1423|1084|.568|2.25|2.42|0|15|1|8|0|0
336|Rice Owls|1915|2015|101|2416|1055|1361|.437|-1.09|2.33|0|10|0|4|0|0
337|Richmond Spiders|1913|2015|103|2443|1303|1140|.533|2.63|0.67|1|6|6|9|0|0
338|Rider Broncs|1929|2015|52|1454|765|689|.526|-6.15|-5.27|0|11|3|3|0|0
339|Ripon Red Hawks|1902|1922|5|59|46|13|.780|||0|0|0|||
340|Roanoke Maroons|1912|1919|8|92|67|25|.728|||0|0|0|||
341|Robert Morris Colonials|1977|2015|39|1142|564|578|.494|-8.02|-6.75|0|11|7|7|0|0
342|Rochester (NY) Yellowjackets|1910|1944|7|111|74|37|.667|||0|0|0|0|0|0
343|Rose-Hulman Fightin' Engineers|1898|1898|1|4|2|2|.500|||0|0|0|||
344|Rutgers Scarlet Knights|1914|2015|101|2316|1189|1127|.513|3.18|4.60|2|10|2|6|1|0
345|Sacramento State Hornets|1992|2015|24|666|189|477|.284|-13.27|-2.81|0|0|0|0|0|0
346|Sacred Heart Pioneers|2000|2015|16|467|171|296|.366|-11.33|-6.67|0|0|0|0|0|0
347|Saint Francis (PA) Red Flash|1956|2015|60|1608|710|898|.442|-11.63|-6.87|0|1|1|1|0|0
348|Saint Joseph's Hawks|1910|2015|106|2635|1575|1060|.598|5.11|3.10|6|20|5|20|1|0
349|Saint Louis Billikens|1916|2015|99|2514|1367|1147|.544|4.21|3.35|10|7|2|9|0|0
350|Saint Mary's (CA) Gaels|1910|2015|106|2435|1229|1206|.505|1.60|0.88|2|6|3|8|0|0
351|Saint Peter's Peacocks|1966|2015|50|1408|698|710|.496|-4.77|-3.95|0|6|3|3|0|0
352|Sam Houston State Bearkats|1987|2015|29|837|427|410|.510|-7.24|-5.27|0|5|2|2|0|0
353|Samford Bulldogs|1973|2015|43|1221|531|690|.435|-8.47|-5.93|0|3|2|2|0|0
354|San Diego State Aztecs|1971|2015|45|1330|701|629|.527|3.03|3.60|3|6|6|10|0|0
355|San Diego Toreros|1980|2015|36|1046|527|519|.504|-0.09|0.34|0|2|2|4|0|0
356|San Francisco Dons|1924|2015|88|2258|1304|954|.578|0.05|1.17|9|15|1|16|3|2
357|San Jose State Spartans|1938|2015|65|1762|723|1039|.410|-3.26|2.17|0|1|2|2|0|0
358|Santa Clara Broncos|1909|2015|106|2469|1431|1038|.580|1.64|1.49|2|11|2|11|1|0
359|Savage School of Physical Education |1896|1898|2|8|6|2|.750|||0|0|0|||
360|Savannah State Tigers|2003|2015|13|381|130|251|.341|-16.77|-4.38|0|1|0|0|0|0
361|Scranton Royals|1948|1948|1|27|7|20|.259|||0|0|0|0|0|0
362|Seattle Redhawks|1953|2015|33|898|540|358|.601|-5.41|-2.57|5|3|0|11|1|0
363|Seton Hall Pirates|1909|2015|102|2459|1425|1033|.580|7.63|6.66|6|4|2|9|1|0
364|Sewanee Tigers|1923|1941|19|248|48|200|.194|||0|0|0|0|0|0
365|Siena Saints|1939|2015|57|1543|854|689|.553|-2.16|-3.73|1|9|6|6|0|0
366|South Alabama Jaguars|1972|2015|44|1268|725|543|.572|0.22|-1.04|0|12|5|8|0|0
367|South Carolina Gamecocks|1909|2015|107|2538|1338|1199|.527|6.61|5.88|8|7|2|8|0|0
368|South Carolina State Bulldogs|1972|2015|44|1282|638|644|.498|-12.48|-9.92|0|8|5|5|0|0
369|South Carolina Upstate Spartans|2011|2015|5|157|79|78|.503|-3.95|-3.89|0|0|0|0|0|0
370|South Dakota Coyotes|2011|2015|5|149|64|85|.430|-7.92|-4.16|0|0|0|0|0|0
371|South Dakota State Jackrabbits|2009|2015|7|224|137|87|.612|0.50|-3.00|0|1|2|2|0|0
372|South Florida Bulls|1974|2015|42|1225|573|652|.468|2.60|3.67|0|1|1|3|0|0
373|Southeast Missouri State Redhawks|1992|2015|24|700|302|398|.431|-8.32|-4.78|0|1|1|1|0|0
374|Southeastern Louisiana Lions|1981|2015|34|960|414|546|.431|-10.96|-6.19|0|4|1|1|0|0
375|Southern California Trojans|1907|2015|109|2686|1530|1156|.570|7.21|6.99|9|7|1|16|2|0
376|Southern Illinois Salukis|1968|2015|48|1414|784|630|.554|2.99|2.60|1|9|5|10|0|0
377|Southern Illinois-Edwardsville Cougars|2011|2015|5|138|48|90|.348|-12.94|-4.67|0|0|0|0|0|0
378|Southern Jaguars|1978|2015|38|1105|584|521|.529|-10.03|-10.18|0|8|8|8|0|0
379|Southern Methodist Mustangs|1917|2015|99|2433|1253|1180|.515|2.44|2.74|2|13|1|10|1|0
380|Southern Mississippi Golden Eagles|1967|2015|44|1280|685|595|.535|3.71|3.15|1|2|0|3|0|0
381|Southern Utah Thunderbirds|1989|2015|27|770|336|434|.436|-7.04|-3.63|0|3|3|1|0|0
382|Southwestern (KS) Moundbuilders|1905|1923|19|289|212|77|.734|||0|0|0|||
383|Southwestern (TX) Pirates|1915|1916|2|10|1|9|.100|||0|0|0|||
384|Springfield Pride|1897|1935|30|406|268|138|.660|||0|0|0|||
385|St. Bonaventure Bonnies|1920|2015|95|2262|1271|991|.562|-0.88|1.71|6|7|1|6|1|0
386|St. Francis (NY) Terriers|1902|2015|96|2374|1173|1201|.494|-11.62|-8.21|0|5|0|0|0|0
387|St. John's (NY) Red Storm|1908|2015|108|2791|1837|954|.658|10.05|7.20|15|14|3|28|2|0
388|St. John's College (OH) |1921|1921|1|15|15|0|1.000|||0|0|0|||
389|St. Lawrence Saints|1902|1914|7|99|70|29|.707|||0|0|0|||
390|Stanford Cardinal|1914|2015|100|2553|1458|1095|.571|11.10|6.80|10|11|1|17|2|1
391|Stephen F. Austin Lumberjacks|1987|2015|29|831|453|378|.545|-6.62|-6.75|0|6|2|2|0|0
392|Stetson Hatters|1972|2015|44|1239|578|661|.467|-8.38|-4.67|0|0|0|0|0|0
393|Stevens Institute Ducks|1917|1920|4|48|37|11|.771|||0|0|0|||
394|Stony Brook Seawolves|2000|2015|16|480|225|255|.469|-7.61|-5.58|0|4|0|0|0|0
395|SUNY-Potsdam Bears|1910|1913|2|32|22|10|.688|||0|0|0|||
396|Swarthmore Garnet|1906|1919|11|133|92|41|.692|||0|0|0|||
397|Syracuse Orange|1899|2015|115|2770|1922|847|.694|15.66|7.28|30|11|5|37|5|1
398|Temple Owls|1895|2015|119|2863|1842|1021|.643|9.93|4.71|9|21|10|31|2|0
399|Tennessee State Tigers|1978|2015|38|1079|450|629|.417|-8.87|-4.59|0|2|2|2|0|0
400|Tennessee Tech Golden Eagles|1944|2015|61|1643|818|825|.498|-6.59|-3.79|0|7|1|2|0|0
401|Tennessee Volunteers|1909|2015|106|2564|1566|996|.611|10.59|7.87|11|12|4|20|0|0
402|Tennessee-Martin Skyhawks|1993|2015|23|659|236|423|.358|-11.59|-4.12|0|1|0|0|0|0
403|Texas A&M Aggies|1913|2015|103|2556|1341|1215|.525|4.71|4.28|3|11|2|12|0|0
404|Texas A&M-Corpus Christi Islanders|2003|2015|13|387|193|194|.499|-5.75|-4.18|0|4|1|1|0|0
405|Texas Christian Horned Frogs|1914|2015|102|2475|1141|1334|.461|2.98|3.03|3|11|0|7|0|0
406|Texas Longhorns|1906|2015|109|2730|1715|1015|.628|11.02|6.18|11|25|2|31|3|0
407|Texas Southern Tigers|1978|2015|38|1101|533|568|.484|-11.12|-8.66|0|9|5|5|0|0
408|Texas State Bobcats|1985|2015|31|888|386|502|.435|-9.31|-5.87|0|3|2|2|0|0
409|Texas Tech Red Raiders|1926|2015|87|2306|1278|1028|.554|5.65|5.21|4|12|5|14|0|0
410|Texas Wesleyan Rams|1948|1948|1|30|19|11|.633|||0|0|0|0|0|0
411|Texas-Arlington Mavericks|1969|2015|47|1320|585|735|.443|-7.38|-4.73|0|2|1|1|0|0
412|Texas-El Paso Miners|1923|2015|87|2205|1278|927|.580|6.42|2.76|4|13|5|17|1|1
413|Texas-Pan American Broncs|1969|2015|47|1302|564|738|.433|-8.57|-2.36|0|5|0|0|0|0
414|Texas-San Antonio Roadrunners|1982|2015|34|984|506|478|.514|-5.93|-4.95|0|3|4|4|0|0
415|Toledo Rockets|1916|2015|100|2396|1369|1027|.571|-0.45|-0.38|2|11|1|4|0|0
416|Towson Tigers|1980|2015|36|1054|428|626|.406|-8.70|-4.55|0|4|3|2|0|0
417|Trinity (CT) Bantams|1897|1911|8|81|28|53|.346|||0|0|0|||
418|Trinity (TX) Tigers|1971|1973|3|70|25|45|.357|||0|0|0|0|0|0
419|Troy Trojans|1994|2015|22|642|311|331|.484|-8.11|-5.75|0|6|1|1|0|0
420|Tulane Green Wave|1906|2015|105|2384|1182|1202|.496|2.21|2.38|1|6|0|3|0|0
421|Tulsa Golden Hurricane|1914|2015|102|2472|1373|1099|.555|7.39|2.93|5|10|6|15|0|0
422|UCLA Bruins|1920|2015|96|2603|1800|803|.692|13.96|7.98|40|31|4|46|18|11
423|Union (NY) Dutchmen|1907|1925|19|266|162|104|.609|||0|0|0|||
424|Utah State Aggies|1904|2015|110|2585|1525|1060|.590|4.77|1.39|4|15|8|20|0|0
425|Utah Utes|1909|2015|107|2678|1726|952|.645|8.72|4.50|19|31|5|27|4|1
426|Utah Valley Wolverines|2010|2015|6|181|94|87|.519|-9.79|-6.88|0|3|0|0|0|0
427|Utica Pioneers|1982|1987|6|158|64|94|.405|-12.95|-7.35|0|0|0|0|0|0
428|Valparaiso Crusaders|1918|2015|80|1992|1041|951|.523|-3.61|-2.16|0|11|9|8|0|0
429|Vanderbilt Commodores|1901|2015|113|2631|1540|1091|.585|10.16|7.36|11|3|3|13|0|0
430|Vermont Catamounts|1921|2015|60|1596|814|782|.510|-6.82|-6.07|0|7|5|5|0|0
431|Villanova Wildcats|1921|2015|95|2552|1641|911|.643|12.33|7.87|18|9|3|34|4|1
432|Virginia Cavaliers|1906|2015|110|2649|1508|1140|.569|12.69|8.52|8|7|2|18|2|0
433|Virginia Commonwealth Rams|1974|2015|42|1270|818|452|.644|5.60|1.33|2|9|8|13|1|0
434|Virginia Military Institute Keydets|1909|2015|107|2304|861|1443|.374|-11.66|-4.37|1|2|3|3|0|0
435|Virginia Tech Hokies|1909|2015|107|2541|1374|1167|.541|6.21|4.68|1|2|1|8|0|0
436|Wabash Little Giants|1897|1925|29|407|301|106|.740|||0|0|0|||
437|Wagner Seahawks|1966|2015|43|1219|581|638|.477|-9.77|-7.50|0|1|1|1|0|0
438|Wake Forest Demon Deacons|1906|2015|109|2642|1484|1158|.562|11.25|8.23|17|4|5|22|1|0
439|Washburn Ichabods|1906|1941|35|557|270|283|.488|||0|0|0|0|0|0
440|Washington & Jefferson Presidents|1913|1944|10|128|73|55|.570|||0|0|0|0|0|0
441|Washington & Lee Generals|1907|1959|51|905|472|432|.522|||0|3|2|0|0|0
442|Washington (MO) Bears|1905|1960|52|921|433|488|.470|||0|2|0|0|0|0
443|Washington College Shoremen|1913|1925|13|151|109|42|.722|||0|0|0|||
444|Washington Huskies|1896|2015|114|2842|1719|1123|.605|8.08|7.15|8|11|3|16|1|0
445|Washington State Cougars|1902|2015|114|2989|1546|1443|.517|5.76|6.18|3|2|0|6|1|0
446|Wayne State (MI) Warriors|1928|1950|5|104|47|57|.452|||0|0|0|0|0|0
447|Weber State Wildcats|1964|2015|52|1509|952|557|.631|0.21|-1.58|1|21|9|15|0|0
448|Wesleyan (CT) Cardinals|1896|1913|13|171|97|74|.567|||0|0|0|||
449|West Chester Golden Rams|1899|1982|10|244|86|158|.352|-18.03|-7.63|0|1|0|0|0|0
450|West Texas A&M Buffaloes|1921|1986|54|1275|707|568|.555|-0.41|3.10|0|4|0|1|0|0
451|West Virginia Mountaineers|1904|2015|106|2717|1671|1046|.615|9.37|5.11|13|16|13|25|2|0
452|Western Carolina Catamounts|1977|2015|39|1129|503|626|.446|-8.31|-4.00|0|3|1|1|0|0
453|Western Illinois Leathernecks|1982|2015|34|972|414|558|.426|-8.30|-3.79|0|2|1|0|0|0
454|Western Kentucky Hilltoppers|1922|2015|94|2571|1708|863|.664|3.16|-0.03|11|28|19|23|1|0
455|Western Michigan Broncos|1914|2015|102|2412|1286|1126|.533|-1.29|0.09|1|10|2|4|0|0
456|Western State Mountaineers|1924|1937|14|189|88|101|.466|||0|0|0|||
457|Westminster (MO) Blue Jays|1920|1920|1|17|17|0|1.000|||0|0|0|||
458|Westminster (PA) Titans|1898|1935|21|294|210|84|.714|||0|0|0|||
459|Wheaton (IL) Thunder|1902|1905|4|57|39|17|.696|||0|0|0|||
460|Whittier Poets|1909|1915|3|42|38|3|.927|||0|0|0|||
461|Wichita State Shockers|1906|2015|108|2640|1476|1164|.559|5.78|2.81|5|8|3|11|2|0
462|Widener Pride|1899|1909|5|26|20|6|.769|||0|0|0|||
463|William & Mary Tribe|1906|2015|110|2505|1159|1346|.463|-4.99|-1.43|0|2|0|0|0|0
464|Williams Ephs|1901|1911|10|161|136|24|.850|||0|0|0|||
465|Winthrop Eagles|1987|2015|29|862|445|417|.516|-8.77|-6.97|1|7|10|9|0|0
466|Wisconsin Badgers|1899|2015|117|2675|1515|1160|.566|11.85|8.58|13|17|2|20|3|1
467|Wisconsin-Stevens Point Pointers|1898|1918|21|156|98|58|.628|||0|0|0|||
468|Wisconsin-Superior Yellowjackets|1900|1901|2|14|10|4|.714|||0|0|0|||
469|Wittenberg Tigers|1931|1931|1|20|18|2|.900|||0|0|0|||
470|Wofford Terriers|1996|2015|20|595|278|317|.467|-7.01|-3.02|0|2|3|3|0|0
471|Wooster Fighting Scots|1901|1931|31|390|225|165|.577|||0|0|0|||
472|Worcester Tech Engineers|1920|1920|1|16|14|2|.875|||0|0|0|||
473|Wright State Raiders|1988|2015|28|830|442|388|.533|-2.02|-2.03|0|2|2|2|0|0
474|Wyoming Cowboys|1905|2015|110|2578|1468|1110|.569|4.89|3.10|4|21|2|14|1|1
475|Xavier Musketeers|1920|2015|94|2343|1384|959|.591|9.00|2.81|10|17|9|24|0|0
476|Yale Elis|1896|2015|120|2834|1397|1435|.493|-7.82|-5.75|1|12|0|3|0|0
477|Youngstown State Penguins|1948|2015|35|998|388|610|.389|-8.26|-3.30|0|0|0|0|0|0
