ranker|game_season|date_game|game_location|opp_id|game_result|pts|opp_pts|fg|fga|fg_pct|fg3|fg3a|fg3_pct|ft|fta|ft_pct|orb|trb|ast|stl|blk|tov|pf|x|opp_fg|opp_fga|opp_fg_pct|opp_fg3|opp_fg3a|opp_fg3_pct|opp_ft|opp_fta|opp_ft_pct|opp_orb|opp_trb|opp_ast|opp_stl|opp_blk|opp_tov|opp_pf|
1|1|2014-11-14||Jacksonville|W|94|61|37|67|.552|9|25|.360|11|15|.733|10|41|24|7|10|8|16||21|63|.333|7|19|.368|12|23|.522|9|30|9|4|3|10|15
2|2|2014-11-17|@|North Carolina State|L|64|76|21|68|.309|9|28|.321|13|21|.619|16|44|9|6|1|13|20||25|67|.373|6|20|.300|20|31|.645|16|48|12|5|7|10|19
3|3|2014-11-21||Stony Brook|W|66|65|27|56|.482|4|16|.250|8|16|.500|5|16|10|11|0|8|15||27|51|.529|4|18|.222|7|8|.875|10|32|14|6|2|19|16
4|4|2014-11-23||Wagner|W|93|71|24|44|.545|10|17|.588|35|49|.714|5|31|19|8|5|16|17||28|64|.438|6|27|.222|9|13|.692|9|29|18|9|1|17|33
5|5|2014-11-25|@|South Florida|L|70|71|21|51|.412|11|26|.423|17|28|.607|7|30|15|7|1|14|10||31|59|.525|6|17|.353|3|8|.375|4|28|19|6|7|10|19
6|6|2014-11-28|@|Jackson State|W|86|56|31|56|.554|13|23|.565|11|18|.611|9|37|13|7|8|16|20||16|55|.291|7|21|.333|17|26|.654|10|27|10|7|1|17|18
7|7|2014-12-02||Norfolk State|W|88|74|24|46|.522|14|25|.560|26|37|.703|6|25|17|9|2|8|14||29|63|.460|10|23|.435|6|10|.600|12|31|22|3|2|14|27
8|8|2014-12-07|@|Appalachian State|W|68|51|23|57|.404|6|18|.333|16|23|.696|6|30|12|6|2|4|17||18|53|.340|3|17|.176|12|16|.750|10|38|6|1|3|15|21
9|9|2014-12-10|@|Coppin State|W|105|64|36|66|.545|13|25|.520|20|25|.800|12|48|24|8|5|15|21||21|62|.339|8|26|.308|14|22|.636|6|26|12|3|3|12|20
10|10|2014-12-20|@|Columbia|L|77|82|24|59|.407|8|24|.333|21|25|.840|10|34|8|6|2|12|24||25|58|.431|13|35|.371|19|27|.704|13|39|17|6|6|14|18
11|11|2014-12-23||La Salle|L|74|83|28|68|.412|6|21|.286|12|16|.750|12|33|19|5|3|6|14||34|58|.586|9|18|.500|6|13|.462|4|29|19|3|4|10|13
12|12|2014-12-28|N|Long Island University|W|88|62|30|59|.508|14|27|.519|14|19|.737|10|41|20|6|3|12|20||22|63|.349|7|24|.292|11|17|.647|11|27|14|4|3|11|19
13|13|2014-12-31|@|Central Connecticut State|W|84|56|33|62|.532|10|27|.370|8|15|.533|9|31|17|6|1|10|14||22|63|.349|2|12|.167|10|12|.833|16|34|12|4|2|19|15
14|14|2015-01-03|@|North Carolina-Wilmington|W|68|56|18|59|.305|4|22|.182|28|43|.651|15|41|8|6|0|9|15||21|58|.362|4|19|.211|10|15|.667|10|36|11|3|3|14|27
15|15|2015-01-05||Delaware|W|71|58|29|71|.408|5|23|.217|8|11|.727|14|44|17|7|6|13|14||22|58|.379|5|18|.278|9|16|.563|5|28|14|3|2|16|12
16|16|2015-01-08|@|College of Charleston|W|71|66|19|44|.432|9|22|.409|24|32|.750|7|26|10|4|3|8|20||22|54|.407|9|22|.409|13|17|.765|10|31|9|6|3|8|21
17|17|2015-01-10|@|Elon|W|79|61|24|60|.400|14|32|.438|17|24|.708|11|46|15|8|1|15|19||25|64|.391|4|21|.190|7|17|.412|9|36|14|5|1|12|22
18|18|2015-01-14|@|Northeastern|L|83|91|29|75|.387|10|26|.385|15|20|.750|14|33|14|7|4|9|26||30|47|.638|5|10|.500|26|38|.684|4|36|16|3|9|13|17
19|19|2015-01-17||North Carolina-Wilmington|L|74|79|18|43|.419|6|21|.286|32|39|.821|8|30|12|6|3|14|23||27|57|.474|4|13|.308|21|28|.750|10|28|9|6|1|10|26
20|20|2015-01-21||Drexel|W|86|58|35|69|.507|9|25|.360|7|8|.875|13|39|23|12|3|12|17||18|51|.353|6|16|.375|16|22|.727|8|28|14|6|4|18|10
21|21|2015-01-24||James Madison|L|63|69|23|65|.354|11|31|.355|6|10|.600|12|33|16|4|3|9|21||22|54|.407|8|16|.500|17|20|.850|9|35|8|7|2|13|16
22|22|2015-01-28|@|William & Mary|L|79|100|26|65|.400|9|29|.310|18|29|.621|17|33|13|14|1|17|23||35|54|.648|8|17|.471|22|25|.880|4|28|21|8|4|19|24
23|23|2015-01-31||Towson|L|72|86|23|60|.383|6|26|.231|20|27|.741|12|22|11|8|0|9|26||26|45|.578|5|11|.455|29|41|.707|9|34|15|2|5|18|25
24|24|2015-02-04|@|Delaware|W|79|69|21|54|.389|13|37|.351|24|30|.800|7|31|14|6|1|10|21||22|51|.431|5|17|.294|20|25|.800|5|30|8|5|0|13|21
25|25|2015-02-07||Elon|W|80|69|26|58|.448|8|23|.348|20|31|.645|10|35|19|11|3|13|19||22|51|.431|10|22|.455|15|23|.652|4|28|16|4|1|18|23
26|26|2015-02-12||Northeastern|L|68|79|27|54|.500|4|12|.333|10|12|.833|3|15|16|15|5|11|19||27|48|.563|4|6|.667|21|23|.913|10|30|18|8|5|17|11
27|27|2015-02-15|@|Drexel|W|81|57|34|54|.630|4|12|.333|9|16|.563|8|33|15|4|3|11|18||18|54|.333|4|21|.190|17|18|.944|9|24|5|5|5|8|18
28|28|2015-02-18|@|Towson|W|87|82|20|49|.408|10|23|.435|37|42|.881|13|30|14|6|5|8|20||27|49|.551|7|15|.467|21|25|.840|5|23|8|2|5|9|31
29|29|2015-02-22||William & Mary|L|78|80|29|64|.453|13|31|.419|7|10|.700|11|37|18|3|0|13|16||28|57|.491|7|20|.350|17|20|.850|3|25|21|10|2|6|13
30|30|2015-02-25||College of Charleston|W|73|40|26|54|.481|6|22|.273|15|23|.652|10|45|19|7|0|14|17||12|52|.231|2|15|.133|14|20|.700|7|28|8|6|4|14|20
31|31|2015-02-28|@|James Madison|L|73|82|25|60|.417|8|30|.267|15|25|.600|13|26|12|9|1|6|21||27|43|.628|10|17|.588|18|26|.692|2|26|16|5|0|14|18
32|32|2015-03-07|N|James Madison|W|74|57|31|63|.492|7|20|.350|5|12|.417|16|34|17|10|3|11|16||20|54|.370|5|22|.227|12|15|.800|11|28|10|4|2|14|12
33|33|2015-03-08|N|William & Mary|L (2 OT)|91|92|33|67|.493|12|35|.343|13|25|.520|10|38|20|9|1|14|29||28|57|.491|12|28|.429|24|35|.686|7|36|9|7|1|15|20
