ranker|game_season|date_game|game_location|opp_id|game_result|pts|opp_pts|fg|fga|fg_pct|fg3|fg3a|fg3_pct|ft|fta|ft_pct|orb|trb|ast|stl|blk|tov|pf|x|opp_fg|opp_fga|opp_fg_pct|opp_fg3|opp_fg3a|opp_fg3_pct|opp_ft|opp_fta|opp_ft_pct|opp_orb|opp_trb|opp_ast|opp_stl|opp_blk|opp_tov|opp_pf|
1|1|2014-11-14|@|Miami (FL)|L|49|84|18|63|.286|2|18|.111|11|21|.524|13|34|5|10|3|17|22||27|59|.458|9|23|.391|21|25|.840|12|36|15|12|5|12|20
2|2|2014-11-16||Goucher|W|101|54|37|72|.514|11|27|.407|16|19|.842|14|47|15|8|7|10|20||15|56|.268|5|21|.238|19|26|.731|6|24|5|4|1|19|20
3|3|2014-11-18|@|William & Mary|L|49|56|18|50|.360|4|16|.250|9|11|.818|7|31|6|9|5|15|17||20|48|.417|8|21|.381|8|16|.500|6|28|16|6|6|12|9
4|4|2014-11-20|@|Radford|L|52|61|19|47|.404|3|13|.231|11|16|.688|10|33|6|7|2|20|23||20|57|.351|3|17|.176|18|27|.667|12|28|13|9|4|8|18
5|5|2014-11-23||Hood|W|78|51|31|69|.449|7|26|.269|9|14|.643|20|52|13|12|4|19|16||15|54|.278|9|33|.273|12|16|.750|7|23|6|7|5|16|13
6|6|2014-11-25|@|Maryland-Baltimore County|W|68|54|23|47|.489|4|11|.364|18|27|.667|9|36|7|8|7|15|20||20|55|.364|3|18|.167|11|15|.733|8|26|12|5|0|14|21
7|7|2014-11-29||Gwynedd-Mercy|W (2 OT)|96|83|29|48|.604|4|9|.444|34|51|.667|6|36|9|11|2|20|23||26|65|.400|12|26|.462|19|28|.679|12|32|7|7|0|14|34
8|8|2014-12-02|@|Duquesne|L|63|81|22|59|.373|4|15|.267|15|23|.652|15|31|4|6|3|16|19||32|61|.525|9|24|.375|8|16|.500|13|36|22|5|7|13|19
9|9|2014-12-06||North Carolina A&T|W|54|47|19|42|.452|1|12|.083|15|20|.750|7|35|10|6|2|20|21||14|53|.264|6|31|.194|13|22|.591|12|25|5|7|0|13|17
10|10|2014-12-07||North Carolina Central|L|39|61|13|44|.295|6|18|.333|7|13|.538|11|24|7|7|1|16|16||22|46|.478|10|25|.400|7|10|.700|11|30|16|6|3|15|14
11|11|2014-12-13|@|Richmond|L|41|54|13|44|.295|5|17|.294|10|15|.667|9|29|4|12|3|19|22||16|42|.381|6|18|.333|16|24|.667|10|30|12|9|4|15|14
12|12|2014-12-15||IUPUI|W|57|47|19|45|.422|4|14|.286|15|25|.600|10|42|7|3|1|20|19||15|53|.283|4|26|.154|13|23|.565|9|27|10|7|0|10|22
13|13|2014-12-17|@|Pepperdine|L|45|53|17|49|.347|3|16|.188|8|13|.615|9|35|7|3|7|10|18||16|53|.302|6|22|.273|15|19|.789|12|32|13|3|1|7|10
14|14|2014-12-23|@|South Alabama|W|73|60|26|63|.413|7|18|.389|14|24|.583|19|41|15|6|2|13|18||15|49|.306|7|22|.318|23|29|.793|9|29|9|6|5|15|20
15|15|2014-12-28|@|Fordham|L|59|74|20|54|.370|5|19|.263|14|17|.824|7|18|8|11|2|11|13||28|52|.538|6|18|.333|12|13|.923|12|34|22|7|3|14|13
16|16|2015-01-08|@|Cornell|L|60|70|20|53|.377|7|23|.304|13|18|.722|9|27|10|8|4|8|20||19|46|.413|6|19|.316|26|28|.929|8|29|15|4|9|11|18
17|17|2015-01-10||Coppin State|W|71|69|21|44|.477|2|6|.333|27|39|.692|10|32|12|7|1|21|25||21|52|.404|4|20|.200|23|32|.719|10|25|9|3|3|19|30
18|18|2015-01-12||Delaware State|L|76|79|26|53|.491|7|19|.368|17|26|.654|9|32|15|3|5|9|18||29|64|.453|7|21|.333|14|20|.700|13|36|15|1|1|7|18
19|19|2015-01-24|@|Florida A&M|W|59|50|19|46|.413|7|16|.438|14|21|.667|12|31|10|8|8|16|11||20|56|.357|6|23|.261|4|6|.667|11|24|12|7|0|13|18
20|20|2015-01-26|@|Bethune-Cookman|W|45|42|16|42|.381|1|12|.083|12|14|.857|4|20|10|8|5|11|20||11|41|.268|4|18|.222|16|20|.800|10|29|8|3|2|16|17
21|21|2015-01-31||Morgan State|W|64|48|24|42|.571|3|16|.188|13|18|.722|4|25|9|7|5|13|12||18|52|.346|5|14|.357|7|15|.467|11|24|6|4|0|10|14
22|22|2015-02-02||Maryland-Eastern Shore|W|83|74|27|47|.574|8|14|.571|21|31|.677|4|26|6|2|3|12|22||23|53|.434|8|15|.533|20|33|.606|10|27|11|4|0|11|23
23|23|2015-02-07|@|Norfolk State|L|69|72|22|51|.431|10|23|.435|15|21|.714|7|22|8|8|4|21|25||23|48|.479|4|16|.250|22|36|.611|16|35|17|5|6|20|19
24|24|2015-02-09|@|Hampton|L (1 OT)|69|73|27|66|.409|4|14|.286|11|16|.688|11|38|8|7|9|19|20||20|58|.345|11|24|.458|22|27|.815|10|36|12|7|7|18|17
25|25|2015-02-14|@|Coppin State|W|77|60|25|46|.543|5|9|.556|22|29|.759|10|35|4|6|3|18|14||20|54|.370|11|27|.407|9|11|.818|6|18|11|9|5|13|22
26|26|2015-02-16|@|Maryland-Eastern Shore|L|60|71|21|51|.412|5|22|.227|13|17|.765|12|22|12|12|3|19|16||21|43|.488|6|15|.400|23|25|.920|8|24|16|11|1|19|17
27|27|2015-02-21|@|Savannah State|W|50|48|11|28|.393|1|3|.333|27|36|.750|1|16|2|16|4|21|18||19|49|.388|1|13|.077|9|18|.500|10|30|11|10|2|21|22
28|28|2015-02-23|@|South Carolina State|W|75|65|27|48|.563|1|9|.111|20|25|.800|8|31|10|8|2|14|16||23|55|.418|7|20|.350|12|22|.545|10|22|12|7|3|11|18
29|29|2015-02-28||Hampton|L|67|68|22|55|.400|3|16|.188|20|28|.714|4|32|10|6|5|9|22||23|54|.426|8|21|.381|14|27|.519|9|37|13|2|11|13|24
30|30|2015-03-02||Norfolk State|W (1 OT)|61|59|21|55|.382|4|17|.235|15|19|.789|12|32|4|8|8|17|20||22|60|.367|1|12|.083|14|21|.667|16|39|7|2|5|16|25
31|31|2015-03-04|@|NJIT|L|62|71|21|49|.429|4|13|.308|16|21|.762|6|24|10|8|4|12|15||25|54|.463|10|24|.417|11|15|.733|7|30|18|7|6|14|19
32|32|2015-03-12|N|Delaware State|L|60|65|21|49|.429|7|20|.350|11|17|.647|9|33|7|1|6|15|13||21|55|.382|9|22|.409|14|16|.875|8|27|11|5|0|8|13
