ranker|game_season|date_game|game_location|opp_id|game_result|pts|opp_pts|fg|fga|fg_pct|fg3|fg3a|fg3_pct|ft|fta|ft_pct|orb|trb|ast|stl|blk|tov|pf|x|opp_fg|opp_fga|opp_fg_pct|opp_fg3|opp_fg3a|opp_fg3_pct|opp_ft|opp_fta|opp_ft_pct|opp_orb|opp_trb|opp_ast|opp_stl|opp_blk|opp_tov|opp_pf|
1|1|2014-11-14|@|IUPUI|W (1 OT)|79|66|20|50|.400|3|12|.250|36|46|.783|7|39|7|8|2|12|21||21|60|.350|7|21|.333|17|23|.739|9|35|9|6|1|16|30
2|2|2014-11-18||Saint Louis|L|56|69|20|61|.328|5|25|.200|11|21|.524|13|36|7|2|9|8|23||20|55|.364|5|14|.357|24|31|.774|10|38|10|4|1|11|22
3|3|2014-11-22||Brown|W|78|66|27|56|.482|6|16|.375|18|23|.783|6|29|13|10|3|14|21||23|59|.390|7|18|.389|13|19|.684|12|34|12|3|3|20|23
4|4|2014-11-24||Austin Peay|W|61|57|16|41|.390|3|16|.188|26|37|.703|9|37|7|5|3|18|18||22|63|.349|4|10|.400|9|14|.643|12|35|13|8|4|12|25
5|5|2014-11-27|N|Illinois|L|62|88|18|50|.360|10|27|.370|16|29|.552|2|30|8|9|3|20|21||28|66|.424|9|20|.450|23|28|.821|10|43|11|15|3|13|23
6|6|2014-11-28|N|Memphis|L|62|72|16|49|.327|6|22|.273|24|30|.800|5|25|9|11|5|15|20||24|52|.462|5|12|.417|19|24|.792|7|37|11|11|5|17|22
7|7|2014-12-03||Butler|L|54|77|18|48|.375|6|24|.250|12|22|.545|6|23|12|4|1|16|21||28|52|.538|6|14|.429|15|24|.625|10|37|12|11|1|11|20
8|8|2014-12-06|@|Ball State|L|63|70|25|56|.446|4|20|.200|9|15|.600|5|26|15|4|4|11|21||22|49|.449|8|21|.381|18|26|.692|6|32|15|5|0|13|18
9|9|2014-12-13|@|Iona|L|84|91|31|59|.525|8|22|.364|14|24|.583|11|35|20|5|3|14|23||28|59|.475|11|30|.367|24|33|.727|11|31|17|4|1|11|16
10|10|2014-12-16||Truman State|W|78|68|29|58|.500|5|15|.333|15|21|.714|9|49|18|4|1|16|13||25|70|.357|11|32|.344|7|9|.778|4|28|16|12|1|7|19
11|11|2014-12-20||Eastern Illinois|L|56|60|20|55|.364|6|25|.240|10|18|.556|13|30|12|7|2|17|15||25|45|.556|4|13|.308|6|8|.750|2|25|14|9|3|21|20
12|12|2014-12-28||Missouri-Kansas City|L (2 OT)|70|73|21|54|.389|12|23|.522|16|26|.615|7|27|18|5|7|14|19||23|59|.390|10|21|.476|17|21|.810|15|44|13|11|8|16|21
13|13|2014-12-31|@|Illinois State|W|63|61|20|47|.426|9|21|.429|14|17|.824|8|29|10|9|3|24|18||19|53|.358|6|17|.353|17|23|.739|10|27|12|12|4|18|16
14|14|2015-01-04||Evansville|W (1 OT)|79|75|27|56|.482|7|15|.467|18|24|.750|5|30|20|4|4|13|19||28|58|.483|5|12|.417|14|21|.667|7|30|17|6|8|13|20
15|15|2015-01-07||Missouri State|W|71|56|28|50|.560|7|16|.438|8|13|.615|5|24|19|5|1|10|15||18|48|.375|6|16|.375|14|17|.824|12|29|9|8|2|14|15
16|16|2015-01-10|@|Southern Illinois|W|59|56|20|46|.435|8|18|.444|11|20|.550|5|24|8|6|0|10|16||22|54|.407|3|12|.250|9|13|.692|14|36|11|5|3|13|24
17|17|2015-01-14||Illinois State|W (1 OT)|71|70|18|47|.383|8|19|.421|27|33|.818|3|28|10|6|4|13|21||23|63|.365|6|17|.353|18|23|.783|14|37|9|9|4|17|27
18|18|2015-01-17|@|Drake|L|78|84|28|57|.491|10|28|.357|12|15|.800|4|18|11|3|0|6|22||24|39|.615|12|17|.706|24|29|.828|1|24|18|2|3|9|16
19|19|2015-01-21|@|Northern Iowa|L|60|66|21|52|.404|6|21|.286|12|16|.750|7|27|7|6|3|8|21||18|44|.409|9|18|.500|21|29|.724|7|28|11|2|1|10|16
20|20|2015-01-24||Loyola (IL)|W|72|61|24|45|.533|12|23|.522|12|17|.706|7|28|15|6|6|21|16||25|56|.446|4|12|.333|7|13|.538|12|26|6|10|1|17|18
21|21|2015-01-27|@|Evansville|L|78|89|25|58|.431|10|23|.435|18|22|.818|7|28|18|4|1|12|28||25|47|.532|6|10|.600|33|41|.805|5|27|18|5|5|11|21
22|22|2015-01-31||Bradley|W|64|58|21|54|.389|9|26|.346|13|17|.765|11|38|15|6|4|15|7||23|59|.390|7|26|.269|5|5|1.000|7|30|8|8|6|11|18
23|23|2015-02-03||Northern Iowa|L|51|61|19|51|.373|7|22|.318|6|8|.750|5|30|11|5|3|12|15||21|51|.412|7|18|.389|12|13|.923|4|31|9|9|1|12|9
24|24|2015-02-07|@|Loyola (IL)|W|79|65|23|40|.575|10|19|.526|23|30|.767|3|21|14|4|2|13|16||25|53|.472|3|12|.250|12|18|.667|9|25|9|8|1|13|20
25|25|2015-02-11|@|Wichita State|L|57|74|16|46|.348|3|13|.231|22|33|.667|6|25|9|4|4|15|14||26|62|.419|6|15|.400|16|20|.800|14|38|9|9|5|8|24
26|26|2015-02-14||Drake|W|75|54|28|51|.549|10|21|.476|9|10|.900|8|24|16|12|3|15|11||20|46|.435|8|15|.533|6|7|.857|8|20|11|5|0|17|14
27|27|2015-02-18|@|Missouri State|L|56|60|22|56|.393|9|21|.429|3|6|.500|8|23|16|3|4|11|17||22|53|.415|4|11|.364|12|17|.706|14|32|6|6|3|12|13
28|28|2015-02-21||Southern Illinois|W|78|58|26|53|.491|9|18|.500|17|25|.680|5|33|18|5|2|12|18||20|48|.417|4|15|.267|14|22|.636|3|22|6|5|8|13|20
29|29|2015-02-25||Wichita State|L|53|63|17|50|.340|5|15|.333|14|17|.824|7|30|11|4|4|14|14||25|62|.403|2|17|.118|11|15|.733|11|35|13|8|2|10|13
30|30|2015-02-28|@|Bradley|W|60|52|21|54|.389|5|17|.294|13|14|.929|8|43|14|2|5|16|19||20|60|.333|3|15|.200|9|16|.563|8|33|9|13|4|10|17
31|31|2015-03-06|N|Loyola (IL)|L|53|81|16|51|.314|7|28|.250|14|25|.560|5|22|10|7|2|14|19||31|54|.574|10|16|.625|9|19|.474|10|37|20|9|4|16|17
