ranker|game_season|date_game|game_location|opp_id|game_result|pts|opp_pts|fg|fga|fg_pct|fg3|fg3a|fg3_pct|ft|fta|ft_pct|orb|trb|ast|stl|blk|tov|pf|x|opp_fg|opp_fga|opp_fg_pct|opp_fg3|opp_fg3a|opp_fg3_pct|opp_ft|opp_fta|opp_ft_pct|opp_orb|opp_trb|opp_ast|opp_stl|opp_blk|opp_tov|opp_pf|
1|1|2014-11-14||Mississippi Valley State|W|116|65|39|59|.661|11|23|.478|27|37|.730|15|52|20|9|3|19|17||25|73|.342|5|19|.263|10|21|.476|13|25|9|13|1|11|28
2|2|2014-11-17||Texas Southern|W|83|64|32|56|.571|10|15|.667|9|16|.563|7|30|17|8|9|13|16||25|58|.431|5|16|.313|9|16|.563|8|30|11|9|4|14|19
3|3|2014-11-20||Southern Methodist|W|74|68|21|58|.362|12|33|.364|20|25|.800|7|25|16|6|1|6|17||29|51|.569|5|14|.357|5|10|.500|9|37|16|1|4|19|23
4|4|2014-11-22||Lamar|W|85|72|30|59|.508|9|20|.450|16|24|.667|12|34|13|5|1|9|12||31|62|.500|5|23|.217|5|8|.625|9|27|12|7|3|12|17
5|5|2014-11-24||Eastern Washington|L|86|88|28|59|.475|7|18|.389|23|29|.793|10|30|15|6|2|13|22||32|62|.516|6|16|.375|18|27|.667|13|34|8|9|5|14|24
6|6|2014-11-28||North Carolina-Greensboro|W|87|79|28|56|.500|9|24|.375|22|29|.759|12|37|13|8|3|13|10||31|63|.492|14|23|.609|3|7|.429|7|24|17|9|0|12|23
7|7|2014-12-02||Pittsburgh|W|81|69|33|61|.541|7|17|.412|8|13|.615|12|35|17|5|3|8|17||26|72|.361|7|26|.269|10|14|.714|22|41|16|4|3|11|18
8|8|2014-12-06||Savannah State|W|95|49|31|54|.574|10|21|.476|23|25|.920|11|40|21|8|4|14|16||18|56|.321|5|22|.227|8|15|.533|8|19|11|9|1|15|20
9|9|2014-12-09|N|Louisville|L|74|94|29|61|.475|8|20|.400|8|14|.571|8|30|14|6|3|19|19||35|79|.443|8|23|.348|16|27|.593|23|48|15|10|8|12|16
10|10|2014-12-13||Grand Canyon|W|94|66|33|75|.440|10|30|.333|18|27|.667|17|48|15|2|5|4|16||26|67|.388|2|16|.125|12|15|.800|10|33|8|2|4|6|23
11|11|2014-12-20|N|Butler|W|82|73|30|71|.423|8|17|.471|14|19|.737|12|45|11|6|6|11|17||27|69|.391|3|16|.188|16|23|.696|9|35|6|5|4|8|18
12|12|2014-12-22||New Orleans|W|79|59|29|53|.547|7|21|.333|14|24|.583|7|37|15|3|7|12|14||27|68|.397|1|13|.077|4|12|.333|11|33|9|7|3|8|25
13|13|2014-12-27|N|Georgetown|L (1 OT)|87|91|28|61|.459|13|31|.419|18|22|.818|8|34|15|7|4|16|21||35|68|.515|7|12|.583|14|26|.538|11|33|16|13|5|11|20
14|14|2014-12-31|@|Nebraska|W|70|65|27|60|.450|7|24|.292|9|17|.529|10|42|13|2|2|11|17||23|59|.390|7|18|.389|12|17|.706|5|29|11|7|5|7|17
15|15|2015-01-05|@|Michigan State|L|50|70|17|60|.283|5|24|.208|11|13|.846|8|24|8|4|1|6|13||28|60|.467|5|15|.333|9|16|.563|15|46|21|5|7|11|15
16|16|2015-01-10||Ohio State|W|69|66|22|55|.400|4|18|.222|21|28|.750|14|44|9|2|7|14|24||23|67|.343|3|21|.143|17|27|.630|16|35|7|9|7|5|22
17|17|2015-01-13||Penn State|W|76|73|26|55|.473|9|21|.429|15|21|.714|6|28|16|4|1|9|16||31|66|.470|4|24|.167|7|11|.636|11|34|14|8|3|9|18
18|18|2015-01-18|@|Illinois|W|80|74|27|56|.482|11|25|.440|15|20|.750|8|29|16|5|2|9|14||26|55|.473|12|27|.444|10|12|.833|4|25|18|4|3|10|18
19|19|2015-01-22||Maryland|W|89|70|30|50|.600|15|22|.682|14|18|.778|3|26|12|4|3|10|19||27|53|.509|10|20|.500|6|12|.500|5|21|11|7|3|11|16
20|20|2015-01-25|@|Ohio State|L|70|82|26|50|.520|12|25|.480|6|8|.750|6|22|9|1|0|15|17||33|53|.623|5|15|.333|11|14|.786|4|20|16|5|3|7|13
21|21|2015-01-28|@|Purdue|L|67|83|25|66|.379|4|19|.211|13|18|.722|13|26|8|9|2|11|26||27|46|.587|4|14|.286|25|33|.758|8|31|13|6|10|12|20
22|22|2015-01-31||Rutgers|W|72|64|25|53|.472|8|19|.421|14|19|.737|12|32|14|6|3|10|10||24|54|.444|7|17|.412|9|12|.750|9|24|14|3|4|13|16
23|23|2015-02-03|@|Wisconsin|L|78|92|28|57|.491|13|24|.542|9|11|.818|7|22|11|2|1|11|23||29|48|.604|6|11|.545|28|31|.903|3|21|15|3|6|6|15
24|24|2015-02-08||Michigan|W|70|67|24|49|.490|7|17|.412|15|20|.750|11|30|11|5|4|14|17||23|46|.500|6|13|.462|15|20|.750|5|19|13|7|4|11|16
25|25|2015-02-11|@|Maryland|L|66|68|25|67|.373|10|25|.400|6|10|.600|11|28|12|3|2|6|15||24|49|.490|10|21|.476|10|14|.714|6|33|9|0|8|13|13
26|26|2015-02-15||Minnesota|W|90|71|32|54|.593|18|32|.563|8|9|.889|9|33|23|5|1|17|16||26|53|.491|6|20|.300|13|17|.765|4|15|7|5|3|9|14
27|27|2015-02-19||Purdue|L|63|67|24|55|.436|5|16|.313|10|16|.625|5|19|15|9|3|8|17||24|52|.462|2|18|.111|17|21|.810|11|35|12|6|5|15|17
28|28|2015-02-22|@|Rutgers|W|84|54|31|58|.534|10|27|.370|12|20|.600|9|41|16|3|4|13|23||20|54|.370|4|12|.333|10|25|.400|8|28|12|6|2|12|17
29|29|2015-02-25|@|Northwestern|L|65|72|23|63|.365|12|31|.387|7|16|.438|16|34|17|5|2|4|17||25|49|.510|8|20|.400|14|17|.824|5|32|20|0|5|9|14
30|30|2015-03-03||Iowa|L|63|77|23|60|.383|10|25|.400|7|11|.636|11|32|12|4|2|12|21||25|54|.463|4|12|.333|23|28|.821|9|33|11|8|6|10|15
31|31|2015-03-07||Michigan State|L|72|74|24|52|.462|9|24|.375|15|20|.750|5|32|11|3|2|14|21||28|64|.438|7|28|.250|11|20|.550|12|35|17|4|3|8|21
32|32|2015-03-12|N|Northwestern|W|71|56|27|65|.415|11|32|.344|6|10|.600|16|35|19|5|6|8|15||20|46|.435|5|12|.417|11|16|.688|4|21|12|5|5|9|16
33|33|2015-03-13|N|Maryland|L|69|75|22|62|.355|7|24|.292|18|22|.818|16|33|9|7|6|9|24||22|49|.449|6|14|.429|25|33|.758|10|32|12|4|3|11|18
