ranker|game_season|date_game|game_location|opp_id|game_result|pts|opp_pts|fg|fga|fg_pct|fg3|fg3a|fg3_pct|ft|fta|ft_pct|orb|trb|ast|stl|blk|tov|pf|x|opp_fg|opp_fga|opp_fg_pct|opp_fg3|opp_fg3a|opp_fg3_pct|opp_ft|opp_fta|opp_ft_pct|opp_orb|opp_trb|opp_ast|opp_stl|opp_blk|opp_tov|opp_pf|
1|1|2014-11-14|@|Marshall|L|55|74|20|54|.370|10|29|.345|5|12|.417|7|30|11|7|2|17|18||28|56|.500|8|22|.364|10|14|.714|4|27|19|8|2|10|17
2|2|2014-11-17|@|Louisville|L|39|88|14|50|.280|5|26|.192|6|12|.500|7|24|12|5|1|19|21||35|74|.473|5|26|.192|13|27|.481|29|59|15|12|4|12|16
3|3|2014-11-19|@|Cleveland State|L|46|60|16|45|.356|3|14|.214|11|18|.611|6|18|6|5|4|12|18||20|50|.400|6|19|.316|14|17|.824|14|36|13|4|3|13|21
4|4|2014-11-22||Miles|W|88|71|29|65|.446|6|16|.375|24|31|.774|15|45|15|6|7|19|21||25|64|.391|3|11|.273|18|26|.692|13|31|9|13|4|14|21
5|5|2014-11-25|@|Alabama A&M|W|67|61|23|55|.418|6|19|.316|15|24|.625|8|31|9|12|2|13|24||21|57|.368|4|18|.222|15|23|.652|14|38|16|7|3|19|22
6|6|2014-11-28||Savannah State|W|74|71|21|52|.404|3|13|.231|29|33|.879|8|28|14|12|5|13|21||25|52|.481|5|12|.417|16|25|.640|9|32|14|8|6|15|24
7|7|2014-11-30||Fort Valley State|W|81|49|25|62|.403|8|23|.348|23|30|.767|16|47|19|4|7|9|25||14|52|.269|3|17|.176|18|31|.581|9|30|11|3|4|12|19
8|8|2014-12-03||Winthrop|W (1 OT)|79|76|27|65|.415|8|26|.308|17|26|.654|17|36|16|9|5|9|28||24|49|.490|8|16|.500|20|26|.769|7|30|15|2|6|15|22
9|9|2014-12-06|@|Alabama State|L|55|80|18|59|.305|3|19|.158|16|28|.571|13|34|9|4|5|13|21||31|60|.517|4|9|.444|14|25|.560|11|45|14|3|2|10|22
10|10|2014-12-14||Dartmouth|W|79|67|22|52|.423|5|14|.357|30|41|.732|12|33|14|3|4|8|13||25|56|.446|3|14|.214|14|18|.778|11|31|18|5|2|13|27
11|11|2014-12-16||North Carolina-Asheville|W|64|55|18|49|.367|5|13|.385|23|34|.676|14|39|11|4|4|18|15||21|59|.356|4|15|.267|9|12|.750|6|24|7|11|5|11|24
12|12|2014-12-20|@|Northern Colorado|L|60|69|22|49|.449|7|19|.368|9|16|.563|9|23|14|6|3|14|22||26|49|.531|3|10|.300|14|21|.667|7|27|11|8|2|15|17
13|13|2014-12-22|@|Air Force|L (1 OT)|65|66|25|66|.379|9|25|.360|6|7|.857|9|33|14|2|1|7|16||22|45|.489|10|23|.435|12|18|.667|1|31|17|1|8|10|12
14|14|2014-12-27|@|Jacksonville|L|61|75|22|63|.349|6|25|.240|11|17|.647|13|29|11|5|3|12|23||24|41|.585|3|4|.750|24|38|.632|9|34|5|5|5|14|17
15|15|2015-01-01|@|Southern Illinois-Edwardsville|L|57|73|20|59|.339|5|19|.263|12|20|.600|10|31|10|7|3|13|23||26|48|.542|6|15|.400|15|24|.625|5|33|12|5|3|18|19
16|16|2015-01-03|@|Eastern Illinois|L (1 OT)|50|59|16|58|.276|5|24|.208|13|16|.813|13|40|8|2|6|13|18||21|55|.382|3|17|.176|14|24|.583|10|36|13|5|4|11|16
17|17|2015-01-08||Austin Peay|W|71|59|24|58|.414|4|13|.308|19|21|.905|9|34|16|12|6|10|19||23|61|.377|2|14|.143|11|18|.611|16|36|15|6|7|15|18
18|18|2015-01-11||Murray State|L|57|84|19|60|.317|5|23|.217|14|19|.737|4|19|9|3|5|4|20||29|54|.537|6|15|.400|20|27|.741|12|47|18|3|3|8|18
19|19|2015-01-14||Southeast Missouri State|L|52|69|16|55|.291|3|14|.214|17|21|.810|12|29|11|6|0|9|18||22|50|.440|9|22|.409|16|22|.727|11|36|14|4|6|12|21
20|20|2015-01-17|@|Tennessee-Martin|L|52|55|19|54|.352|9|22|.409|5|10|.500|6|30|9|8|3|8|16||22|46|.478|6|10|.600|5|13|.385|6|34|10|4|3|12|11
21|21|2015-01-22||Eastern Kentucky|W|71|67|23|46|.500|4|12|.333|21|24|.875|8|25|15|11|7|15|18||25|52|.481|9|20|.450|8|10|.800|6|20|15|6|4|17|20
22|22|2015-01-24||Morehead State|L|63|66|18|46|.391|3|15|.200|24|28|.857|6|21|9|7|2|9|18||19|41|.463|11|16|.688|17|20|.850|7|30|15|4|3|17|23
23|23|2015-01-29|@|Belmont|L|82|103|32|67|.478|8|25|.320|10|11|.909|4|25|15|8|7|9|29||32|60|.533|17|24|.708|22|33|.667|12|40|17|4|5|12|13
24|24|2015-01-31|@|Tennessee State|L|43|45|15|48|.313|5|24|.208|8|14|.571|10|36|9|2|5|13|26||12|44|.273|4|12|.333|17|30|.567|9|35|3|2|6|6|18
25|25|2015-02-04|@|Memphis|L|48|74|16|49|.327|6|11|.545|10|14|.714|5|25|8|2|2|14|12||30|61|.492|5|13|.385|9|13|.692|12|37|20|7|9|3|14
26|26|2015-02-07|@|Tennessee Tech|L|59|72|17|47|.362|2|12|.167|23|34|.676|6|28|2|5|2|10|25||23|59|.390|3|18|.167|23|33|.697|18|46|12|3|4|11|23
27|27|2015-02-11||Belmont|W|72|70|28|60|.467|4|11|.364|12|18|.667|13|30|18|11|7|13|14||30|55|.545|5|17|.294|5|9|.556|8|31|18|8|2|16|16
28|28|2015-02-14||Tennessee Tech|W|82|68|26|55|.473|7|19|.368|23|28|.821|4|26|18|7|3|4|19||23|55|.418|4|11|.364|18|26|.692|14|38|9|3|3|11|21
29|29|2015-02-21||Tennessee State|W|55|50|17|49|.347|3|17|.176|18|24|.750|9|32|11|4|5|9|13||19|46|.413|3|17|.176|9|10|.900|3|25|8|6|3|13|19
30|30|2015-02-26|@|Eastern Kentucky|L|57|63|22|50|.440|12|28|.429|1|6|.167|6|27|16|6|2|17|17||22|47|.468|4|17|.235|15|16|.938|5|27|10|11|2|11|11
31|31|2015-02-28|@|Morehead State|L|55|87|17|51|.333|10|28|.357|11|14|.786|3|32|12|6|11|21|15||34|82|.415|9|28|.321|10|18|.556|21|49|24|15|3|7|18
