ranker|game_season|date_game|game_location|opp_id|game_result|pts|opp_pts|fg|fga|fg_pct|fg3|fg3a|fg3_pct|ft|fta|ft_pct|orb|trb|ast|stl|blk|tov|pf|x|opp_fg|opp_fga|opp_fg_pct|opp_fg3|opp_fg3a|opp_fg3_pct|opp_ft|opp_fta|opp_ft_pct|opp_orb|opp_trb|opp_ast|opp_stl|opp_blk|opp_tov|opp_pf|
1|1|2014-11-14||Virginia|L|51|79|15|53|.283|8|26|.308|13|18|.722|9|22|9|4|1|17|15||29|50|.580|5|7|.714|16|21|.762|8|36|12|11|7|16|18
2|2|2014-11-17||Radford|W|74|71|24|51|.471|6|16|.375|20|26|.769|6|29|13|6|4|11|14||25|62|.403|8|26|.308|13|16|.813|13|34|17|9|7|11|21
3|3|2014-11-19||Longwood|W|82|60|30|51|.588|8|13|.615|14|15|.933|8|22|17|11|0|15|13||22|53|.415|6|28|.214|10|15|.667|12|22|10|6|1|19|18
4|4|2014-11-24||Colgate|W|77|71|23|44|.523|6|11|.545|25|38|.658|5|28|12|4|3|8|14||23|50|.460|9|23|.391|16|19|.842|5|25|11|5|3|8|25
5|5|2014-11-26||Sacred Heart|W|79|72|23|46|.500|6|15|.400|27|33|.818|5|36|15|8|3|18|16||25|62|.403|9|27|.333|13|23|.565|12|30|16|10|4|12|25
6|6|2014-11-28|@|Ohio State|L|56|73|22|56|.393|4|21|.190|8|11|.727|11|30|16|4|1|20|17||26|63|.413|6|18|.333|15|21|.714|17|37|13|12|7|15|15
7|7|2014-12-02||Campbell|W|63|61|23|45|.511|6|16|.375|11|18|.611|4|23|17|6|3|17|17||23|51|.451|5|19|.263|10|15|.667|8|23|12|8|2|15|21
8|8|2014-12-07||Richmond|W|51|46|22|57|.386|1|13|.077|6|12|.500|14|38|10|6|2|13|12||16|44|.364|7|25|.280|7|9|.778|3|26|9|6|2|11|16
9|9|2014-12-13|@|East Carolina|L|58|70|19|47|.404|6|22|.273|14|25|.560|6|23|12|12|4|19|26||22|48|.458|6|16|.375|20|32|.625|11|35|14|7|3|21|20
10|10|2014-12-17|@|Ball State|W|72|52|27|53|.509|3|16|.188|15|17|.882|6|39|15|6|5|13|18||17|57|.298|6|23|.261|12|18|.667|6|24|11|4|1|10|14
11|11|2014-12-20||High Point|L|71|80|24|56|.429|10|30|.333|13|21|.619|13|32|16|5|3|11|22||26|52|.500|5|12|.417|23|29|.793|10|33|11|7|3|6|19
12|12|2014-12-22||Norfolk State|L (1 OT)|71|74|21|57|.368|8|22|.364|21|28|.750|9|26|16|9|1|12|23||25|48|.521|5|12|.417|19|28|.679|9|37|16|3|9|17|25
13|13|2014-12-29||Valparaiso|L|52|79|13|55|.236|7|26|.269|19|24|.792|4|29|8|5|0|12|17||29|66|.439|10|22|.455|11|14|.786|11|45|16|8|7|6|18
14|14|2015-01-03||Towson|W|61|52|23|39|.590|3|10|.300|12|19|.632|2|17|12|7|2|13|12||20|46|.435|3|16|.188|9|14|.643|9|23|6|3|2|15|19
15|15|2015-01-05|@|College of Charleston|W|61|50|22|44|.500|2|10|.200|15|22|.682|6|24|12|8|4|8|12||20|54|.370|6|25|.240|4|8|.500|11|29|12|3|1|13|21
16|16|2015-01-08||Northeastern|L|59|65|21|49|.429|8|20|.400|9|17|.529|4|18|11|5|3|7|21||20|46|.435|7|19|.368|18|23|.783|13|38|13|4|2|12|13
17|17|2015-01-10|@|William & Mary|L|73|81|29|60|.483|7|16|.438|8|12|.667|6|32|17|7|3|16|15||28|62|.452|10|24|.417|15|19|.789|10|37|18|8|10|14|15
18|18|2015-01-15|@|Drexel|W|54|35|18|39|.462|5|18|.278|13|20|.650|7|37|11|8|3|17|11||12|50|.240|4|19|.211|7|12|.583|7|27|9|7|3|11|19
19|19|2015-01-17||Elon|W|75|72|25|50|.500|6|18|.333|19|30|.633|10|34|11|10|2|15|19||22|57|.386|8|21|.381|20|25|.800|13|29|10|6|1|14|22
20|20|2015-01-22|@|Northeastern|L|59|82|22|50|.440|7|17|.412|8|15|.533|7|24|11|5|3|11|14||31|59|.525|9|17|.529|11|15|.733|10|31|20|6|4|8|15
21|21|2015-01-24|@|Hofstra|W|69|63|22|54|.407|8|16|.500|17|20|.850|9|35|8|7|2|13|16||23|65|.354|11|31|.355|6|10|.600|12|33|16|4|3|9|21
22|22|2015-01-28||Delaware|W|88|82|32|59|.542|8|22|.364|16|21|.762|7|34|17|2|5|5|13||29|65|.446|12|27|.444|12|16|.750|9|32|17|3|0|5|17
23|23|2015-01-31||William & Mary|L|65|84|21|48|.438|14|28|.500|9|16|.563|7|25|12|10|3|19|14||32|53|.604|11|19|.579|9|13|.692|6|28|15|9|1|15|17
24|24|2015-02-04||North Carolina-Wilmington|L|65|77|20|50|.400|4|19|.211|21|27|.778|10|31|7|4|2|13|16||25|59|.424|9|15|.600|18|22|.818|9|31|15|8|4|6|19
25|25|2015-02-07|@|Towson|W|63|61|19|48|.396|7|17|.412|18|27|.667|8|26|12|6|4|9|20||24|53|.453|2|9|.222|11|22|.500|13|39|15|3|5|11|21
26|26|2015-02-10|@|Delaware|W|67|54|24|57|.421|9|21|.429|10|13|.769|7|31|14|11|2|9|18||17|45|.378|5|15|.333|15|18|.833|5|27|12|5|4|15|13
27|27|2015-02-14|@|Elon|W|86|75|28|46|.609|11|20|.550|19|24|.792|4|25|15|5|3|10|16||27|63|.429|9|30|.300|12|15|.800|9|24|19|5|1|6|20
28|28|2015-02-18||Drexel|W|82|78|24|42|.571|8|13|.615|26|33|.788|6|32|16|3|2|13|17||25|58|.431|14|30|.467|14|17|.824|6|23|18|8|1|6|20
29|29|2015-02-22||College of Charleston|W|68|61|19|46|.413|6|16|.375|24|35|.686|11|35|8|8|0|8|14||23|55|.418|7|21|.333|8|9|.889|7|25|7|3|2|8|23
30|30|2015-02-25|@|North Carolina-Wilmington|L|54|74|18|49|.367|7|19|.368|11|19|.579|8|31|5|4|3|15|16||27|56|.482|7|21|.333|13|19|.684|8|33|15|12|5|6|14
31|31|2015-02-28||Hofstra|W|82|73|27|43|.628|10|17|.588|18|26|.692|2|26|16|5|0|14|18||25|60|.417|8|30|.267|15|25|.600|13|26|12|9|1|6|21
32|32|2015-03-07|N|Hofstra|L|57|74|20|54|.370|5|22|.227|12|15|.800|11|28|10|4|2|14|12||31|63|.492|7|20|.350|5|12|.417|16|34|17|10|3|11|16
