ranker|game_season|date_game|game_location|opp_id|game_result|pts|opp_pts|fg|fga|fg_pct|fg3|fg3a|fg3_pct|ft|fta|ft_pct|orb|trb|ast|stl|blk|tov|pf|x|opp_fg|opp_fga|opp_fg_pct|opp_fg3|opp_fg3a|opp_fg3_pct|opp_ft|opp_fta|opp_ft_pct|opp_orb|opp_trb|opp_ast|opp_stl|opp_blk|opp_tov|opp_pf|
1|1|2014-11-14|@|Southern Methodist|L|54|93|16|51|.314|5|20|.250|17|30|.567|13|26|8|6|3|16|22||33|54|.611|5|16|.313|22|27|.815|6|32|22|9|7|9|20
2|2|2014-11-16||Louisiana State-Alexandria|W|78|75|22|54|.407|3|10|.300|31|46|.674|8|33|13|11|4|16|17||28|61|.459|4|13|.308|15|20|.750|10|34|13|9|3|21|31
3|3|2014-11-19|@|Texas State|L|55|65|21|53|.396|6|17|.353|7|13|.538|11|23|8|11|3|20|23||21|42|.500|4|10|.400|19|23|.826|8|32|11|7|5|22|15
4|4|2014-11-22|@|Indiana|L|72|85|31|62|.500|5|23|.217|5|8|.625|9|27|12|7|3|12|17||30|59|.508|9|20|.450|16|24|.667|12|34|13|5|1|9|12
5|5|2014-11-25|@|Arkansas State|W|63|58|24|53|.453|5|17|.294|10|17|.588|9|26|10|8|1|13|25||19|46|.413|5|17|.294|15|25|.600|9|28|8|3|3|15|17
6|6|2014-11-28|@|Texas Southern|L|59|71|22|48|.458|3|13|.231|12|20|.600|7|22|14|7|4|17|19||26|52|.500|3|14|.214|16|20|.800|9|30|12|10|4|12|19
7|7|2014-12-02|@|Iowa State|L|59|96|23|57|.404|8|21|.381|5|7|.714|13|34|15|5|2|26|17||36|69|.522|13|34|.382|11|18|.611|11|28|26|16|3|9|8
8|8|2014-12-13|@|Texas-Pan American|L|60|66|23|61|.377|4|22|.182|10|17|.588|9|32|13|7|5|14|30||21|48|.438|6|12|.500|18|32|.563|7|31|17|6|3|17|17
9|9|2014-12-15||Champion Baptist|W|128|54|56|87|.644|5|17|.294|11|17|.647|17|41|33|24|7|14|23||17|49|.347|5|18|.278|15|24|.625|9|22|9|6|3|34|12
10|10|2014-12-19||Milligan|W|80|53|27|56|.482|3|12|.250|23|29|.793|9|41|14|9|3|15|15||21|60|.350|2|23|.087|9|15|.600|9|27|10|8|1|17|25
11|11|2014-12-22||Rice|W (1 OT)|79|72|21|46|.457|10|20|.500|27|40|.675|6|27|13|4|3|21|20||22|51|.431|11|28|.393|17|23|.739|7|26|12|8|3|21|30
12|12|2014-12-30||Huston-Tillotson|W|85|59|31|73|.425|7|19|.368|16|27|.593|18|42|21|12|2|8|20||21|49|.429|3|14|.214|14|22|.636|4|24|13|5|8|16|17
13|13|2015-01-03||Nicholls State|W|75|62|23|52|.442|6|18|.333|23|35|.657|12|39|16|8|1|19|26||19|50|.380|4|25|.160|20|30|.667|5|26|13|7|6|19|26
14|14|2015-01-05|@|New Orleans|L|67|72|23|56|.411|5|23|.217|16|24|.667|13|27|6|8|5|16|27||23|51|.451|5|16|.313|21|31|.677|13|36|11|12|2|22|19
15|15|2015-01-10||Central Arkansas|W|84|65|34|64|.531|8|21|.381|8|12|.667|10|24|22|14|3|9|19||22|46|.478|4|16|.250|17|23|.739|7|27|15|4|2|22|14
16|16|2015-01-12|@|Texas A&M-Corpus Christi|W|66|64|24|51|.471|8|17|.471|10|17|.588|7|30|14|5|1|13|20||22|46|.478|8|15|.533|12|24|.500|7|30|17|7|2|10|15
17|17|2015-01-17|@|Northwestern State|L|84|96|31|77|.403|9|32|.281|13|19|.684|18|49|17|4|1|17|23||32|62|.516|11|23|.478|21|32|.656|4|28|23|9|5|7|14
18|18|2015-01-19||Southeastern Louisiana|W|57|50|18|53|.340|3|18|.167|18|22|.818|11|33|7|5|8|14|19||17|54|.315|5|18|.278|11|20|.550|11|35|9|8|2|13|18
19|19|2015-01-24|@|Houston Baptist|L|77|79|26|55|.473|3|17|.176|22|27|.815|11|26|9|5|3|10|25||22|48|.458|5|13|.385|30|37|.811|7|27|11|7|0|9|21
20|20|2015-01-26||Stephen F. Austin|L|65|82|20|46|.435|4|15|.267|21|30|.700|9|26|7|6|5|19|23||26|65|.400|9|26|.346|21|26|.808|19|40|15|14|3|11|23
21|21|2015-01-31||Abilene Christian|W|84|74|30|52|.577|5|13|.385|19|29|.655|6|32|15|6|6|15|21||28|57|.491|10|22|.455|8|15|.533|4|23|14|6|0|11|27
22|22|2015-02-02|@|Sam Houston State|L|50|79|20|55|.364|1|13|.077|9|20|.450|8|31|11|5|2|13|21||24|56|.429|8|19|.421|23|31|.742|13|41|17|8|6|10|18
23|23|2015-02-07|@|Incarnate Word|L|72|78|30|57|.526|4|15|.267|8|11|.727|7|29|13|5|5|13|21||29|57|.509|5|15|.333|15|22|.682|6|26|14|7|6|8|10
24|24|2015-02-09|N|Abilene Christian|W|80|61|22|48|.458|11|19|.579|25|31|.806|11|30|10|5|6|15|20||18|48|.375|9|18|.500|16|20|.800|12|28|11|5|5|21|23
25|25|2015-02-16||Houston Baptist|W|72|64|22|50|.440|5|14|.357|23|31|.742|10|36|10|8|7|16|17||24|56|.429|5|18|.278|11|19|.579|8|27|15|10|2|19|21
26|26|2015-02-21||McNeese State|W|58|53|19|44|.432|6|22|.273|14|19|.737|8|27|12|7|5|13|18||18|51|.353|4|18|.222|13|20|.650|16|34|10|6|1|15|21
27|27|2015-02-23|@|Stephen F. Austin|L|74|103|24|48|.500|6|14|.429|20|28|.714|8|25|8|3|4|19|15||41|66|.621|12|23|.522|9|9|1.000|5|23|27|9|2|8|20
28|28|2015-02-28||Incarnate Word|W|79|66|25|52|.481|8|16|.500|21|27|.778|12|39|16|4|6|10|24||19|48|.396|6|14|.429|22|34|.647|7|21|11|4|2|7|20
29|29|2015-03-02|@|McNeese State|L|69|70|23|50|.460|9|21|.429|14|22|.636|14|34|13|5|4|13|12||25|48|.521|9|13|.692|11|20|.550|6|21|14|6|7|9|13
30|30|2015-03-05||Sam Houston State|L|61|67|19|47|.404|4|13|.308|19|26|.731|5|29|12|10|3|20|24||19|49|.388|8|24|.333|21|30|.700|6|30|13|10|3|16|19
