ranker|game_season|date_game|game_location|opp_id|game_result|pts|opp_pts|fg|fga|fg_pct|fg3|fg3a|fg3_pct|ft|fta|ft_pct|orb|trb|ast|stl|blk|tov|pf|x|opp_fg|opp_fga|opp_fg_pct|opp_fg3|opp_fg3a|opp_fg3_pct|opp_ft|opp_fta|opp_ft_pct|opp_orb|opp_trb|opp_ast|opp_stl|opp_blk|opp_tov|opp_pf|
1|1|2014-11-14|N|Villanova|L|66|77|28|51|.549|6|16|.375|4|10|.400|3|31|15|6|2|21|22||27|71|.380|8|33|.242|15|24|.625|18|37|16|13|3|9|11
2|2|2014-11-18||Canisius|L|51|63|18|55|.327|3|15|.200|12|19|.632|7|32|12|6|5|20|21||19|59|.322|6|27|.222|19|21|.905|7|33|13|11|1|13|18
3|3|2014-11-21|@|Rider|L|74|78|26|53|.491|9|21|.429|13|13|1.000|7|30|13|0|1|17|20||26|52|.500|8|22|.364|18|25|.720|6|21|11|9|4|7|12
4|4|2014-11-23||Columbia|L|44|54|19|63|.302|0|13|.000|6|10|.600|12|32|9|6|2|7|12||20|53|.377|6|27|.222|8|18|.444|11|42|14|4|3|13|15
5|5|2014-11-26|@|DePaul|W|86|74|29|51|.569|9|18|.500|19|21|.905|6|31|16|5|4|17|21||22|60|.367|8|24|.333|22|26|.846|14|31|10|9|3|13|18
6|6|2014-11-30||Penn State-Mont Alto|W|100|74|35|77|.455|9|30|.300|21|27|.778|15|42|26|12|6|8|19||27|60|.450|7|20|.350|13|20|.650|5|30|19|6|2|19|23
7|7|2014-12-03||Saint Francis (PA)|W|61|59|18|45|.400|4|14|.286|21|29|.724|6|28|14|7|0|12|15||24|51|.471|8|23|.348|3|11|.273|5|25|14|3|1|14|19
8|8|2014-12-06|@|Long Island University|W|80|76|22|56|.393|8|26|.308|28|32|.875|6|30|13|8|5|10|22||25|62|.403|10|27|.370|16|23|.696|9|35|11|4|1|13|21
9|9|2014-12-18|@|Quinnipiac|L|65|80|22|55|.400|3|11|.273|18|24|.750|7|25|12|2|2|9|19||30|73|.411|4|18|.222|16|21|.762|25|49|22|3|7|9|19
10|10|2014-12-20|@|Arizona State|W (3 OT)|84|81|31|70|.443|9|21|.429|13|23|.565|7|43|20|12|2|22|23||30|70|.429|6|20|.300|15|29|.517|9|42|15|12|2|19|20
11|11|2014-12-28|@|Maryland-Baltimore County|W|58|55|21|48|.438|4|12|.333|12|16|.750|4|34|11|9|3|14|18||16|56|.286|10|20|.500|13|15|.867|7|29|12|7|2|14|14
12|12|2014-12-31||Colgate|L|61|68|24|62|.387|6|16|.375|7|10|.700|6|20|15|10|4|7|13||26|45|.578|10|20|.500|6|9|.667|5|31|19|5|0|15|18
13|13|2015-01-03|@|Boston University|L|56|75|19|55|.345|5|14|.357|13|19|.684|10|33|11|7|1|16|14||22|54|.407|14|25|.560|17|20|.850|8|32|19|9|3|13|16
14|14|2015-01-07|@|Army|W|71|60|26|57|.456|3|11|.273|16|23|.696|6|37|17|4|4|15|17||21|62|.339|9|31|.290|9|15|.600|10|35|12|7|5|16|19
15|15|2015-01-10||Loyola (MD)|L|60|65|23|55|.418|4|13|.308|10|18|.556|14|32|13|5|8|12|15||22|59|.373|9|17|.529|12|12|1.000|13|33|18|4|4|14|16
16|16|2015-01-14|@|American|L|59|62|22|49|.449|2|13|.154|13|17|.765|10|35|8|4|0|14|18||21|48|.438|9|23|.391|11|17|.647|6|22|11|6|2|8|14
17|17|2015-01-17||Holy Cross|W|69|64|23|47|.489|6|18|.333|17|31|.548|6|33|17|4|3|11|16||22|61|.361|9|35|.257|11|15|.733|7|31|13|9|2|10|26
18|18|2015-01-21||Navy|W|61|47|23|51|.451|7|17|.412|8|12|.667|7|33|15|5|2|9|14||20|54|.370|4|21|.190|3|9|.333|9|30|10|6|2|10|14
19|19|2015-01-24|@|Lafayette|W|75|71|26|50|.520|8|14|.571|15|15|1.000|7|30|13|2|3|14|21||22|54|.407|6|19|.316|21|23|.913|6|18|11|5|1|7|13
20|20|2015-01-28|@|Bucknell|L|62|68|25|58|.431|4|12|.333|8|11|.727|6|28|12|5|5|11|24||21|56|.375|9|24|.375|17|26|.654|12|36|15|5|1|10|15
21|21|2015-01-31||Boston University|W|89|86|29|53|.547|8|14|.571|23|32|.719|6|28|24|2|1|11|18||31|63|.492|7|25|.280|17|22|.773|8|25|15|6|1|6|23
22|22|2015-02-04||Army|W|103|74|35|63|.556|9|18|.500|24|34|.706|7|38|29|9|2|10|22||21|62|.339|12|32|.375|20|24|.833|7|28|18|5|4|15|23
23|23|2015-02-07|@|Loyola (MD)|W|69|63|24|47|.511|4|11|.364|17|22|.773|6|29|13|2|8|12|17||25|65|.385|5|16|.313|8|16|.500|14|29|16|8|4|7|20
24|24|2015-02-12||American|W|65|58|20|44|.455|5|14|.357|20|23|.870|4|25|16|6|7|13|13||20|51|.392|8|20|.400|10|13|.769|7|25|13|7|2|13|20
25|25|2015-02-14|@|Holy Cross|L|52|58|16|54|.296|3|16|.188|17|22|.773|16|40|5|3|3|14|19||21|58|.362|3|18|.167|13|23|.565|15|36|10|9|9|7|16
26|26|2015-02-18|@|Navy|W|59|53|17|50|.340|5|15|.333|20|25|.800|11|33|8|9|5|13|20||19|54|.352|6|15|.400|9|15|.600|11|34|10|6|6|15|21
