ranker|game_season|date_game|game_location|opp_id|game_result|pts|opp_pts|fg|fga|fg_pct|fg3|fg3a|fg3_pct|ft|fta|ft_pct|orb|trb|ast|stl|blk|tov|pf|x|opp_fg|opp_fga|opp_fg_pct|opp_fg3|opp_fg3a|opp_fg3_pct|opp_ft|opp_fta|opp_ft_pct|opp_orb|opp_trb|opp_ast|opp_stl|opp_blk|opp_tov|opp_pf|
1|1|2014-11-14||Berry|W|91|70|29|72|.403|11|34|.324|22|35|.629|20|50|16|14|5|22|25||21|63|.333|10|21|.476|18|27|.667|13|35|11|11|3|26|30
2|2|2014-11-17||Belmont|L|62|87|23|69|.333|9|33|.273|7|10|.700|14|31|11|6|1|13|11||33|57|.579|16|33|.485|5|7|.714|7|40|23|8|6|20|14
3|3|2014-11-20|@|Vanderbilt|L|62|72|19|57|.333|7|28|.250|17|26|.654|12|35|7|4|6|9|19||27|59|.458|7|15|.467|11|18|.611|12|42|19|5|8|11|22
4|4|2014-11-22||Transylvania|W|74|63|28|60|.467|9|31|.290|9|21|.429|11|36|20|8|3|13|17||16|54|.296|9|32|.281|22|25|.880|14|39|10|5|2|18|19
5|5|2014-11-24|@|Belmont|L|77|82|26|59|.441|9|23|.391|16|23|.696|9|29|14|3|0|15|29||27|48|.563|11|22|.500|17|34|.500|7|32|15|10|2|16|24
6|6|2014-11-30|@|Colorado|L|75|84|26|65|.400|13|33|.394|10|12|.833|7|19|14|7|2|8|28||27|49|.551|6|16|.375|24|34|.706|9|39|20|4|9|13|14
7|7|2014-12-03|@|Tennessee Tech|L|79|84|29|58|.500|10|24|.417|11|22|.500|10|36|14|5|1|21|21||30|63|.476|5|20|.250|19|25|.760|6|24|16|10|3|8|19
8|8|2014-12-06||Tennessee State|W|77|68|29|58|.500|6|17|.353|13|24|.542|9|31|18|8|2|12|17||24|53|.453|10|21|.476|10|16|.625|6|25|13|7|1|19|23
9|9|2014-12-13|@|Austin Peay|W|68|59|18|46|.391|8|27|.296|24|30|.800|7|31|12|9|2|16|29||16|48|.333|5|15|.333|22|36|.611|12|35|10|7|2|15|22
10|10|2014-12-16|@|Texas|L|61|106|19|62|.306|9|30|.300|14|23|.609|9|23|11|5|2|11|29||35|65|.538|12|24|.500|24|37|.649|18|53|24|6|11|9|20
11|11|2014-12-19|@|Princeton|L|55|77|21|58|.362|2|16|.125|11|16|.688|12|35|10|4|3|13|15||26|51|.510|14|26|.538|11|16|.688|3|28|15|6|6|10|14
12|12|2014-12-21||Austin Peay|W|69|63|21|45|.467|8|21|.381|19|25|.760|6|31|13|4|1|16|19||20|53|.377|3|20|.150|20|27|.741|11|26|9|5|4|13|20
13|13|2014-12-29|@|Chattanooga|L|60|78|23|44|.523|6|17|.353|8|11|.727|5|26|18|5|3|24|18||25|60|.417|13|32|.406|15|21|.714|15|30|17|12|3|8|13
14|14|2015-01-03|@|Missouri|L|60|72|19|59|.322|8|34|.235|14|21|.667|8|34|10|5|1|14|25||24|51|.471|5|15|.333|19|31|.613|5|37|13|9|2|10|19
15|15|2015-01-05||Rhodes|W|90|53|30|44|.682|9|17|.529|21|27|.778|5|30|18|4|3|14|22||17|52|.327|4|22|.182|15|22|.682|9|23|10|2|0|14|23
16|16|2015-01-10||Northern Kentucky|W|80|61|26|59|.441|10|30|.333|18|21|.857|9|36|19|3|2|9|17||23|56|.411|6|30|.200|9|15|.600|6|26|12|3|2|9|20
17|17|2015-01-13||South Carolina Upstate|W|60|58|20|47|.426|6|21|.286|14|20|.700|7|29|15|6|0|13|16||22|51|.431|8|26|.308|6|20|.300|12|34|15|3|1|14|23
18|18|2015-01-17|@|Kennesaw State|W|91|77|28|59|.475|14|27|.519|21|25|.840|9|35|16|6|1|10|25||20|55|.364|6|21|.286|31|41|.756|12|36|7|4|4|11|20
19|19|2015-01-22||Jacksonville|W (2 OT)|80|77|26|55|.473|7|19|.368|21|33|.636|8|37|20|4|2|16|21||26|59|.441|10|26|.385|15|22|.682|4|30|13|9|4|10|27
20|20|2015-01-24||North Florida|L|66|75|23|62|.371|6|21|.286|14|17|.824|12|26|13|6|2|7|24||19|47|.404|10|25|.400|27|30|.900|12|38|14|1|8|13|15
21|21|2015-01-29|@|Florida Gulf Coast|L|62|78|23|59|.390|7|29|.241|9|13|.692|9|31|10|2|0|13|16||31|66|.470|8|22|.364|8|15|.533|13|37|18|6|2|9|15
22|22|2015-01-31|@|Stetson|L|73|75|26|58|.448|10|29|.345|11|17|.647|10|32|19|4|1|11|24||22|50|.440|6|13|.462|25|32|.781|7|30|15|8|6|9|17
23|23|2015-02-07|@|Northern Kentucky|L|60|77|14|45|.311|8|21|.381|24|31|.774|7|20|7|7|0|12|14||26|46|.565|11|21|.524|14|20|.700|7|34|15|7|5|15|27
24|24|2015-02-12||Stetson|W|87|85|28|61|.459|13|25|.520|18|25|.720|14|38|22|8|2|20|26||28|53|.528|10|21|.476|19|33|.576|10|31|15|2|7|20|21
25|25|2015-02-14||Florida Gulf Coast|L|74|76|23|54|.426|7|23|.304|21|29|.724|10|27|10|8|1|12|18||27|56|.482|7|24|.292|15|23|.652|12|35|14|7|3|16|22
26|26|2015-02-19|@|North Florida|L|78|93|27|59|.458|5|20|.250|19|31|.613|9|26|10|9|0|12|26||28|48|.583|10|19|.526|27|41|.659|10|35|13|9|7|14|23
27|27|2015-02-21|@|Jacksonville|W|87|83|29|55|.527|10|27|.370|19|25|.760|6|33|21|3|2|10|24||27|57|.474|10|23|.435|19|31|.613|5|27|19|3|1|7|19
28|28|2015-02-25|@|South Carolina Upstate|L|47|70|17|63|.270|5|27|.185|8|18|.444|10|32|13|3|2|9|27||25|54|.463|7|18|.389|13|29|.448|11|45|18|6|2|13|18
29|29|2015-02-28||Kennesaw State|W|94|75|28|68|.412|11|27|.407|27|33|.818|16|49|16|0|2|11|23||25|68|.368|6|29|.207|19|22|.864|8|31|7|6|5|6|21
30|30|2015-03-03|@|Northern Kentucky|W (1 OT)|76|73|23|47|.489|6|19|.316|24|35|.686|6|33|10|11|7|14|15||27|61|.443|11|23|.478|8|16|.500|7|30|14|10|1|12|23
31|31|2015-03-05|@|North Florida|L|57|71|20|62|.323|4|20|.200|13|16|.813|8|28|5|4|2|9|22||20|49|.408|6|24|.250|25|29|.862|6|37|10|7|3|11|16
