ranker|game_season|date_game|game_location|opp_id|game_result|pts|opp_pts|fg|fga|fg_pct|fg3|fg3a|fg3_pct|ft|fta|ft_pct|orb|trb|ast|stl|blk|tov|pf|x|opp_fg|opp_fga|opp_fg_pct|opp_fg3|opp_fg3a|opp_fg3_pct|opp_ft|opp_fta|opp_ft_pct|opp_orb|opp_trb|opp_ast|opp_stl|opp_blk|opp_tov|opp_pf|
1|1|2014-11-15||Gardner-Webb|W|93|82|36|69|.522|8|23|.348|13|14|.929|15|44|19|7|3|18|8||35|75|.467|9|33|.273|3|5|.600|7|24|17|12|0|10|15
2|2|2014-11-18||Texas Tech|W (1 OT)|69|64|26|71|.366|2|19|.105|15|23|.652|13|46|14|8|6|13|21||21|59|.356|3|12|.250|19|28|.679|10|44|9|4|6|17|21
3|3|2014-11-21|N|Old Dominion|L|61|70|20|51|.392|5|16|.313|16|25|.640|3|35|11|5|4|16|22||26|61|.426|7|14|.500|11|23|.478|8|35|11|7|2|8|21
4|4|2014-11-22|N|Weber State|W|72|58|32|65|.492|3|8|.375|5|6|.833|12|29|16|8|2|13|14||20|47|.426|5|12|.417|13|18|.722|9|26|10|8|3|17|13
5|5|2014-11-24|N|Clemson|L|61|64|23|61|.377|1|13|.077|14|20|.700|17|37|13|7|2|13|13||24|57|.421|6|17|.353|10|15|.667|11|30|9|3|3|15|14
6|6|2014-11-29||McNeese State|W|83|72|33|61|.541|5|15|.333|12|18|.667|11|34|20|9|3|13|12||29|64|.453|7|21|.333|7|15|.467|15|35|14|11|1|15|17
7|7|2014-12-02||Massachusetts|W|82|60|35|65|.538|5|13|.385|7|11|.636|7|35|15|11|10|19|16||23|61|.377|2|13|.154|12|19|.632|9|29|6|12|3|18|17
8|8|2014-12-04|@|West Virginia|W|74|73|26|56|.464|8|15|.533|14|18|.778|9|40|15|9|6|24|20||23|67|.343|5|17|.294|22|32|.688|14|32|11|19|6|12|16
9|9|2014-12-13||Sam Houston State|W|76|67|26|61|.426|5|13|.385|19|26|.731|12|40|16|4|9|7|10||25|73|.342|8|23|.348|9|15|.600|21|45|8|4|4|10|22
10|10|2014-12-18|@|Alabama-Birmingham|W|79|70|28|61|.459|7|14|.500|16|18|.889|8|31|15|9|7|10|9||29|65|.446|9|24|.375|3|4|.750|10|32|17|4|5|14|14
11|11|2014-12-22||College of Charleston|W|71|47|22|46|.478|6|13|.462|21|29|.724|7|41|17|8|11|21|16||18|64|.281|3|11|.273|8|12|.667|11|31|9|14|1|17|21
12|12|2014-12-29||Southern Mississippi|W|87|67|35|71|.493|6|19|.316|11|16|.688|14|42|22|11|7|13|15||23|57|.404|9|25|.360|12|20|.600|7|25|9|7|1|15|14
13|13|2015-01-03||Savannah State|W|75|59|33|60|.550|2|9|.222|7|8|.875|11|38|25|12|8|18|13||25|54|.463|2|7|.286|7|14|.500|5|20|9|12|1|18|10
14|14|2015-01-08|@|Missouri|L (1 OT)|67|74|24|66|.364|6|22|.273|13|23|.565|15|44|12|11|6|19|18||27|67|.403|9|22|.409|11|15|.733|10|39|16|7|5|14|19
15|15|2015-01-10||Georgia|W (2 OT)|87|84|30|66|.455|11|29|.379|16|23|.696|7|29|19|13|10|13|25||28|68|.412|2|12|.167|26|35|.743|17|47|11|7|3|20|23
16|16|2015-01-14|@|Mississippi|W|75|71|26|60|.433|6|20|.300|17|23|.739|10|39|16|5|9|15|11||27|78|.346|5|23|.217|12|16|.750|18|39|14|9|2|12|17
17|17|2015-01-17||Texas A&M|L|64|67|25|64|.391|7|23|.304|7|11|.636|14|37|17|9|11|16|14||27|65|.415|4|10|.400|9|11|.818|14|39|10|7|4|13|12
18|18|2015-01-20|@|Florida|W|79|61|27|52|.519|8|13|.615|17|18|.944|7|34|17|6|1|16|15||23|60|.383|3|16|.188|12|17|.706|12|29|12|9|3|13|17
19|19|2015-01-24|@|Vanderbilt|W (1 OT)|79|75|30|64|.469|6|15|.400|13|23|.565|16|40|13|6|2|19|15||27|63|.429|7|23|.304|14|17|.824|10|34|18|9|7|16|20
20|20|2015-01-28||South Carolina|W|64|58|22|48|.458|5|14|.357|15|19|.789|6|31|13|7|13|13|13||21|61|.344|7|19|.368|9|15|.600|17|37|11|6|7|14|17
21|21|2015-01-31|@|Mississippi State|L|67|73|26|69|.377|4|23|.174|11|21|.524|15|38|10|6|6|15|24||23|52|.442|4|11|.364|23|35|.657|7|38|12|12|2|13|18
22|22|2015-02-05||Auburn|L|77|81|29|66|.439|4|17|.235|15|23|.652|16|41|12|3|8|15|19||26|61|.426|9|20|.450|20|27|.741|12|35|13|10|5|14|21
23|23|2015-02-07||Alabama|W|71|60|22|44|.500|4|10|.400|23|38|.605|8|38|12|5|5|12|15||20|61|.328|8|26|.308|12|19|.632|15|36|5|6|2|10|24
24|24|2015-02-10||Kentucky|L|69|71|28|59|.475|3|10|.300|10|16|.625|9|31|13|6|5|8|12||31|68|.456|2|12|.167|7|11|.636|16|37|14|5|9|8|16
25|25|2015-02-14|@|Tennessee|W|73|55|25|47|.532|9|19|.474|14|18|.778|6|36|18|3|9|13|16||21|57|.368|2|14|.143|11|17|.647|6|25|9|11|2|9|18
26|26|2015-02-17|@|Texas A&M|L|62|68|23|54|.426|8|24|.333|8|10|.800|4|23|17|8|3|13|22||25|55|.455|4|14|.286|14|26|.538|13|37|14|5|6|13|17
27|27|2015-02-21||Florida|W|70|63|22|55|.400|5|17|.294|21|27|.778|7|35|14|8|9|15|9||24|68|.353|6|23|.261|9|12|.750|12|39|14|8|7|15|19
28|28|2015-02-24|@|Auburn|W|84|61|37|64|.578|7|21|.333|3|8|.375|10|32|22|10|4|11|16||20|53|.377|7|25|.280|14|17|.824|8|26|14|4|2|16|15
29|29|2015-02-28||Mississippi|W|73|63|26|60|.433|5|17|.294|16|24|.667|10|35|17|5|6|10|16||23|60|.383|4|14|.286|13|21|.619|13|42|8|5|4|16|24
30|30|2015-03-04||Tennessee|L|63|78|19|47|.404|7|21|.333|18|24|.750|6|23|15|4|3|11|13||33|63|.524|8|21|.381|4|7|.571|11|31|11|9|6|7|18
31|31|2015-03-07|@|Arkansas|W|81|78|33|66|.500|9|21|.429|6|11|.545|10|31|16|7|2|14|18||28|66|.424|7|25|.280|15|23|.652|17|35|19|9|7|12|12
32|32|2015-03-13|N|Auburn|L (1 OT)|70|73|19|53|.358|7|17|.412|25|44|.568|15|41|11|5|8|16|26||21|57|.368|7|16|.438|24|36|.667|10|35|12|7|2|11|27
