ranker|game_season|date_game|game_location|opp_id|game_result|pts|opp_pts|fg|fga|fg_pct|fg3|fg3a|fg3_pct|ft|fta|ft_pct|orb|trb|ast|stl|blk|tov|pf|x|opp_fg|opp_fga|opp_fg_pct|opp_fg3|opp_fg3a|opp_fg3_pct|opp_ft|opp_fta|opp_ft_pct|opp_orb|opp_trb|opp_ast|opp_stl|opp_blk|opp_tov|opp_pf|
1|1|2014-11-15|@|Alabama-Birmingham|W|74|65|28|67|.418|6|16|.375|12|15|.800|10|34|18|8|5|11|15||23|56|.411|6|15|.400|13|15|.867|6|33|13|7|7|16|15
2|2|2014-11-17||Champion Baptist|W|106|39|41|69|.594|9|24|.375|15|24|.625|15|45|21|14|10|11|15||14|52|.269|3|14|.214|8|12|.667|5|16|8|1|0|22|16
3|3|2014-11-21|@|Florida|L (1 OT)|56|61|21|64|.328|9|25|.360|5|8|.625|9|33|8|7|4|10|24||17|52|.327|3|15|.200|24|32|.750|11|43|9|5|4|14|13
4|4|2014-11-26|N|Coastal Carolina|L|48|61|19|49|.388|5|25|.200|5|7|.714|4|31|14|1|7|10|14||22|56|.393|6|21|.286|11|15|.733|7|27|10|3|3|5|11
5|5|2014-11-27|N|Robert Morris|L|54|71|21|50|.420|4|17|.235|8|14|.571|9|24|14|4|7|14|19||24|56|.429|6|13|.462|17|20|.850|15|34|13|12|2|11|18
6|6|2014-12-06||Louisiana College|W|83|55|35|63|.556|2|10|.200|11|17|.647|12|38|21|12|4|20|16||21|64|.328|2|19|.105|11|14|.786|14|30|13|9|5|23|16
7|7|2014-12-09||Northwestern State|W|82|74|31|54|.574|3|8|.375|17|23|.739|10|44|20|3|8|15|18||24|72|.333|10|33|.303|16|19|.842|14|28|16|8|5|4|18
8|8|2014-12-13|@|New Mexico|L|46|54|16|55|.291|3|19|.158|11|13|.846|10|31|6|6|4|10|17||21|62|.339|4|20|.200|8|14|.571|18|42|7|4|7|12|17
9|9|2014-12-16||Central Baptist|W|78|53|30|59|.508|4|12|.333|14|18|.778|10|34|15|9|5|10|17||21|57|.368|4|13|.308|7|12|.583|10|28|8|4|1|17|15
10|10|2014-12-19||Louisiana State-Alexandria|W|76|71|28|52|.538|3|10|.300|17|23|.739|7|34|16|2|6|10|13||27|65|.415|9|26|.346|8|14|.571|11|29|13|3|1|7|19
11|11|2014-12-21|@|Samford|L|50|64|19|59|.322|6|10|.600|6|11|.545|11|32|10|1|3|10|17||24|54|.444|7|24|.292|9|14|.643|7|35|16|7|6|8|10
12|12|2014-12-30|@|Georgia State|L|45|65|15|53|.283|5|17|.294|10|17|.588|8|29|13|5|1|11|10||24|54|.444|4|18|.222|13|16|.813|8|37|18|7|2|7|14
13|13|2015-01-05||Arkansas State|W|70|61|29|53|.547|1|9|.111|11|16|.688|7|32|14|3|3|11|12||23|55|.418|4|19|.211|11|15|.733|8|27|13|5|1|11|15
14|14|2015-01-08|@|Texas-Arlington|W (1 OT)|76|73|28|70|.400|9|31|.290|11|15|.733|12|43|17|3|4|12|24||22|58|.379|6|20|.300|23|37|.622|12|37|10|5|4|9|18
15|15|2015-01-10|@|Texas State|W|62|59|24|49|.490|4|16|.250|10|11|.909|9|33|14|8|5|18|18||20|52|.385|4|13|.308|15|18|.833|7|22|6|10|1|12|13
16|16|2015-01-15||Troy|W|63|54|25|58|.431|5|19|.263|8|9|.889|10|34|9|3|6|8|10||22|58|.379|8|16|.500|2|3|.667|9|30|11|5|3|14|11
17|17|2015-01-17||Arkansas-Little Rock|W|64|52|21|47|.447|3|15|.200|19|30|.633|8|35|11|3|3|12|18||15|52|.288|3|15|.200|19|23|.826|7|31|9|4|2|11|22
18|18|2015-01-19|@|Louisiana-Lafayette|W|57|55|22|56|.393|5|14|.357|8|17|.471|6|31|9|8|3|10|14||18|55|.327|2|18|.111|17|18|.944|9|41|9|5|5|14|11
19|19|2015-01-22||Texas-Arlington|L|57|61|20|50|.400|5|18|.278|12|17|.706|8|33|13|6|5|15|14||23|53|.434|7|26|.269|8|14|.571|5|29|15|9|2|9|15
20|20|2015-01-24||Georgia Southern|L|53|57|19|52|.365|2|19|.105|13|19|.684|9|34|9|2|3|10|16||21|50|.420|9|23|.391|6|10|.600|3|26|12|7|5|10|15
21|21|2015-01-29|@|Troy|W (1 OT)|58|55|20|65|.308|8|26|.308|10|12|.833|12|33|11|5|4|6|12||20|56|.357|7|19|.368|8|16|.500|11|40|10|3|4|12|12
22|22|2015-01-31||South Alabama|W|67|61|25|61|.410|2|11|.182|15|16|.938|9|35|14|6|4|9|15||22|53|.415|5|16|.313|12|14|.857|3|24|9|0|7|14|15
23|23|2015-02-05|@|Arkansas-Little Rock|W|77|61|30|52|.577|5|12|.417|12|13|.923|6|32|16|6|2|13|19||20|59|.339|4|21|.190|17|22|.773|12|28|7|2|1|8|13
24|24|2015-02-07|@|Georgia Southern|W (1 OT)|71|68|27|52|.519|10|19|.526|7|11|.636|5|25|14|7|1|11|13||24|57|.421|9|26|.346|11|16|.688|12|31|12|2|2|13|14
25|25|2015-02-12||Louisiana-Lafayette|W|67|55|23|51|.451|7|15|.467|14|18|.778|6|28|13|5|6|11|9||22|58|.379|6|22|.273|5|7|.714|11|32|10|5|2|15|18
26|26|2015-02-14||Appalachian State|W|69|58|27|53|.509|4|14|.286|11|18|.611|6|32|17|2|5|9|21||19|55|.345|4|15|.267|16|22|.727|10|32|8|2|0|11|18
27|27|2015-02-21|@|Arkansas State|L|68|70|27|65|.415|9|23|.391|5|6|.833|11|35|11|7|4|11|11||29|64|.453|6|18|.333|6|11|.545|12|35|13|4|5|8|9
28|28|2015-02-26|@|South Alabama|W|75|57|28|61|.459|4|10|.400|15|21|.714|19|40|14|4|2|7|16||19|49|.388|7|18|.389|12|19|.632|10|27|5|5|3|14|15
29|29|2015-02-28|@|Appalachian State|L|43|66|19|56|.339|4|19|.211|1|3|.333|8|24|9|4|3|12|14||24|49|.490|8|22|.364|10|14|.714|8|31|15|6|4|8|10
30|30|2015-03-05||Georgia State|L|50|58|18|55|.327|2|15|.133|12|18|.667|20|42|9|3|1|13|15||20|49|.408|9|25|.360|9|17|.529|10|29|11|8|4|9|17
31|31|2015-03-07||Texas State|W|56|53|20|48|.417|5|10|.500|11|15|.733|6|35|12|3|4|12|15||19|55|.345|6|16|.375|9|16|.563|9|31|11|4|2|9|16
32|32|2015-03-13|N|South Alabama|W|77|59|32|77|.416|9|18|.500|4|6|.667|20|45|14|3|3|7|15||22|60|.367|5|19|.263|10|13|.769|9|33|10|5|5|12|6
33|33|2015-03-14|N|Georgia Southern|L|43|44|14|46|.304|5|17|.294|10|11|.909|6|36|8|5|2|13|16||14|50|.280|5|23|.217|11|17|.647|8|32|5|3|3|7|14
