ranker|game_season|date_game|game_location|opp_id|game_result|pts|opp_pts|fg|fga|fg_pct|fg3|fg3a|fg3_pct|ft|fta|ft_pct|orb|trb|ast|stl|blk|tov|pf|x|opp_fg|opp_fga|opp_fg_pct|opp_fg3|opp_fg3a|opp_fg3_pct|opp_ft|opp_fta|opp_ft_pct|opp_orb|opp_trb|opp_ast|opp_stl|opp_blk|opp_tov|opp_pf|
1|1|2014-11-14|@|Texas Tech|L|59|71|17|50|.340|9|19|.474|16|23|.696|10|33|9|6|5|15|24||23|58|.397|7|18|.389|18|28|.643|13|34|13|9|10|7|21
2|2|2014-11-16||Cornell|W|76|71|22|59|.373|8|19|.421|24|34|.706|14|36|11|6|3|10|28||21|53|.396|3|19|.158|26|36|.722|11|33|7|4|9|10|24
3|3|2014-11-19||Maryland-Baltimore County|W|45|38|15|51|.294|1|13|.077|14|25|.560|12|39|4|11|2|18|15||14|53|.264|2|21|.095|8|13|.615|4|31|11|11|7|19|18
4|4|2014-11-22|@|Butler|L|39|80|15|51|.294|4|16|.250|5|11|.455|8|27|5|6|3|20|16||30|56|.536|9|16|.563|11|17|.647|8|33|17|11|6|10|10
5|5|2014-11-25|@|Syracuse|L|37|70|10|52|.192|7|28|.250|10|19|.526|13|32|7|5|2|17|20||27|52|.519|2|12|.167|14|24|.583|8|35|20|10|9|12|15
6|6|2014-11-29||Siena|L|71|81|21|48|.438|3|14|.214|26|33|.788|8|25|8|3|6|13|26||27|58|.466|5|14|.357|22|26|.846|10|23|18|4|3|6|25
7|7|2014-12-02|@|Columbia|W|64|62|23|48|.479|5|10|.500|13|17|.765|7|26|12|6|4|13|17||23|57|.404|7|24|.292|9|14|.643|14|31|13|4|4|12|18
8|8|2014-12-06||Mount St. Mary's|L|65|74|22|52|.423|11|19|.579|10|18|.556|10|29|14|6|4|14|17||28|54|.519|7|17|.412|11|17|.647|10|31|10|11|6|12|17
9|9|2014-12-09|@|Saint Joseph's|L|42|68|15|53|.283|2|16|.125|10|18|.556|8|28|2|4|2|9|20||23|49|.469|5|13|.385|17|25|.680|7|37|11|7|5|8|17
10|10|2014-12-21|@|Stony Brook|L|52|67|15|47|.319|4|14|.286|18|22|.818|9|26|6|4|2|8|22||23|47|.489|2|12|.167|19|28|.679|13|34|13|3|9|9|18
11|11|2014-12-28|N|Fairfield|W (1 OT)|61|59|20|48|.417|4|8|.500|17|27|.630|8|39|13|9|4|15|24||19|55|.345|4|17|.235|17|27|.630|8|29|8|5|4|10|23
12|12|2014-12-31|@|Navy|L|47|70|18|50|.360|4|14|.286|7|11|.636|5|25|10|3|2|9|17||28|57|.491|6|12|.500|8|10|.800|7|32|17|6|5|4|12
13|13|2015-01-03||Army|L|53|77|18|48|.375|1|10|.100|16|27|.593|7|30|13|6|2|17|18||27|62|.435|9|26|.346|14|22|.636|13|41|17|6|3|11|21
14|14|2015-01-07||American|W (1 OT)|56|53|20|46|.435|4|12|.333|12|18|.667|7|28|12|6|1|15|22||17|44|.386|3|15|.200|16|23|.696|6|27|5|4|4|15|16
15|15|2015-01-10|@|Lehigh|W|65|60|22|59|.373|9|17|.529|12|12|1.000|13|33|18|4|4|14|16||23|55|.418|4|13|.308|10|18|.556|14|32|13|5|8|12|15
16|16|2015-01-14|@|Lafayette|L|65|69|21|50|.420|9|19|.474|14|17|.824|6|31|8|3|3|9|13||25|59|.424|9|22|.409|10|15|.667|9|28|6|4|2|5|14
17|17|2015-01-18||Boston University|W (1 OT)|91|86|30|64|.469|7|20|.350|24|32|.750|10|34|14|7|4|9|27||26|54|.481|12|27|.444|22|41|.537|9|34|15|5|3|13|24
18|18|2015-01-21||Bucknell|L|61|75|20|54|.370|4|13|.308|17|24|.708|10|31|8|4|2|9|18||27|51|.529|9|21|.429|12|21|.571|9|31|15|5|2|8|18
19|19|2015-01-24|@|Colgate|L|58|59|19|51|.373|3|13|.231|17|21|.810|12|30|6|5|2|12|19||19|40|.475|3|9|.333|18|22|.818|5|26|8|4|5|16|19
20|20|2015-01-29||Holy Cross|W|64|54|22|47|.468|5|11|.455|15|22|.682|11|41|12|4|2|17|17||16|52|.308|4|22|.182|18|21|.857|8|22|4|7|6|11|17
21|21|2015-01-31|@|Army|W|77|71|30|59|.508|5|15|.333|12|20|.600|12|37|12|3|4|17|22||23|54|.426|10|24|.417|15|21|.714|4|22|16|10|2|15|19
22|22|2015-02-04|@|American|L|49|64|20|50|.400|3|12|.250|6|9|.667|10|25|6|7|1|11|21||21|35|.600|3|9|.333|19|23|.826|2|22|14|7|2|11|13
23|23|2015-02-07||Lehigh|L|63|69|25|65|.385|5|16|.313|8|16|.500|14|29|16|8|4|7|20||24|47|.511|4|11|.364|17|22|.773|6|29|13|2|8|12|17
24|24|2015-02-11||Lafayette|W|62|43|24|52|.462|7|18|.389|7|9|.778|8|32|11|8|3|11|16||14|45|.311|4|18|.222|11|19|.579|7|25|7|5|2|13|13
25|25|2015-02-14|@|Boston University|L|60|73|21|58|.362|6|21|.286|12|18|.667|7|26|12|6|2|12|24||21|45|.467|8|19|.421|23|32|.719|9|40|15|8|0|17|17
26|26|2015-02-18|@|Bucknell|L|50|61|18|53|.340|4|10|.400|10|11|.909|6|30|8|4|4|11|23||19|45|.422|4|15|.267|19|30|.633|7|31|11|1|7|8|17
27|27|2015-02-22||Colgate|W (3 OT)|80|78|26|70|.371|6|20|.300|22|32|.688|11|42|12|9|6|6|20||27|64|.422|6|20|.300|18|26|.692|5|39|10|2|6|11|23
28|28|2015-02-25|@|Holy Cross|L|60|63|22|52|.423|5|14|.357|11|17|.647|6|26|10|7|2|14|19||20|39|.513|3|10|.300|20|27|.741|3|28|7|9|6|13|16
29|29|2015-02-28||Navy|L|47|57|18|47|.383|1|10|.100|10|20|.500|11|34|7|1|3|10|18||18|42|.429|7|17|.412|14|20|.700|5|24|11|6|4|6|19
30|30|2015-03-03|@|Holy Cross|L|45|62|18|57|.316|2|15|.133|7|16|.438|8|25|4|5|4|9|15||23|45|.511|5|11|.455|11|17|.647|6|38|13|6|11|13|17
