ranker|game_season|date_game|game_location|opp_id|game_result|pts|opp_pts|fg|fga|fg_pct|fg3|fg3a|fg3_pct|ft|fta|ft_pct|orb|trb|ast|stl|blk|tov|pf|x|opp_fg|opp_fga|opp_fg_pct|opp_fg3|opp_fg3a|opp_fg3_pct|opp_ft|opp_fta|opp_ft_pct|opp_orb|opp_trb|opp_ast|opp_stl|opp_blk|opp_tov|opp_pf|
1|1|2014-11-14||Rockhurst|W|71|58|22|45|.489|5|11|.455|22|36|.611|4|27|14|9|6|8|10||20|61|.328|8|23|.348|10|12|.833|12|37|11|5|3|14|23
2|2|2014-11-17||McKendree|W|78|68|32|53|.604|3|10|.300|11|14|.786|4|23|18|13|3|16|10||29|55|.527|8|20|.400|2|3|.667|7|24|16|11|2|22|20
3|3|2014-11-21|@|Michigan State|L|52|87|20|58|.345|7|20|.350|5|8|.625|7|21|13|5|1|16|18||36|57|.632|9|18|.500|6|13|.462|7|38|27|6|5|14|13
4|4|2014-11-25|@|Texas-San Antonio|W|71|57|23|49|.469|11|26|.423|14|18|.778|7|29|13|7|5|10|17||20|54|.370|7|20|.350|10|18|.556|12|29|10|5|3|11|19
5|5|2014-11-29|@|Kent State|W|69|61|24|47|.511|7|13|.538|14|24|.583|11|32|17|7|2|14|18||23|59|.390|8|20|.400|7|16|.438|16|31|13|8|4|13|19
6|6|2014-12-03||Tulane|L|70|83|25|52|.481|7|16|.438|13|21|.619|7|22|14|3|2|12|21||28|53|.528|6|15|.400|21|25|.840|10|35|8|6|1|11|21
7|7|2014-12-06|@|Illinois-Chicago|W|77|67|24|44|.545|3|6|.500|26|33|.788|5|26|17|9|9|14|23||24|64|.375|3|20|.150|16|27|.593|19|37|13|8|4|14|25
8|8|2014-12-13||Jackson State|W|58|46|22|43|.512|4|16|.250|10|11|.909|9|23|15|9|0|16|11||18|46|.391|3|16|.188|7|12|.583|11|23|6|12|0|17|18
9|9|2014-12-17||Abilene Christian|W|83|44|27|42|.643|9|14|.643|20|26|.769|6|41|17|5|2|14|13||14|55|.255|6|22|.273|10|12|.833|6|15|7|10|0|10|18
10|10|2014-12-19||Southern Utah|W|73|57|25|58|.431|8|21|.381|15|21|.714|10|35|17|6|1|8|10||23|54|.426|10|24|.417|1|4|.250|7|27|13|5|7|14|19
11|11|2014-12-22|N|Texas Tech|W|62|44|17|45|.378|5|15|.333|23|30|.767|8|32|7|3|3|14|21||17|50|.340|0|21|.000|10|18|.556|4|26|9|6|5|9|23
12|12|2014-12-23|N|Boise State|W|48|45|19|45|.422|3|13|.231|7|8|.875|6|34|9|0|2|12|8||16|54|.296|6|30|.200|7|9|.778|8|26|9|6|0|7|11
13|13|2014-12-31||Bradley|W|64|49|21|45|.467|8|17|.471|14|18|.778|7|25|14|7|2|15|12||21|52|.404|3|19|.158|4|4|1.000|9|27|8|6|4|16|18
14|14|2015-01-04|@|Northern Iowa|L|58|67|21|50|.420|9|24|.375|7|10|.700|6|27|11|7|1|19|19||22|48|.458|5|17|.294|18|27|.667|6|28|12|14|2|9|11
15|15|2015-01-07|@|Evansville|W|71|70|28|55|.509|8|22|.364|7|11|.636|8|24|14|4|3|8|16||27|47|.574|1|7|.143|15|18|.833|5|25|17|3|3|9|16
16|16|2015-01-11||Wichita State|L|53|67|17|46|.370|10|18|.556|9|12|.750|4|20|9|5|2|10|12||25|46|.543|7|19|.368|10|14|.714|6|28|17|6|5|6|11
17|17|2015-01-14||Drake|W|50|47|21|41|.512|6|13|.462|2|6|.333|4|23|14|5|1|14|11||18|47|.383|8|26|.308|3|5|.600|6|25|12|8|1|12|13
18|18|2015-01-18|@|Southern Illinois|L|52|59|19|42|.452|4|13|.308|10|12|.833|1|18|12|5|2|10|18||20|45|.444|2|11|.182|17|22|.773|5|28|8|6|0|11|18
19|19|2015-01-21||Evansville|L|56|65|21|51|.412|5|18|.278|9|13|.692|4|21|13|8|1|9|17||25|52|.481|3|8|.375|12|13|.923|9|34|15|4|6|15|15
20|20|2015-01-24|@|Indiana State|L|61|72|25|56|.446|4|12|.333|7|13|.538|12|26|6|10|1|17|18||24|45|.533|12|23|.522|12|17|.706|7|28|15|6|6|21|16
21|21|2015-01-28|@|Wichita State|L|47|58|17|40|.425|8|15|.533|5|8|.625|6|22|10|2|3|15|15||22|54|.407|8|18|.444|6|14|.429|14|29|11|6|4|7|15
22|22|2015-01-31||Illinois State|L|45|48|18|42|.429|2|10|.200|7|19|.368|8|26|13|7|2|13|13||19|51|.373|4|13|.308|6|8|.750|13|29|8|9|7|11|22
23|23|2015-02-04|@|Missouri State|W|53|50|20|50|.400|6|13|.462|7|7|1.000|2|19|9|8|2|5|12||22|51|.431|2|14|.143|4|5|.800|11|34|12|3|4|12|13
24|24|2015-02-07||Indiana State|L|65|79|25|53|.472|3|12|.250|12|18|.667|9|25|9|8|1|13|20||23|40|.575|10|19|.526|23|30|.767|3|21|14|4|2|13|16
25|25|2015-02-11||Southern Illinois|W|66|62|23|42|.548|7|14|.500|13|25|.520|7|25|14|5|2|11|14||22|49|.449|7|14|.500|11|15|.733|9|25|12|6|2|9|22
26|26|2015-02-15|@|Bradley|W|58|53|22|49|.449|5|15|.333|9|15|.600|8|32|13|9|2|13|18||17|46|.370|4|19|.211|15|25|.600|12|30|11|6|4|15|14
27|27|2015-02-18||Northern Iowa|L|39|58|16|41|.390|6|17|.353|1|2|.500|3|20|11|8|2|15|15||22|48|.458|9|23|.391|5|9|.556|8|27|17|9|2|11|8
