ranker|game_season|date_game|game_location|opp_id|game_result|pts|opp_pts|fg|fga|fg_pct|fg3|fg3a|fg3_pct|ft|fta|ft_pct|orb|trb|ast|stl|blk|tov|pf|x|opp_fg|opp_fga|opp_fg_pct|opp_fg3|opp_fg3a|opp_fg3_pct|opp_ft|opp_fta|opp_ft_pct|opp_orb|opp_trb|opp_ast|opp_stl|opp_blk|opp_tov|opp_pf|
1|1|2014-11-14|@|Bucknell|L|72|75|24|57|.421|12|28|.429|12|12|1.000|3|26|12|5|5|7|22||25|60|.417|7|20|.350|18|24|.750|13|40|15|4|2|6|11
2|2|2014-11-22||Army|L|62|76|22|51|.431|4|14|.286|14|20|.700|8|36|7|6|2|21|25||24|65|.369|4|18|.222|24|31|.774|16|37|13|13|4|11|20
3|3|2014-11-24|N|Florida Gulf Coast|L|43|58|16|50|.320|5|26|.192|6|12|.500|1|27|7|10|2|16|15||22|53|.415|4|14|.286|10|15|.667|5|35|15|11|5|16|16
4|4|2014-11-25|N|Hawaii|L|55|62|17|53|.321|7|28|.250|14|18|.778|5|28|10|6|2|13|15||24|53|.453|5|17|.294|9|16|.563|10|42|10|6|3|17|20
5|5|2014-11-26|N|Fresno State|W|68|64|21|44|.477|9|21|.429|17|22|.773|4|21|10|4|4|11|12||26|61|.426|5|20|.250|7|13|.538|13|32|11|4|6|10|19
6|6|2014-12-01|@|Boston College|L|61|79|18|38|.474|6|14|.429|19|24|.792|2|19|7|2|3|15|21||27|57|.474|8|20|.400|17|26|.654|14|31|16|10|5|8|17
7|7|2014-12-04||Monmouth|L|50|57|19|44|.432|8|27|.296|4|7|.571|3|20|10|8|4|21|15||24|47|.511|3|12|.250|6|10|.600|8|30|14|14|3|19|18
8|8|2014-12-07|@|Manhattan|L|38|60|8|41|.195|4|19|.211|18|30|.600|4|22|6|10|2|19|13||26|59|.441|5|24|.208|3|6|.500|10|43|19|10|1|17|26
9|9|2014-12-09|@|Pennsylvania|L|42|59|11|52|.212|4|28|.143|16|17|.941|9|29|6|7|7|21|13||22|53|.415|6|15|.400|9|13|.692|10|41|16|9|2|20|19
10|10|2014-12-13|@|Virginia Military Institute|L|77|92|28|59|.475|5|17|.294|16|24|.667|4|34|8|7|0|16|17||30|75|.400|19|55|.345|13|18|.722|14|42|24|8|3|12|24
11|11|2014-12-20||Saint Joseph's|L|58|75|19|42|.452|6|17|.353|14|19|.737|5|23|13|5|0|17|18||28|50|.560|7|18|.389|12|19|.632|7|29|14|6|3|11|21
12|12|2014-12-28|@|Elon|L|64|69|20|53|.377|10|28|.357|14|23|.609|5|26|12|11|1|19|22||23|51|.451|4|11|.364|19|28|.679|10|39|9|7|2|20|21
13|13|2015-01-02||Rider|L|59|69|23|55|.418|9|25|.360|4|6|.667|9|30|13|9|1|21|16||26|59|.441|5|19|.263|12|18|.667|14|38|14|13|1|14|15
14|14|2015-01-04|@|Saint Peter's|L|67|79|21|41|.512|7|15|.467|18|26|.692|5|24|12|2|1|14|19||25|46|.543|10|20|.500|19|28|.679|6|23|12|8|0|7|19
15|15|2015-01-08||Canisius|L|52|67|21|56|.375|8|26|.308|2|4|.500|8|28|13|6|2|12|16||23|46|.500|5|13|.385|16|21|.762|6|31|18|7|3|11|14
16|16|2015-01-11|@|Quinnipiac|L|54|66|19|52|.365|10|27|.370|6|11|.545|3|21|12|6|2|11|18||22|52|.423|7|13|.538|15|20|.750|8|39|13|3|7|14|16
17|17|2015-01-16|@|Fairfield|L|54|60|19|57|.333|4|23|.174|12|15|.800|9|29|6|7|2|7|24||15|39|.385|3|13|.231|27|36|.750|6|33|8|5|5|14|17
18|18|2015-01-18||Quinnipiac|L|71|72|23|51|.451|8|20|.400|17|24|.708|5|24|13|3|1|8|21||26|58|.448|3|18|.167|17|21|.810|16|41|12|5|1|11|20
19|19|2015-01-23|@|Siena|L|60|69|20|59|.339|10|29|.345|10|15|.667|14|32|11|10|4|13|27||21|46|.457|7|12|.583|20|32|.625|13|36|10|7|3|15|17
20|20|2015-01-25||Fairfield|W|73|67|15|42|.357|6|18|.333|37|44|.841|7|29|9|8|2|11|14||23|55|.418|7|18|.389|14|18|.778|10|29|11|7|2|13|28
21|21|2015-01-30|@|Niagara|W|65|61|22|51|.431|6|23|.261|15|17|.882|7|24|13|9|2|11|14||23|52|.442|6|14|.429|9|12|.750|9|33|10|4|3|16|18
22|22|2015-02-01|@|Canisius|W|75|67|25|46|.543|6|20|.300|19|29|.655|2|27|18|6|2|7|12||23|75|.307|7|26|.269|14|20|.700|27|51|15|3|2|10|20
23|23|2015-02-06||Niagara|W|63|59|24|56|.429|6|25|.240|9|14|.643|8|29|12|6|3|9|16||19|52|.365|5|21|.238|16|19|.842|10|38|10|7|1|15|12
24|24|2015-02-08|@|Iona|L|67|89|23|63|.365|9|23|.391|12|20|.600|8|27|12|11|2|6|12||33|57|.579|15|27|.556|8|12|.667|6|39|29|4|2|13|16
25|25|2015-02-12||Siena|L|64|66|23|44|.523|5|19|.263|13|15|.867|6|23|9|5|5|18|12||27|56|.482|5|14|.357|7|11|.636|8|23|14|12|0|13|16
26|26|2015-02-16|@|Monmouth|L|65|69|23|57|.404|10|29|.345|9|14|.643|8|26|12|10|6|9|11||26|52|.500|10|17|.588|7|10|.700|9|37|16|5|8|17|14
27|27|2015-02-20||Iona|L|68|72|22|65|.338|7|26|.269|17|27|.630|16|37|9|7|3|11|25||22|48|.458|6|24|.250|22|32|.688|7|41|9|4|2|16|21
28|28|2015-02-23||Manhattan|L|54|67|19|55|.345|4|21|.190|12|22|.545|9|31|13|6|3|14|23||21|45|.467|3|14|.214|22|31|.710|8|39|15|9|2|16|19
29|29|2015-02-27||Saint Peter's|W|69|67|23|44|.523|10|21|.476|13|18|.722|0|18|12|7|2|10|22||25|60|.417|4|16|.250|13|19|.684|16|36|12|4|3|12|19
30|30|2015-03-01|@|Rider|L|49|59|17|49|.347|5|25|.200|10|14|.714|5|33|10|3|5|14|17||25|58|.431|5|17|.294|4|15|.267|9|37|14|6|3|8|17
31|31|2015-03-05|N|Quinnipiac|W|80|74|26|50|.520|13|19|.684|15|25|.600|5|23|13|9|5|15|20||25|70|.357|7|31|.226|17|25|.680|21|46|12|6|3|14|25
32|32|2015-03-07|N|Manhattan|L|58|74|18|52|.346|3|16|.188|19|31|.613|8|27|6|12|5|12|24||22|52|.423|4|17|.235|26|28|.929|10|38|11|9|1|17|29
