ranker|game_season|date_game|game_location|opp_id|game_result|pts|opp_pts|fg|fga|fg_pct|fg3|fg3a|fg3_pct|ft|fta|ft_pct|orb|trb|ast|stl|blk|tov|pf|x|opp_fg|opp_fga|opp_fg_pct|opp_fg3|opp_fg3a|opp_fg3_pct|opp_ft|opp_fta|opp_ft_pct|opp_orb|opp_trb|opp_ast|opp_stl|opp_blk|opp_tov|opp_pf|
1|1|2014-11-14||Wagner|W|82|48|24|44|.545|7|14|.500|27|41|.659|8|38|9|2|6|13|19||18|67|.269|3|23|.130|9|18|.500|14|32|5|5|3|11|32
2|2|2014-11-17||Central Connecticut State|W|93|57|35|63|.556|10|23|.435|13|18|.722|10|37|15|7|9|10|13||23|65|.354|5|15|.333|6|10|.600|11|27|4|4|0|16|13
3|3|2014-11-20||Fordham|W|66|50|21|47|.447|8|23|.348|16|27|.593|10|37|13|6|2|15|15||19|62|.306|7|29|.241|5|8|.625|16|35|11|5|2|15|21
4|4|2014-11-24|N|Arizona State|W|78|73|28|59|.475|6|13|.462|16|18|.889|10|28|9|8|5|10|14||25|50|.500|14|27|.519|9|14|.643|4|22|20|4|3|13|20
5|5|2014-11-25|N|Iowa State|W|72|63|26|59|.441|8|19|.421|12|15|.800|7|36|13|4|3|10|21||19|64|.297|6|27|.222|19|22|.864|14|33|8|3|2|7|18
6|6|2014-11-28||Monmouth|W|61|56|17|45|.378|6|19|.316|21|26|.808|6|28|10|4|3|9|18||17|46|.370|6|21|.286|16|20|.800|6|21|11|6|5|12|22
7|7|2014-11-30||Virginia Military Institute|W|95|77|37|64|.578|3|12|.250|18|26|.692|10|39|15|6|10|20|15||30|76|.395|12|42|.286|5|9|.556|11|29|12|6|3|18|23
8|8|2014-12-03||Virginia|L|65|76|16|40|.400|6|18|.333|27|36|.750|3|21|6|2|2|7|19||26|49|.531|5|13|.385|19|27|.704|8|32|13|4|4|7|28
9|9|2014-12-06||Winthrop|W|82|62|22|46|.478|9|22|.409|29|35|.829|6|33|15|4|7|10|18||21|58|.362|9|27|.333|11|16|.688|8|24|10|5|1|10|24
10|10|2014-12-10||North Carolina Central|W|67|56|21|43|.488|7|15|.467|18|27|.667|6|33|13|2|3|14|11||23|61|.377|5|21|.238|5|6|.833|10|29|12|10|3|9|18
11|11|2014-12-13||South Carolina Upstate|W|67|57|22|55|.400|6|25|.240|17|23|.739|14|40|10|4|3|12|13||22|59|.373|5|21|.238|8|11|.727|9|29|11|7|3|8|19
12|12|2014-12-21|@|Oklahoma State|W|73|64|24|53|.453|10|26|.385|15|18|.833|6|35|13|9|1|13|16||26|61|.426|8|27|.296|4|9|.444|6|26|13|10|4|10|17
13|13|2014-12-27||Oakland|W|72|56|25|50|.500|8|20|.400|14|16|.875|3|32|14|6|4|9|13||23|60|.383|6|19|.316|4|8|.500|6|26|14|5|1|11|19
14|14|2014-12-30|@|Michigan State|W (2 OT)|68|66|19|57|.333|4|22|.182|26|32|.813|10|46|8|7|4|20|24||21|65|.323|5|22|.227|19|28|.679|8|35|15|11|5|12|27
15|15|2015-01-03||Minnesota|W|70|58|21|50|.420|8|26|.308|20|28|.714|11|43|13|7|9|19|16||22|65|.338|3|22|.136|11|21|.524|14|34|5|9|4|12|19
16|16|2015-01-07|@|Illinois|L|57|64|19|52|.365|9|21|.429|10|18|.556|7|32|11|2|4|10|19||20|55|.364|7|23|.304|17|20|.850|7|35|7|4|4|7|19
17|17|2015-01-10|@|Purdue|W|69|60|18|48|.375|6|20|.300|27|31|.871|8|28|8|10|5|10|22||21|57|.368|5|20|.250|13|20|.650|11|34|13|5|4|14|25
18|18|2015-01-14||Rutgers|W|73|65|21|61|.344|11|28|.393|20|28|.714|15|44|14|5|4|12|11||25|55|.455|7|17|.412|8|16|.500|4|29|11|4|2|13|23
19|19|2015-01-17||Michigan State|W|75|59|22|51|.431|11|21|.524|20|22|.909|7|29|11|2|6|8|17||26|58|.448|3|17|.176|4|13|.308|13|33|13|4|8|12|21
20|20|2015-01-22|@|Indiana|L|70|89|27|53|.509|10|20|.500|6|12|.500|5|21|11|7|3|11|16||30|50|.600|15|22|.682|14|18|.778|3|26|12|4|3|10|19
21|21|2015-01-25||Northwestern|W|68|67|22|54|.407|6|14|.429|18|25|.720|10|25|11|9|0|10|14||26|48|.542|8|20|.400|7|9|.778|5|30|15|4|4|15|22
22|22|2015-01-29|@|Ohio State|L|56|80|18|59|.305|9|26|.346|11|16|.688|9|30|9|3|1|9|21||28|60|.467|10|17|.588|14|26|.538|16|51|13|4|4|9|17
23|23|2015-02-04||Penn State|W|64|58|23|52|.442|3|15|.200|15|24|.625|8|37|9|5|4|15|12||22|57|.386|6|22|.273|8|13|.615|6|27|8|3|3|10|20
24|24|2015-02-08|@|Iowa|L|55|71|18|49|.367|7|23|.304|12|16|.750|7|16|10|9|5|16|19||27|42|.643|5|11|.455|12|16|.750|3|24|18|6|2|19|17
25|25|2015-02-11||Indiana|W|68|66|24|49|.490|10|21|.476|10|14|.714|6|33|9|0|8|13|13||25|67|.373|10|25|.400|6|10|.600|11|28|12|3|2|6|15
26|26|2015-02-14|@|Penn State|W|76|73|23|47|.489|9|19|.474|21|26|.808|2|28|10|2|4|11|18||25|60|.417|9|23|.391|14|19|.737|7|30|11|6|4|7|21
