ranker|game_season|date_game|game_location|opp_id|game_result|pts|opp_pts|fg|fga|fg_pct|fg3|fg3a|fg3_pct|ft|fta|ft_pct|orb|trb|ast|stl|blk|tov|pf|x|opp_fg|opp_fga|opp_fg_pct|opp_fg3|opp_fg3a|opp_fg3_pct|opp_ft|opp_fta|opp_ft_pct|opp_orb|opp_trb|opp_ast|opp_stl|opp_blk|opp_tov|opp_pf|
1|1|2014-11-14||Piedmont|W|88|48|30|65|.462|6|17|.353|22|27|.815|15|39|17|8|4|7|13||15|51|.294|8|25|.320|10|14|.714|6|27|9|2|1|18|24
2|2|2014-11-16|@|Seton Hall|L|47|63|20|54|.370|3|15|.200|4|10|.400|12|37|7|3|3|18|19||23|58|.397|8|20|.400|9|19|.474|9|32|11|9|4|9|12
3|3|2014-11-19||Kennesaw State|W|74|66|30|54|.556|4|11|.364|10|20|.500|6|27|11|8|2|13|13||24|59|.407|9|28|.321|9|17|.529|13|33|11|8|4|17|21
4|4|2014-11-23|@|Colorado State|L|62|75|21|51|.412|4|12|.333|16|20|.800|8|26|12|6|1|15|19||26|53|.491|8|19|.421|15|23|.652|13|35|18|11|9|13|18
5|5|2014-11-27|N|Rice|W (1 OT)|77|71|20|46|.435|6|14|.429|31|44|.705|12|34|16|5|1|15|22||21|57|.368|10|29|.345|19|27|.704|9|26|14|8|4|11|31
6|6|2014-11-28|N|California-Santa Barbara|L (1 OT)|60|65|20|59|.339|3|15|.200|17|23|.739|10|29|10|6|2|9|21||21|56|.375|4|12|.333|19|24|.792|12|39|14|2|9|19|24
7|7|2014-11-29|N|Pacific|L|48|55|16|47|.340|3|10|.300|13|18|.722|11|28|9|4|3|11|17||17|44|.386|7|19|.368|14|17|.824|8|31|11|2|2|14|23
8|8|2014-12-02||St. Andrews|W|62|33|22|41|.537|9|18|.500|9|13|.692|4|27|15|3|5|5|15||11|40|.275|3|20|.150|8|13|.615|7|20|9|3|3|6|12
9|9|2014-12-06||Virginia Military Institute|W|90|81|29|57|.509|7|12|.583|25|38|.658|13|40|15|8|6|15|13||26|70|.371|17|44|.386|12|15|.800|7|25|18|3|4|10|26
10|10|2014-12-16||Dartmouth|L|51|67|18|47|.383|7|18|.389|8|11|.727|7|22|11|5|3|9|14||24|49|.490|10|19|.526|9|11|.818|9|28|15|4|1|10|14
11|11|2014-12-19||Bethune-Cookman|W|67|46|20|47|.426|7|17|.412|20|25|.800|11|33|14|4|1|13|14||17|48|.354|3|19|.158|9|16|.563|8|22|6|4|4|15|18
12|12|2014-12-22|@|Tennessee|L|54|64|15|46|.326|7|20|.350|17|26|.654|12|27|10|5|0|15|14||23|43|.535|6|15|.400|12|18|.667|8|26|12|9|7|16|23
13|13|2014-12-27|@|Georgia|L (3 OT)|77|86|27|70|.386|10|31|.323|13|19|.684|10|36|14|5|5|13|31||29|71|.408|7|26|.269|21|37|.568|22|55|15|7|3|16|17
14|14|2014-12-30|@|Texas A&M|L|50|65|19|46|.413|7|25|.280|5|10|.500|4|23|13|1|2|11|19||23|50|.460|5|15|.333|14|21|.667|10|32|16|3|2|7|14
15|15|2015-01-03|@|North Carolina-Greensboro|W|76|55|25|48|.521|11|20|.550|15|20|.750|6|31|16|8|2|12|14||24|51|.471|2|7|.286|5|11|.455|2|19|4|7|5|12|16
16|16|2015-01-05|@|Virginia Military Institute|W|85|75|27|49|.551|4|10|.400|27|38|.711|10|36|11|8|4|15|16||24|64|.375|12|35|.343|15|21|.714|10|25|11|8|2|14|25
17|17|2015-01-08|@|East Tennessee State|L|70|71|26|57|.456|7|19|.368|11|15|.733|9|31|11|7|3|7|14||24|58|.414|10|26|.385|13|17|.765|13|37|9|4|2|9|15
18|18|2015-01-10||Citadel|W|74|51|27|52|.519|5|18|.278|15|22|.682|13|29|15|6|2|2|11||22|44|.500|6|16|.375|1|3|.333|4|18|17|1|0|11|16
19|19|2015-01-15||Furman|W|67|64|24|41|.585|6|13|.462|13|18|.722|10|28|16|6|5|12|10||24|48|.500|9|22|.409|7|8|.875|5|15|11|7|1|7|13
20|20|2015-01-17||Samford|W|80|56|25|49|.510|8|17|.471|22|27|.815|11|32|16|5|0|10|18||21|51|.412|6|24|.250|8|16|.500|9|20|15|5|4|8|22
21|21|2015-01-22|@|Western Carolina|L|52|60|16|54|.296|4|19|.211|16|26|.615|14|38|5|6|1|9|15||20|45|.444|5|16|.313|15|22|.682|5|30|12|4|6|10|20
22|22|2015-01-29||Chattanooga|W (1 OT)|75|72|27|53|.509|7|17|.412|14|21|.667|6|28|12|4|2|11|16||26|68|.382|8|24|.333|12|19|.632|17|37|17|6|2|8|17
23|23|2015-01-31|@|Wofford|L|46|49|18|50|.360|4|17|.235|6|8|.750|11|31|9|4|3|9|15||20|56|.357|4|17|.235|5|8|.625|13|31|10|6|3|4|11
24|24|2015-02-05|@|Citadel|W|76|53|32|55|.582|8|19|.421|4|6|.667|12|30|18|8|2|6|13||21|44|.477|8|22|.364|3|4|.750|2|15|10|2|1|10|10
25|25|2015-02-07|@|Furman|W|74|68|26|54|.481|5|18|.278|17|28|.607|12|28|20|9|0|6|14||25|52|.481|9|25|.360|9|14|.643|11|31|16|2|1|12|23
26|26|2015-02-12||Western Carolina|L|54|58|18|47|.383|3|16|.188|15|26|.577|6|30|12|7|3|12|16||19|45|.422|11|17|.647|9|17|.529|6|28|13|7|2|15|20
27|27|2015-02-14||North Carolina-Greensboro|W|55|50|21|47|.447|3|11|.273|10|20|.500|8|33|10|5|5|9|10||20|53|.377|6|17|.353|4|6|.667|6|27|17|2|3|10|15
28|28|2015-02-19|@|Chattanooga|L|61|74|22|56|.393|5|16|.313|12|23|.522|7|21|11|5|2|8|22||23|43|.535|9|22|.409|19|26|.731|8|35|19|3|9|18|22
29|29|2015-02-21|@|Samford|W|62|61|22|55|.400|6|10|.600|12|14|.857|10|29|15|13|4|15|17||24|51|.471|7|17|.412|6|12|.500|7|30|19|10|3|17|19
30|30|2015-02-26||Wofford|L|72|76|26|52|.500|5|19|.263|15|18|.833|6|25|20|9|1|12|18||24|44|.545|9|18|.500|19|26|.731|3|22|16|7|2|13|12
31|31|2015-02-28||East Tennessee State|W|69|64|24|60|.400|7|25|.280|14|21|.667|10|34|15|8|3|10|14||20|61|.328|12|34|.353|12|15|.800|13|34|11|9|2|11|20
32|32|2015-03-07|N|Virginia Military Institute|W|89|61|32|62|.516|7|21|.333|18|27|.667|7|37|20|10|3|5|16||22|58|.379|7|27|.259|10|17|.588|6|31|7|1|6|14|22
33|33|2015-03-08|N|Furman|L|49|52|15|52|.288|6|21|.286|13|17|.765|6|27|11|9|5|7|17||17|52|.327|2|16|.125|16|23|.696|14|40|4|5|2|12|15
