ranker|game_season|date_game|game_location|opp_id|game_result|pts|opp_pts|fg|fga|fg_pct|fg3|fg3a|fg3_pct|ft|fta|ft_pct|orb|trb|ast|stl|blk|tov|pf|x|opp_fg|opp_fga|opp_fg_pct|opp_fg3|opp_fg3a|opp_fg3_pct|opp_ft|opp_fta|opp_ft_pct|opp_orb|opp_trb|opp_ast|opp_stl|opp_blk|opp_tov|opp_pf|
1|1|2014-11-16||Southern Utah|W|76|63|23|45|.511|9|18|.500|21|34|.618|6|28|14|11|1|17|19||24|48|.500|3|12|.250|12|20|.600|5|26|7|6|3|16|23
2|2|2014-11-19||Evansville|L|50|69|21|53|.396|3|13|.231|5|9|.556|7|21|10|5|3|10|19||28|49|.571|3|8|.375|10|14|.714|4|30|17|4|4|10|16
3|3|2014-11-22||Liberty|W|63|52|20|50|.400|3|10|.300|18|30|.600|12|34|4|7|4|13|20||17|44|.386|3|16|.188|15|22|.682|5|29|7|4|2|16|24
4|4|2014-11-25|N|Northwestern|L|46|55|15|48|.313|5|13|.385|11|21|.524|7|24|6|8|2|9|15||19|48|.396|9|22|.409|8|13|.615|8|35|11|2|10|15|19
5|5|2014-11-26|N|Virginia Tech|L|63|78|23|53|.434|9|18|.500|8|13|.615|6|20|14|11|4|22|18||25|51|.490|10|19|.526|18|24|.750|9|33|9|7|4|22|17
6|6|2014-11-30||Elon|L|68|70|25|59|.424|5|21|.238|13|14|.929|12|34|11|8|2|16|17||24|57|.421|9|25|.360|13|16|.813|9|32|9|6|2|13|18
7|7|2014-12-03||Dayton|L|62|66|22|45|.489|9|19|.474|9|15|.600|5|20|14|8|4|17|25||20|46|.435|4|20|.200|22|33|.667|9|25|11|9|3|11|15
8|8|2014-12-06|@|IPFW|L|78|86|27|51|.529|5|16|.313|19|22|.864|2|21|7|9|2|11|28||26|47|.553|7|21|.333|27|37|.730|8|29|17|4|1|12|18
9|9|2014-12-14|@|Wright State|L|59|68|21|50|.420|7|19|.368|10|15|.667|1|20|9|7|0|12|15||24|43|.558|4|15|.267|16|23|.696|0|29|18|3|0|15|17
10|10|2014-12-17||Longwood|W|71|60|23|51|.451|7|25|.280|18|25|.720|5|25|11|15|3|12|19||19|45|.422|6|15|.400|16|26|.615|9|37|8|6|2|21|22
11|11|2014-12-22|@|Ohio State|L|55|93|21|61|.344|5|26|.192|8|12|.667|8|32|14|6|1|19|16||36|66|.545|9|22|.409|12|22|.545|10|43|25|10|4|8|14
12|12|2014-12-29||Capital|W|69|46|27|52|.519|5|17|.294|10|14|.714|7|33|10|9|3|9|14||15|48|.313|8|25|.320|8|14|.571|6|25|6|4|1|12|13
13|13|2015-01-03||Missouri-Kansas City|W|66|61|24|51|.471|7|19|.368|11|19|.579|8|29|11|9|1|11|11||23|58|.397|8|27|.296|7|10|.700|13|36|14|4|1|16|18
14|14|2015-01-07||Buffalo|L|72|79|28|61|.459|8|24|.333|8|19|.421|9|28|15|11|2|11|23||24|52|.462|6|17|.353|25|32|.781|8|35|10|6|1|15|17
15|15|2015-01-10||Eastern Michigan|W (1 OT)|82|81|22|52|.423|9|22|.409|29|38|.763|13|36|16|6|4|19|24||24|50|.480|8|20|.400|25|37|.676|8|25|15|14|0|18|28
16|16|2015-01-14|@|Central Michigan|L|77|105|27|50|.540|7|15|.467|16|21|.762|5|17|15|4|1|8|20||35|51|.686|19|27|.704|16|23|.696|5|22|22|3|3|8|17
17|17|2015-01-17|@|Buffalo|L|68|77|23|62|.371|8|24|.333|14|16|.875|7|34|14|9|1|13|26||25|56|.446|0|12|.000|27|38|.711|11|42|17|7|7|12|14
18|18|2015-01-21||Western Michigan|L|58|69|19|54|.352|5|18|.278|15|19|.789|9|38|12|1|3|10|21||21|60|.350|7|23|.304|20|25|.800|10|37|9|3|1|3|14
19|19|2015-01-24|@|Northern Illinois|W|60|55|21|44|.477|5|13|.385|13|19|.684|6|26|13|3|0|14|19||17|51|.333|5|30|.167|16|25|.640|12|27|10|8|4|10|22
20|20|2015-01-27|@|Toledo|L|65|70|24|50|.480|6|19|.316|11|16|.688|4|23|16|9|4|7|15||26|53|.491|5|18|.278|13|17|.765|9|34|18|3|2|12|12
21|21|2015-01-31||Ball State|W|79|73|26|46|.565|6|11|.545|21|26|.808|5|19|14|9|2|8|16||25|43|.581|14|24|.583|9|14|.643|6|24|13|0|1|17|21
22|22|2015-02-04||Northern Illinois|L|67|69|25|46|.543|7|19|.368|10|16|.625|5|21|13|6|3|10|22||23|44|.523|7|17|.412|16|23|.696|6|22|12|8|2|12|18
23|23|2015-02-07|@|Kent State|L|60|61|23|51|.451|1|9|.111|13|16|.813|10|28|10|5|1|13|13||23|50|.460|7|22|.318|8|13|.615|11|24|11|7|5|11|16
24|24|2015-02-10|@|Eastern Michigan|L|69|83|25|61|.410|9|29|.310|10|19|.526|6|32|16|7|2|24|28||23|49|.469|10|19|.526|27|38|.711|5|34|13|12|1|21|25
25|25|2015-02-14||Ohio|W|77|66|27|49|.551|5|12|.417|18|26|.692|3|25|11|9|4|6|8||27|59|.458|10|28|.357|2|3|.667|8|27|14|6|3|12|16
26|26|2015-02-18|@|Bowling Green State|W|67|56|22|52|.423|3|9|.333|20|21|.952|9|32|7|9|2|11|19||18|50|.360|6|26|.231|14|20|.700|10|31|7|6|5|12|15
