ranker|game_season|date_game|game_location|opp_id|game_result|pts|opp_pts|fg|fga|fg_pct|fg3|fg3a|fg3_pct|ft|fta|ft_pct|orb|trb|ast|stl|blk|tov|pf|x|opp_fg|opp_fga|opp_fg_pct|opp_fg3|opp_fg3a|opp_fg3_pct|opp_ft|opp_fta|opp_ft_pct|opp_orb|opp_trb|opp_ast|opp_stl|opp_blk|opp_tov|opp_pf|
1|1|2014-11-15||Hillsdale|W|92|68|30|58|.517|11|19|.579|21|25|.840|7|31|16|11|4|6|7||27|58|.466|10|23|.435|4|5|.800|4|24|18|2|5|14|21
2|2|2014-11-17||Bucknell|W|77|53|29|63|.460|8|18|.444|11|18|.611|10|36|18|7|4|6|13||19|48|.396|6|20|.300|9|12|.750|4|28|10|1|1|17|21
3|3|2014-11-20||Detroit Mercy|W|71|62|23|53|.434|9|24|.375|16|20|.800|7|35|14|3|3|11|13||23|53|.434|9|19|.474|7|8|.875|2|24|14|4|1|11|20
4|4|2014-11-24|N|Oregon|W|70|63|21|46|.457|5|13|.385|23|29|.793|6|24|11|3|3|6|16||23|59|.390|5|19|.263|12|18|.667|15|36|10|3|2|12|24
5|5|2014-11-25|N|Villanova|L|55|60|23|56|.411|6|21|.286|3|5|.600|4|27|10|4|0|11|20||23|51|.451|6|20|.300|8|13|.615|7|33|8|7|5|12|13
6|6|2014-11-29||Nicholls State|W|91|62|32|58|.552|14|24|.583|13|16|.813|11|33|15|7|1|13|15||23|56|.411|8|19|.421|8|8|1.000|9|22|13|5|3|14|17
7|7|2014-12-02||Syracuse|W|68|65|25|65|.385|11|33|.333|7|12|.583|13|26|19|7|1|7|14||24|48|.500|6|17|.353|11|14|.786|9|34|13|5|5|19|15
8|8|2014-12-06||NJIT|L|70|72|23|54|.426|11|24|.458|13|14|.929|7|21|8|6|2|7|12||27|46|.587|11|17|.647|7|9|.778|4|24|16|4|7|13|15
9|9|2014-12-09||Eastern Michigan|L|42|45|14|43|.326|4|21|.190|10|13|.769|1|26|8|9|1|12|15||15|46|.326|6|19|.316|9|12|.750|9|31|10|6|1|17|16
10|10|2014-12-13|@|Arizona|L|53|80|19|54|.352|7|26|.269|8|13|.615|4|22|12|7|1|11|18||32|55|.582|6|17|.353|10|20|.500|8|38|19|5|3|11|15
11|11|2014-12-20||Southern Methodist|L|51|62|17|54|.315|8|36|.222|9|14|.643|8|26|12|11|0|14|15||23|50|.460|4|14|.286|12|19|.632|11|42|9|4|0|18|16
12|12|2014-12-22||Coppin State|W|72|56|25|53|.472|8|26|.308|14|26|.538|9|38|18|3|3|12|10||21|61|.344|9|33|.273|5|6|.833|4|28|14|7|0|11|22
13|13|2014-12-30||Illinois|W (1 OT)|73|65|27|66|.409|10|28|.357|9|14|.643|8|36|15|7|1|5|12||24|58|.414|6|15|.400|11|14|.786|7|35|11|2|4|12|15
14|14|2015-01-03|@|Purdue|L|51|64|15|47|.319|8|20|.400|13|20|.650|4|22|9|6|2|10|20||21|46|.457|3|13|.231|17|29|.586|11|42|12|7|3|13|17
15|15|2015-01-06|@|Penn State|W|73|64|24|45|.533|9|15|.600|16|19|.842|4|28|14|4|1|15|14||22|53|.415|7|20|.350|13|18|.722|6|22|11|5|4|9|20
16|16|2015-01-10||Minnesota|W|62|57|21|52|.404|4|18|.222|16|20|.800|9|28|9|9|2|9|14||19|49|.388|8|22|.364|11|20|.550|15|36|10|6|1|17|15
17|17|2015-01-13|@|Ohio State|L|52|71|20|59|.339|6|26|.231|6|6|1.000|8|27|8|2|0|13|16||28|57|.491|5|18|.278|10|14|.714|9|32|20|11|5|9|16
18|18|2015-01-17||Northwestern|W|56|54|20|58|.345|9|23|.391|7|11|.636|7|26|10|6|2|3|11||22|52|.423|5|20|.250|5|6|.833|8|38|12|1|2|11|16
19|19|2015-01-20|@|Rutgers|W|54|50|17|49|.347|8|26|.308|12|14|.857|9|32|9|3|5|11|12||19|53|.358|5|17|.294|7|14|.500|11|33|8|4|3|11|17
20|20|2015-01-24||Wisconsin|L (1 OT)|64|69|23|54|.426|7|20|.350|11|12|.917|10|29|8|2|1|8|20||24|51|.471|7|21|.333|14|19|.737|8|27|12|4|1|8|12
21|21|2015-01-27||Nebraska|W|58|44|22|46|.478|6|14|.429|8|8|1.000|5|32|12|3|2|12|14||15|49|.306|4|19|.211|10|14|.714|8|26|6|3|2|10|12
22|22|2015-02-01|@|Michigan State|L (1 OT)|66|76|27|62|.435|6|20|.300|6|10|.600|4|25|8|5|0|10|19||27|58|.466|8|22|.364|14|22|.636|12|41|19|10|7|12|13
23|23|2015-02-05||Iowa|L|54|72|19|47|.404|7|24|.292|9|11|.818|4|16|8|3|2|6|10||32|51|.627|4|11|.364|4|6|.667|8|30|16|2|2|6|10
24|24|2015-02-08|@|Indiana|L|67|70|23|46|.500|6|13|.462|15|20|.750|5|19|13|7|4|11|16||24|49|.490|7|17|.412|15|20|.750|11|30|11|5|4|14|17
25|25|2015-02-12|@|Illinois|L (1 OT)|52|64|21|57|.368|4|17|.235|6|6|1.000|7|31|8|5|1|11|13||24|62|.387|7|22|.318|9|13|.692|11|38|13|10|5|7|12
26|26|2015-02-17||Michigan State|L|67|80|19|48|.396|8|22|.364|21|28|.750|8|22|10|6|1|6|18||31|50|.620|6|18|.333|12|17|.706|9|32|17|1|3|8|18
27|27|2015-02-22||Ohio State|W|64|57|26|55|.473|7|19|.368|5|8|.625|8|28|13|5|1|8|11||22|52|.423|5|19|.263|8|12|.667|13|35|9|3|4|13|16
28|28|2015-02-28|@|Maryland|L|56|66|19|52|.365|5|21|.238|13|15|.867|9|29|6|4|1|10|13||21|47|.447|11|22|.500|13|15|.867|8|32|14|3|1|12|12
29|29|2015-03-03|@|Northwestern|L (2 OT)|78|82|25|56|.446|11|24|.458|17|21|.810|6|29|13|5|1|11|15||32|67|.478|12|27|.444|6|10|.600|11|33|22|3|3|8|17
30|30|2015-03-07||Rutgers|W|79|69|29|57|.509|14|31|.452|7|10|.700|4|25|20|4|1|6|13||30|57|.526|4|14|.286|5|8|.625|6|30|15|1|2|12|12
31|31|2015-03-12|N|Illinois|W|73|55|29|59|.492|7|15|.467|8|8|1.000|6|30|15|5|3|6|13||22|59|.373|1|13|.077|10|13|.769|11|34|5|4|5|10|14
32|32|2015-03-13|N|Wisconsin|L|60|71|27|52|.519|6|15|.400|0|2|.000|3|18|13|5|3|5|13||25|51|.490|7|19|.368|14|16|.875|12|33|13|4|1|7|5
