ranker|game_season|date_game|game_location|opp_id|game_result|pts|opp_pts|fg|fga|fg_pct|fg3|fg3a|fg3_pct|ft|fta|ft_pct|orb|trb|ast|stl|blk|tov|pf|x|opp_fg|opp_fga|opp_fg_pct|opp_fg3|opp_fg3a|opp_fg3_pct|opp_ft|opp_fta|opp_ft_pct|opp_orb|opp_trb|opp_ast|opp_stl|opp_blk|opp_tov|opp_pf|
1|1|2014-11-14|@|UCLA|L|78|113|28|59|.475|9|21|.429|13|17|.765|7|28|17|4|4|22|30||39|68|.574|9|19|.474|26|40|.650|15|38|25|17|6|11|20
2|2|2014-11-17|@|Grand Canyon|L|45|61|15|43|.349|3|15|.200|12|23|.522|7|27|5|8|2|21|24||20|45|.444|5|19|.263|16|21|.762|2|23|16|6|3|15|22
3|3|2014-11-19|@|Cal State Northridge|L|65|72|22|64|.344|11|32|.344|10|11|.909|14|36|12|5|1|16|19||25|51|.490|2|10|.200|20|25|.800|5|30|18|8|12|10|12
4|4|2014-11-23|@|Kentucky|L|28|86|12|61|.197|2|23|.087|2|2|1.000|11|30|4|3|3|21|23||29|67|.433|7|26|.269|21|29|.724|18|52|19|11|12|8|8
5|5|2014-11-28||Texas-Arlington|W|104|81|28|54|.519|18|26|.692|30|33|.909|7|34|22|1|3|10|27||26|60|.433|7|18|.389|22|32|.688|6|21|9|7|6|8|28
6|6|2014-11-30||North Dakota State|L|51|72|17|50|.340|7|23|.304|10|14|.714|6|22|12|2|0|9|13||28|56|.500|11|23|.478|5|10|.500|10|35|14|4|3|6|16
7|7|2014-12-03||South Dakota School of Mines|W|79|41|26|61|.426|12|30|.400|15|21|.714|13|45|18|9|11|16|23||14|59|.237|3|16|.188|10|16|.625|13|37|9|7|3|19|22
8|8|2014-12-06||Utah Valley|W|68|60|24|53|.453|6|18|.333|14|17|.824|12|31|10|7|4|12|20||23|51|.451|2|12|.167|12|20|.600|8|25|11|5|1|13|20
9|9|2014-12-14|@|Wyoming|L|61|70|23|52|.442|6|18|.333|9|14|.643|10|26|9|4|2|7|28||21|37|.568|2|7|.286|26|34|.765|5|20|15|3|4|9|15
10|10|2014-12-18|@|South Dakota|L|53|55|18|54|.333|4|14|.286|13|15|.867|10|38|8|5|4|15|18||17|57|.298|6|14|.429|15|19|.789|10|33|9|8|4|11|19
11|11|2014-12-20|@|Portland|L|60|87|18|49|.367|5|17|.294|19|24|.792|9|26|11|3|3|14|20||33|60|.550|10|20|.500|11|15|.733|5|28|25|7|8|10|24
12|12|2014-12-23||Wyoming|L|51|61|18|50|.360|6|19|.316|9|13|.692|7|30|9|5|4|10|25||20|44|.455|2|7|.286|19|31|.613|6|32|10|6|5|9|16
13|13|2015-01-01||North Dakota|L|60|67|17|49|.347|10|22|.455|16|24|.667|7|27|10|5|1|15|20||20|42|.476|4|11|.364|23|27|.852|4|28|12|9|2|16|26
14|14|2015-01-03||Northern Colorado|L|54|62|21|51|.412|6|22|.273|6|13|.462|7|22|13|5|4|10|15||22|49|.449|9|18|.500|9|11|.818|9|30|9|3|3|15|14
15|15|2015-01-08|@|Idaho State|L|61|70|24|62|.387|10|29|.345|3|8|.375|15|33|16|1|1|15|21||22|44|.500|2|4|.500|24|27|.889|3|23|9|8|5|8|14
16|16|2015-01-10|@|Weber State|L|62|65|22|45|.489|9|20|.450|9|13|.692|8|28|7|5|2|19|21||18|49|.367|5|14|.357|24|31|.774|13|28|9|8|7|12|16
17|17|2015-01-17|@|Montana|L|48|63|15|58|.259|7|28|.250|11|13|.846|8|34|10|5|6|13|15||23|52|.442|6|17|.353|11|14|.786|5|40|11|10|4|14|16
18|18|2015-01-22||Southern Utah|W|79|65|28|58|.483|12|23|.522|11|16|.688|7|27|16|5|3|11|16||25|53|.472|6|17|.353|9|15|.600|3|27|13|3|2|14|20
19|19|2015-01-24||Northern Arizona|L|64|71|26|57|.456|11|25|.440|1|4|.250|5|27|17|3|4|9|15||25|54|.463|10|15|.667|11|15|.733|8|35|17|2|3|9|11
20|20|2015-01-29|@|Sacramento State|L|59|75|21|56|.375|7|23|.304|10|13|.769|12|33|10|5|2|14|17||28|54|.519|8|17|.471|11|15|.733|7|32|19|9|3|10|15
21|21|2015-01-31|@|Portland State|L|62|80|24|53|.453|5|19|.263|9|12|.750|10|29|10|7|4|16|15||28|50|.560|9|11|.818|15|19|.789|4|21|16|10|2|13|19
22|22|2015-02-05||Idaho|L|71|80|24|59|.407|13|37|.351|10|19|.526|9|28|15|3|3|14|23||27|53|.509|6|14|.429|20|25|.800|9|37|15|8|1|10|20
23|23|2015-02-07||Eastern Washington|L|51|61|19|58|.328|10|29|.345|3|9|.333|11|43|12|2|4|20|20||20|57|.351|4|15|.267|17|29|.586|9|39|7|10|1|10|14
24|24|2015-02-12|@|Northern Colorado|W|90|87|31|60|.517|9|22|.409|19|24|.792|9|31|12|3|6|13|24||29|56|.518|7|18|.389|22|30|.733|8|23|10|6|4|11|20
25|25|2015-02-14|@|North Dakota|W|80|78|32|72|.444|8|19|.421|8|12|.667|11|37|10|3|2|8|25||24|51|.471|8|16|.500|22|35|.629|7|33|13|4|7|11|17
26|26|2015-02-19||Weber State|L|71|74|23|56|.411|9|22|.409|16|22|.727|5|23|11|8|1|8|21||26|50|.520|8|17|.471|14|27|.519|10|39|10|3|5|17|21
27|27|2015-02-21||Idaho State|W|67|53|23|54|.426|9|22|.409|12|13|.923|7|28|13|6|3|13|17||20|52|.385|2|9|.222|11|16|.688|10|33|7|13|6|15|15
28|28|2015-02-26|@|Eastern Washington|L|68|92|24|62|.387|7|28|.250|13|20|.650|8|31|13|6|2|12|28||31|59|.525|8|21|.381|22|32|.688|8|39|20|5|3|10|18
29|29|2015-02-28|@|Idaho|L|73|80|23|57|.404|9|22|.409|18|22|.818|10|35|10|2|2|12|22||26|57|.456|9|23|.391|19|23|.826|6|28|12|3|1|9|23
30|30|2015-03-07||Montana|L|54|70|16|48|.333|6|19|.316|16|21|.762|11|30|7|2|0|10|19||26|51|.510|4|20|.200|14|18|.778|7|29|10|6|3|8|19
