ranker|game_season|date_game|game_location|opp_id|game_result|pts|opp_pts|fg|fga|fg_pct|fg3|fg3a|fg3_pct|ft|fta|ft_pct|orb|trb|ast|stl|blk|tov|pf|x|opp_fg|opp_fga|opp_fg_pct|opp_fg3|opp_fg3a|opp_fg3_pct|opp_ft|opp_fta|opp_ft_pct|opp_orb|opp_trb|opp_ast|opp_stl|opp_blk|opp_tov|opp_pf|
1|1|2014-11-14|@|Arizona|L|55|78|20|52|.385|7|21|.333|8|12|.667|3|24|8|2|0|16|17||31|54|.574|4|16|.250|12|25|.480|7|35|17|11|5|8|11
2|2|2014-11-19||Maryland-Eastern Shore|L|41|53|14|47|.298|6|23|.261|7|12|.583|6|25|7|5|1|13|15||18|44|.409|7|17|.412|10|19|.526|9|35|13|8|2|13|12
3|3|2014-11-22|@|Bucknell|W|73|69|28|56|.500|5|19|.263|12|18|.667|9|25|9|6|2|14|20||25|46|.543|3|11|.273|16|23|.696|4|22|12|6|3|14|13
4|4|2014-11-26|@|Wake Forest|L|49|83|18|51|.353|6|28|.214|7|16|.438|7|26|9|5|7|13|23||30|56|.536|8|14|.571|15|25|.600|11|42|18|7|4|9|19
5|5|2014-12-02|@|Seton Hall|L|55|78|21|61|.344|9|34|.265|4|6|.667|7|16|13|6|3|9|14||33|51|.647|3|8|.375|9|13|.692|9|35|14|8|5|13|14
6|6|2014-12-06|@|Loyola (MD)|W|74|65|28|54|.519|7|17|.412|11|17|.647|10|31|10|11|6|12|17||22|52|.423|11|19|.579|10|18|.556|10|29|14|6|4|14|17
7|7|2014-12-09|@|Notre Dame|L|67|93|25|68|.368|13|35|.371|4|9|.444|12|26|16|2|4|9|16||36|61|.590|8|14|.571|13|16|.813|12|40|16|7|2|8|8
8|8|2014-12-13||Norfolk State|W (1 OT)|67|64|24|57|.421|9|28|.321|10|16|.625|6|30|15|4|6|9|26||22|53|.415|4|13|.308|16|25|.640|5|34|12|1|4|14|20
9|9|2014-12-20|@|American|L|45|46|17|50|.340|7|20|.350|4|6|.667|12|33|8|3|1|11|14||21|46|.457|3|16|.188|1|4|.250|5|25|9|6|1|8|10
10|10|2014-12-22||Binghamton|W|69|68|25|58|.431|8|25|.320|11|15|.733|15|32|13|8|0|14|23||25|44|.568|7|13|.538|11|19|.579|8|24|8|6|1|20|17
11|11|2014-12-29|@|Old Dominion|L|35|69|11|50|.220|3|23|.130|10|18|.556|12|32|3|6|6|13|14||28|66|.424|6|20|.300|7|12|.583|15|42|18|10|4|9|17
12|12|2015-01-03|@|Robert Morris|L|45|70|13|52|.250|5|20|.250|14|19|.737|8|27|7|10|3|19|24||23|43|.535|6|14|.429|18|26|.692|3|33|18|13|3|18|18
13|13|2015-01-05|@|Wagner|L (2 OT)|83|85|24|60|.400|6|23|.261|29|38|.763|11|39|12|8|4|21|26||28|69|.406|5|16|.313|24|33|.727|14|40|11|10|5|15|29
14|14|2015-01-08||Central Connecticut State|W|82|51|32|63|.508|9|28|.321|9|12|.750|7|28|13|9|3|4|12||18|57|.316|4|18|.222|11|14|.786|15|36|7|1|2|14|10
15|15|2015-01-10||St. Francis (NY)|W|71|61|23|46|.500|12|23|.522|13|23|.565|6|28|17|3|4|13|16||24|55|.436|5|19|.263|8|15|.533|11|30|8|6|2|13|20
16|16|2015-01-15|@|Fairleigh Dickinson|W|71|51|20|48|.417|5|19|.263|26|31|.839|9|34|10|10|5|16|17||18|54|.333|4|19|.211|11|13|.846|8|26|4|9|0|18|25
17|17|2015-01-17|N|Long Island University|W|61|54|23|54|.426|7|21|.333|8|11|.727|8|32|11|7|2|13|18||19|53|.358|3|13|.231|13|19|.684|10|33|9|5|5|16|19
18|18|2015-01-22||Robert Morris|L (1 OT)|59|63|21|56|.375|5|20|.250|12|20|.600|11|28|14|10|3|16|21||21|43|.488|6|10|.600|15|21|.714|6|29|10|5|3|20|21
19|19|2015-01-24||Saint Francis (PA)|W|52|40|20|43|.465|4|13|.308|8|15|.533|6|34|11|3|5|11|9||17|56|.304|2|20|.100|4|7|.571|7|28|7|8|2|5|15
20|20|2015-01-29|@|St. Francis (NY)|L (1 OT)|67|73|23|47|.489|6|15|.400|15|23|.652|2|20|7|9|3|16|24||23|53|.434|6|14|.429|21|28|.750|16|38|11|7|5|17|22
21|21|2015-01-31|@|Sacred Heart|W|77|71|23|61|.377|12|24|.500|19|20|.950|13|38|12|10|3|13|22||23|56|.411|2|13|.154|23|35|.657|10|34|13|7|0|12|15
22|22|2015-02-05|@|Bryant|L|53|55|19|53|.358|10|27|.370|5|6|.833|8|25|15|5|2|5|13||20|48|.417|5|15|.333|10|12|.833|8|32|13|4|2|10|14
23|23|2015-02-07|@|Central Connecticut State|W|63|46|25|57|.439|11|22|.500|2|4|.500|6|32|15|5|7|3|17||16|56|.286|3|12|.250|11|13|.846|9|31|3|2|2|10|9
24|24|2015-02-12||Sacred Heart|L|55|62|20|52|.385|5|18|.278|10|17|.588|8|27|10|13|4|16|14||26|55|.473|6|12|.500|4|8|.500|10|33|12|5|1|18|15
25|25|2015-02-14||Bryant|W|75|68|26|56|.464|9|23|.391|14|20|.700|12|29|13|7|4|8|15||28|52|.538|8|17|.471|4|7|.571|6|24|14|2|1|12|19
26|26|2015-02-19||Long Island University|W|82|65|24|60|.400|7|21|.333|27|32|.844|9|33|14|7|4|10|27||19|51|.373|3|19|.158|24|32|.750|10|37|9|5|3|17|24
27|27|2015-02-21||Fairleigh Dickinson|W|75|64|23|53|.434|10|23|.435|19|31|.613|16|36|20|10|9|12|13||24|56|.429|11|21|.524|5|6|.833|6|22|8|7|2|14|26
28|28|2015-02-26|@|Saint Francis (PA)|L|60|63|22|64|.344|9|30|.300|7|13|.538|15|36|12|4|1|9|20||19|45|.422|9|25|.360|16|23|.696|7|31|16|6|4|13|16
29|29|2015-02-28||Wagner|W|74|64|28|60|.467|9|25|.360|9|9|1.000|10|35|11|3|6|9|18||23|61|.377|5|15|.333|13|20|.650|11|30|9|6|4|8|13
30|30|2015-03-04||Saint Francis (PA)|L|58|73|22|56|.393|7|23|.304|7|11|.636|5|18|7|11|4|13|24||22|42|.524|5|12|.417|24|30|.800|8|36|9|6|1|19|16
