ranker|game_season|date_game|game_location|opp_id|game_result|pts|opp_pts|fg|fga|fg_pct|fg3|fg3a|fg3_pct|ft|fta|ft_pct|orb|trb|ast|stl|blk|tov|pf|x|opp_fg|opp_fga|opp_fg_pct|opp_fg3|opp_fg3a|opp_fg3_pct|opp_ft|opp_fta|opp_ft_pct|opp_orb|opp_trb|opp_ast|opp_stl|opp_blk|opp_tov|opp_pf|
1|1|2014-11-14||Morehead State|W|60|59|20|48|.417|4|18|.222|16|27|.593|11|39|14|2|12|12|14||21|68|.309|7|22|.318|10|14|.714|11|31|11|7|3|6|25
2|2|2014-11-16||Sam Houston State|W|59|57|21|57|.368|5|13|.385|12|27|.444|9|35|11|5|10|10|11||21|69|.304|9|36|.250|6|10|.600|19|51|16|3|4|14|23
3|3|2014-11-21|N|Stanford|L|60|89|22|58|.379|5|18|.278|11|19|.579|9|24|10|5|4|8|18||31|62|.500|14|20|.700|13|19|.684|13|42|19|4|2|9|20
4|4|2014-11-22|N|Temple|W|57|50|21|54|.389|6|13|.462|9|14|.643|8|41|12|3|8|11|20||14|58|.241|4|21|.190|18|24|.750|10|37|8|2|3|7|15
5|5|2014-11-29||Albany (NY)|W|75|59|27|51|.529|9|21|.429|12|17|.706|4|33|15|7|8|15|18||22|59|.373|5|17|.294|10|16|.625|7|28|5|3|0|11|15
6|6|2014-12-03|@|Arizona State|L|55|77|23|63|.365|5|19|.263|4|7|.571|6|28|15|3|9|8|19||27|62|.435|11|22|.500|12|14|.857|11|43|19|3|5|8|14
7|7|2014-12-05||St. Katherine|W|113|53|41|66|.621|13|22|.591|18|28|.643|11|55|28|8|13|15|14||22|76|.289|4|23|.174|5|8|.625|10|28|6|10|2|16|21
8|8|2014-12-13|@|South Dakota|W|75|61|28|59|.475|5|21|.238|14|24|.583|8|31|9|10|5|12|18||25|59|.424|2|17|.118|9|12|.750|8|34|8|5|2|17|22
9|9|2014-12-17||Portland|W (1 OT)|75|73|29|59|.492|4|18|.222|13|15|.867|5|27|14|4|2|10|17||29|66|.439|4|14|.286|11|13|.846|14|35|11|6|6|10|18
10|10|2014-12-20|N|Utah|L|46|59|17|52|.327|2|11|.182|10|23|.435|9|39|5|6|8|15|17||21|53|.396|5|15|.333|12|21|.571|3|34|8|12|2|10|18
11|11|2014-12-23||Arizona|W|71|67|26|59|.441|4|13|.308|15|24|.625|12|39|11|8|5|15|20||23|54|.426|5|15|.333|16|27|.593|7|33|16|8|3|15|20
12|12|2014-12-27||Southern Utah|W|79|45|25|54|.463|11|25|.440|18|22|.818|9|48|20|3|9|11|16||16|63|.254|5|17|.294|8|16|.500|9|29|8|3|2|9|16
13|13|2014-12-31|@|Wyoming|L|71|76|27|49|.551|10|21|.476|7|12|.583|6|22|10|3|1|13|16||28|52|.538|5|16|.313|15|19|.789|5|23|17|7|4|7|12
14|14|2015-01-04|@|Kansas|L|61|76|24|59|.407|7|23|.304|6|9|.667|4|27|11|5|8|12|11||30|67|.448|8|19|.421|8|14|.571|15|41|17|7|4|11|11
15|15|2015-01-07||Nevada|L|62|64|21|62|.339|5|17|.294|15|16|.938|16|36|11|3|11|11|17||24|68|.353|5|14|.357|11|13|.846|18|39|8|6|6|11|15
16|16|2015-01-10||San Jose State|W|74|40|25|45|.556|9|21|.429|15|18|.833|4|38|14|7|8|17|18||14|60|.233|2|19|.105|10|18|.556|14|28|2|6|3|12|15
17|17|2015-01-13|@|Boise State|L (1 OT)|73|82|27|62|.435|11|29|.379|8|11|.727|8|29|11|6|5|15|19||30|68|.441|5|15|.333|17|19|.895|10|37|11|8|0|8|14
18|18|2015-01-17|@|San Diego State|L|47|53|19|44|.432|6|16|.375|3|5|.600|3|21|12|6|6|14|15||21|52|.404|2|12|.167|9|17|.529|10|30|14|4|2|11|9
19|19|2015-01-21||New Mexico|L|69|71|21|45|.467|9|25|.360|18|21|.857|5|25|14|5|2|12|14||28|58|.483|7|18|.389|8|10|.800|6|26|13|7|1|6|19
20|20|2015-01-24||Utah State|W (1 OT)|79|77|26|64|.406|9|28|.321|18|23|.783|7|29|18|7|4|4|23||26|54|.481|7|17|.412|18|29|.621|8|37|12|1|5|13|20
21|21|2015-01-27|@|Nevada|W|67|62|24|49|.490|6|16|.375|13|25|.520|10|34|16|4|5|13|21||20|56|.357|5|12|.417|17|27|.630|16|40|11|6|5|13|20
22|22|2015-01-31||Air Force|W|74|63|24|52|.462|9|24|.375|17|24|.708|9|26|16|6|6|5|9||23|52|.442|10|22|.455|7|8|.875|8|27|12|1|1|14|19
23|23|2015-02-07|@|Colorado State|L|82|83|30|64|.469|11|26|.423|11|17|.647|8|31|17|7|7|10|16||32|67|.478|9|21|.429|10|20|.500|13|39|24|6|5|10|13
24|24|2015-02-10||Fresno State|W|73|61|22|56|.393|8|18|.444|21|32|.656|14|40|12|7|11|9|19||20|54|.370|5|14|.357|16|25|.640|9|33|8|8|4|11|26
25|25|2015-02-14|@|Air Force|L|75|76|28|55|.509|9|25|.360|10|12|.833|12|39|22|0|6|15|17||25|59|.424|12|25|.480|14|21|.667|11|27|24|7|1|5|12
26|26|2015-02-18||Boise State|L|48|53|18|60|.300|2|18|.111|10|15|.667|7|31|9|10|7|11|15||22|58|.379|1|18|.056|8|12|.667|9|41|8|7|6|14|17
27|27|2015-02-21|@|New Mexico|W|76|68|27|50|.540|10|17|.588|12|15|.800|4|21|20|5|7|9|19||22|52|.423|3|7|.429|21|29|.724|10|28|11|4|3|9|17
28|28|2015-02-24|@|Utah State|L|65|83|26|64|.406|8|26|.308|5|11|.455|11|33|14|5|5|10|15||31|57|.544|11|20|.550|10|16|.625|6|33|24|2|5|10|14
29|29|2015-02-28||Wyoming|W|69|57|23|48|.479|11|19|.579|12|14|.857|5|29|14|6|4|10|17||20|52|.385|9|22|.409|8|13|.615|6|24|9|4|2|12|15
30|30|2015-03-04||San Diego State|L|58|60|21|49|.429|5|11|.455|11|16|.688|7|32|11|4|9|11|13||25|59|.424|5|14|.357|5|10|.500|7|31|10|6|5|6|14
31|31|2015-03-07|@|San Jose State|W|71|58|26|49|.531|7|15|.467|12|21|.571|5|32|14|5|5|7|12||22|58|.379|9|28|.321|5|8|.625|7|28|10|2|1|8|19
32|32|2015-03-11||Nevada|W|67|46|23|55|.418|6|19|.316|15|21|.714|8|27|16|12|8|6|17||15|52|.288|3|9|.333|13|19|.684|19|41|5|5|4|19|19
33|33|2015-03-12|N|San Diego State|L|64|67|26|55|.473|5|13|.385|7|15|.467|9|28|7|6|5|7|20||21|48|.438|7|14|.500|18|28|.643|7|27|10|4|3|7|15
