ranker|game_season|date_game|game_location|opp_id|game_result|pts|opp_pts|fg|fga|fg_pct|fg3|fg3a|fg3_pct|ft|fta|ft_pct|orb|trb|ast|stl|blk|tov|pf|x|opp_fg|opp_fga|opp_fg_pct|opp_fg3|opp_fg3a|opp_fg3_pct|opp_ft|opp_fta|opp_ft_pct|opp_orb|opp_trb|opp_ast|opp_stl|opp_blk|opp_tov|opp_pf|
1|1|2014-11-14|@|Boston College|L|50|58|15|49|.306|6|23|.261|14|20|.700|7|33|11|5|1|19|24||19|53|.358|1|19|.053|19|27|.704|9|30|5|6|2|11|17
2|2|2014-11-18||Thomas (ME)|W|84|36|28|58|.483|4|15|.267|24|33|.727|14|51|8|8|2|13|12||15|54|.278|4|18|.222|2|3|.667|2|20|7|6|3|22|22
3|3|2014-11-20|@|Bryant|L|63|72|23|59|.390|10|23|.435|7|9|.778|8|28|13|6|3|13|17||25|52|.481|8|21|.381|14|18|.778|6|29|12|3|4|12|16
4|4|2014-11-25||Boston University|W|75|68|23|56|.411|8|24|.333|21|26|.808|6|30|13|4|0|6|21||19|52|.365|8|27|.296|22|30|.733|13|36|7|3|2|14|21
5|5|2014-11-30|@|Dartmouth|W|65|63|25|52|.481|6|20|.300|9|14|.643|9|26|10|5|1|7|15||22|47|.468|8|16|.500|11|18|.611|8|26|12|3|3|12|17
6|6|2014-12-03|@|Long Island University|W|72|56|25|60|.417|12|26|.462|10|11|.909|8|33|14|7|2|11|20||16|53|.302|6|23|.261|18|22|.818|9|34|8|5|2|14|17
7|7|2014-12-06||Wheelock|W|96|45|38|62|.613|6|12|.500|14|19|.737|12|42|18|11|1|10|8||20|52|.385|5|16|.313|0|0||1|15|11|5|1|16|16
8|8|2014-12-09|@|Rutgers|L|56|60|22|61|.361|6|26|.231|6|12|.500|7|33|12|5|0|11|19||21|52|.404|5|15|.333|13|18|.722|5|34|8|3|6|15|13
9|9|2014-12-14||Colgate|W|63|57|20|45|.444|8|15|.533|15|21|.714|8|30|7|2|0|13|15||22|46|.478|6|19|.316|7|9|.778|2|21|10|7|1|9|20
10|10|2014-12-20|@|Sacred Heart|L|60|73|22|65|.338|5|21|.238|11|17|.647|15|37|8|7|2|12|17||28|53|.528|2|6|.333|15|20|.750|4|32|13|5|6|10|14
11|11|2014-12-22||Long Island University|L (1 OT)|72|73|29|67|.433|1|10|.100|13|22|.591|11|43|10|5|3|13|25||27|57|.474|6|15|.400|13|23|.565|3|31|9|2|2|15|21
12|12|2014-12-30|@|Western Michigan|L|56|70|19|47|.404|7|20|.350|11|18|.611|8|30|9|3|2|13|19||23|56|.411|3|13|.231|21|26|.808|10|30|9|10|1|7|14
13|13|2015-01-03|@|Stony Brook|L|61|71|18|49|.367|11|23|.478|14|22|.636|4|21|14|5|1|8|24||21|49|.429|2|9|.222|27|34|.794|12|41|11|5|2|9|16
14|14|2015-01-06||Albany (NY)|L|62|64|18|43|.419|11|24|.458|15|18|.833|4|27|11|2|2|15|20||20|49|.408|6|13|.462|18|21|.857|7|28|7|8|1|10|15
15|15|2015-01-08||Brown|W|68|61|23|57|.404|9|20|.450|13|22|.591|10|38|16|6|2|12|18||22|52|.423|2|19|.105|15|21|.714|5|30|11|8|4|12|21
16|16|2015-01-11|@|Maryland-Baltimore County|W|63|60|24|49|.490|6|20|.300|9|16|.563|4|28|15|2|3|7|18||21|49|.429|4|14|.286|14|21|.667|7|29|9|4|1|8|15
17|17|2015-01-14||Hartford|L|67|68|22|49|.449|10|16|.625|13|18|.722|8|28|12|7|4|12|16||20|46|.435|8|18|.444|20|25|.800|6|27|10|7|0|13|16
18|18|2015-01-17|@|Binghamton|W (1 OT)|73|66|25|48|.521|6|12|.500|17|25|.680|6|43|14|2|1|22|24||22|57|.386|4|19|.211|18|31|.581|6|26|7|11|4|10|24
19|19|2015-01-19||Massachusetts-Lowell|W (1 OT)|67|64|23|56|.411|5|22|.227|16|25|.640|10|39|9|7|5|17|19||23|56|.411|9|19|.474|9|18|.500|7|30|14|8|1|14|23
20|20|2015-01-22||Vermont|W|73|68|22|44|.500|7|13|.538|22|37|.595|8|35|11|4|2|13|26||21|57|.368|3|18|.167|23|38|.605|13|36|5|7|4|7|27
21|21|2015-01-28|@|Maine|W|63|58|21|54|.389|2|16|.125|19|29|.655|8|40|8|6|2|14|18||19|57|.333|5|18|.278|15|20|.750|5|32|9|4|3|12|22
22|22|2015-01-31||Stony Brook|W|63|48|23|55|.418|7|20|.350|10|16|.625|3|38|13|9|1|9|15||18|58|.310|5|21|.238|7|12|.583|5|38|8|3|1|13|15
23|23|2015-02-04|@|Albany (NY)|L|62|63|22|51|.431|5|17|.294|13|15|.867|7|23|11|5|5|11|22||20|53|.377|6|19|.316|17|22|.773|12|29|5|6|2|9|17
24|24|2015-02-07||Maryland-Baltimore County|W|80|46|29|49|.592|10|17|.588|12|17|.706|5|29|14|8|5|10|17||17|42|.405|5|14|.357|7|18|.389|3|21|7|8|0|16|16
25|25|2015-02-10|@|Hartford|W (1 OT)|76|70|24|53|.453|6|23|.261|22|30|.733|7|34|9|5|1|11|15||26|60|.433|9|23|.391|9|10|.900|7|31|10|4|1|12|22
26|26|2015-02-14||Binghamton|W|66|48|22|54|.407|7|16|.438|15|19|.789|12|43|7|3|1|13|22||15|54|.278|3|12|.250|15|24|.625|11|26|3|7|1|9|19
27|27|2015-02-21|@|Massachusetts-Lowell|W|76|60|31|53|.585|9|18|.500|5|11|.455|11|35|15|5|2|13|27||17|45|.378|9|20|.450|17|29|.586|5|19|7|4|1|8|18
28|28|2015-02-25|@|Vermont|L|49|64|15|44|.341|3|16|.188|16|25|.640|5|26|7|4|5|15|18||23|51|.451|3|10|.300|15|25|.600|6|29|7|4|7|9|18
29|29|2015-02-28||Maine|W|65|56|24|57|.421|9|21|.429|8|9|.889|8|36|14|6|3|15|13||22|57|.386|6|20|.300|6|12|.500|7|28|7|6|0|11|9
30|30|2015-03-04||Hartford|W (1 OT)|67|63|21|51|.412|8|22|.364|17|28|.607|12|38|12|4|2|14|16||22|54|.407|6|21|.286|13|20|.650|7|28|9|8|0|9|21
31|31|2015-03-08|@|Albany (NY)|L|58|60|23|52|.442|10|21|.476|2|4|.500|3|20|11|3|3|9|19||21|42|.500|4|13|.308|14|16|.875|2|25|8|6|3|11|13
