ranker|game_season|date_game|game_location|opp_id|game_result|pts|opp_pts|fg|fga|fg_pct|fg3|fg3a|fg3_pct|ft|fta|ft_pct|orb|trb|ast|stl|blk|tov|pf|x|opp_fg|opp_fga|opp_fg_pct|opp_fg3|opp_fg3a|opp_fg3_pct|opp_ft|opp_fta|opp_ft_pct|opp_orb|opp_trb|opp_ast|opp_stl|opp_blk|opp_tov|opp_pf|
1|1|2014-11-14||Pfeiffer|W|81|43|28|59|.475|9|26|.346|16|21|.762|11|32|17|9|5|12|20||13|37|.351|1|8|.125|16|28|.571|7|26|4|6|4|22|18
2|2|2014-11-16|@|Virginia|L|39|67|12|51|.235|7|17|.412|8|9|.889|11|29|8|3|4|13|18||23|53|.434|10|21|.476|11|17|.647|10|36|19|9|11|10|11
3|3|2014-11-19||Boston University|L|63|71|20|52|.385|5|23|.217|18|26|.692|10|27|7|6|6|11|27||21|42|.500|9|21|.429|20|32|.625|7|29|16|5|3|16|18
4|4|2014-11-22||Texas Southern|W|76|66|28|60|.467|7|13|.538|13|26|.500|14|34|15|8|2|9|24||22|48|.458|6|19|.316|16|29|.552|6|28|10|5|6|14|23
5|5|2014-11-25|@|Vanderbilt|L|53|63|18|56|.321|3|19|.158|14|19|.737|10|37|7|3|3|11|21||22|50|.440|9|22|.409|10|18|.556|6|30|19|5|4|9|19
6|6|2014-11-28|N|St. Francis (NY)|W (1 OT)|72|70|26|48|.542|3|8|.375|17|25|.680|7|28|14|8|4|20|24||24|54|.444|6|22|.273|16|24|.667|11|28|12|7|7|19|23
7|7|2014-11-29|N|Saint Peter's|W|60|58|19|43|.442|4|15|.267|18|25|.720|9|27|10|7|3|13|16||18|40|.450|12|22|.545|10|16|.625|3|20|14|4|1|14|22
8|8|2014-12-02|@|Hofstra|L|74|88|29|63|.460|10|23|.435|6|10|.600|12|31|22|3|2|14|27||24|46|.522|14|25|.560|26|37|.703|6|25|17|9|2|8|14
9|9|2014-12-06||Morgan State|W|85|65|31|49|.633|4|8|.500|19|23|.826|8|37|15|3|3|20|21||21|61|.344|8|25|.320|15|28|.536|13|24|12|5|3|12|20
10|10|2014-12-08||Coppin State|W|88|69|33|63|.524|11|22|.500|11|18|.611|8|47|21|2|4|15|14||28|76|.368|6|35|.171|7|11|.636|7|28|12|7|3|7|16
11|11|2014-12-13|@|Mount St. Mary's|L (1 OT)|64|67|22|53|.415|4|13|.308|16|25|.640|5|34|12|1|4|14|20||24|57|.421|9|28|.321|10|16|.625|6|30|15|4|6|9|26
12|12|2014-12-15||Virginia Wise|W|88|49|35|65|.538|8|22|.364|10|14|.714|14|44|20|11|2|9|8||19|58|.328|10|33|.303|1|4|.250|9|24|11|3|1|17|13
13|13|2014-12-19||Northern Arizona|W|81|62|27|47|.574|7|15|.467|20|36|.556|9|32|11|3|8|13|17||20|56|.357|5|15|.333|17|22|.773|11|29|7|7|1|15|27
14|14|2014-12-22|@|James Madison|W (1 OT)|74|71|25|48|.521|5|12|.417|19|28|.679|9|37|16|3|9|17|25||21|57|.368|8|22|.364|21|28|.750|9|26|16|9|1|12|23
15|15|2014-12-30|@|Baylor|L|51|92|18|54|.333|5|17|.294|10|16|.625|12|28|11|6|5|18|19||34|68|.500|8|19|.421|16|24|.667|23|44|28|11|8|10|13
16|16|2015-01-03|@|Georgia|L|50|63|19|65|.292|7|26|.269|5|8|.625|8|31|8|4|8|8|25||21|49|.429|7|17|.412|14|21|.667|7|37|13|5|7|7|12
17|17|2015-01-06|@|Princeton|L|61|71|24|50|.480|2|11|.182|11|24|.458|6|38|8|6|10|16|25||21|54|.389|9|25|.360|20|29|.690|4|30|12|6|0|12|21
18|18|2015-01-10|@|Florida A&M|W|75|51|29|53|.547|7|19|.368|10|21|.476|10|44|14|5|7|17|17||20|63|.317|2|19|.105|9|20|.450|8|27|9|5|3|10|20
19|19|2015-01-12|@|Bethune-Cookman|W|79|55|26|50|.520|11|23|.478|16|26|.615|7|29|15|6|6|7|16||19|54|.352|6|21|.286|11|22|.500|10|30|9|4|2|10|17
20|20|2015-01-17||North Carolina Central|L|56|60|18|43|.419|1|16|.063|19|31|.613|5|28|7|7|7|13|18||21|52|.404|7|18|.389|11|20|.550|10|29|12|5|4|13|24
21|21|2015-01-19||North Carolina A&T|W|74|60|28|46|.609|8|13|.615|10|13|.769|8|25|16|7|3|14|20||20|48|.417|6|22|.273|14|18|.778|11|20|11|4|2|12|17
22|22|2015-01-24|@|South Carolina State|W|76|63|29|44|.659|7|13|.538|11|18|.611|5|38|17|5|6|21|21||22|67|.328|6|27|.222|13|27|.481|16|25|11|6|1|7|14
23|23|2015-01-26|@|Savannah State|W|70|54|28|45|.622|5|12|.417|9|16|.563|9|35|12|6|10|21|21||20|55|.364|1|12|.083|13|17|.765|8|19|9|10|0|10|13
24|24|2015-01-31||Hampton|W|63|60|25|59|.424|2|14|.143|11|16|.688|9|34|15|3|5|8|18||23|57|.404|5|23|.217|9|17|.529|10|35|9|3|3|10|18
25|25|2015-02-07||Howard|W|72|69|23|48|.479|4|16|.250|22|36|.611|16|35|17|5|6|20|19||22|51|.431|10|23|.435|15|21|.714|7|22|8|8|4|21|25
26|26|2015-02-09||Maryland-Eastern Shore|L|64|82|22|56|.393|4|19|.211|16|21|.762|10|24|13|10|7|13|20||28|58|.483|8|22|.364|18|24|.750|17|37|12|6|2|14|18
27|27|2015-02-14|@|Morgan State|L|70|73|18|50|.360|4|19|.211|30|39|.769|11|32|6|4|4|9|22||24|55|.436|6|15|.400|19|26|.731|10|29|11|3|2|10|27
28|28|2015-02-21|@|Coppin State|W|99|81|34|55|.618|9|16|.563|22|25|.880|5|34|26|3|2|12|12||29|64|.453|12|31|.387|11|16|.688|6|21|13|5|3|10|19
29|29|2015-02-23||Delaware State|W|81|71|28|54|.519|5|14|.357|20|26|.769|8|36|15|7|4|11|12||28|68|.412|11|30|.367|4|10|.400|12|29|14|1|2|12|17
30|30|2015-03-02|@|Howard|L (1 OT)|59|61|22|60|.367|1|12|.083|14|21|.667|16|39|7|2|5|16|25||21|55|.382|4|17|.235|15|19|.789|12|32|4|8|8|17|20
31|31|2015-03-05|@|Hampton|W|80|69|29|58|.500|5|14|.357|17|26|.654|9|34|12|5|2|8|22||23|56|.411|6|25|.240|17|26|.654|11|34|10|5|5|11|22
32|32|2015-03-11|N|South Carolina State|W|68|54|25|48|.521|4|14|.286|14|27|.519|10|29|11|6|6|6|14||19|48|.396|8|18|.444|8|10|.800|8|25|6|1|3|10|18
33|33|2015-03-13|N|Hampton|L|64|75|21|55|.382|3|10|.300|19|26|.731|10|35|9|3|4|10|26||20|52|.385|3|15|.200|32|38|.842|10|30|10|4|0|10|22
