ranker|game_season|date_game|game_location|opp_id|game_result|pts|opp_pts|fg|fga|fg_pct|fg3|fg3a|fg3_pct|ft|fta|ft_pct|orb|trb|ast|stl|blk|tov|pf|x|opp_fg|opp_fga|opp_fg_pct|opp_fg3|opp_fg3a|opp_fg3_pct|opp_ft|opp_fta|opp_ft_pct|opp_orb|opp_trb|opp_ast|opp_stl|opp_blk|opp_tov|opp_pf|
1|1|2014-11-15||Aurora|W|86|56|28|58|.483|2|14|.143|28|35|.800|16|52|8|8|2|22|17||22|62|.355|6|25|.240|6|14|.429|4|19|11|11|1|16|27
2|2|2014-11-20||Idaho|W|78|67|26|51|.510|8|19|.421|18|26|.692|8|30|14|9|3|12|16||24|56|.429|5|23|.217|14|16|.875|8|26|8|5|1|14|23
3|3|2014-11-26|@|Iowa|L|49|70|17|61|.279|6|23|.261|9|12|.750|19|32|8|4|1|15|19||25|54|.463|5|17|.294|15|19|.789|14|34|16|8|12|13|15
4|4|2014-11-30||Maine|W|61|56|16|52|.308|3|16|.188|26|36|.722|16|40|5|9|3|17|12||23|57|.404|7|22|.318|3|7|.429|7|31|11|9|1|16|29
5|5|2014-12-02|@|DePaul|L|67|78|24|50|.480|2|11|.182|17|22|.773|13|33|11|11|4|21|15||28|52|.538|11|22|.500|11|17|.647|5|21|22|12|8|15|19
6|6|2014-12-13|@|Eastern Illinois|L|55|59|15|50|.300|6|18|.333|19|24|.792|15|31|5|13|3|14|17||19|41|.463|9|23|.391|12|15|.800|7|28|9|8|8|17|16
7|7|2014-12-16||Mississippi Valley State|W|71|64|24|49|.490|5|13|.385|18|35|.514|14|41|10|5|6|17|19||22|54|.407|6|17|.353|14|21|.667|2|19|16|8|0|9|23
8|8|2014-12-19|@|Dartmouth|L (1 OT)|55|58|18|46|.391|8|20|.400|11|13|.846|7|34|10|3|4|19|19||19|56|.339|9|26|.346|11|21|.524|13|33|15|12|2|8|14
9|9|2014-12-22|@|Notre Dame|L|66|91|22|55|.400|8|21|.381|14|23|.609|11|26|12|7|1|10|16||33|56|.589|12|28|.429|13|19|.684|9|34|19|6|4|11|15
10|10|2014-12-29||Hampton|W|83|51|28|59|.475|5|17|.294|22|37|.595|14|35|9|16|6|9|19||16|48|.333|5|16|.313|14|22|.636|8|33|6|4|1|25|26
11|11|2015-01-02||California-Riverside|W (1 OT)|72|67|20|51|.392|6|18|.333|26|35|.743|9|28|8|10|3|14|17||25|55|.455|9|24|.375|8|11|.727|8|32|16|5|3|24|30
12|12|2015-01-07|@|Ohio|W|70|60|23|53|.434|5|11|.455|19|22|.864|9|30|7|8|0|13|16||22|54|.407|6|24|.250|10|16|.625|7|24|13|6|7|14|18
13|13|2015-01-10||Kent State|L|65|67|22|58|.379|2|11|.182|19|27|.704|19|35|14|6|1|13|23||20|43|.465|6|15|.400|21|27|.778|7|26|10|3|4|17|22
14|14|2015-01-14|@|Buffalo|L|63|82|25|65|.385|4|18|.222|9|15|.600|15|39|11|4|1|16|22||29|58|.500|6|17|.353|18|28|.643|7|29|15|13|9|6|15
15|15|2015-01-17|@|Eastern Michigan|L|46|54|15|41|.366|4|14|.286|12|24|.500|9|29|7|3|3|17|26||13|39|.333|3|16|.188|25|33|.758|7|25|5|11|4|11|24
16|16|2015-01-21||Akron|W|64|61|21|41|.512|3|6|.500|19|28|.679|6|30|8|11|2|17|14||22|60|.367|9|28|.321|8|13|.615|14|29|11|13|3|14|17
17|17|2015-01-24||Miami (OH)|L|55|60|17|51|.333|5|30|.167|16|25|.640|12|27|10|8|4|10|22||21|44|.477|5|13|.385|13|19|.684|6|26|13|3|0|14|19
18|18|2015-01-27|@|Bowling Green State|L|46|56|17|47|.362|2|12|.167|10|14|.714|7|26|6|7|2|13|18||21|49|.429|7|18|.389|7|13|.538|8|28|10|6|4|11|11
19|19|2015-01-31||Toledo|L|69|80|24|54|.444|4|13|.308|17|29|.586|10|28|8|8|0|12|25||23|49|.469|7|19|.368|27|31|.871|10|37|9|3|2|15|22
20|20|2015-02-04|@|Miami (OH)|W|69|67|23|44|.523|7|17|.412|16|23|.696|6|22|12|8|2|12|18||25|46|.543|7|19|.368|10|16|.625|5|21|13|6|3|10|22
21|21|2015-02-07||Bowling Green State|L|65|69|21|56|.375|7|17|.412|16|21|.762|11|33|10|6|4|12|20||24|49|.490|7|24|.292|14|19|.737|8|29|13|8|6|14|20
22|22|2015-02-10||Ball State|W|75|63|26|47|.553|8|14|.571|15|22|.682|5|24|13|9|2|10|10||23|48|.479|9|30|.300|8|10|.800|6|21|11|5|3|14|17
23|23|2015-02-14|@|Western Michigan|L|65|69|25|55|.455|2|14|.143|13|19|.684|9|30|3|6|4|12|23||21|51|.412|6|20|.300|21|32|.656|11|34|10|4|1|9|20
24|24|2015-02-18|@|Central Michigan|L|66|68|23|52|.442|7|16|.438|13|20|.650|10|30|7|5|0|16|21||21|46|.457|13|31|.419|13|20|.650|6|23|16|9|1|14|19
25|25|2015-02-21||Eastern Michigan|L|65|73|18|39|.462|7|17|.412|22|35|.629|4|25|12|6|3|17|30||20|47|.426|6|19|.316|27|40|.675|7|27|7|6|5|11|28
26|26|2015-02-25|@|Toledo|W|84|82|34|65|.523|9|18|.500|7|8|.875|11|29|19|7|1|8|22||25|47|.532|5|14|.357|27|31|.871|4|19|16|3|4|7|13
27|27|2015-02-28||Central Michigan|W|73|55|25|44|.568|4|14|.286|19|24|.792|9|35|17|6|3|10|20||17|54|.315|9|36|.250|12|20|.600|13|22|9|6|0|9|21
28|28|2015-03-03||Western Michigan|W|65|63|23|48|.479|5|13|.385|14|23|.609|6|24|16|8|2|12|24||21|45|.467|5|14|.357|16|26|.615|9|28|8|5|4|15|21
29|29|2015-03-06|@|Ball State|W (1 OT)|71|67|21|50|.420|2|10|.200|27|42|.643|11|38|8|7|0|17|20||22|54|.407|7|29|.241|16|21|.762|6|27|14|2|6|14|28
30|30|2015-03-09|@|Akron|L|52|76|20|51|.392|3|15|.200|9|16|.563|10|24|6|8|3|14|13||26|51|.510|14|30|.467|10|15|.667|9|28|14|5|5|16|14
