ranker|game_season|date_game|game_location|opp_id|game_result|pts|opp_pts|fg|fga|fg_pct|fg3|fg3a|fg3_pct|ft|fta|ft_pct|orb|trb|ast|stl|blk|tov|pf|x|opp_fg|opp_fga|opp_fg_pct|opp_fg3|opp_fg3a|opp_fg3_pct|opp_ft|opp_fta|opp_ft_pct|opp_orb|opp_trb|opp_ast|opp_stl|opp_blk|opp_tov|opp_pf|
1|1|2014-11-16|N|Boston University|W|71|65|24|54|.444|9|23|.391|14|21|.667|8|32|19|6|3|10|13||21|52|.404|8|19|.421|15|20|.750|5|25|17|6|0|8|17
2|2|2014-11-18|@|Florida State|W|76|73|28|52|.538|9|15|.600|11|14|.786|4|26|18|4|2|15|12||33|62|.532|2|10|.200|5|10|.500|8|29|15|11|4|12|14
3|3|2014-11-22|N|Navy|W|68|44|22|48|.458|8|16|.500|16|18|.889|12|32|13|5|4|15|14||19|42|.452|4|12|.333|2|8|.250|2|14|8|6|2|11|18
4|4|2014-11-23|N|Manhattan|W|65|51|21|38|.553|5|9|.556|18|19|.947|4|32|17|7|4|22|16||20|53|.377|5|18|.278|6|15|.400|7|15|8|10|3|13|22
5|5|2014-11-26|@|Massachusetts|L|54|79|22|59|.373|3|15|.200|7|10|.700|8|26|11|7|4|20|11||37|70|.529|3|17|.176|2|6|.333|12|40|19|17|5|15|16
6|6|2014-11-29||Fairfield|W|57|48|21|49|.429|3|14|.214|12|18|.667|7|31|14|7|2|14|10||20|57|.351|5|17|.294|3|4|.750|9|33|7|4|6|17|18
7|7|2014-12-03|@|Harvard|L|46|60|17|51|.333|2|10|.200|10|17|.588|9|28|9|5|0|13|11||24|46|.522|2|7|.286|10|13|.769|2|22|15|8|6|8|14
8|8|2014-12-06||Western Michigan|W|81|69|26|56|.464|6|20|.300|23|26|.885|13|38|14|7|3|9|15||25|55|.455|9|20|.450|10|17|.588|5|21|5|3|2|10|21
9|9|2014-12-17|N|Cal Poly|L|58|60|23|55|.418|6|20|.300|6|8|.750|11|37|19|3|6|10|12||25|53|.472|3|14|.214|7|13|.538|6|28|13|3|5|5|14
10|10|2014-12-20|@|Santa Clara|W|78|72|27|46|.587|11|22|.500|13|21|.619|4|29|16|4|7|14|16||26|59|.441|5|14|.357|15|19|.789|8|27|16|7|1|8|19
11|11|2014-12-22|@|Saint Mary's (CA)|L (1 OT)|68|72|23|52|.442|7|24|.292|15|21|.714|4|28|14|5|3|10|13||28|63|.444|5|15|.333|11|13|.846|11|39|18|7|1|9|19
12|12|2014-12-31|@|Richmond|W|58|57|23|48|.479|7|18|.389|5|7|.714|4|31|15|2|4|13|13||24|56|.429|5|21|.238|4|7|.571|5|23|14|6|3|4|12
13|13|2015-01-03|@|Delaware|W|72|53|26|53|.491|8|18|.444|12|13|.923|9|41|13|3|3|15|18||19|60|.317|4|14|.286|11|20|.550|11|29|10|5|4|6|14
14|14|2015-01-05||North Carolina-Wilmington|L|68|75|24|52|.462|6|13|.462|14|22|.636|5|25|16|6|4|13|16||31|57|.544|2|3|.667|11|17|.647|6|30|10|9|3|10|18
15|15|2015-01-08|@|James Madison|W|65|59|20|46|.435|7|19|.368|18|23|.783|13|38|13|4|2|12|13||21|49|.429|8|20|.400|9|17|.529|4|18|11|5|3|7|21
16|16|2015-01-10|@|Towson|W|52|49|23|46|.500|3|7|.429|3|7|.429|7|29|17|8|5|12|9||21|56|.375|4|17|.235|3|4|.750|12|27|9|5|7|9|13
17|17|2015-01-14||Hofstra|W|91|83|30|47|.638|5|10|.500|26|38|.684|4|36|16|3|9|13|17||29|75|.387|10|26|.385|15|20|.750|14|33|14|7|4|9|26
18|18|2015-01-17||College of Charleston|W|69|67|23|43|.535|7|14|.500|16|26|.615|8|29|10|6|2|14|13||23|53|.434|9|19|.474|12|13|.923|6|21|11|8|2|9|23
19|19|2015-01-19||Detroit Mercy|L (1 OT)|69|81|21|58|.362|6|25|.240|21|33|.636|11|38|13|7|6|15|19||29|67|.433|7|19|.368|16|18|.889|11|41|18|8|2|13|25
20|20|2015-01-22||James Madison|W|82|59|31|59|.525|9|17|.529|11|15|.733|10|31|20|6|4|8|15||22|50|.440|7|17|.412|8|15|.533|7|24|11|5|3|11|14
21|21|2015-01-24|@|William & Mary|L|62|78|24|59|.407|2|20|.100|12|14|.857|13|33|10|4|5|14|19||29|55|.527|6|19|.316|14|18|.778|3|24|14|11|7|7|16
22|22|2015-01-28|@|Drexel|L|60|65|21|46|.457|4|13|.308|14|16|.875|3|28|12|2|4|12|18||22|57|.386|5|18|.278|16|18|.889|9|29|10|5|4|7|18
23|23|2015-01-31||Elon|W|80|61|28|47|.596|4|13|.308|20|31|.645|7|36|16|4|3|15|18||25|57|.439|4|15|.267|7|14|.500|3|23|11|5|0|9|21
24|24|2015-02-04||Towson|W|69|62|21|35|.600|6|8|.750|21|35|.600|3|30|11|3|3|14|14||25|58|.431|3|11|.273|9|13|.692|5|22|11|7|3|7|25
25|25|2015-02-07||Delaware|L|68|73|22|50|.440|3|16|.188|21|31|.677|5|26|8|9|4|10|18||27|56|.482|5|11|.455|14|21|.667|8|31|14|5|3|14|23
26|26|2015-02-12|@|Hofstra|W|79|68|27|48|.563|4|6|.667|21|23|.913|10|30|18|8|5|17|11||27|54|.500|4|12|.333|10|12|.833|3|15|16|15|5|11|19
27|27|2015-02-14|@|North Carolina-Wilmington|L|61|66|20|49|.408|4|16|.250|17|31|.548|8|31|13|8|2|15|15||25|51|.490|3|11|.273|13|18|.722|3|27|7|10|7|11|22
28|28|2015-02-18||William & Mary|W|75|64|26|44|.591|9|17|.529|14|18|.778|7|22|20|5|1|8|8||22|41|.537|12|22|.545|8|10|.800|2|14|13|5|6|8|15
29|29|2015-02-21||Drexel|W (1 OT)|83|73|24|44|.545|4|8|.500|31|39|.795|6|32|14|5|6|17|18||27|70|.386|6|19|.316|13|17|.765|12|29|10|7|4|11|26
30|30|2015-02-26|@|Elon|L|65|72|27|55|.491|4|15|.267|7|12|.583|6|29|10|8|3|15|16||28|58|.483|7|24|.292|9|13|.692|7|30|14|10|2|11|15
31|31|2015-02-28|@|College of Charleston|W|65|56|20|39|.513|3|7|.429|22|26|.846|4|23|11|6|3|11|16||20|46|.435|7|21|.333|9|15|.600|8|23|11|5|3|10|19
32|32|2015-03-07|N|Delaware|W|67|64|23|42|.548|7|13|.538|14|17|.824|1|21|14|3|5|15|18||25|53|.472|4|11|.364|10|12|.833|8|24|10|6|0|13|20
33|33|2015-03-08|N|North Carolina-Wilmington|W|78|71|27|56|.482|7|14|.500|17|21|.810|11|32|13|6|4|10|10||26|54|.481|8|17|.471|11|13|.846|5|23|12|2|4|10|19
34|34|2015-03-09|N|William & Mary|W|72|61|26|44|.591|12|20|.600|8|12|.667|4|28|18|5|4|14|9||23|60|.383|10|25|.400|5|7|.714|10|27|16|7|0|8|14
