ranker|game_season|date_game|game_location|opp_id|game_result|pts|opp_pts|fg|fga|fg_pct|fg3|fg3a|fg3_pct|ft|fta|ft_pct|orb|trb|ast|stl|blk|tov|pf|x|opp_fg|opp_fga|opp_fg_pct|opp_fg3|opp_fg3a|opp_fg3_pct|opp_ft|opp_fta|opp_ft_pct|opp_orb|opp_trb|opp_ast|opp_stl|opp_blk|opp_tov|opp_pf|
1|1|2014-11-14||Southeastern Louisiana|W|83|55|28|63|.444|12|29|.414|15|18|.833|9|38|19|15|9|11|14||19|60|.317|6|28|.214|11|15|.733|8|34|9|6|1|21|16
2|2|2014-11-16||Prairie View|W|74|52|21|55|.382|6|29|.207|26|41|.634|14|48|7|9|6|13|18||20|62|.323|3|16|.188|9|19|.474|10|38|8|9|1|15|26
3|3|2014-11-18||Northwest Oklahoma State|W|91|45|35|63|.556|10|23|.435|11|19|.579|18|59|16|12|6|20|19||14|60|.233|5|20|.250|12|18|.667|8|25|7|6|0|15|18
4|4|2014-11-21||Milwaukee|W|82|68|26|52|.500|7|18|.389|23|28|.821|6|26|13|13|6|8|12||27|55|.491|9|22|.409|5|6|.833|6|28|16|4|1|16|23
5|5|2014-11-24|N|Oregon State|W|66|53|21|43|.488|7|21|.333|17|27|.630|8|30|6|12|3|13|21||14|42|.333|6|17|.353|19|27|.704|9|26|8|9|0|17|22
6|6|2014-11-26|N|Tulsa|W|73|58|27|52|.519|6|18|.333|13|16|.813|2|25|8|7|1|8|24||16|46|.348|4|15|.267|22|34|.647|8|29|2|2|5|13|17
7|7|2014-12-03||North Texas|W|87|61|27|51|.529|10|25|.400|23|31|.742|12|43|16|7|9|15|17||21|55|.382|7|16|.438|12|17|.706|4|20|13|6|1|11|22
8|8|2014-12-06|@|South Carolina|L|49|75|16|65|.246|5|24|.208|12|19|.632|15|39|7|4|5|11|17||26|60|.433|6|17|.353|17|22|.773|10|45|14|6|8|11|19
9|9|2014-12-13|@|Memphis|W|73|55|20|42|.476|5|13|.385|28|36|.778|5|28|11|15|3|17|15||20|57|.351|3|14|.214|12|21|.571|18|38|11|10|5|23|25
10|10|2014-12-16||Middle Tennessee|W|68|44|24|47|.511|5|16|.313|15|20|.750|5|33|17|6|6|10|16||14|45|.311|4|16|.250|12|21|.571|10|27|9|4|1|16|19
11|11|2014-12-21||Maryland|L|64|73|26|61|.426|8|27|.296|4|9|.444|6|26|13|10|4|10|17||24|53|.453|10|26|.385|15|18|.833|6|35|13|9|1|13|16
12|12|2014-12-30|N|Missouri|W (1 OT)|74|72|22|50|.440|7|20|.350|23|36|.639|10|32|9|7|1|13|22||24|53|.453|7|20|.350|17|26|.654|11|32|9|7|2|13|23
13|13|2015-01-03||Kansas State|W|61|47|22|45|.489|8|21|.381|9|12|.750|4|25|7|7|7|13|16||17|45|.378|2|8|.250|11|16|.688|4|20|11|6|1|13|12
14|14|2015-01-06|@|Iowa State|L|61|63|25|59|.424|7|21|.333|4|6|.667|4|30|17|5|5|9|17||25|57|.439|7|21|.333|6|12|.500|8|35|16|2|4|12|12
15|15|2015-01-10||Texas|W|69|58|26|55|.473|9|17|.529|8|14|.571|6|28|14|4|7|10|17||21|61|.344|7|21|.333|9|15|.600|16|34|12|4|12|8|16
16|16|2015-01-13|@|Kansas|L|57|67|16|51|.314|3|16|.188|22|25|.880|3|24|10|7|6|11|29||16|43|.372|3|12|.250|32|46|.696|9|39|10|5|7|15|20
17|17|2015-01-17|@|Oklahoma|L|65|82|25|67|.373|7|26|.269|8|12|.667|7|26|11|11|1|16|25||29|52|.558|8|18|.444|16|26|.615|7|37|14|7|7|17|14
18|18|2015-01-21||Texas Tech|W|63|43|21|47|.447|9|24|.375|12|16|.750|9|34|15|6|10|13|13||15|54|.278|4|16|.250|9|14|.643|12|30|7|10|1|10|14
19|19|2015-01-24|@|Kansas State|L|53|63|16|37|.432|3|14|.214|18|22|.818|3|18|10|5|1|11|16||24|42|.571|2|8|.250|13|16|.813|4|21|16|5|0|10|18
20|20|2015-01-27||Baylor|W|64|53|24|54|.444|9|18|.500|7|9|.778|8|33|16|9|8|12|13||19|55|.345|6|20|.300|9|15|.600|11|30|8|9|5|13|15
21|21|2015-01-31||Oklahoma|L|56|64|19|48|.396|4|19|.211|14|20|.700|11|27|5|10|6|16|24||20|50|.400|6|14|.429|18|22|.818|11|31|12|8|3|13|18
22|22|2015-02-04|@|Texas|W (1 OT)|65|63|20|52|.385|5|10|.500|20|29|.690|7|22|7|10|4|8|20||21|47|.447|5|10|.500|16|22|.727|8|34|8|1|6|18|21
23|23|2015-02-07||Kansas|W|67|62|22|55|.400|3|16|.188|20|26|.769|12|31|8|12|5|12|18||21|53|.396|10|20|.500|10|19|.526|12|33|11|8|2|18|19
24|24|2015-02-09|@|Baylor|W|74|65|25|54|.463|9|24|.375|15|20|.750|6|24|21|6|4|7|19||23|50|.460|3|15|.200|16|24|.667|10|33|15|5|4|16|19
25|25|2015-02-14|@|Texas Christian|L|55|70|22|49|.449|3|16|.188|8|11|.727|6|21|9|7|4|16|21||26|50|.520|0|9|.000|18|23|.783|9|28|15|8|8|12|14
26|26|2015-02-18||Iowa State|L|65|70|21|47|.447|8|18|.444|15|20|.750|4|27|8|5|7|11|20||24|61|.393|6|20|.300|16|24|.667|15|40|12|6|7|8|18
27|27|2015-02-21||West Virginia|L|63|73|16|36|.444|7|15|.467|24|27|.889|4|19|9|5|5|15|27||19|47|.404|10|20|.500|25|37|.676|16|35|14|5|0|12|27
28|28|2015-02-28|@|Texas Tech|L|62|63|21|48|.438|9|21|.429|11|15|.733|10|30|12|4|2|15|23||19|46|.413|10|16|.625|15|24|.625|8|22|13|3|5|12|17
29|29|2015-03-04||Texas Christian|W|82|70|27|56|.482|11|17|.647|17|22|.773|7|27|12|5|5|5|26||23|51|.451|4|13|.308|20|29|.690|11|32|8|3|5|11|21
30|30|2015-03-07|@|West Virginia|L|72|81|26|48|.542|11|21|.524|9|11|.818|5|20|13|6|1|15|22||25|52|.481|8|20|.400|23|30|.767|15|32|15|6|1|13|17
31|31|2015-03-12|N|Oklahoma|L|49|64|19|55|.345|3|21|.143|8|15|.533|9|34|9|4|9|10|18||20|56|.357|5|11|.455|19|21|.905|7|39|7|6|2|6|13
