ranker|game_season|date_game|game_location|opp_id|game_result|pts|opp_pts|fg|fga|fg_pct|fg3|fg3a|fg3_pct|ft|fta|ft_pct|orb|trb|ast|stl|blk|tov|pf|x|opp_fg|opp_fga|opp_fg_pct|opp_fg3|opp_fg3a|opp_fg3_pct|opp_ft|opp_fta|opp_ft_pct|opp_orb|opp_trb|opp_ast|opp_stl|opp_blk|opp_tov|opp_pf|
1|1|2014-11-14||Fresno State|W|89|74|29|51|.569|5|15|.333|26|32|.813|7|30|14|7|2|16|23||28|59|.475|4|20|.200|14|23|.609|9|20|9|11|1|14|25
2|2|2014-11-17||Cal Lutheran|W|76|61|23|62|.371|3|16|.188|27|37|.730|13|44|18|11|5|14|20||22|62|.355|3|17|.176|14|21|.667|5|26|16|7|2|15|28
3|3|2014-11-19|@|San Jose State|W|63|44|26|64|.406|2|7|.286|9|13|.692|13|37|17|10|2|12|18||15|50|.300|3|17|.176|11|15|.733|6|29|14|8|5|20|16
4|4|2014-11-24|@|Iowa|L|61|72|19|51|.373|7|27|.259|16|26|.615|9|35|13|5|0|18|19||25|61|.410|5|14|.357|17|26|.654|12|35|15|12|2|12|19
5|5|2014-12-04||Cal State Northridge|W|66|56|20|54|.370|11|21|.524|15|17|.882|7|35|18|2|3|12|19||24|61|.393|0|11|.000|8|14|.571|7|35|16|7|4|9|15
6|6|2014-12-06|@|Cal State Fullerton|W|74|62|25|56|.446|9|18|.500|15|24|.625|7|32|16|3|4|11|22||21|55|.382|3|20|.150|17|22|.773|9|35|8|5|5|11|20
7|7|2014-12-13|@|Arizona State|L|74|81|28|56|.500|6|16|.375|12|15|.800|5|25|15|8|1|16|30||22|53|.415|3|13|.231|34|48|.708|16|39|9|7|2|13|17
8|8|2014-12-15||South Alabama|W|78|68|28|59|.475|4|15|.267|18|22|.818|8|38|20|4|4|7|16||23|60|.383|6|18|.333|16|24|.667|9|35|15|5|4|8|18
9|9|2014-12-17||Howard|W|53|45|16|53|.302|6|22|.273|15|19|.789|12|32|13|3|1|7|10||17|49|.347|3|16|.188|8|13|.615|9|35|7|3|7|10|18
10|10|2014-12-20|N|Richmond|L|63|65|21|42|.500|4|9|.444|17|20|.850|5|19|9|7|1|13|20||23|42|.548|5|16|.313|14|25|.560|5|22|11|10|1|13|19
11|11|2014-12-27||IUPUI|L|53|55|19|52|.365|5|15|.333|10|16|.625|7|32|11|5|5|14|20||21|54|.389|2|11|.182|11|17|.647|5|31|14|7|4|11|21
12|12|2014-12-29|@|Loyola Marymount|W|69|56|27|54|.500|8|14|.571|7|11|.636|5|24|25|5|2|11|18||21|52|.404|0|6|.000|14|17|.824|11|32|13|6|4|13|10
13|13|2015-01-01||Saint Mary's (CA)|L|59|68|24|48|.500|3|9|.333|8|9|.889|3|18|16|10|3|13|18||23|47|.489|9|17|.529|13|18|.722|10|29|17|6|1|17|16
14|14|2015-01-03||Pacific|W|71|61|20|46|.435|7|17|.412|24|27|.889|5|29|17|4|1|10|18||23|56|.411|5|20|.250|10|18|.556|11|30|11|2|0|10|23
15|15|2015-01-08|@|Brigham Young|W|67|61|23|54|.426|6|19|.316|15|20|.750|9|33|17|7|4|10|13||24|63|.381|6|26|.231|7|8|.875|8|27|12|5|3|11|17
16|16|2015-01-10|@|San Diego|W|59|47|20|45|.444|2|10|.200|17|23|.739|7|38|5|3|6|13|10||19|64|.297|5|20|.250|4|10|.400|11|29|9|7|6|6|19
17|17|2015-01-15||Gonzaga|L|76|78|28|55|.509|4|12|.333|16|22|.727|4|22|14|6|2|8|25||29|51|.569|6|12|.500|14|33|.424|10|31|18|3|4|9|21
18|18|2015-01-17||Portland|W|67|63|20|51|.392|5|15|.333|22|31|.710|6|26|12|8|8|10|18||23|55|.418|4|13|.308|13|18|.722|8|33|13|3|5|14|23
19|19|2015-01-22|@|San Francisco|L|59|71|20|53|.377|2|13|.154|17|20|.850|15|31|5|5|3|16|18||25|47|.532|5|11|.455|16|24|.667|10|27|10|8|4|10|19
20|20|2015-01-24|@|Santa Clara|L|57|60|19|48|.396|0|11|.000|19|22|.864|9|27|11|4|3|12|16||22|51|.431|3|14|.214|13|14|.929|10|28|11|8|4|12|20
21|21|2015-01-29|@|Pacific|W|50|43|17|51|.333|5|17|.294|11|14|.786|9|37|11|3|7|11|16||15|52|.288|5|19|.263|8|13|.615|13|38|10|7|1|12|18
22|22|2015-01-31|@|Saint Mary's (CA)|W|67|62|26|50|.520|3|10|.300|12|17|.706|6|30|14|4|5|6|21||22|51|.431|8|17|.471|10|18|.556|8|27|15|2|5|7|17
23|23|2015-02-05||Brigham Young|W|80|74|25|51|.490|5|20|.250|25|31|.806|10|28|15|10|6|12|22||25|53|.472|4|17|.235|20|27|.741|12|27|12|6|2|12|21
24|24|2015-02-07||San Diego|L|50|72|15|44|.341|1|7|.143|19|25|.760|9|29|9|6|1|18|19||26|54|.481|8|19|.421|12|20|.600|12|36|13|10|3|13|22
25|25|2015-02-12|@|Portland|L|52|69|21|58|.362|6|22|.273|4|6|.667|8|23|9|9|3|12|15||29|57|.509|4|16|.250|7|10|.700|12|36|14|7|7|14|11
26|26|2015-02-14|@|Gonzaga|L|48|56|22|52|.423|0|10|.000|4|7|.571|6|24|9|9|2|9|10||20|48|.417|5|18|.278|11|12|.917|8|27|12|8|3|11|10
