ranker|game_season|date_game|game_location|opp_id|game_result|pts|opp_pts|fg|fga|fg_pct|fg3|fg3a|fg3_pct|ft|fta|ft_pct|orb|trb|ast|stl|blk|tov|pf|x|opp_fg|opp_fga|opp_fg_pct|opp_fg3|opp_fg3a|opp_fg3_pct|opp_ft|opp_fta|opp_ft_pct|opp_orb|opp_trb|opp_ast|opp_stl|opp_blk|opp_tov|opp_pf|
1|1|2014-11-15|@|Southern California|W|76|68|25|64|.391|8|18|.444|18|25|.720|8|23|13|10|0|4|17||25|47|.532|4|12|.333|14|22|.636|10|40|11|1|7|23|23
2|2|2014-11-18||Willamette|W|84|63|31|57|.544|8|14|.571|14|20|.700|7|32|21|14|5|18|17||22|56|.393|11|21|.524|8|13|.615|7|24|18|9|2|23|17
3|3|2014-11-24||Southern Illinois-Edwardsville|W (1 OT)|90|87|30|60|.500|7|14|.500|23|30|.767|11|30|16|7|1|10|20||33|61|.541|8|20|.400|13|21|.619|11|27|20|6|3|13|22
4|4|2014-11-26|@|Cal State Northridge|W|63|55|22|54|.407|7|14|.500|12|18|.667|5|27|9|8|4|11|8||23|60|.383|1|9|.111|8|10|.800|11|41|14|7|5|18|17
5|5|2014-11-30|@|Oregon|L|59|81|17|66|.258|4|20|.200|21|29|.724|8|35|6|6|4|9|15||29|64|.453|11|26|.423|12|13|.923|7|44|19|5|12|11|21
6|6|2014-12-03|@|Portland|L|71|83|24|60|.400|5|17|.294|18|22|.818|9|24|9|6|3|10|20||31|62|.500|6|21|.286|15|21|.714|11|37|18|6|4|11|18
7|7|2014-12-06|@|California-Riverside|L|62|88|21|48|.438|3|10|.300|17|22|.773|9|22|6|7|1|16|17||35|54|.648|9|18|.500|9|12|.750|7|26|20|9|2|14|17
8|8|2014-12-13||Cal State Bakersfield|W|65|59|20|48|.417|5|17|.294|20|25|.800|6|30|14|6|8|12|18||18|60|.300|9|31|.290|14|18|.778|14|31|13|8|1|15|21
9|9|2014-12-18|@|San Francisco|L|40|77|10|50|.200|4|20|.200|16|22|.727|8|30|5|5|4|14|18||29|60|.483|10|24|.417|9|16|.563|9|42|19|9|3|6|21
10|10|2014-12-22||Walla Walla|W|94|52|38|66|.576|9|21|.429|9|11|.818|11|37|20|10|6|8|14||17|56|.304|7|28|.250|11|14|.786|8|23|10|5|0|17|9
11|11|2015-01-01||Southern Utah|W|71|68|19|51|.373|5|17|.294|28|39|.718|9|34|10|6|2|9|22||23|49|.469|5|14|.357|17|26|.654|4|27|10|5|2|12|30
12|12|2015-01-03||Northern Arizona|L|60|73|22|56|.393|6|18|.333|10|15|.667|9|23|10|5|1|6|15||28|53|.528|7|15|.467|10|15|.667|11|37|19|0|2|10|19
13|13|2015-01-08|@|Northern Colorado|L|85|90|28|53|.528|12|19|.632|17|22|.773|7|23|14|4|1|13|20||32|62|.516|11|24|.458|15|20|.750|8|24|17|7|4|8|16
14|14|2015-01-10|@|North Dakota|W|82|75|30|58|.517|5|12|.417|17|26|.654|10|39|12|7|4|12|23||26|55|.473|4|17|.235|19|29|.655|3|22|11|8|1|9|25
15|15|2015-01-15||Eastern Washington|L|85|92|30|66|.455|10|25|.400|15|22|.682|10|34|15|5|4|7|14||32|64|.500|13|28|.464|15|18|.833|7|33|17|5|0|8|18
16|16|2015-01-17||Idaho|W|85|73|28|62|.452|6|22|.273|23|29|.793|4|29|19|7|3|6|19||27|56|.482|9|21|.429|10|18|.556|2|32|17|4|0|14|24
17|17|2015-01-22|@|Weber State|W|69|63|26|52|.500|4|12|.333|13|20|.650|8|36|13|3|5|9|16||22|61|.361|8|23|.348|11|15|.733|12|32|16|2|2|5|17
18|18|2015-01-24|@|Idaho State|L|76|80|28|57|.491|7|20|.350|13|15|.867|7|33|14|5|4|12|23||29|62|.468|8|15|.533|14|20|.700|10|33|15|3|1|10|14
19|19|2015-01-29||Montana|L|54|73|17|46|.370|6|16|.375|14|18|.778|6|24|11|6|3|14|11||28|51|.549|10|20|.500|7|7|1.000|4|26|22|7|1|11|20
20|20|2015-01-31||Montana State|W|80|62|28|50|.560|9|11|.818|15|19|.789|4|21|16|10|2|13|19||24|53|.453|5|19|.263|9|12|.750|10|29|10|7|4|16|15
21|21|2015-02-07|@|Sacramento State|L|60|64|23|52|.442|4|14|.286|10|13|.769|7|29|16|4|3|17|17||25|52|.481|6|10|.600|8|15|.533|5|22|16|12|4|12|16
22|22|2015-02-12|@|Idaho|L|76|87|29|74|.392|8|26|.308|10|16|.625|16|34|12|6|4|8|18||30|52|.577|11|17|.647|16|19|.842|6|34|19|4|4|13|22
23|23|2015-02-14|@|Eastern Washington|W|68|66|27|51|.529|6|11|.545|8|10|.800|6|26|17|6|4|16|22||21|55|.382|7|25|.280|17|18|.944|11|29|7|4|4|11|14
24|24|2015-02-19||North Dakota|W|80|70|25|58|.431|5|15|.333|25|28|.893|5|30|16|6|8|9|17||26|68|.382|10|27|.370|8|12|.667|12|36|16|2|3|11|22
25|25|2015-02-21||Northern Colorado|W|91|75|32|61|.525|12|24|.500|15|19|.789|8|26|19|5|5|7|19||27|59|.458|7|17|.412|14|18|.778|13|30|17|4|3|10|20
26|26|2015-02-28||Sacramento State|L|60|73|22|48|.458|7|21|.333|9|12|.750|6|26|16|4|8|17|18||25|54|.463|3|12|.250|20|22|.909|7|27|13|10|1|6|13
27|27|2015-03-05|@|Northern Arizona|L|51|58|20|56|.357|9|24|.375|2|3|.667|4|26|8|6|8|15|16||21|66|.318|4|18|.222|12|20|.600|22|51|9|9|10|12|12
28|28|2015-03-07|@|Southern Utah|W|86|73|29|60|.483|6|15|.400|22|32|.688|10|36|14|5|4|8|23||20|53|.377|6|19|.316|27|33|.818|6|26|10|1|1|12|26
29|29|2015-03-12|N|Sacramento State|L|60|70|22|61|.361|6|20|.300|10|16|.625|9|27|10|4|8|9|15||26|51|.510|5|10|.500|13|15|.867|5|32|8|5|4|10|17
