ranker|game_season|date_game|game_location|opp_id|game_result|pts|opp_pts|fg|fga|fg_pct|fg3|fg3a|fg3_pct|ft|fta|ft_pct|orb|trb|ast|stl|blk|tov|pf|x|opp_fg|opp_fga|opp_fg_pct|opp_fg3|opp_fg3a|opp_fg3_pct|opp_ft|opp_fta|opp_ft_pct|opp_orb|opp_trb|opp_ast|opp_stl|opp_blk|opp_tov|opp_pf|
1|1|2014-11-14||Rider|W|64|58|19|43|.442|9|24|.375|17|20|.850|4|29|13|7|4|15|14||25|57|.439|6|17|.353|2|4|.500|7|27|10|3|2|11|19
2|2|2014-11-16|@|George Mason|L|60|63|19|56|.339|9|30|.300|13|17|.765|8|32|13|6|5|11|21||24|55|.436|4|11|.364|11|20|.550|10|38|4|7|5|12|18
3|3|2014-11-19|@|Lafayette|L|66|83|21|42|.500|10|19|.526|14|21|.667|6|27|11|2|3|17|19||29|53|.547|10|17|.588|15|21|.714|6|24|12|10|3|6|19
4|4|2014-11-22||Incarnate Word|L|68|79|21|59|.356|4|18|.222|22|29|.759|9|32|12|4|1|12|26||19|51|.373|6|15|.400|35|39|.897|6|38|10|7|7|10|27
5|5|2014-11-27|N|Texas-El Paso|L|56|62|19|52|.365|6|19|.316|12|17|.706|8|25|9|3|3|7|18||21|46|.457|7|14|.500|13|20|.650|9|33|17|6|4|11|16
6|6|2014-11-28|N|San Diego|L|65|75|23|51|.451|6|20|.300|13|15|.867|2|25|11|5|4|8|27||23|54|.426|11|17|.647|18|26|.692|9|33|15|2|5|9|13
7|7|2014-11-30|N|San Jose State|W|69|54|26|46|.565|8|17|.471|9|17|.529|7|27|20|7|2|13|15||19|43|.442|9|22|.409|7|10|.700|4|20|9|4|2|18|18
8|8|2014-12-03|@|Fairleigh Dickinson|L|85|89|26|50|.520|13|28|.464|20|30|.667|9|31|17|2|1|11|26||24|47|.511|10|22|.455|31|41|.756|7|28|11|9|3|9|25
9|9|2014-12-06||Stony Brook|W|77|64|23|49|.469|12|26|.462|19|25|.760|2|23|18|14|0|13|19||24|54|.444|5|17|.294|11|17|.647|11|36|11|6|2|23|22
10|10|2014-12-10|@|Saint Peter's|L|46|60|16|52|.308|8|26|.308|6|8|.750|6|29|10|4|5|12|22||17|42|.405|7|17|.412|19|28|.679|3|28|8|3|4|11|14
11|11|2014-12-13|@|California|L|57|67|21|44|.477|10|25|.400|5|9|.556|4|21|15|4|0|16|19||25|51|.490|2|8|.250|15|21|.714|7|27|14|6|3|9|13
12|12|2014-12-19||Lipscomb|W|77|55|26|51|.510|14|26|.538|11|16|.688|3|28|15|6|6|10|14||21|58|.362|2|16|.125|11|16|.688|12|35|10|4|3|13|15
13|13|2014-12-22||Liberty|W|65|47|20|48|.417|10|32|.313|15|19|.789|6|27|12|10|7|13|14||15|40|.375|1|6|.167|16|21|.762|2|24|3|9|2|20|18
14|14|2014-12-31|@|Wake Forest|L|66|80|26|57|.456|8|27|.296|6|12|.500|1|23|16|6|4|8|13||26|61|.426|10|23|.435|18|24|.750|12|44|21|8|4|10|13
15|15|2015-01-06||Norfolk State|W|71|61|21|54|.389|9|25|.360|20|29|.690|4|30|12|6|0|12|21||24|50|.480|2|11|.182|11|24|.458|6|38|8|6|10|16|25
16|16|2015-01-10||Pennsylvania|W|78|74|20|42|.476|6|14|.429|32|43|.744|5|25|8|11|0|16|15||30|59|.508|5|18|.278|9|14|.643|7|27|6|6|5|17|26
17|17|2015-01-25||Rowan|W|96|48|34|61|.557|16|35|.457|12|15|.800|8|42|25|5|3|12|8||18|57|.316|6|20|.300|6|14|.429|4|21|9|8|2|13|17
18|18|2015-01-30||Harvard|L|72|75|25|52|.481|10|26|.385|12|16|.750|2|23|14|7|5|12|20||24|53|.453|7|14|.500|20|29|.690|11|35|17|7|2|10|13
19|19|2015-01-31||Dartmouth|W|64|53|20|42|.476|7|20|.350|17|25|.680|3|26|10|10|4|16|15||22|45|.489|0|9|.000|9|17|.529|4|25|11|10|3|18|22
20|20|2015-02-06|@|Columbia|W|74|62|26|48|.542|9|15|.600|13|17|.765|4|27|10|5|1|5|13||20|48|.417|9|24|.375|13|15|.867|6|26|8|4|4|9|17
21|21|2015-02-07|@|Cornell|L|60|68|16|49|.327|9|28|.321|19|27|.704|6|26|11|9|2|9|24||17|43|.395|3|7|.429|31|36|.861|6|33|7|6|8|12|22
22|22|2015-02-13||Brown|W|75|64|27|51|.529|3|14|.214|18|32|.563|3|41|10|1|10|7|24||23|66|.348|4|18|.222|14|25|.560|14|40|10|3|4|4|23
23|23|2015-02-14||Yale|L|73|81|25|48|.521|6|20|.300|17|19|.895|4|18|13|5|3|12|23||28|48|.583|6|13|.462|19|25|.760|6|23|13|5|3|11|17
24|24|2015-02-20|@|Dartmouth|W|63|56|19|44|.432|8|26|.308|17|27|.630|9|34|11|5|4|13|21||20|48|.417|4|14|.286|12|18|.667|5|24|11|5|0|12|22
25|25|2015-02-21|@|Harvard|L|55|63|20|41|.488|7|19|.368|8|11|.727|5|28|11|3|0|20|18||22|53|.415|3|12|.250|16|21|.762|9|26|8|13|1|7|13
26|26|2015-02-27|@|Yale|L|60|81|22|43|.512|4|17|.235|12|26|.462|3|19|11|3|3|14|25||25|47|.532|5|14|.357|26|28|.929|5|28|15|7|3|12|21
27|27|2015-02-28|@|Brown|W|80|62|27|55|.491|8|17|.471|18|23|.783|6|36|17|6|2|9|21||24|57|.421|4|10|.400|10|21|.476|7|32|10|2|7|10|21
28|28|2015-03-06||Cornell|W|66|53|17|36|.472|7|17|.412|25|30|.833|4|34|13|3|2|16|17||21|56|.375|4|21|.190|7|12|.583|7|25|11|5|1|8|21
29|29|2015-03-07||Columbia|W|85|83|25|44|.568|5|16|.313|30|39|.769|4|19|8|2|3|5|13||28|58|.483|13|23|.565|14|15|.933|7|26|12|3|2|7|23
30|30|2015-03-10|@|Pennsylvania|W|73|52|23|45|.511|11|22|.500|16|24|.667|9|32|15|4|3|16|17||18|48|.375|5|14|.357|11|15|.733|3|17|10|4|1|14|21
