ranker|game_season|date_game|game_location|opp_id|game_result|pts|opp_pts|fg|fga|fg_pct|fg3|fg3a|fg3_pct|ft|fta|ft_pct|orb|trb|ast|stl|blk|tov|pf|x|opp_fg|opp_fga|opp_fg_pct|opp_fg3|opp_fg3a|opp_fg3_pct|opp_ft|opp_fta|opp_ft_pct|opp_orb|opp_trb|opp_ast|opp_stl|opp_blk|opp_tov|opp_pf|
1|1|2014-11-14||Lafayette|L|50|77|13|52|.250|5|22|.227|19|27|.704|12|25|6|9|4|11|24||25|49|.510|5|13|.385|22|28|.786|10|41|16|6|1|13|21
2|2|2014-11-16|@|North Carolina|L|59|103|22|61|.361|6|20|.300|9|14|.643|8|23|9|4|6|18|27||36|71|.507|4|16|.250|27|36|.750|18|45|29|9|5|8|20
3|3|2014-11-19|@|Bradley|W|68|61|18|44|.409|9|18|.500|23|33|.697|8|36|11|10|3|22|24||19|53|.358|9|22|.409|14|27|.519|9|29|14|10|5|18|25
4|4|2014-11-22|@|Georgetown|L|66|80|18|59|.305|7|25|.280|23|30|.767|11|27|12|10|2|10|21||28|57|.491|6|22|.273|18|27|.667|15|45|17|6|8|15|21
5|5|2014-11-26|@|Chattanooga|L|46|61|15|54|.278|3|15|.200|13|18|.722|5|24|4|11|2|14|21||16|41|.390|5|16|.313|24|31|.774|6|36|14|7|6|16|17
6|6|2014-11-27|N|Louisiana-Monroe|W|71|54|24|56|.429|6|13|.462|17|20|.850|15|34|13|12|2|11|18||21|50|.420|4|17|.235|8|14|.571|9|24|14|4|7|14|19
7|7|2014-12-02||Youngstown State|L|81|89|31|61|.508|9|21|.429|10|17|.588|10|27|15|8|3|11|14||33|61|.541|10|24|.417|13|17|.765|10|32|17|9|2|12|17
8|8|2014-12-07||Buffalo|L|59|74|23|48|.479|4|20|.200|9|14|.643|4|26|9|8|4|24|23||25|57|.439|5|15|.333|19|26|.731|9|31|16|10|2|16|19
9|9|2014-12-13||Duquesne|W|75|59|26|56|.464|5|11|.455|18|25|.720|13|41|16|8|8|15|23||19|61|.311|8|35|.229|13|25|.520|14|33|13|5|5|13|22
10|10|2014-12-17|@|Toledo|L|57|83|21|52|.404|3|18|.167|12|24|.500|9|27|9|10|1|18|20||31|60|.517|9|17|.529|12|19|.632|12|41|21|7|4|14|18
11|11|2014-12-22||Delaware|W|84|81|25|45|.556|6|13|.462|28|40|.700|4|31|10|11|4|17|24||24|62|.387|11|31|.355|22|29|.759|10|30|17|4|3|16|26
12|12|2014-12-30|@|Clemson|L|57|64|24|74|.324|6|23|.261|3|6|.500|13|34|8|7|6|7|20||25|54|.463|4|17|.235|10|16|.625|11|43|12|1|9|16|11
13|13|2015-01-03||Mount St. Mary's|W|70|45|23|43|.535|6|14|.429|18|26|.692|3|33|18|13|3|18|18||13|52|.250|5|20|.250|14|19|.737|8|27|7|10|3|19|24
14|14|2015-01-05|@|Saint Francis (PA)|L|59|66|22|49|.449|1|11|.091|14|18|.778|6|32|8|6|1|13|18||24|53|.453|7|20|.350|11|21|.524|7|28|10|9|2|8|12
15|15|2015-01-08|@|Wagner|W|77|73|22|47|.468|6|14|.429|27|35|.771|7|29|15|13|2|12|16||23|57|.404|10|19|.526|17|23|.739|12|31|14|7|1|17|24
16|16|2015-01-10|@|Central Connecticut State|W|72|60|28|53|.528|6|16|.375|10|15|.667|9|24|15|9|0|8|14||20|49|.408|8|23|.348|12|14|.857|12|31|16|1|3|14|12
17|17|2015-01-16||St. Francis (NY)|L|63|68|21|53|.396|5|10|.500|16|20|.800|11|34|10|2|0|9|23||22|48|.458|7|20|.350|17|30|.567|10|30|13|3|7|5|17
18|18|2015-01-18||Sacred Heart|W|85|65|35|64|.547|8|17|.471|7|14|.500|12|43|20|6|4|13|16||26|58|.448|5|19|.263|8|23|.348|10|28|15|5|2|11|13
19|19|2015-01-22|@|Mount St. Mary's|W (1 OT)|63|59|21|43|.488|6|10|.600|15|21|.714|6|29|10|5|3|20|21||21|56|.375|5|20|.250|12|20|.600|11|28|14|10|3|16|21
20|20|2015-01-24|@|St. Francis (NY)|W|67|65|22|49|.449|6|9|.667|17|24|.708|6|30|9|7|4|15|22||22|62|.355|5|17|.294|16|28|.571|20|45|14|6|6|12|18
21|21|2015-01-29||Fairleigh Dickinson|W|87|65|30|60|.500|11|24|.458|16|22|.727|13|37|22|10|3|11|13||27|59|.458|5|18|.278|6|15|.400|9|28|12|9|5|13|19
22|22|2015-01-31||Bryant|L|68|71|23|60|.383|9|26|.346|13|14|.929|15|30|14|10|2|10|11||27|50|.540|6|16|.375|11|12|.917|8|26|16|2|1|14|15
23|23|2015-02-05|@|Long Island University|L|65|72|27|58|.466|2|13|.154|9|12|.750|7|32|11|9|7|17|23||23|60|.383|3|13|.231|23|30|.767|15|37|13|10|1|17|16
24|24|2015-02-07|@|Fairleigh Dickinson|W|76|62|30|49|.612|4|9|.444|12|17|.706|7|25|13|6|1|12|14||24|52|.462|9|25|.360|5|11|.455|8|21|18|5|2|13|18
25|25|2015-02-12||Long Island University|L|62|63|24|55|.436|5|14|.357|9|11|.818|5|22|13|5|1|12|17||22|53|.415|5|19|.263|14|21|.667|13|34|11|7|3|15|15
26|26|2015-02-14||Central Connecticut State|W|53|52|23|54|.426|5|14|.357|2|2|1.000|9|30|7|8|3|9|6||22|56|.393|8|19|.421|0|0||10|30|14|5|3|12|10
27|27|2015-02-19|@|Sacred Heart|L|76|80|29|55|.527|6|12|.500|12|17|.706|9|29|10|7|2|20|16||28|64|.438|6|23|.261|18|23|.783|16|35|19|14|4|15|15
28|28|2015-02-21|@|Bryant|W|76|70|27|59|.458|8|18|.444|14|16|.875|12|29|14|6|2|8|12||26|52|.500|14|29|.483|4|8|.500|8|23|18|5|2|12|16
29|29|2015-02-26||Wagner|W|91|59|33|61|.541|14|22|.636|11|17|.647|9|31|21|13|4|8|20||19|61|.311|7|19|.368|14|20|.700|17|36|6|3|0|19|17
30|30|2015-02-28||Saint Francis (PA)|W (1 OT)|71|70|26|65|.400|7|24|.292|12|18|.667|10|36|11|5|2|13|18||22|54|.407|8|22|.364|18|23|.783|8|35|9|6|2|15|18
31|31|2015-03-04||Wagner|W|91|68|30|56|.536|12|20|.600|19|25|.760|10|34|20|6|1|13|17||24|58|.414|3|13|.231|17|19|.895|12|29|12|8|1|15|20
32|32|2015-03-07||Bryant|W|66|53|25|56|.446|7|23|.304|9|10|.900|7|26|12|15|3|12|15||18|45|.400|8|20|.400|9|13|.692|7|26|12|5|3|19|17
33|33|2015-03-10|@|St. Francis (NY)|W|66|63|21|47|.447|8|16|.500|16|25|.640|6|23|9|13|4|13|23||23|60|.383|8|25|.320|9|22|.409|22|46|15|8|3|16|20
