ranker|game_season|date_game|game_location|opp_id|game_result|pts|opp_pts|fg|fga|fg_pct|fg3|fg3a|fg3_pct|ft|fta|ft_pct|orb|trb|ast|stl|blk|tov|pf|x|opp_fg|opp_fga|opp_fg_pct|opp_fg3|opp_fg3a|opp_fg3_pct|opp_ft|opp_fta|opp_ft_pct|opp_orb|opp_trb|opp_ast|opp_stl|opp_blk|opp_tov|opp_pf|
1|1|2014-11-16||South Carolina State|W|91|52|36|62|.581|12|25|.480|7|15|.467|9|46|23|8|2|18|19||18|62|.290|7|27|.259|9|19|.474|8|30|6|7|5|16|21
2|2|2014-11-19||Notre Dame de Namur|W|86|46|33|63|.524|8|18|.444|12|22|.545|15|43|17|6|3|9|18||17|49|.347|5|15|.333|7|13|.538|4|21|7|3|3|15|21
3|3|2014-11-24|N|Hawaii|W|88|73|29|61|.475|9|20|.450|21|35|.600|13|40|14|7|5|14|26||22|60|.367|7|21|.333|22|30|.733|6|26|9|6|3|15|29
4|4|2014-11-25|@|Florida Gulf Coast|L|47|62|15|59|.254|3|13|.231|14|36|.389|19|43|7|13|1|15|24||20|54|.370|5|15|.333|17|27|.630|12|41|14|8|7|18|25
5|5|2014-11-26|N|Evansville|L|72|79|29|68|.426|5|18|.278|9|15|.600|12|35|14|5|3|9|16||30|59|.508|9|19|.474|10|12|.833|7|34|14|3|2|12|20
6|6|2014-11-30||Montana|W|76|57|24|37|.649|3|11|.273|25|35|.714|4|33|16|4|1|16|18||20|60|.333|10|35|.286|7|14|.500|13|25|9|7|1|10|27
7|7|2014-12-03|@|Colorado|L|55|72|24|51|.471|7|20|.350|0|3|.000|9|27|16|4|2|17|15||27|53|.509|9|18|.500|9|14|.643|8|22|15|5|4|8|9
8|8|2014-12-07||Houston Baptist|W|85|54|25|45|.556|8|14|.571|27|39|.692|8|29|12|7|1|13|26||16|51|.314|3|11|.273|19|30|.633|15|29|5|3|1|15|30
9|9|2014-12-11||Eastern Washington|L|76|81|27|56|.482|6|20|.300|16|30|.533|17|42|15|6|5|15|22||25|59|.424|12|25|.480|19|26|.731|6|22|8|9|5|10|22
10|10|2014-12-15||Cal Poly|L|71|78|26|61|.426|9|19|.474|10|23|.435|8|27|17|6|1|11|22||27|53|.509|3|10|.300|21|28|.750|10|40|6|6|5|14|24
11|11|2014-12-18||Portland State|W|77|40|29|60|.483|10|24|.417|9|16|.563|9|42|19|9|3|6|21||10|50|.200|4|20|.200|16|22|.727|8|30|5|5|4|14|18
12|12|2014-12-21|@|Cleveland State|L (1 OT)|65|69|22|48|.458|9|16|.563|12|21|.571|8|28|16|5|0|14|15||25|53|.472|9|19|.474|10|14|.714|7|26|15|6|4|13|18
13|13|2014-12-27|@|Pacific|W|77|71|28|61|.459|5|16|.313|16|20|.800|9|29|19|7|5|3|19||26|54|.481|8|20|.400|11|15|.733|9|33|14|2|3|14|20
14|14|2014-12-29|@|Saint Mary's (CA)|L|56|69|22|51|.431|5|17|.294|7|10|.700|7|27|13|4|2|13|17||27|52|.519|7|20|.350|8|14|.571|7|30|20|5|5|7|16
15|15|2015-01-01||San Diego|L|56|57|22|53|.415|4|12|.333|8|16|.500|11|36|9|3|4|11|19||22|53|.415|5|18|.278|8|12|.667|4|27|11|4|5|12|19
16|16|2015-01-03||Brigham Young|L|68|99|24|58|.414|7|24|.292|13|21|.619|9|26|17|5|1|9|22||33|55|.600|15|28|.536|18|25|.720|8|37|22|6|0|9|19
17|17|2015-01-08|@|Gonzaga|L|57|88|20|49|.408|7|22|.318|10|16|.625|4|24|8|3|2|13|20||32|61|.525|12|28|.429|12|18|.667|8|35|19|5|2|7|12
18|18|2015-01-10|@|Portland|W|89|77|25|53|.472|11|24|.458|28|32|.875|6|27|17|8|1|7|21||27|54|.500|6|18|.333|17|25|.680|6|29|17|1|4|12|22
19|19|2015-01-17|@|Santa Clara|L|64|70|23|57|.404|4|22|.182|14|24|.583|11|30|9|3|1|6|24||18|40|.450|10|21|.476|24|30|.800|6|31|15|2|2|12|21
20|20|2015-01-22||Pepperdine|W|71|59|25|47|.532|5|11|.455|16|24|.667|10|27|10|8|4|10|19||20|53|.377|2|13|.154|17|20|.850|15|31|5|5|3|16|18
21|21|2015-01-24||Loyola Marymount|L|69|70|26|54|.481|2|13|.154|15|26|.577|10|35|17|7|5|11|16||29|66|.439|8|20|.400|4|12|.333|13|35|17|5|4|10|20
22|22|2015-01-29|@|Brigham Young|L|74|78|27|56|.482|5|21|.238|15|24|.625|6|36|15|3|2|17|28||26|65|.400|3|20|.150|23|33|.697|9|35|14|8|2|8|22
23|23|2015-01-31|@|San Diego|L|69|77|23|46|.500|3|13|.231|20|32|.625|7|23|11|6|3|15|25||23|47|.489|6|18|.333|25|30|.833|8|28|11|9|2|17|26
24|24|2015-02-05||Portland|L|57|69|20|55|.364|8|25|.320|9|13|.692|7|25|13|6|2|10|20||20|45|.444|9|18|.500|20|27|.741|11|36|13|4|5|14|18
25|25|2015-02-07||Gonzaga|L|70|81|26|52|.500|9|15|.600|9|13|.692|4|18|14|6|0|9|24||26|52|.500|6|17|.353|23|30|.767|14|35|12|5|1|10|18
26|26|2015-02-12||Santa Clara|W (1 OT)|69|62|21|56|.375|3|19|.158|24|31|.774|12|39|11|2|4|8|14||25|59|.424|5|22|.227|7|9|.778|7|33|11|4|0|7|24
