ranker|game_season|date_game|game_location|opp_id|game_result|pts|opp_pts|fg|fga|fg_pct|fg3|fg3a|fg3_pct|ft|fta|ft_pct|orb|trb|ast|stl|blk|tov|pf|x|opp_fg|opp_fga|opp_fg_pct|opp_fg3|opp_fg3a|opp_fg3_pct|opp_ft|opp_fta|opp_ft_pct|opp_orb|opp_trb|opp_ast|opp_stl|opp_blk|opp_tov|opp_pf|
1|1|2014-11-14|@|Massachusetts|L|87|95|34|74|.459|5|18|.278|14|22|.636|16|39|21|5|2|14|33||25|55|.455|6|15|.400|39|52|.750|12|37|15|6|7|13|21
2|2|2014-11-17||Vermont|L|76|84|18|46|.391|6|11|.545|34|38|.895|7|19|14|12|0|18|29||26|38|.684|5|11|.455|27|38|.711|3|21|11|10|5|23|28
3|3|2014-11-19|@|St. Bonaventure|W|73|70|24|61|.393|6|17|.353|19|32|.594|12|30|21|8|4|5|18||24|62|.387|8|23|.348|14|24|.583|19|47|13|4|6|16|20
4|4|2014-11-29|@|Loyola (MD)|W|81|71|27|58|.466|5|14|.357|22|26|.846|10|23|18|4|3|6|25||21|48|.438|3|14|.214|26|33|.788|8|25|8|3|6|13|26
5|5|2014-12-01|@|Fordham|L|67|69|25|60|.417|6|18|.333|11|18|.611|11|31|13|6|6|7|25||21|48|.438|7|18|.389|20|32|.625|11|37|13|3|7|12|20
6|6|2014-12-05||Quinnipiac|W|88|67|32|59|.542|7|16|.438|17|30|.567|11|31|20|12|3|8|27||18|50|.360|7|19|.368|24|34|.706|12|31|8|3|5|16|25
7|7|2014-12-07|@|Rider|L|68|80|23|50|.460|4|17|.235|18|22|.818|7|24|12|12|2|17|20||28|58|.483|6|18|.333|18|24|.750|15|36|15|9|0|20|20
8|8|2014-12-13||Albany (NY)|L|68|77|23|57|.404|7|25|.280|15|24|.625|13|25|14|8|3|7|24||20|37|.541|8|16|.500|29|32|.906|5|25|7|3|2|16|18
9|9|2014-12-19|@|Radford|L|66|76|21|69|.304|5|20|.250|19|28|.679|21|37|8|12|2|10|20||25|53|.472|5|17|.294|21|27|.778|11|39|13|5|10|14|23
10|10|2014-12-23||Cornell|L|57|75|16|52|.308|5|20|.250|20|28|.714|6|29|13|5|3|10|18||23|49|.469|4|11|.364|25|28|.893|4|35|9|5|4|14|21
11|11|2014-12-28||Bucknell|W|73|71|26|47|.553|3|9|.333|18|25|.720|6|27|10|5|1|9|13||27|61|.443|8|21|.381|9|11|.818|10|27|10|5|1|9|21
12|12|2015-01-02|@|Fairfield|W|68|67|26|60|.433|3|7|.429|13|22|.591|11|28|12|8|2|8|17||23|44|.523|7|15|.467|14|22|.636|4|28|11|5|1|16|20
13|13|2015-01-04||Iona|L|72|86|26|55|.473|5|15|.333|15|20|.750|14|29|10|6|5|17|20||29|54|.537|11|25|.440|17|25|.680|6|24|13|11|0|12|23
14|14|2015-01-08||Niagara|W|79|69|27|51|.529|3|13|.231|22|29|.759|7|29|12|5|8|11|22||20|54|.370|5|18|.278|24|32|.750|12|31|7|3|1|14|25
15|15|2015-01-11||Fairfield|L|67|79|24|50|.480|4|10|.400|15|24|.625|4|23|15|6|3|15|22||26|47|.553|9|17|.529|18|30|.600|7|26|17|7|7|10|21
16|16|2015-01-16|@|Canisius|L|49|83|15|51|.294|3|15|.200|16|26|.615|17|40|6|2|1|22|16||28|57|.491|8|23|.348|19|23|.826|6|24|15|13|1|9|24
17|17|2015-01-18|@|Niagara|W|74|70|24|48|.500|3|7|.429|23|33|.697|14|36|11|4|5|18|16||26|65|.400|7|16|.438|11|17|.647|15|28|18|9|1|14|22
18|18|2015-01-23||Marist|W|69|60|21|46|.457|7|12|.583|20|32|.625|13|36|10|7|3|15|17||20|59|.339|10|29|.345|10|15|.667|14|32|11|10|4|13|27
19|19|2015-01-25||Saint Peter's|L|55|69|16|46|.348|5|16|.313|18|20|.900|6|23|8|7|4|17|12||27|51|.529|6|10|.600|9|15|.600|11|29|14|10|4|15|15
20|20|2015-01-30|@|Manhattan|L|79|87|26|53|.491|9|16|.563|18|24|.750|13|30|19|7|2|22|26||25|46|.543|9|15|.600|28|39|.718|7|24|18|13|2|16|20
21|21|2015-02-02||Rider|W|79|72|24|50|.480|6|15|.400|25|32|.781|4|26|12|6|2|5|21||24|53|.453|6|18|.333|18|28|.643|6|32|13|4|5|9|23
22|22|2015-02-06|@|Iona|L|83|87|30|72|.417|6|15|.400|17|23|.739|21|40|17|10|4|9|24||24|57|.421|9|25|.360|30|35|.857|13|32|15|5|3|12|19
23|23|2015-02-09|@|Saint Peter's|L|57|65|20|44|.455|2|12|.167|15|18|.833|8|25|12|5|3|15|23||21|54|.389|1|13|.077|22|26|.846|14|29|9|7|4|9|18
24|24|2015-02-12|@|Marist|W|66|64|27|56|.482|5|14|.357|7|11|.636|8|23|14|12|0|13|16||23|44|.523|5|19|.263|13|15|.867|6|23|9|5|5|18|12
25|25|2015-02-14||Monmouth|L|64|83|21|53|.396|3|17|.176|19|28|.679|12|25|11|5|4|10|21||27|51|.529|6|12|.500|23|26|.885|11|32|9|4|1|9|20
26|26|2015-02-19||Canisius|L (1 OT)|63|69|24|53|.453|6|15|.400|9|9|1.000|3|20|16|10|4|12|17||25|48|.521|7|17|.412|12|15|.800|5|23|15|5|5|15|14
27|27|2015-02-21||Manhattan|L|74|80|22|62|.355|3|13|.231|27|37|.730|15|33|9|9|5|13|23||24|54|.444|7|22|.318|25|36|.694|12|37|15|6|8|18|28
28|28|2015-02-27|@|Quinnipiac|L|63|73|24|72|.333|3|12|.250|12|23|.522|15|41|9|11|5|10|25||20|66|.303|6|22|.273|27|31|.871|21|53|15|5|13|18|22
29|29|2015-03-01|@|Monmouth|L|57|63|22|55|.400|7|16|.438|6|8|.750|8|25|14|9|12|16|19||19|61|.311|4|18|.222|21|28|.750|17|39|9|12|4|14|11
30|30|2015-03-05||Niagara|W|71|54|29|58|.500|7|20|.350|6|7|.857|9|31|14|9|7|10|14||20|50|.400|1|11|.091|13|14|.929|8|24|6|7|4|14|8
31|31|2015-03-07|N|Iona|L|71|74|31|68|.456|3|13|.231|6|8|.750|12|28|16|6|3|8|18||25|51|.490|10|28|.357|14|21|.667|12|33|12|3|7|15|12
