ranker|game_season|date_game|game_location|opp_id|game_result|pts|opp_pts|fg|fga|fg_pct|fg3|fg3a|fg3_pct|ft|fta|ft_pct|orb|trb|ast|stl|blk|tov|pf|x|opp_fg|opp_fga|opp_fg_pct|opp_fg3|opp_fg3a|opp_fg3_pct|opp_ft|opp_fta|opp_ft_pct|opp_orb|opp_trb|opp_ast|opp_stl|opp_blk|opp_tov|opp_pf|
1|1|2014-11-14|@|Washington|L|59|77|24|73|.329|5|20|.250|6|13|.462|13|32|9|6|0|8|18||32|68|.471|3|21|.143|10|17|.588|15|48|16|3|8|12|14
2|2|2014-11-16|@|San Francisco|L|52|91|18|62|.290|7|27|.259|9|19|.474|8|30|6|7|5|16|21||36|62|.581|12|25|.480|7|15|.467|9|46|23|8|2|18|19
3|3|2014-11-18|@|Virginia|L|55|75|19|58|.328|8|22|.364|9|13|.692|7|23|10|9|3|5|17||27|57|.474|6|16|.375|15|18|.833|13|44|12|3|6|12|10
4|4|2014-11-25||Columbia International|W|92|55|33|65|.508|7|19|.368|19|31|.613|20|45|18|10|3|13|16||17|55|.309|8|28|.286|13|14|.929|9|24|10|6|1|17|25
5|5|2014-11-29|@|Georgia Southern|L|58|71|21|56|.375|11|25|.440|5|8|.625|12|32|10|5|2|18|17||22|50|.440|8|23|.348|19|22|.864|9|28|12|8|4|12|11
6|6|2014-12-02|@|Coastal Carolina|L|52|66|17|55|.309|9|26|.346|9|10|.900|9|28|9|11|2|12|17||24|49|.490|9|18|.500|9|20|.450|12|39|17|4|3|16|12
7|7|2014-12-06||Florida A&M|W|70|61|27|62|.435|9|30|.300|7|16|.438|14|34|20|13|4|10|15||23|54|.426|7|18|.389|8|10|.800|8|28|14|4|3|21|15
8|8|2014-12-08||Bethune-Cookman|W|71|66|22|52|.423|6|13|.462|21|34|.618|11|34|10|6|6|14|21||21|54|.389|6|18|.333|18|25|.720|11|35|11|7|4|15|24
9|9|2014-12-11|@|College of Charleston|L|47|50|17|51|.333|4|14|.286|9|13|.692|12|34|8|5|7|16|15||16|52|.308|6|18|.333|12|17|.706|10|32|10|10|3|10|14
10|10|2014-12-14||Coastal Carolina|L|43|57|16|53|.302|4|21|.190|7|13|.538|5|24|9|5|1|7|17||19|49|.388|5|24|.208|14|19|.737|9|39|6|2|6|12|17
11|11|2014-12-17|@|Texas Tech|L|39|101|14|66|.212|3|24|.125|8|18|.444|8|30|8|5|0|12|18||37|64|.578|11|22|.500|16|25|.640|9|48|28|7|7|11|13
12|12|2014-12-20|@|Houston|W|71|63|25|53|.472|6|14|.429|15|21|.714|11|46|17|2|8|16|18||21|67|.313|8|33|.242|13|24|.542|14|33|7|7|4|5|20
13|13|2014-12-22|N|Abilene Christian|L|59|65|18|45|.400|4|15|.267|19|24|.792|7|35|11|8|6|22|21||23|54|.426|8|24|.333|11|18|.611|6|24|14|7|0|14|21
14|14|2014-12-23|N|Southern Utah|L|56|66|22|57|.386|1|13|.077|11|23|.478|10|29|9|5|4|12|21||21|46|.457|7|14|.500|17|24|.708|6|33|12|3|6|14|22
15|15|2014-12-31|@|Fordham|L|54|74|21|59|.356|9|26|.346|3|5|.600|7|19|14|10|3|14|13||28|54|.519|5|19|.263|13|16|.813|14|43|20|11|7|19|10
16|16|2015-01-03|@|Eastern Kentucky|L|52|63|21|53|.396|2|16|.125|8|14|.571|16|36|12|8|1|15|13||22|45|.489|10|26|.385|9|11|.818|4|20|16|6|7|13|14
17|17|2015-01-10|@|North Carolina Central|L|45|76|15|53|.283|3|11|.273|12|23|.522|11|26|6|3|1|11|18||27|58|.466|5|22|.227|17|21|.810|12|43|18|3|9|7|19
18|18|2015-01-12|@|North Carolina A&T|W|52|50|16|49|.327|6|17|.353|14|20|.700|8|29|5|7|1|8|24||19|50|.380|4|18|.222|8|17|.471|11|35|8|2|4|14|16
19|19|2015-01-17|@|Delaware State|L|49|60|18|68|.265|9|28|.321|4|11|.364|12|35|11|7|5|7|15||23|59|.390|5|16|.313|9|16|.563|13|52|10|3|7|17|12
20|20|2015-01-19|@|Maryland-Eastern Shore|W (1 OT)|73|72|24|53|.453|8|24|.333|17|25|.680|11|34|10|5|4|18|23||25|56|.446|7|19|.368|15|28|.536|12|31|15|13|1|16|23
21|21|2015-01-24||Norfolk State|L|63|76|22|67|.328|6|27|.222|13|27|.481|16|25|11|6|1|7|14||29|44|.659|7|13|.538|11|18|.611|5|38|17|5|6|21|21
22|22|2015-01-26||Hampton|W|65|56|22|55|.400|2|8|.250|19|26|.731|9|34|7|9|3|12|20||20|55|.364|5|21|.238|11|19|.579|8|32|9|7|3|18|22
23|23|2015-01-31||Delaware State|W|78|74|31|64|.484|4|14|.286|12|24|.500|12|39|17|6|3|12|19||25|66|.379|10|29|.345|14|19|.737|10|36|17|6|3|12|18
24|24|2015-02-04||St. Andrews|W|80|48|31|66|.470|6|20|.300|12|19|.632|15|38|19|8|3|6|6||18|48|.375|11|29|.379|1|2|.500|4|28|13|4|1|15|15
25|25|2015-02-07|@|Coppin State|L|74|77|31|75|.413|4|19|.211|8|9|.889|16|42|15|1|2|8|19||24|53|.453|10|26|.385|19|24|.792|5|30|13|2|4|7|10
26|26|2015-02-09|@|Morgan State|L|43|55|13|45|.289|2|14|.143|15|25|.600|6|26|4|2|4|10|19||21|60|.350|4|16|.250|9|24|.375|17|43|9|5|5|8|18
27|27|2015-02-14|@|Savannah State|W|56|53|18|41|.439|2|5|.400|18|28|.643|4|27|14|6|5|15|21||19|58|.328|4|18|.222|11|23|.478|14|36|7|8|4|14|18
28|28|2015-02-21||Maryland-Eastern Shore|L|56|68|21|44|.477|5|14|.357|9|18|.500|4|22|14|6|5|19|18||24|50|.480|4|10|.400|16|22|.727|10|25|4|12|2|11|16
29|29|2015-02-23||Howard|L|65|75|23|55|.418|7|20|.350|12|22|.545|10|22|12|7|3|11|18||27|48|.563|1|9|.111|20|25|.800|8|31|10|8|2|14|16
30|30|2015-02-28||Savannah State|L|57|68|22|48|.458|5|14|.357|8|14|.571|5|22|12|2|2|14|18||26|49|.531|3|9|.333|13|19|.684|5|26|11|5|2|13|19
31|31|2015-03-05|@|Bethune-Cookman|L|62|72|24|47|.511|5|16|.313|9|14|.643|7|24|10|8|0|15|15||27|46|.587|8|19|.421|10|14|.714|4|21|13|8|1|11|15
32|32|2015-03-10|N|North Carolina A&T|W|63|54|21|48|.438|7|14|.500|14|22|.636|10|32|7|1|1|6|16||21|48|.438|7|18|.389|5|12|.417|7|27|10|1|4|6|17
33|33|2015-03-11|N|Norfolk State|L|54|68|19|48|.396|8|18|.444|8|10|.800|8|25|6|1|3|10|18||25|48|.521|4|14|.286|14|27|.519|10|29|11|6|6|6|14
