ranker|game_season|date_game|game_location|opp_id|game_result|pts|opp_pts|fg|fga|fg_pct|fg3|fg3a|fg3_pct|ft|fta|ft_pct|orb|trb|ast|stl|blk|tov|pf|x|opp_fg|opp_fga|opp_fg_pct|opp_fg3|opp_fg3a|opp_fg3_pct|opp_ft|opp_fta|opp_ft_pct|opp_orb|opp_trb|opp_ast|opp_stl|opp_blk|opp_tov|opp_pf|
1|1|2014-11-14|@|Kansas State|L|68|98|20|49|.408|8|20|.400|20|32|.625|15|32|9|10|3|24|31||27|46|.587|10|18|.556|34|48|.708|5|22|19|12|3|12|25
2|2|2014-11-16|@|Miami (OH)|L|63|76|24|48|.500|3|12|.250|12|20|.600|5|26|7|6|3|16|23||23|45|.511|9|18|.500|21|34|.618|6|28|14|11|1|17|19
3|3|2014-11-22||Utah Valley|L|75|85|26|51|.510|9|19|.474|14|20|.700|5|25|9|5|6|15|21||31|55|.564|7|13|.538|16|22|.727|4|25|15|4|1|12|16
4|4|2014-11-26||Eastern Kentucky|L|64|73|22|52|.423|6|19|.316|14|20|.700|6|30|12|7|7|18|21||22|61|.361|10|30|.333|19|23|.826|9|35|12|8|0|11|19
5|5|2014-11-30|@|Texas-San Antonio|W|93|92|31|58|.534|15|26|.577|16|21|.762|6|27|16|6|6|15|32||28|55|.509|8|18|.444|28|46|.609|8|30|15|5|2|9|18
6|6|2014-12-06||St. Katherine|W|92|45|34|66|.515|3|15|.200|21|29|.724|14|46|12|9|4|8|23||13|49|.265|5|17|.294|14|21|.667|5|26|5|5|2|21|22
7|7|2014-12-14|@|Boise State|L|60|79|21|52|.404|4|18|.222|14|20|.700|8|27|6|5|2|13|18||30|56|.536|4|13|.308|15|25|.600|9|31|11|6|1|9|17
8|8|2014-12-19|@|Loyola (IL)|L|57|73|23|54|.426|10|24|.417|1|4|.250|7|27|13|5|7|14|19||25|58|.431|8|21|.381|15|21|.714|10|35|17|6|1|8|10
9|9|2014-12-22|N|Arkansas-Pine Bluff|L|61|70|19|53|.358|9|20|.450|14|22|.636|10|30|13|5|2|12|26||20|43|.465|7|17|.412|23|32|.719|7|29|7|8|6|14|20
10|10|2014-12-23|N|South Carolina State|W|66|56|21|46|.457|7|14|.500|17|24|.708|6|33|12|3|6|14|22||22|57|.386|1|13|.077|11|23|.478|10|29|9|5|4|12|21
11|11|2014-12-27|@|Nevada-Las Vegas|L|45|79|16|63|.254|5|17|.294|8|16|.500|9|29|8|3|2|9|16||25|54|.463|11|25|.440|18|22|.818|9|48|20|3|9|11|16
12|12|2015-01-01|@|Portland State|L|68|71|23|49|.469|5|14|.357|17|26|.654|4|27|10|5|2|12|30||19|51|.373|5|17|.294|28|39|.718|9|34|10|6|2|9|22
13|13|2015-01-03|@|Sacramento State|L|75|90|27|59|.458|9|22|.409|12|15|.800|9|21|15|1|4|9|17||38|62|.613|4|8|.500|10|12|.833|12|34|25|4|7|3|15
14|14|2015-01-10|@|Northern Arizona|L|67|70|22|54|.407|7|21|.333|16|22|.727|6|24|8|8|2|12|27||18|50|.360|6|11|.545|28|36|.778|12|37|12|1|3|12|18
15|15|2015-01-15||Idaho State|W|71|67|25|49|.510|7|15|.467|14|21|.667|5|25|15|5|3|14|20||24|50|.480|3|10|.300|16|26|.615|7|27|8|7|2|12|19
16|16|2015-01-17||Weber State|W|70|60|28|51|.549|5|13|.385|9|12|.750|4|28|15|4|4|11|23||17|49|.347|3|15|.200|23|32|.719|8|29|6|5|4|9|17
17|17|2015-01-22|@|Montana State|L|65|79|25|53|.472|6|17|.353|9|15|.600|3|27|13|3|2|14|20||28|58|.483|12|23|.522|11|16|.688|7|27|16|5|3|11|16
18|18|2015-01-24|@|Montana|L|56|58|22|52|.423|6|22|.273|6|9|.667|9|34|9|5|5|19|20||20|50|.400|2|14|.143|16|23|.696|6|26|7|10|2|11|15
19|19|2015-01-31||Northern Arizona|L|60|81|20|51|.392|3|17|.176|17|27|.630|2|18|6|7|3|3|17||30|53|.566|11|20|.550|10|13|.769|4|37|10|0|2|9|21
20|20|2015-02-05||North Dakota|L (1 OT)|85|89|30|63|.476|8|20|.400|17|28|.607|9|31|9|10|5|17|30||27|62|.435|7|18|.389|28|39|.718|13|41|14|8|1|19|25
21|21|2015-02-07||Northern Colorado|L|80|84|26|54|.481|9|21|.429|19|26|.731|7|31|15|2|3|19|29||28|50|.560|5|11|.455|23|35|.657|2|24|15|12|0|12|25
22|22|2015-02-12|@|Weber State|W|65|56|24|49|.490|7|15|.467|10|17|.588|2|34|14|7|4|13|18||16|58|.276|5|26|.192|19|25|.760|12|38|10|5|2|12|18
23|23|2015-02-14|@|Idaho State|W|71|67|25|52|.481|13|23|.565|8|13|.615|8|25|16|2|1|12|23||24|45|.533|2|11|.182|17|21|.810|6|24|13|7|2|11|19
24|24|2015-02-19||Eastern Washington|L|75|78|28|54|.519|8|16|.500|11|20|.550|6|37|16|3|3|15|25||25|58|.431|7|18|.389|21|30|.700|5|28|10|10|5|6|17
25|25|2015-02-21||Idaho|W (1 OT)|79|77|23|51|.451|10|27|.370|23|33|.697|4|39|14|1|8|12|20||26|78|.333|10|24|.417|15|23|.652|15|40|12|9|2|5|24
26|26|2015-02-26|@|Northern Colorado|L|67|77|26|57|.456|7|18|.389|8|9|.889|0|22|15|8|6|13|19||28|54|.519|2|11|.182|19|27|.704|7|36|12|7|4|10|14
27|27|2015-02-28|@|North Dakota|W|71|65|24|48|.500|6|14|.429|17|26|.654|3|22|11|6|2|12|17||23|53|.434|5|16|.313|14|18|.778|8|32|10|8|6|13|22
28|28|2015-03-05||Sacramento State|W|69|65|25|46|.543|9|19|.474|10|19|.526|3|23|16|2|2|9|18||23|48|.479|2|8|.250|17|25|.680|7|27|7|5|2|6|13
29|29|2015-03-07||Portland State|L|73|86|20|53|.377|6|19|.316|27|33|.818|6|26|10|1|1|12|26||29|60|.483|6|15|.400|22|32|.688|10|36|14|5|4|8|23
