ranker|game_season|date_game|game_location|opp_id|game_result|pts|opp_pts|fg|fga|fg_pct|fg3|fg3a|fg3_pct|ft|fta|ft_pct|orb|trb|ast|stl|blk|tov|pf|x|opp_fg|opp_fga|opp_fg_pct|opp_fg3|opp_fg3a|opp_fg3_pct|opp_ft|opp_fta|opp_ft_pct|opp_orb|opp_trb|opp_ast|opp_stl|opp_blk|opp_tov|opp_pf|
1|1|2014-11-14||Wofford|W|74|59|28|53|.528|1|8|.125|17|28|.607|12|30|14|4|2|12|18||21|47|.447|6|17|.353|11|15|.733|5|20|14|4|0|14|20
2|2|2014-11-16||South Dakota|W|84|73|21|51|.412|4|13|.308|38|46|.826|13|38|10|2|5|10|17||24|61|.393|7|19|.368|18|25|.720|11|26|12|5|2|9|31
3|3|2014-11-21|N|Nevada-Las Vegas|W|89|60|31|62|.500|14|20|.700|13|19|.684|13|42|19|4|2|9|20||22|58|.379|5|18|.278|11|19|.579|9|24|10|5|4|8|18
4|4|2014-11-22|N|Duke|L|59|70|22|61|.361|3|14|.214|12|14|.857|12|35|5|6|1|12|24||22|56|.393|9|25|.360|17|29|.586|15|37|16|9|3|9|15
5|5|2014-11-25||Delaware|W|84|47|30|68|.441|9|25|.360|15|20|.750|9|44|22|6|3|6|13||18|62|.290|6|21|.286|5|8|.625|9|31|9|2|5|11|20
6|6|2014-11-30|@|DePaul|L|72|87|30|62|.484|4|19|.211|8|11|.727|12|31|14|6|5|21|19||31|57|.544|7|14|.500|18|24|.750|7|26|19|12|5|12|18
7|7|2014-12-13||Denver|W|49|43|14|44|.318|4|11|.364|17|23|.739|8|30|6|7|5|6|9||17|43|.395|7|19|.368|2|3|.667|3|25|11|4|0|10|24
8|8|2014-12-17||Loyola Marymount|W|67|58|22|53|.415|6|19|.316|17|23|.739|5|28|11|11|3|8|14||24|51|.471|6|14|.429|4|6|.667|5|26|12|4|1|16|17
9|9|2014-12-20|@|Brigham Young|L|77|79|32|66|.485|6|15|.400|7|10|.700|11|35|20|5|2|14|24||26|61|.426|6|21|.286|21|29|.724|11|32|17|4|3|12|14
10|10|2014-12-23|@|Texas|W (1 OT)|74|71|29|67|.433|8|18|.444|8|10|.800|8|26|6|6|4|5|19||25|56|.446|6|19|.316|15|17|.882|8|33|8|1|9|11|12
11|11|2014-12-29||Arkansas-Pine Bluff|W|74|39|25|49|.510|11|17|.647|13|19|.684|7|29|22|13|4|14|14||13|41|.317|6|14|.429|7|11|.636|5|17|7|6|2|23|18
12|12|2015-01-02||Washington State|W|71|56|26|56|.464|4|13|.308|15|21|.714|8|34|10|4|3|6|26||14|43|.326|4|14|.286|24|39|.615|6|29|7|3|4|9|19
13|13|2015-01-04||Washington|W (1 OT)|68|60|23|59|.390|4|15|.267|18|30|.600|12|34|11|11|2|8|19||21|55|.382|4|17|.235|14|19|.737|10|36|11|1|5|19|25
14|14|2015-01-08|@|UCLA|L (2 OT)|81|86|26|71|.366|15|31|.484|14|21|.667|13|37|15|5|0|8|25||27|62|.435|8|19|.421|24|39|.615|17|49|17|4|3|10|18
15|15|2015-01-11|@|Southern California|W|78|76|30|65|.462|10|25|.400|8|12|.667|9|29|13|5|3|14|22||26|53|.491|5|11|.455|19|24|.792|5|30|12|9|4|14|14
16|16|2015-01-14|@|California|W|69|59|25|52|.481|8|16|.500|11|19|.579|6|32|6|5|5|8|16||22|62|.355|6|16|.375|9|12|.750|11|38|11|2|4|9|21
17|17|2015-01-17||Connecticut|W|72|59|24|59|.407|10|22|.455|14|23|.609|18|45|14|7|4|13|12||23|55|.418|10|20|.500|3|5|.600|3|20|11|2|3|11|20
18|18|2015-01-22||Arizona|L|82|89|25|50|.500|8|20|.400|24|31|.774|5|25|8|6|2|14|28||30|54|.556|5|12|.417|24|36|.667|7|24|10|6|3|10|23
19|19|2015-01-24||Arizona State|W|89|70|31|53|.585|8|14|.571|19|27|.704|6|32|21|6|2|8|19||27|62|.435|8|21|.381|8|14|.571|7|25|15|2|0|9|20
20|20|2015-01-28|@|Washington|W|84|74|28|53|.528|8|13|.615|20|29|.690|8|30|13|4|5|9|22||27|56|.482|4|16|.250|16|24|.667|4|24|14|2|2|13|23
21|21|2015-01-31|@|Washington State|L|88|89|26|59|.441|10|23|.435|26|33|.788|11|27|12|0|2|4|26||26|47|.553|7|16|.438|30|43|.698|6|29|13|0|8|3|24
22|22|2015-02-05||UCLA|L|67|69|24|57|.421|7|23|.304|12|20|.600|11|37|11|7|2|10|17||24|64|.375|8|19|.421|13|22|.591|15|38|9|3|3|9|20
23|23|2015-02-08||Southern California|W|70|62|22|60|.367|6|23|.261|20|25|.800|15|46|14|6|5|17|13||25|64|.391|9|22|.409|3|8|.375|7|29|15|8|3|16|20
24|24|2015-02-12|@|Utah|L|59|75|20|53|.377|6|14|.429|13|20|.650|6|27|8|3|2|12|21||25|51|.490|5|15|.333|20|24|.833|6|30|14|5|3|8|18
25|25|2015-02-15|@|Colorado|L|58|64|19|57|.333|6|23|.261|14|16|.875|8|38|8|6|2|11|23||21|64|.328|5|18|.278|17|24|.708|16|46|9|7|3|8|13
26|26|2015-02-21||California|W|72|61|24|54|.444|5|9|.556|19|28|.679|10|38|15|3|3|8|18||23|55|.418|3|14|.214|12|21|.571|7|25|12|5|3|8|23
27|27|2015-02-26||Oregon State|W|75|48|24|56|.429|5|16|.313|22|26|.846|15|45|10|4|4|11|20||17|48|.354|6|20|.300|8|16|.500|5|21|7|4|1|13|25
28|28|2015-03-01||Oregon|L|70|73|22|55|.400|4|19|.211|22|31|.710|10|32|9|5|3|9|17||27|57|.474|8|20|.400|11|16|.688|4|27|11|4|2|9|21
29|29|2015-03-05|@|Arizona State|L|62|67|22|55|.400|6|19|.316|12|16|.750|12|32|12|4|0|16|21||24|50|.480|3|15|.200|16|21|.762|7|26|8|8|3|13|20
30|30|2015-03-07|@|Arizona|L|69|91|19|51|.373|7|18|.389|24|31|.774|5|22|10|2|0|14|26||29|54|.537|8|17|.471|25|32|.781|9|36|20|7|2|13|23
31|31|2015-03-11|N|Washington|W|71|69|27|59|.458|6|20|.300|11|14|.786|13|33|12|7|1|8|14||28|53|.528|13|20|.650|0|3|.000|5|25|16|6|2|10|12
32|32|2015-03-12|N|Utah|L|56|80|19|51|.373|5|14|.357|13|15|.867|4|20|7|5|0|10|19||27|54|.500|12|19|.632|14|18|.778|11|37|16|5|6|11|18
