ranker|game_season|date_game|game_location|opp_id|game_result|pts|opp_pts|fg|fga|fg_pct|fg3|fg3a|fg3_pct|ft|fta|ft_pct|orb|trb|ast|stl|blk|tov|pf|x|opp_fg|opp_fga|opp_fg_pct|opp_fg3|opp_fg3a|opp_fg3_pct|opp_ft|opp_fta|opp_ft_pct|opp_orb|opp_trb|opp_ast|opp_stl|opp_blk|opp_tov|opp_pf|
1|1|2014-11-14||American|W|40|37|11|48|.229|5|19|.263|13|18|.722|13|34|7|6|3|14|15||12|39|.308|3|23|.130|10|12|.833|2|22|10|6|5|12|17
2|2|2014-11-17||Louisiana Tech|W|82|75|22|51|.431|4|12|.333|34|49|.694|6|42|10|6|6|13|21||27|67|.403|9|26|.346|12|26|.462|8|35|14|7|4|12|28
3|3|2014-11-21|N|Duke|L|54|74|22|59|.373|1|12|.083|9|13|.692|10|34|6|5|6|17|24||25|64|.391|7|23|.304|17|26|.654|13|37|14|9|5|9|16
4|4|2014-11-22|N|Nevada-Las Vegas|L|50|57|14|58|.241|4|21|.190|18|24|.750|10|37|8|2|3|7|15||21|54|.389|6|13|.462|9|14|.643|8|41|12|3|8|11|20
5|5|2014-11-25||Pennsylvania|W|76|67|25|56|.446|6|24|.250|20|26|.769|9|25|14|10|4|11|19||23|53|.434|3|15|.200|18|22|.818|12|34|12|7|4|19|22
6|6|2014-11-30||Long Island University|W|70|56|26|67|.388|4|26|.154|14|25|.560|14|49|14|4|6|4|15||21|61|.344|7|26|.269|7|12|.583|7|38|14|2|4|10|20
7|7|2014-12-03|@|Saint Joseph's|L|56|58|20|49|.408|5|17|.294|11|16|.688|10|30|14|5|6|13|20||20|56|.357|2|15|.133|16|21|.762|11|29|11|5|3|9|15
8|8|2014-12-06|N|La Salle|W|58|57|17|49|.347|6|11|.545|18|20|.900|7|27|14|9|3|10|15||21|49|.429|3|10|.300|12|19|.632|8|32|9|5|5|13|16
9|9|2014-12-10||Towson|W|76|64|22|55|.400|6|17|.353|26|35|.743|13|37|9|5|7|6|17||20|63|.317|9|19|.474|15|23|.652|19|44|8|3|6|13|24
10|10|2014-12-14|@|Villanova|L|62|85|18|52|.346|4|15|.267|22|31|.710|9|30|11|7|3|11|24||27|51|.529|9|15|.600|22|27|.815|6|30|14|7|3|10|20
11|11|2014-12-18|@|Delaware|W|82|62|30|71|.423|16|33|.485|6|8|.750|13|42|19|10|1|7|20||21|52|.404|6|20|.300|14|20|.700|7|32|12|4|5|14|12
12|12|2014-12-22|N|Kansas|W|77|52|28|48|.583|7|20|.350|14|19|.737|5|29|15|8|8|12|14||18|56|.321|7|19|.368|9|15|.600|12|27|8|5|2|17|13
13|13|2014-12-28||Delaware State|W|66|56|25|77|.325|11|35|.314|5|10|.500|17|46|17|5|10|5|17||18|62|.290|5|23|.217|15|20|.750|15|49|8|4|3|13|12
14|14|2014-12-31|@|Connecticut|W (1 OT)|57|53|18|57|.316|7|20|.350|14|21|.667|6|29|10|9|3|9|21||22|57|.386|1|9|.111|8|19|.421|10|41|10|3|5|16|17
15|15|2015-01-04||Central Florida|W|84|78|31|68|.456|7|24|.292|15|22|.682|14|43|17|7|8|8|16||30|66|.455|9|20|.450|9|15|.600|9|36|12|6|2|11|17
16|16|2015-01-07|@|Tulane|W|64|56|21|61|.344|7|19|.368|15|20|.750|16|41|7|7|5|8|17||22|59|.373|6|24|.250|6|10|.600|11|33|14|5|3|14|17
17|17|2015-01-10||Tulsa|L|56|63|19|61|.311|5|27|.185|13|20|.650|11|35|10|9|5|16|26||18|50|.360|4|15|.267|23|28|.821|6|37|5|9|1|18|17
18|18|2015-01-14||Southern Methodist|L|55|60|20|49|.408|8|26|.308|7|12|.583|4|23|14|10|1|12|18||22|46|.478|2|10|.200|14|16|.875|6|30|13|6|1|16|15
19|19|2015-01-17|@|Cincinnati|L|53|84|19|52|.365|8|21|.381|7|12|.583|6|21|16|1|4|12|18||29|54|.537|9|14|.643|17|22|.773|9|34|19|7|1|8|12
20|20|2015-01-22||South Florida|W|73|48|27|66|.409|10|25|.400|9|16|.563|16|42|14|9|4|11|20||17|56|.304|3|13|.231|11|22|.500|13|38|7|4|2|15|17
21|21|2015-01-28|@|Central Florida|W|86|62|33|65|.508|10|18|.556|10|16|.625|12|36|15|9|2|8|18||21|50|.420|8|24|.333|12|18|.667|5|28|10|6|3|16|16
22|22|2015-01-31||Tulane|W|55|37|22|58|.379|7|26|.269|4|7|.571|7|35|13|6|9|9|13||14|54|.259|3|20|.150|6|8|.750|7|33|9|6|0|11|9
23|23|2015-02-04|@|South Florida|W|61|48|21|59|.356|6|22|.273|13|22|.591|11|35|11|6|3|6|13||19|55|.345|4|16|.250|6|12|.500|12|39|6|1|7|12|17
24|24|2015-02-07|@|Memphis|W|61|60|19|57|.333|3|14|.214|20|32|.625|11|34|10|10|1|7|16||22|58|.379|4|19|.211|12|18|.667|14|43|12|5|7|13|20
25|25|2015-02-10||Cincinnati|W|75|59|28|56|.500|7|19|.368|12|16|.750|9|27|19|10|4|7|15||22|42|.524|7|16|.438|8|14|.571|5|23|14|6|3|16|16
26|26|2015-02-14||East Carolina|W|66|53|21|57|.368|6|25|.240|18|25|.720|15|45|12|5|6|9|12||19|54|.352|8|22|.364|7|9|.778|4|25|14|4|2|7|18
27|27|2015-02-19|@|Southern Methodist|L|58|67|22|54|.407|6|21|.286|8|13|.615|10|29|12|8|4|15|22||21|43|.488|5|11|.455|20|33|.606|8|29|14|10|9|11|15
28|28|2015-02-22|@|Tulsa|L|39|55|14|57|.246|1|14|.071|10|24|.417|12|42|3|7|3|12|18||18|48|.375|4|16|.250|15|28|.536|6|40|11|9|6|10|19
29|29|2015-02-26||Houston|W|66|54|27|60|.450|7|23|.304|5|9|.556|10|36|17|8|3|8|13||22|55|.400|6|21|.286|4|11|.364|9|29|8|5|2|10|11
30|30|2015-03-05|@|East Carolina|W|70|56|27|65|.415|9|26|.346|7|11|.636|15|40|19|10|3|10|13||21|51|.412|6|21|.286|8|15|.533|6|31|13|4|3|12|13
31|31|2015-03-07||Connecticut|W|75|63|22|55|.400|6|20|.300|25|31|.806|15|28|10|8|2|4|16||20|44|.455|6|17|.353|17|20|.850|9|22|11|3|8|14|21
32|32|2015-03-13|N|Memphis|W|80|75|25|55|.455|8|19|.421|22|29|.759|8|37|13|3|5|10|14||31|73|.425|5|20|.250|8|14|.571|12|34|10|3|5|6|23
33|33|2015-03-14|N|Southern Methodist|L|56|69|17|58|.293|4|24|.167|18|21|.857|6|28|6|7|1|5|18||25|53|.472|4|8|.500|15|25|.600|11|43|15|4|3|11|16
