ranker|game_season|date_game|game_location|opp_id|game_result|pts|opp_pts|fg|fga|fg_pct|fg3|fg3a|fg3_pct|ft|fta|ft_pct|orb|trb|ast|stl|blk|tov|pf|x|opp_fg|opp_fga|opp_fg_pct|opp_fg3|opp_fg3a|opp_fg3_pct|opp_ft|opp_fta|opp_ft_pct|opp_orb|opp_trb|opp_ast|opp_stl|opp_blk|opp_tov|opp_pf|
1|1|2014-11-14||Piedmont|W|83|29|33|72|.458|4|15|.267|13|23|.565|25|60|16|13|7|14|12||8|53|.151|4|25|.160|9|12|.750|9|28|6|8|3|21|18
2|2|2014-11-17|@|Southern California|L|58|70|23|68|.338|1|18|.056|11|18|.611|19|36|8|8|3|15|23||21|47|.447|4|10|.400|24|34|.706|6|30|11|11|5|17|15
3|3|2014-11-22||Chattanooga|W|69|67|24|54|.444|3|14|.214|18|26|.692|9|32|7|7|5|16|21||24|50|.480|5|15|.333|14|22|.636|7|25|10|9|2|16|26
4|4|2014-11-24||Southeastern Louisiana|W|81|62|30|56|.536|8|20|.400|13|18|.722|10|35|23|3|6|15|16||23|58|.397|2|19|.105|14|17|.824|7|22|9|9|3|12|20
5|5|2014-11-26|@|Southeastern Louisiana|L|68|86|27|63|.429|5|16|.313|9|13|.692|9|29|11|5|2|14|17||29|56|.518|11|26|.423|17|22|.773|10|36|19|3|2|14|16
6|6|2014-11-30|@|Tulane|L|68|73|26|57|.456|5|18|.278|11|16|.688|11|26|13|4|2|11|13||31|58|.534|6|18|.333|5|7|.714|9|28|9|7|1|12|13
7|7|2014-12-03||Lipscomb|W|84|79|30|63|.476|5|20|.250|19|25|.760|6|24|16|10|3|8|19||29|58|.500|10|24|.417|11|22|.500|10|36|14|5|1|21|21
8|8|2014-12-07||Hiwassee|W|87|48|31|66|.470|6|19|.316|19|28|.679|10|42|18|11|2|10|10||19|65|.292|4|14|.286|6|7|.857|12|37|7|6|5|22|20
9|9|2014-12-13|@|Alabama|L|53|65|18|52|.346|5|15|.333|12|20|.600|15|30|8|2|2|13|25||17|39|.436|6|14|.429|25|35|.714|7|28|9|7|2|9|19
10|10|2014-12-15|@|North Florida|W|82|80|30|59|.508|4|12|.333|18|24|.750|10|37|13|11|3|19|18||30|66|.455|10|27|.370|10|18|.556|11|33|16|10|4|15|17
11|11|2014-12-19|@|Tennessee|L|58|61|23|50|.460|8|21|.381|4|6|.667|10|27|13|6|2|15|16||22|50|.440|5|11|.455|12|18|.667|11|28|11|8|5|10|9
12|12|2014-12-22|@|Missouri-Kansas City|W|81|60|30|51|.588|5|11|.455|16|28|.571|10|41|17|5|6|19|26||20|57|.351|3|21|.143|17|29|.586|7|19|9|9|3|9|23
13|13|2014-12-29||North Florida|W|87|84|32|69|.464|5|18|.278|18|22|.818|14|38|15|5|3|6|17||31|61|.508|10|23|.435|12|20|.600|10|34|13|5|3|9|15
14|14|2015-01-01|@|Eastern Illinois|L|59|61|21|57|.368|3|15|.200|14|20|.700|10|40|10|6|5|12|18||22|53|.415|8|21|.381|9|19|.474|6|28|13|7|2|11|14
15|15|2015-01-03|@|Southern Illinois-Edwardsville|L|62|85|22|58|.379|3|13|.231|15|23|.652|12|31|10|3|4|13|23||29|51|.569|8|11|.727|19|29|.655|10|36|17|7|5|12|22
16|16|2015-01-08||Murray State|L|67|83|22|59|.373|8|18|.444|15|25|.600|12|40|13|3|4|15|20||30|67|.448|8|21|.381|15|25|.600|9|30|18|7|5|5|22
17|17|2015-01-10||Austin Peay|W|72|56|25|60|.417|8|20|.400|14|16|.875|11|33|9|12|7|12|19||18|47|.383|8|16|.500|12|20|.600|6|29|12|5|3|21|12
18|18|2015-01-15||Tennessee-Martin|L|60|63|25|54|.463|6|22|.273|4|8|.500|7|32|14|4|2|9|12||22|55|.400|10|23|.435|9|11|.818|6|26|12|3|1|9|10
19|19|2015-01-17|@|Southeast Missouri State|L|61|65|23|57|.404|6|20|.300|9|13|.692|10|33|10|5|1|13|19||21|53|.396|8|24|.333|15|28|.536|7|31|14|8|6|8|18
20|20|2015-01-22||Morehead State|L|74|78|25|50|.500|5|13|.385|19|25|.760|9|22|6|4|8|13|23||24|52|.462|3|14|.214|27|31|.871|13|28|6|10|0|10|21
21|21|2015-01-24||Eastern Kentucky|W (1 OT)|83|81|31|57|.544|10|20|.500|11|21|.524|14|35|23|4|1|15|19||27|53|.509|12|29|.414|15|25|.600|9|25|19|12|3|11|19
22|22|2015-01-29|@|Tennessee State|L|56|64|20|51|.392|7|26|.269|9|16|.563|9|29|8|6|3|17|20||24|49|.490|6|9|.667|10|21|.476|10|36|12|7|4|15|15
23|23|2015-01-31|@|Belmont|L|53|71|21|58|.362|6|17|.353|5|9|.556|12|27|9|5|3|17|14||27|54|.500|11|26|.423|6|7|.857|7|30|16|10|2|16|15
24|24|2015-02-07||Jacksonville State|W|72|59|23|59|.390|3|18|.167|23|33|.697|18|46|12|3|4|11|23||17|47|.362|2|12|.167|23|34|.676|6|28|2|5|2|10|25
25|25|2015-02-12||Tennessee State|W|71|52|25|58|.431|7|19|.368|14|21|.667|10|38|19|8|3|14|18||17|48|.354|4|16|.250|14|23|.609|7|30|8|8|2|19|17
26|26|2015-02-14|@|Jacksonville State|L|68|82|23|55|.418|4|11|.364|18|26|.692|14|38|9|3|3|11|21||26|55|.473|7|19|.368|23|28|.821|4|26|18|7|3|4|19
27|27|2015-02-16|@|East Tennessee State|L|79|87|29|56|.518|8|16|.500|13|20|.650|13|31|17|12|4|18|19||30|60|.500|10|27|.370|17|21|.810|10|28|18|9|2|15|18
28|28|2015-02-21||Belmont|L|82|88|31|63|.492|8|24|.333|12|16|.750|12|29|17|7|0|9|22||32|49|.653|10|21|.476|14|24|.583|7|29|13|3|0|12|15
29|29|2015-02-26|@|Morehead State|L|73|86|22|50|.440|3|13|.231|26|33|.788|7|24|17|6|1|19|24||28|53|.528|4|18|.222|26|29|.897|8|26|16|12|3|15|25
30|30|2015-02-28|@|Eastern Kentucky|L|67|70|23|59|.390|10|24|.417|11|17|.647|13|36|14|5|4|12|19||25|49|.510|5|18|.278|15|19|.789|2|23|17|7|3|8|14
