ranker|game_season|date_game|game_location|opp_id|game_result|pts|opp_pts|fg|fga|fg_pct|fg3|fg3a|fg3_pct|ft|fta|ft_pct|orb|trb|ast|stl|blk|tov|pf|x|opp_fg|opp_fga|opp_fg_pct|opp_fg3|opp_fg3a|opp_fg3_pct|opp_ft|opp_fta|opp_ft_pct|opp_orb|opp_trb|opp_ast|opp_stl|opp_blk|opp_tov|opp_pf|
1|1|2014-11-14||Reinhardt|W|97|66|35|62|.565|8|13|.615|19|31|.613|15|49|21|6|4|18|23||22|65|.338|7|22|.318|15|23|.652|8|24|12|6|2|14|23
2|2|2014-11-18||Southern Illinois|L|67|84|25|62|.403|6|19|.316|11|18|.611|9|24|9|4|2|12|29||23|49|.469|7|14|.500|31|39|.795|10|33|10|3|1|12|17
3|3|2014-11-20||Fisk|W|75|60|26|51|.510|1|11|.091|22|37|.595|12|43|7|5|6|18|20||24|69|.348|9|31|.290|3|13|.231|13|32|9|6|5|12|24
4|4|2014-11-23|@|Vanderbilt|L|46|78|17|52|.327|2|12|.167|10|23|.435|8|20|6|7|0|12|17||28|46|.609|9|19|.474|13|18|.722|6|38|24|2|6|16|17
5|5|2014-11-25|@|Virginia|L|36|79|14|48|.292|4|19|.211|4|9|.444|4|19|7|5|3|8|19||31|60|.517|7|21|.333|10|15|.667|17|46|17|5|4|6|9
6|6|2014-11-28|@|Saint Peter's|L|58|66|19|50|.380|7|17|.412|13|19|.684|9|27|7|9|3|13|27||16|39|.410|8|20|.400|26|39|.667|9|30|12|8|5|15|20
7|7|2014-11-29|N|St. Francis (NY)|L|57|59|20|55|.364|8|15|.533|9|18|.500|7|35|11|5|4|10|28||17|53|.321|2|18|.111|23|39|.590|16|40|9|3|7|10|14
8|8|2014-12-02||Hampton|L|54|62|17|54|.315|4|17|.235|16|26|.615|12|40|6|4|4|14|23||17|56|.304|4|22|.182|24|32|.750|13|43|4|7|6|12|23
9|9|2014-12-06|@|Lipscomb|L|68|77|24|53|.453|10|21|.476|10|16|.625|6|25|13|7|1|19|23||29|58|.500|6|17|.353|13|24|.542|9|31|18|8|2|12|17
10|10|2014-12-16|@|Southern Illinois|L|58|65|22|52|.423|9|18|.500|5|10|.500|6|28|15|3|7|13|17||25|51|.490|4|13|.308|11|20|.550|5|29|10|8|2|10|10
11|11|2014-12-19|@|Hampton|L|54|66|17|49|.347|3|10|.300|17|30|.567|11|37|5|7|3|21|24||23|67|.343|4|22|.182|16|22|.727|17|41|11|9|7|12|26
12|12|2014-12-21|@|Middle Tennessee|L|47|65|16|53|.302|4|22|.182|11|24|.458|10|35|8|7|5|14|13||22|53|.415|8|28|.286|13|16|.813|4|33|17|7|3|13|16
13|13|2014-12-27|@|Tennessee|L|46|67|17|47|.362|11|23|.478|1|5|.200|7|22|14|3|2|15|9||23|54|.426|13|29|.448|8|12|.667|11|33|18|9|4|9|14
14|14|2014-12-29|@|Texas Christian|L|40|60|14|44|.318|4|14|.286|8|20|.400|7|29|6|3|10|13|16||23|59|.390|5|23|.217|9|18|.500|19|48|11|9|4|11|16
15|15|2014-12-31||Kennesaw State|W|73|62|23|42|.548|4|9|.444|23|33|.697|6|33|10|5|4|13|21||17|53|.321|8|28|.286|20|24|.833|11|27|8|7|2|12|24
16|16|2015-01-03||Southeast Missouri State|L|62|77|20|53|.377|6|17|.353|16|24|.667|7|28|4|4|5|11|20||28|56|.500|6|15|.400|15|20|.750|10|34|14|5|5|13|21
17|17|2015-01-07||Eastern Illinois|L|57|64|21|54|.389|7|22|.318|8|11|.727|8|32|14|5|4|14|21||22|54|.407|7|23|.304|13|20|.650|7|27|13|8|4|7|12
18|18|2015-01-10|@|Southern Illinois-Edwardsville|L|38|45|14|51|.275|2|9|.222|8|11|.727|12|41|6|6|1|16|24||16|48|.333|6|25|.240|7|15|.467|6|32|10|3|2|9|12
19|19|2015-01-15|@|Austin Peay|L|68|69|20|44|.455|5|14|.357|23|30|.767|5|31|7|4|2|14|22||21|53|.396|9|26|.346|18|28|.643|9|30|11|6|3|9|20
20|20|2015-01-17|@|Murray State|L|72|91|22|42|.524|10|16|.625|18|26|.692|4|31|13|1|4|18|23||30|68|.441|11|29|.379|20|30|.667|15|37|24|12|1|6|23
21|21|2015-01-25||Belmont|L|55|63|15|45|.333|4|17|.235|21|27|.778|8|25|4|11|4|15|31||17|41|.415|9|26|.346|20|31|.645|8|32|11|5|4|16|22
22|22|2015-01-29||Tennessee Tech|W|64|56|24|49|.490|6|9|.667|10|21|.476|10|36|12|7|4|15|15||20|51|.392|7|26|.269|9|16|.563|9|29|8|6|3|17|20
23|23|2015-01-31||Jacksonville State|W|45|43|12|44|.273|4|12|.333|17|30|.567|9|35|3|2|6|6|18||15|48|.313|5|24|.208|8|14|.571|10|36|9|2|5|13|26
24|24|2015-02-05|@|Morehead State|L|57|72|20|56|.357|4|15|.267|13|16|.813|12|28|13|7|4|11|10||28|53|.528|10|26|.385|6|9|.667|8|32|19|9|8|13|16
25|25|2015-02-07|@|Eastern Kentucky|L|72|77|25|51|.490|9|22|.409|13|18|.722|10|30|18|7|1|16|24||23|46|.500|10|25|.400|21|27|.778|3|17|16|9|3|13|15
26|26|2015-02-12|@|Tennessee Tech|L|52|71|17|48|.354|4|16|.250|14|23|.609|7|30|8|8|2|19|17||25|58|.431|7|19|.368|14|21|.667|10|38|19|8|3|14|18
27|27|2015-02-14||Eastern Kentucky|L|41|69|13|41|.317|1|11|.091|14|21|.667|7|26|7|5|4|19|16||24|47|.511|9|24|.375|12|13|.923|1|23|16|6|3|12|20
28|28|2015-02-21|@|Jacksonville State|L|50|55|19|46|.413|3|17|.176|9|10|.900|3|25|8|6|3|13|19||17|49|.347|3|17|.176|18|24|.750|9|32|11|4|5|9|13
29|29|2015-02-23||Morehead State|L|70|86|21|41|.512|6|14|.429|22|33|.667|6|24|9|5|3|15|21||29|55|.527|7|21|.333|21|26|.808|8|31|17|11|0|10|29
30|30|2015-02-26||Tennessee-Martin|L|52|69|18|52|.346|8|16|.500|8|15|.533|9|26|6|3|0|5|19||24|46|.522|7|20|.350|14|21|.667|9|37|7|1|1|7|14
31|31|2015-02-28|@|Belmont|L|62|88|24|57|.421|6|19|.316|8|13|.615|5|26|17|6|3|12|19||33|61|.541|15|32|.469|7|10|.700|9|37|28|3|0|13|16
