ranker|game_season|date_game|game_location|opp_id|game_result|pts|opp_pts|fg|fga|fg_pct|fg3|fg3a|fg3_pct|ft|fta|ft_pct|orb|trb|ast|stl|blk|tov|pf|x|opp_fg|opp_fga|opp_fg_pct|opp_fg3|opp_fg3a|opp_fg3_pct|opp_ft|opp_fta|opp_ft_pct|opp_orb|opp_trb|opp_ast|opp_stl|opp_blk|opp_tov|opp_pf|
1|1|2014-11-14||Loyola (MD)|W|71|59|23|58|.397|7|18|.389|18|28|.643|13|34|13|9|10|7|21||17|50|.340|9|19|.474|16|23|.696|10|33|9|6|5|15|24
2|2|2014-11-18|@|Louisiana State|L (1 OT)|64|69|21|59|.356|3|12|.250|19|28|.679|10|44|9|4|6|17|21||26|71|.366|2|19|.105|15|23|.652|13|46|14|8|6|13|21
3|3|2014-11-22||Missouri State|W|80|68|23|51|.451|6|18|.333|28|40|.700|15|39|12|5|5|13|17||22|51|.431|11|21|.524|13|19|.684|6|21|10|6|2|13|27
4|4|2014-11-25||Northwestern State|W|75|64|27|56|.482|7|15|.467|14|24|.583|12|39|17|8|6|15|21||23|55|.418|4|15|.267|14|19|.737|4|24|15|7|1|14|19
5|5|2014-11-30||Air Force|W|63|62|20|52|.385|6|19|.316|17|22|.773|15|31|8|9|4|18|13||23|47|.489|8|18|.444|8|9|.889|8|24|9|12|4|18|19
6|6|2014-12-03||Auburn|W|46|44|14|34|.412|1|9|.111|17|31|.548|6|28|4|7|6|15|14||17|47|.362|6|19|.316|4|11|.364|9|28|8|6|1|14|26
7|7|2014-12-10||Fresno State|W|73|56|25|52|.481|4|10|.400|19|22|.864|10|28|15|8|1|12|14||21|52|.404|5|20|.250|9|16|.563|9|24|9|10|5|17|20
8|8|2014-12-14||Prairie View|W|79|51|27|51|.529|3|9|.333|22|36|.611|15|35|11|9|3|9|11||18|50|.360|7|26|.269|8|9|.889|10|21|7|3|2|16|28
9|9|2014-12-17||South Carolina State|W|101|39|37|64|.578|11|22|.500|16|25|.640|9|48|28|7|7|11|13||14|66|.212|3|24|.125|8|18|.444|8|30|8|5|0|12|18
10|10|2014-12-19||Arkansas-Pine Bluff|W|72|51|23|48|.479|4|13|.308|22|33|.667|8|33|14|10|3|15|17||15|48|.313|7|23|.304|14|22|.636|7|23|8|9|4|16|25
11|11|2014-12-22|N|Loyola (IL)|L|44|62|17|50|.340|0|21|.000|10|18|.556|4|26|9|6|5|9|23||17|45|.378|5|15|.333|23|30|.767|8|32|7|3|3|14|21
12|12|2014-12-23|N|Houston|L|69|82|21|52|.404|8|22|.364|19|28|.679|13|30|6|5|1|12|20||27|50|.540|13|24|.542|15|25|.600|10|31|13|5|2|12|20
13|13|2014-12-29||North Texas|W|60|45|19|44|.432|2|15|.133|20|25|.800|8|31|9|8|4|19|14||18|52|.346|2|18|.111|7|16|.438|12|29|6|12|4|16|22
14|14|2015-01-03||Texas|L|61|70|22|52|.423|4|19|.211|13|26|.500|9|24|15|9|3|13|24||20|52|.385|5|13|.385|25|34|.735|13|36|7|6|8|17|17
15|15|2015-01-05||West Virginia|L|67|78|19|46|.413|7|12|.583|22|37|.595|10|31|11|5|5|19|18||30|63|.476|4|17|.235|14|25|.560|9|31|12|9|1|7|26
16|16|2015-01-10|@|Kansas|L|54|86|18|55|.327|5|17|.294|13|25|.520|11|30|6|2|5|15|17||32|61|.525|11|22|.500|11|17|.647|9|42|24|12|6|11|22
17|17|2015-01-14|@|Kansas State|L|51|58|19|56|.339|5|15|.333|8|8|1.000|15|36|10|5|6|13|19||17|44|.386|3|10|.300|21|26|.808|5|25|12|8|3|11|13
18|18|2015-01-17||Texas Christian|L|42|62|11|48|.229|3|16|.188|17|28|.607|11|28|4|1|2|11|25||19|42|.452|3|9|.333|21|32|.656|9|35|9|6|3|11|24
19|19|2015-01-21|@|Oklahoma State|L|43|63|15|54|.278|4|16|.250|9|14|.643|12|30|7|10|1|10|14||21|47|.447|9|24|.375|12|16|.750|9|34|15|6|10|13|13
20|20|2015-01-24||Iowa State|W|78|73|22|53|.415|11|24|.458|23|28|.821|9|31|11|6|3|13|19||27|63|.429|6|31|.194|13|17|.765|11|35|10|7|3|10|23
21|21|2015-01-28|@|Oklahoma|L|36|81|11|52|.212|3|17|.176|11|19|.579|14|30|2|3|4|16|11||32|61|.525|9|24|.375|8|9|.889|11|37|16|10|10|9|18
22|22|2015-01-31|@|West Virginia|L|58|77|16|38|.421|4|12|.333|22|25|.880|5|29|11|3|1|25|24||26|54|.481|9|22|.409|16|29|.552|10|25|17|10|2|11|22
23|23|2015-02-04||Kansas State|W|64|47|22|41|.537|9|19|.474|11|17|.647|5|25|14|5|4|7|12||19|49|.388|6|18|.333|3|6|.500|9|23|10|5|3|9|18
24|24|2015-02-07|@|Iowa State|L|38|75|17|55|.309|4|20|.200|0|7|.000|9|27|10|5|2|13|18||28|50|.560|8|22|.364|11|17|.647|5|36|18|8|4|10|13
25|25|2015-02-10||Kansas|L|51|73|18|54|.333|4|18|.222|11|22|.500|14|28|6|2|4|10|11||26|49|.531|11|20|.550|10|12|.833|7|34|15|6|7|14|17
26|26|2015-02-14|@|Texas|L|41|56|16|48|.333|7|25|.280|2|3|.667|6|26|12|7|5|9|17||20|45|.444|5|15|.333|11|19|.579|7|28|13|6|5|7|7
27|27|2015-02-17||Baylor|L|49|54|17|48|.354|5|24|.208|10|16|.625|10|24|9|10|7|10|13||18|47|.383|8|24|.333|10|13|.769|8|29|7|6|2|16|13
