ranker|game_season|date_game|game_location|opp_id|game_result|pts|opp_pts|fg|fga|fg_pct|fg3|fg3a|fg3_pct|ft|fta|ft_pct|orb|trb|ast|stl|blk|tov|pf|x|opp_fg|opp_fga|opp_fg_pct|opp_fg3|opp_fg3a|opp_fg3_pct|opp_ft|opp_fta|opp_ft_pct|opp_orb|opp_trb|opp_ast|opp_stl|opp_blk|opp_tov|opp_pf|
1|1|2014-11-14|@|Seattle|W|62|53|22|51|.431|5|13|.385|13|17|.765|6|22|13|12|2|10|12||18|41|.439|9|18|.500|8|12|.667|4|23|14|6|4|18|15
2|2|2014-11-19||Lamar|W|65|55|21|42|.500|4|10|.400|19|23|.826|8|32|11|7|5|22|15||21|53|.396|6|17|.353|7|13|.538|11|23|8|11|3|20|23
3|3|2014-11-22|@|Texas-San Antonio|L|67|80|25|61|.410|7|16|.438|10|15|.667|10|27|14|7|2|10|26||25|49|.510|4|13|.308|26|34|.765|9|38|11|6|4|13|17
4|4|2014-11-30||Howard Payne|W|68|39|26|54|.481|3|14|.214|13|22|.591|8|32|14|8|6|11|18||14|53|.264|2|8|.250|9|20|.450|10|28|8|1|2|17|21
5|5|2014-12-03||Texas Lutheran|W|72|31|24|48|.500|5|19|.263|19|28|.679|6|28|9|19|8|14|17||10|41|.244|3|12|.250|8|12|.667|4|22|6|9|2|29|25
6|6|2014-12-06||Prairie View|W|81|65|29|48|.604|3|9|.333|20|30|.667|8|28|15|12|2|13|13||25|52|.481|6|15|.400|9|9|1.000|5|20|14|7|1|16|24
7|7|2014-12-13|@|Texas|L|27|59|11|51|.216|2|12|.167|3|10|.300|2|11|5|6|1|8|16||23|42|.548|6|13|.462|7|10|.700|6|41|15|3|6|19|12
8|8|2014-12-17|@|Stephen F. Austin|L|60|66|25|46|.543|3|11|.273|7|13|.538|6|25|10|6|2|16|22||22|47|.468|8|20|.400|14|19|.737|7|23|15|4|6|15|19
9|9|2014-12-20||Huston-Tillotson|W|90|56|35|66|.530|9|17|.529|11|17|.647|12|39|21|6|2|10|18||19|50|.380|3|13|.231|15|24|.625|7|27|12|4|2|16|19
10|10|2014-12-30|@|Troy|W|57|46|21|49|.429|7|18|.389|8|11|.727|8|36|12|8|3|18|19||13|48|.271|5|24|.208|15|22|.682|4|23|6|13|0|11|16
11|11|2015-01-03|@|Georgia Southern|L|36|40|11|41|.268|2|13|.154|12|15|.800|5|28|5|7|0|18|20||12|40|.300|3|18|.167|13|20|.650|8|30|5|7|3|18|17
12|12|2015-01-05|@|Georgia State|W (2 OT)|77|74|28|65|.431|9|25|.360|12|19|.632|10|31|20|7|0|17|17||30|66|.455|2|16|.125|12|18|.667|11|37|10|14|6|17|18
13|13|2015-01-08||Arkansas-Little Rock|W (2 OT)|77|74|23|66|.348|8|25|.320|23|31|.742|10|38|14|7|4|11|21||26|69|.377|5|23|.217|17|24|.708|13|42|12|7|4|14|27
14|14|2015-01-10||Louisiana-Monroe|L|59|62|20|52|.385|4|13|.308|15|18|.833|7|22|6|10|1|12|13||24|49|.490|4|16|.250|10|11|.909|9|33|14|8|5|18|18
15|15|2015-01-15||South Alabama|W|82|71|31|58|.534|10|17|.588|10|15|.667|12|25|14|12|2|13|23||20|37|.541|4|10|.400|27|34|.794|7|20|7|4|3|19|17
16|16|2015-01-17|@|Arkansas State|L (1 OT)|73|78|22|64|.344|8|22|.364|21|27|.778|12|32|12|9|2|12|22||25|55|.455|5|18|.278|23|31|.742|8|36|14|7|1|14|19
17|17|2015-01-19|@|Texas-Arlington|L|55|66|16|54|.296|4|18|.222|19|28|.679|15|33|7|5|1|12|22||22|52|.423|6|23|.261|16|25|.640|13|35|8|5|4|14|23
18|18|2015-01-22||Georgia Southern|L|43|45|17|53|.321|1|11|.091|8|15|.533|11|33|6|2|1|12|9||16|48|.333|5|22|.227|8|9|.889|3|27|8|9|2|13|17
19|19|2015-01-24||Appalachian State|L|58|64|21|57|.368|3|17|.176|13|18|.722|9|28|9|4|5|10|22||22|54|.407|7|17|.412|13|19|.684|9|32|8|6|5|12|20
20|20|2015-01-31||Louisiana-Lafayette|L|63|72|18|49|.367|6|21|.286|21|28|.750|9|31|16|4|2|12|20||23|54|.426|6|17|.353|20|23|.870|9|32|15|5|5|9|20
21|21|2015-02-04|@|South Alabama|W|63|43|23|52|.442|8|18|.444|9|11|.818|8|38|13|5|3|18|18||16|52|.308|4|16|.250|7|12|.583|9|31|6|6|2|15|11
22|22|2015-02-07|@|Arkansas-Little Rock|L|61|69|19|53|.358|5|19|.263|18|27|.667|11|27|7|3|1|7|19||23|51|.451|7|18|.389|16|21|.762|13|40|11|3|3|13|23
23|23|2015-02-12||Texas-Arlington|L|61|70|20|60|.333|7|30|.233|14|20|.700|12|27|8|5|0|9|15||27|52|.519|5|19|.263|11|16|.688|7|35|13|7|2|12|15
24|24|2015-02-14||Georgia State|L|41|53|12|41|.293|2|15|.133|15|25|.600|7|24|8|6|5|10|15||17|42|.405|3|11|.273|16|18|.889|5|30|11|5|5|13|20
