ranker|game_season|date_game|game_location|opp_id|game_result|pts|opp_pts|fg|fga|fg_pct|fg3|fg3a|fg3_pct|ft|fta|ft_pct|orb|trb|ast|stl|blk|tov|pf|x|opp_fg|opp_fga|opp_fg_pct|opp_fg3|opp_fg3a|opp_fg3_pct|opp_ft|opp_fta|opp_ft_pct|opp_orb|opp_trb|opp_ast|opp_stl|opp_blk|opp_tov|opp_pf|
1|1|2014-11-14||Northwestern State|W|109|68|42|74|.568|8|17|.471|17|27|.630|16|46|26|10|5|13|24||21|58|.362|6|33|.182|20|32|.625|9|29|11|7|6|18|21
2|2|2014-11-20|N|Dayton|L|53|55|18|53|.340|3|11|.273|14|23|.609|19|41|11|5|2|21|18||19|52|.365|2|17|.118|15|20|.750|6|23|10|13|5|17|21
3|3|2014-11-21|N|College of Charleston|W|59|50|18|49|.367|3|16|.188|20|24|.833|9|32|9|8|2|12|16||18|49|.367|6|19|.316|8|12|.667|7|26|7|4|2|17|20
4|4|2014-11-23|N|New Mexico|W|64|51|24|53|.453|6|20|.300|10|16|.625|10|33|16|6|2|12|16||17|49|.347|5|18|.278|12|14|.857|6|24|11|3|3|15|16
5|5|2014-11-28||New Orleans|W|87|65|33|63|.524|9|21|.429|12|19|.632|8|32|22|6|7|10|21||19|51|.373|6|14|.429|21|27|.778|10|30|10|5|1|17|19
6|6|2014-12-03||Sam Houston State|W|66|63|26|59|.441|3|12|.250|11|22|.500|7|32|11|8|4|8|22||19|54|.352|7|22|.318|18|21|.857|11|38|8|4|6|16|21
7|7|2014-12-06||Arizona State|W|72|71|27|53|.509|7|16|.438|11|18|.611|5|18|16|11|1|8|13||25|47|.532|12|29|.414|9|10|.900|8|26|15|2|2|16|15
8|8|2014-12-09|@|Baylor|L|63|77|22|39|.564|5|14|.357|14|24|.583|1|18|16|6|2|17|18||29|61|.475|4|15|.267|15|23|.652|17|38|15|9|1|13|17
9|9|2014-12-13||Youngstown State|W|81|63|31|51|.608|11|20|.550|8|15|.533|7|31|23|4|3|12|13||25|61|.410|8|22|.364|5|9|.556|8|22|17|5|0|10|17
10|10|2014-12-20|@|Kansas State|L|64|71|25|51|.490|3|9|.333|11|17|.647|7|22|15|5|1|6|24||24|39|.615|4|12|.333|19|30|.633|2|21|13|2|2|12|20
11|11|2014-12-30||Mercer|W|65|50|23|50|.460|5|15|.333|14|21|.667|10|32|16|3|2|7|14||19|46|.413|7|25|.280|5|10|.500|4|23|13|1|2|11|19
12|12|2015-01-03||Hartford|W|58|49|19|50|.380|0|13|.000|20|27|.741|7|39|15|6|2|13|16||16|57|.281|8|32|.250|9|11|.818|5|32|11|6|3|14|18
13|13|2015-01-06|@|Alabama|L|44|65|16|52|.308|6|22|.273|6|7|.857|9|31|11|1|0|14|20||21|47|.447|5|23|.217|18|25|.720|9|36|10|8|4|8|15
14|14|2015-01-10||Kentucky|L (2 OT)|64|70|23|69|.333|2|15|.133|16|30|.533|12|44|7|3|6|12|23||18|64|.281|9|28|.321|25|35|.714|13|44|13|6|10|12|26
15|15|2015-01-13||Mississippi State|W|74|70|21|44|.477|4|8|.500|28|44|.636|8|31|11|3|6|13|22||21|59|.356|10|23|.435|18|26|.692|14|32|10|4|3|14|30
16|16|2015-01-17|@|Louisiana State|W|67|64|27|65|.415|4|10|.400|9|11|.818|14|39|10|7|4|13|12||25|64|.391|7|23|.304|7|11|.636|14|37|17|9|11|16|14
17|17|2015-01-21||Missouri|W|62|50|20|47|.426|7|17|.412|15|20|.750|10|34|10|6|4|11|10||20|47|.426|8|17|.471|2|5|.400|4|20|14|8|4|13|18
18|18|2015-01-24|@|Tennessee|W|67|61|25|52|.481|5|17|.294|12|15|.800|11|32|17|6|3|9|16||20|52|.385|11|29|.379|10|11|.909|9|24|12|5|4|9|13
19|19|2015-01-27|@|Auburn|W|71|61|28|56|.500|6|14|.429|9|17|.529|9|28|13|4|4|8|27||15|44|.341|6|21|.286|25|35|.714|9|23|7|4|6|10|18
20|20|2015-01-31||Vanderbilt|W|69|58|25|47|.532|7|12|.583|12|21|.571|5|31|19|10|3|15|16||21|50|.420|6|16|.375|10|17|.588|4|18|17|10|6|16|19
21|21|2015-02-04|@|Mississippi|L|59|69|22|57|.386|4|19|.211|11|20|.550|11|36|14|5|2|16|17||24|62|.387|6|24|.250|15|20|.750|11|36|14|11|6|8|17
22|22|2015-02-07|@|Missouri|W|83|61|33|56|.589|6|14|.429|11|15|.733|8|24|22|9|1|7|16||21|48|.438|3|17|.176|16|19|.842|9|25|12|4|1|13|13
23|23|2015-02-11||Georgia|L|53|62|19|47|.404|4|10|.400|11|17|.647|5|25|8|3|3|13|15||22|52|.423|6|24|.250|12|16|.750|8|29|11|8|4|6|16
24|24|2015-02-14||Florida|W|63|62|25|55|.455|2|12|.167|11|13|.846|5|31|21|5|3|8|11||26|59|.441|6|26|.231|4|7|.571|8|30|14|5|6|9|12
25|25|2015-02-17||Louisiana State|W|68|62|25|55|.455|4|14|.286|14|26|.538|13|37|14|5|6|13|17||23|54|.426|8|24|.333|8|10|.800|4|23|17|8|3|13|22
26|26|2015-02-21|@|South Carolina|W|62|52|17|43|.395|10|21|.476|18|25|.720|6|34|12|5|5|14|16||16|59|.271|7|26|.269|13|18|.722|13|34|12|6|3|11|18
27|27|2015-02-24|@|Arkansas|L|75|81|26|61|.426|9|16|.563|14|19|.737|17|35|11|4|0|20|21||29|57|.509|10|24|.417|13|21|.619|9|21|21|12|12|10|17
28|28|2015-02-28||Auburn|W|80|55|27|58|.466|7|22|.318|19|29|.655|14|40|19|4|3|9|24||17|48|.354|3|17|.176|18|30|.600|6|25|9|4|4|9|21
29|29|2015-03-03|@|Florida|L|62|66|21|59|.356|7|22|.318|13|18|.722|15|37|12|5|1|16|26||19|40|.475|8|20|.400|20|38|.526|5|25|15|8|5|13|18
30|30|2015-03-07||Alabama|L|60|61|20|50|.400|8|24|.333|12|15|.800|8|30|14|7|2|12|19||23|52|.442|6|21|.286|9|16|.563|8|27|8|4|5|11|15
31|31|2015-03-12|N|Auburn|L|59|66|20|47|.426|5|19|.263|14|21|.667|5|38|10|8|3|19|27||17|50|.340|8|25|.320|24|38|.632|7|32|12|10|2|10|22
