ranker|game_season|date_game|game_location|opp_id|game_result|pts|opp_pts|fg|fga|fg_pct|fg3|fg3a|fg3_pct|ft|fta|ft_pct|orb|trb|ast|stl|blk|tov|pf|x|opp_fg|opp_fga|opp_fg_pct|opp_fg3|opp_fg3a|opp_fg3_pct|opp_ft|opp_fta|opp_ft_pct|opp_orb|opp_trb|opp_ast|opp_stl|opp_blk|opp_tov|opp_pf|
1|1|2014-11-16||Northern Arizona|W|71|58|23|52|.442|3|12|.250|22|30|.733|8|31|17|8|6|17|13||22|66|.333|6|22|.273|8|11|.727|15|37|12|9|5|16|23
2|2|2014-11-18|@|Virginia Commonwealth|L|78|87|24|48|.500|8|18|.444|22|27|.815|5|29|9|5|5|21|24||27|59|.458|9|25|.360|24|34|.706|12|33|15|16|3|13|24
3|3|2014-11-21|@|Oregon|L|68|78|25|66|.379|11|27|.407|7|13|.538|11|33|10|6|4|11|20||26|63|.413|6|18|.333|20|24|.833|13|44|16|4|7|9|16
4|4|2014-11-24||Bucknell|W|92|65|31|60|.517|6|12|.500|24|31|.774|12|39|15|4|5|7|13||25|62|.403|7|20|.350|8|12|.667|8|26|14|1|1|9|21
5|5|2014-11-25|N|Detroit Mercy|L|79|82|27|48|.563|7|22|.318|18|21|.857|1|19|17|3|4|14|15||30|57|.526|7|17|.412|15|16|.938|7|27|16|10|1|12|19
6|6|2014-11-29|@|Oakland|L|79|81|26|61|.426|5|21|.238|22|26|.846|13|29|11|13|1|11|19||27|49|.551|10|20|.500|17|21|.810|8|32|19|7|3|20|22
7|7|2014-12-03|@|Cleveland State|W|59|54|19|48|.396|5|14|.357|16|23|.696|8|30|9|9|2|16|10||21|59|.356|10|28|.357|2|4|.500|16|32|12|8|7|16|19
8|8|2014-12-06||Chicago State|W|87|59|31|51|.608|9|18|.500|16|19|.842|7|34|22|10|1|26|24||22|56|.393|5|22|.227|10|21|.476|10|23|6|13|0|22|22
9|9|2014-12-13||Arkansas State|W|73|65|23|56|.411|7|23|.304|20|25|.800|7|28|15|2|3|5|11||25|58|.431|9|23|.391|6|8|.750|5|29|16|4|3|10|19
10|10|2014-12-17||Robert Morris|W|83|57|31|60|.517|9|17|.529|12|19|.632|12|41|21|7|4|14|18||21|52|.404|3|18|.167|12|24|.500|9|27|9|10|1|18|20
11|11|2014-12-20|@|McNeese State|W|83|69|30|65|.462|8|17|.471|15|19|.789|15|39|15|2|2|5|14||24|55|.436|8|19|.421|13|20|.650|8|30|13|3|4|5|18
12|12|2014-12-29|@|Duke|L|69|86|29|61|.475|5|15|.333|6|10|.600|7|25|10|4|1|13|27||29|52|.558|6|15|.400|22|30|.733|10|32|18|6|2|13|18
13|13|2015-01-03|@|Northern Kentucky|W|57|55|20|60|.333|8|24|.333|9|17|.529|13|40|11|8|4|10|14||21|55|.382|7|24|.292|6|10|.600|9|35|11|5|3|11|15
14|14|2015-01-06||Central Michigan|L|62|65|20|50|.400|7|18|.389|15|19|.789|8|38|12|1|4|13|13||26|65|.400|7|25|.280|6|8|.750|8|31|14|7|3|3|18
15|15|2015-01-09||Akron|W|84|67|27|48|.563|9|11|.818|21|32|.656|8|34|16|6|1|11|15||23|57|.404|8|27|.296|13|15|.867|7|25|10|7|3|10|26
16|16|2015-01-14|@|Ohio|W|80|73|29|66|.439|4|12|.333|18|22|.818|12|32|13|7|2|6|10||28|56|.500|8|22|.364|9|14|.643|9|34|16|1|7|11|20
17|17|2015-01-17||Western Michigan|L (1 OT)|78|81|25|63|.397|8|19|.421|20|29|.690|8|33|13|6|1|10|20||29|58|.500|8|24|.333|15|24|.625|5|35|17|6|3|14|19
18|18|2015-01-21|@|Kent State|L|60|67|26|54|.481|3|16|.188|5|13|.385|9|24|8|3|5|14|19||26|54|.481|5|18|.278|10|19|.526|11|32|11|7|4|11|18
19|19|2015-01-24||Bowling Green State|W|71|67|25|56|.446|4|16|.250|17|25|.680|7|36|12|6|5|11|18||26|63|.413|7|25|.280|8|16|.500|12|36|11|7|4|14|23
20|20|2015-01-27||Miami (OH)|W|70|65|26|53|.491|5|18|.278|13|17|.765|9|34|18|3|2|12|12||24|50|.480|6|19|.316|11|16|.688|4|23|16|9|4|7|15
21|21|2015-01-31|@|Northern Illinois|W|80|69|23|49|.469|7|19|.368|27|31|.871|10|37|9|3|2|15|22||24|54|.444|4|13|.308|17|29|.586|10|28|8|8|0|12|25
22|22|2015-02-04||Eastern Michigan|W|84|60|28|54|.519|4|17|.235|24|30|.800|8|30|17|8|2|9|16||24|61|.393|2|19|.105|10|14|.714|12|30|11|5|5|11|20
23|23|2015-02-07|@|Ball State|W|72|61|25|47|.532|3|10|.300|19|24|.792|5|32|10|8|4|13|17||22|57|.386|6|32|.188|11|14|.786|6|25|8|7|1|14|21
24|24|2015-02-10|@|Buffalo|W|92|88|33|52|.635|12|14|.857|14|18|.778|6|28|18|5|1|17|22||33|67|.493|5|20|.250|17|20|.850|12|26|13|11|1|7|16
25|25|2015-02-13||Kent State|L (1 OT)|75|76|23|60|.383|5|17|.294|24|33|.727|15|41|14|4|6|10|21||25|60|.417|11|29|.379|15|27|.556|10|37|12|5|6|7|24
26|26|2015-02-18|@|Akron|W|68|66|25|55|.455|3|14|.214|15|20|.750|7|28|10|5|0|10|13||24|61|.393|8|29|.276|10|12|.833|10|32|13|6|4|9|18
27|27|2015-02-21|@|Western Michigan|W|97|87|33|55|.600|5|14|.357|26|30|.867|7|30|15|3|3|10|24||27|55|.491|9|22|.409|24|29|.828|6|23|9|8|1|7|23
28|28|2015-02-25||Northern Illinois|L|82|84|25|47|.532|5|14|.357|27|31|.871|4|19|16|3|4|7|13||34|65|.523|9|18|.500|7|8|.875|11|29|19|7|1|8|22
29|29|2015-02-28||Ball State|W|70|59|28|57|.491|4|15|.267|10|18|.556|9|41|15|5|3|10|10||23|63|.365|7|29|.241|6|7|.857|7|31|16|6|2|10|15
30|30|2015-03-03|@|Central Michigan|L|77|85|31|62|.500|5|14|.357|10|16|.625|11|38|7|4|3|13|24||25|57|.439|11|29|.379|24|30|.800|9|32|12|5|3|6|16
31|31|2015-03-06|@|Eastern Michigan|L|59|85|19|59|.322|3|9|.333|18|27|.667|20|42|8|1|6|20|17||31|68|.456|4|17|.235|19|27|.704|17|39|9|11|7|8|20
32|32|2015-03-12|N|Eastern Michigan|W|78|67|29|60|.483|3|13|.231|17|23|.739|12|43|11|4|7|11|15||24|64|.375|8|28|.286|11|15|.733|10|30|12|7|6|8|22
33|33|2015-03-13|N|Central Michigan|L|66|75|24|54|.444|5|13|.385|13|19|.684|8|33|8|4|5|12|20||26|57|.456|8|23|.348|15|20|.750|7|26|11|6|4|5|16
