ranker|game_season|date_game|game_location|opp_id|game_result|pts|opp_pts|fg|fga|fg_pct|fg3|fg3a|fg3_pct|ft|fta|ft_pct|orb|trb|ast|stl|blk|tov|pf|x|opp_fg|opp_fga|opp_fg_pct|opp_fg3|opp_fg3a|opp_fg3_pct|opp_ft|opp_fta|opp_ft_pct|opp_orb|opp_trb|opp_ast|opp_stl|opp_blk|opp_tov|opp_pf|
1|1|2014-11-14|@|Alabama|L|54|82|18|50|.360|7|21|.333|11|15|.733|13|31|9|2|2|21|20||29|63|.460|7|23|.304|17|19|.895|12|32|17|14|9|8|16
2|2|2014-11-17|@|Morgan State|W|51|46|17|43|.395|3|11|.273|14|23|.609|9|30|8|2|4|10|17||17|49|.347|2|19|.105|10|13|.769|9|26|7|3|8|10|18
3|3|2014-11-21|N|Central Connecticut State|W|58|49|20|54|.370|2|9|.222|16|27|.593|11|32|5|9|5|9|18||17|50|.340|6|17|.353|9|18|.500|12|38|6|1|5|21|21
4|4|2014-11-22|N|Bethune-Cookman|W|63|42|16|42|.381|3|12|.250|28|38|.737|11|38|10|4|2|9|21||15|47|.319|4|16|.250|8|17|.471|8|21|7|6|0|9|25
5|5|2014-11-23|@|Monmouth|W (1 OT)|79|75|24|52|.462|8|19|.421|23|34|.676|14|44|10|2|6|16|20||26|60|.433|10|23|.435|13|17|.765|6|22|11|4|8|5|22
6|6|2014-11-26||Goucher|W|97|43|37|81|.457|13|27|.481|10|15|.667|21|62|27|5|7|8|16||17|63|.270|1|14|.071|8|14|.571|5|27|9|4|5|10|16
7|7|2014-11-29|@|Maryland-Baltimore County|W|77|66|22|41|.537|7|12|.583|26|32|.813|8|28|10|5|2|19|20||24|48|.500|5|14|.357|13|21|.619|5|18|15|8|3|10|27
8|8|2014-12-03||Coppin State|W|84|76|24|52|.462|2|9|.222|34|47|.723|13|45|8|7|5|18|19||27|69|.391|12|29|.414|10|16|.625|11|29|11|9|6|12|30
9|9|2014-12-07|@|Georgetown|L|46|78|18|44|.409|0|12|.000|10|16|.625|9|24|4|4|2|16|16||28|51|.549|11|22|.500|11|14|.786|9|23|18|10|1|11|17
10|10|2014-12-10|@|Temple|L|64|76|20|63|.317|9|19|.474|15|23|.652|19|44|8|3|6|13|24||22|55|.400|6|17|.353|26|35|.743|13|37|9|5|7|6|17
11|11|2014-12-20||La Salle|L|53|67|15|46|.326|0|14|.000|23|31|.742|14|33|4|2|4|16|26||19|51|.373|4|11|.364|25|30|.833|12|32|9|11|5|9|22
12|12|2014-12-22|@|Navy|L|56|61|16|55|.291|5|15|.333|19|34|.559|12|30|5|6|2|6|25||17|45|.378|4|12|.333|23|29|.793|9|34|11|3|4|8|25
13|13|2014-12-29||Fairleigh Dickinson|L (1 OT)|84|85|27|47|.574|5|8|.625|25|34|.735|14|43|12|2|7|22|20||31|76|.408|10|25|.400|13|19|.684|14|21|12|15|4|3|26
14|14|2015-01-03|@|James Madison|L|52|61|20|46|.435|3|16|.188|9|14|.643|9|23|6|3|2|15|19||23|39|.590|3|10|.300|12|19|.632|2|17|12|7|2|13|12
15|15|2015-01-05||Elon|W|57|53|18|47|.383|2|5|.400|19|26|.731|10|35|12|2|4|13|19||20|57|.351|3|16|.188|10|19|.526|12|28|10|5|0|8|24
16|16|2015-01-08||Drexel|L|41|55|16|43|.372|2|11|.182|7|13|.538|8|28|3|1|3|11|19||17|42|.405|3|14|.214|18|24|.750|5|25|5|6|5|3|15
17|17|2015-01-10||Northeastern|L|49|52|21|56|.375|4|17|.235|3|4|.750|12|27|9|5|7|9|13||23|46|.500|3|7|.429|3|7|.429|7|29|17|8|5|12|9
18|18|2015-01-14|@|Delaware|L (1 OT)|64|67|20|56|.357|9|24|.375|15|24|.625|10|34|13|5|2|12|28||19|48|.396|3|17|.176|26|39|.667|10|37|12|4|4|12|19
19|19|2015-01-17||William & Mary|L|72|85|27|64|.422|5|15|.333|13|26|.500|18|36|14|4|1|4|20||25|45|.556|13|23|.565|22|27|.815|6|30|19|1|5|9|19
20|20|2015-01-22|@|Elon|W|53|51|21|60|.350|1|11|.091|10|25|.400|13|38|3|2|6|14|25||13|45|.289|4|17|.235|21|28|.750|4|28|5|4|3|13|25
21|21|2015-01-24|@|North Carolina-Wilmington|L|65|69|24|53|.453|3|9|.333|14|29|.483|11|38|10|3|3|14|24||24|61|.393|2|13|.154|19|30|.633|14|39|9|4|3|9|25
22|22|2015-01-29||College of Charleston|W|74|70|21|47|.447|5|14|.357|27|38|.711|12|38|9|3|6|13|23||20|53|.377|6|20|.300|24|31|.774|5|23|8|4|3|4|25
23|23|2015-01-31|@|Hofstra|W|86|72|26|45|.578|5|11|.455|29|41|.707|9|34|15|2|5|18|25||23|60|.383|6|26|.231|20|27|.741|12|22|11|8|0|9|26
24|24|2015-02-04|@|Northeastern|L|62|69|25|58|.431|3|11|.273|9|13|.692|5|22|11|7|3|7|25||21|35|.600|6|8|.750|21|35|.600|3|30|11|3|3|14|14
25|25|2015-02-07||James Madison|L|61|63|24|53|.453|2|9|.222|11|22|.500|13|39|15|3|5|11|21||19|48|.396|7|17|.412|18|27|.667|8|26|12|6|4|9|20
26|26|2015-02-10|@|Drexel|L|49|53|18|58|.310|2|9|.222|11|18|.611|20|41|5|2|3|9|20||18|43|.419|3|15|.200|14|19|.737|3|18|8|4|9|5|15
27|27|2015-02-15|@|College of Charleston|W|53|50|19|57|.333|1|5|.200|14|20|.700|17|47|5|3|6|15|23||19|57|.333|3|17|.176|9|21|.429|10|30|9|4|8|8|19
28|28|2015-02-18||Hofstra|L|82|87|27|49|.551|7|15|.467|21|25|.840|5|23|8|2|5|9|31||20|49|.408|10|23|.435|37|42|.881|13|30|14|6|5|8|20
29|29|2015-02-21||North Carolina-Wilmington|L|69|73|22|43|.512|3|9|.333|22|28|.786|8|25|6|2|0|14|21||24|50|.480|4|6|.667|21|26|.808|9|23|10|8|3|5|23
30|30|2015-02-25|@|William & Mary|L|50|65|17|57|.298|5|25|.200|11|20|.550|12|35|6|3|5|11|19||23|49|.469|7|16|.438|12|17|.706|2|28|17|6|9|8|16
31|31|2015-02-28||Delaware|L|60|65|25|60|.417|6|14|.429|4|10|.400|15|36|15|5|4|16|20||23|53|.434|4|16|.250|15|23|.652|9|29|12|8|4|11|12
32|32|2015-03-06|N|Elon|L (1 OT)|69|74|24|56|.429|2|11|.182|19|22|.864|12|39|5|3|3|16|15||26|61|.426|13|29|.448|9|13|.692|6|20|15|5|5|6|18
