ranker|game_season|date_game|game_location|opp_id|game_result|pts|opp_pts|fg|fga|fg_pct|fg3|fg3a|fg3_pct|ft|fta|ft_pct|orb|trb|ast|stl|blk|tov|pf|x|opp_fg|opp_fga|opp_fg_pct|opp_fg3|opp_fg3a|opp_fg3_pct|opp_ft|opp_fta|opp_ft_pct|opp_orb|opp_trb|opp_ast|opp_stl|opp_blk|opp_tov|opp_pf|
1|1|2014-11-14||Weber State|W|72|61|27|58|.466|4|15|.267|14|24|.583|7|26|15|12|3|7|19||19|49|.388|6|18|.333|17|23|.739|10|36|9|6|4|20|22
2|2|2014-11-16|@|Illinois State|W|60|55|21|49|.429|7|20|.350|11|19|.579|7|37|13|2|6|12|18||22|67|.328|2|15|.133|9|20|.450|15|39|11|8|2|7|17
3|3|2014-11-19||Santa Clara|W|60|54|16|46|.348|7|17|.412|21|29|.724|6|26|12|5|5|7|14||20|55|.364|6|24|.250|8|14|.571|14|40|11|1|1|12|21
4|4|2014-11-22|@|Mississippi State|L|63|71|20|47|.426|10|27|.370|13|17|.765|3|16|12|7|4|13|20||24|52|.462|4|15|.267|19|27|.704|15|33|12|7|2|12|15
5|5|2014-11-26|@|California-Davis|L (1 OT)|70|77|27|65|.415|9|23|.391|7|10|.700|9|30|13|2|2|6|18||28|63|.444|7|24|.292|14|16|.875|10|38|15|2|2|7|13
6|6|2014-12-02||Brigham Young|L|81|91|26|57|.456|8|16|.500|21|30|.700|7|31|13|4|2|13|26||26|66|.394|5|25|.200|34|39|.872|15|42|13|9|1|6|19
7|7|2014-12-07|@|Southern California|L|84|89|28|59|.475|10|28|.357|18|26|.692|9|33|17|3|4|10|21||31|62|.500|12|26|.462|15|27|.556|11|35|22|7|1|9|18
8|8|2014-12-13|@|Utah Valley|W|50|47|14|47|.298|4|14|.286|18|25|.720|3|35|7|4|10|8|18||15|51|.294|5|16|.313|12|20|.600|6|38|10|4|0|9|19
9|9|2014-12-18||Cal State Bakersfield|W|57|56|17|42|.405|5|15|.333|18|26|.692|2|23|12|8|3|8|20||19|53|.358|4|15|.267|14|24|.583|14|40|8|5|0|13|21
10|10|2014-12-19||Idaho State|W|69|56|21|48|.438|8|21|.381|19|24|.792|7|26|15|6|5|13|17||21|60|.350|1|15|.067|13|19|.684|19|37|7|10|2|16|19
11|11|2014-12-20||South Dakota State|L (1 OT)|65|68|21|55|.382|1|14|.071|22|31|.710|11|39|8|4|3|11|16||25|67|.373|9|30|.300|9|16|.563|13|41|12|4|4|10|27
12|12|2014-12-27||Wayland Baptist|W|75|63|26|55|.473|7|18|.389|16|18|.889|8|35|16|7|5|11|16||22|59|.373|4|19|.211|15|21|.714|13|32|10|6|5|13|14
13|13|2014-12-31||San Jose State|W|61|33|21|45|.467|11|22|.500|8|20|.400|6|39|17|8|9|13|12||12|60|.200|6|28|.214|3|8|.375|11|35|10|6|0|12|15
14|14|2015-01-03|@|Boise State|W|62|61|24|54|.444|8|15|.533|6|9|.667|3|23|17|5|4|11|12||22|54|.407|10|23|.435|7|11|.636|7|30|11|7|4|14|13
15|15|2015-01-07|@|Fresno State|L|52|61|21|51|.412|5|13|.385|5|13|.385|5|26|12|7|5|12|16||25|52|.481|3|17|.176|8|14|.571|7|36|14|5|7|11|14
16|16|2015-01-10||New Mexico|L|60|66|20|43|.465|9|20|.450|11|20|.550|3|20|16|3|6|9|19||23|52|.442|6|14|.429|14|20|.700|13|34|11|6|0|12|16
17|17|2015-01-17||Air Force|W|71|59|26|48|.542|13|23|.565|6|9|.667|2|24|22|4|4|8|13||22|53|.415|9|22|.409|6|11|.545|9|30|13|6|2|10|16
18|18|2015-01-20|@|Nevada|W|70|54|27|59|.458|7|15|.467|9|13|.692|5|28|15|8|5|8|16||21|60|.350|2|18|.111|10|15|.667|14|39|13|7|5|18|13
19|19|2015-01-24|@|Nevada-Las Vegas|L (1 OT)|77|79|26|54|.481|7|17|.412|18|29|.621|8|37|12|1|5|13|20||26|64|.406|9|28|.321|18|23|.783|7|29|18|7|4|4|23
20|20|2015-01-27||Wyoming|W|56|44|24|50|.480|5|14|.357|3|8|.375|4|27|15|7|4|10|10||18|50|.360|7|23|.304|1|3|.333|4|24|13|5|1|13|11
21|21|2015-01-31|@|San Diego State|L|42|62|14|48|.292|6|17|.353|8|17|.471|11|34|11|1|3|19|12||24|55|.436|9|18|.500|5|8|.625|10|30|17|10|4|14|13
22|22|2015-02-03||Boise State|L|63|68|25|52|.481|6|19|.316|7|12|.583|4|28|18|4|5|8|17||25|54|.463|11|25|.440|7|13|.538|10|33|10|6|4|8|15
23|23|2015-02-07|@|New Mexico|W|63|60|25|53|.472|7|23|.304|6|10|.600|5|24|14|5|7|9|14||23|53|.434|3|15|.200|11|17|.647|13|36|15|7|3|10|13
24|24|2015-02-10||Nevada|W|75|62|25|42|.595|9|16|.563|16|22|.727|2|17|17|5|9|6|14||23|56|.411|6|14|.429|10|14|.714|13|29|16|5|2|9|16
25|25|2015-02-18|@|San Jose State|W|76|54|27|50|.540|6|13|.462|16|23|.696|7|32|16|5|5|12|14||19|56|.339|9|24|.375|7|14|.500|11|28|17|7|1|13|20
26|26|2015-02-21||Fresno State|W|85|79|29|54|.537|10|21|.476|17|22|.773|8|27|20|5|2|9|12||28|57|.491|7|20|.350|16|18|.889|8|25|15|6|2|9|19
27|27|2015-02-24||Nevada-Las Vegas|W|83|65|31|57|.544|11|20|.550|10|16|.625|6|33|24|2|5|10|14||26|64|.406|8|26|.308|5|11|.455|11|33|14|5|5|10|15
28|28|2015-02-28|@|Air Force|W|74|60|24|50|.480|8|26|.308|18|20|.900|5|35|13|4|7|10|18||25|62|.403|4|21|.190|6|14|.429|9|29|10|7|1|7|22
29|29|2015-03-04|@|Wyoming|L|53|76|22|48|.458|6|18|.333|3|5|.600|2|19|10|3|1|11|13||30|54|.556|7|21|.333|9|10|.900|5|28|26|6|4|6|11
30|30|2015-03-07||Colorado State|L|70|75|23|58|.397|9|27|.333|15|19|.789|7|33|10|5|3|11|17||29|68|.426|3|21|.143|14|18|.778|15|40|16|9|3|7|18
31|31|2015-03-12|N|Wyoming|L|65|67|23|52|.442|10|24|.417|9|13|.692|7|28|13|3|1|10|18||26|54|.481|5|17|.294|10|15|.667|8|31|13|4|1|9|13
