ranker|game_season|date_game|game_location|opp_id|game_result|pts|opp_pts|fg|fga|fg_pct|fg3|fg3a|fg3_pct|ft|fta|ft_pct|orb|trb|ast|stl|blk|tov|pf|x|opp_fg|opp_fga|opp_fg_pct|opp_fg3|opp_fg3a|opp_fg3_pct|opp_ft|opp_fta|opp_ft_pct|opp_orb|opp_trb|opp_ast|opp_stl|opp_blk|opp_tov|opp_pf|
1|1|2014-11-15|@|Canisius|L|60|64|19|47|.404|5|18|.278|17|20|.850|8|28|13|2|6|15|23||22|55|.400|8|18|.444|12|20|.600|10|30|16|8|6|10|17
2|2|2014-11-17|@|Siena|W|84|76|26|38|.684|5|11|.455|27|38|.711|3|21|11|10|5|23|28||18|46|.391|6|11|.545|34|38|.895|7|19|14|12|0|18|29
3|3|2014-11-19||Southern Vermont|W|86|41|34|57|.596|8|15|.533|10|18|.556|8|44|20|5|5|12|13||17|55|.309|3|18|.167|4|10|.400|2|21|4|8|4|12|21
4|4|2014-11-22|@|Saint Joseph's|L|60|68|23|53|.434|6|18|.333|8|12|.667|5|28|13|3|3|18|20||21|54|.389|6|15|.400|20|29|.690|11|33|14|13|3|15|15
5|5|2014-11-26||Bryant|W|73|47|23|39|.590|3|11|.273|24|36|.667|7|37|12|11|7|18|17||16|55|.291|7|27|.259|8|15|.533|7|22|7|6|1|16|25
6|6|2014-11-30|@|Quinnipiac|L|73|89|23|51|.451|3|10|.300|24|30|.800|7|14|12|9|6|6|24||28|51|.549|5|12|.417|28|32|.875|14|36|18|2|4|16|22
7|7|2014-12-03||Hartford|W|81|69|27|47|.574|5|12|.417|22|31|.710|7|24|16|10|3|12|20||23|47|.489|8|22|.364|15|20|.750|7|23|9|3|2|20|27
8|8|2014-12-06||Harvard|L (2 OT)|52|64|18|59|.305|7|19|.368|9|17|.529|12|40|12|4|5|17|23||19|54|.352|7|19|.368|19|30|.633|11|39|7|14|10|14|22
9|9|2014-12-14||Wagner|W|61|47|15|44|.341|6|13|.462|25|39|.641|10|33|7|7|4|12|20||14|51|.275|4|20|.200|15|24|.625|13|36|5|7|6|20|32
10|10|2014-12-18||Yale|L|56|57|21|53|.396|7|16|.438|7|12|.583|9|27|13|2|4|12|18||20|42|.476|6|10|.600|11|15|.733|4|25|11|8|7|11|18
11|11|2014-12-21|@|Saint Louis|L|55|58|21|43|.488|3|14|.214|10|15|.667|3|21|11|6|4|12|16||23|54|.426|4|9|.444|8|14|.571|12|33|17|6|2|10|17
12|12|2014-12-30|@|Southern California|L|56|64|19|63|.302|5|23|.217|13|15|.867|13|37|11|13|3|17|19||23|56|.411|1|7|.143|17|25|.680|12|41|10|11|8|15|15
13|13|2015-01-02|@|California-Santa Barbara|L|57|64|23|51|.451|6|18|.333|5|8|.625|5|26|10|2|4|12|17||22|49|.449|5|13|.385|15|18|.833|6|26|12|3|3|9|9
14|14|2015-01-07|@|Maine|W|68|54|26|47|.553|4|10|.400|12|15|.800|7|25|16|5|4|11|15||18|46|.391|7|13|.538|11|13|.846|4|15|14|4|1|12|15
15|15|2015-01-10||Stony Brook|W|71|57|25|47|.532|6|14|.429|15|18|.833|6|29|9|8|6|12|14||19|51|.373|3|9|.333|16|16|1.000|8|24|8|5|3|13|19
16|16|2015-01-14||Dartmouth|W|55|52|21|45|.467|3|11|.273|10|15|.667|6|25|12|7|3|9|15||21|48|.438|3|11|.273|7|10|.700|9|29|10|5|6|13|19
17|17|2015-01-17|@|Maryland-Baltimore County|W|71|54|25|46|.543|8|17|.471|13|18|.722|3|25|17|14|2|15|20||17|47|.362|2|14|.143|18|22|.818|8|27|7|10|4|19|17
18|18|2015-01-19||Binghamton|W|64|44|20|52|.385|3|13|.231|21|23|.913|12|36|9|7|9|9|13||16|47|.340|3|11|.273|9|13|.692|4|22|6|6|3|11|20
19|19|2015-01-22|@|New Hampshire|L|68|73|21|57|.368|3|18|.167|23|38|.605|13|36|5|7|4|7|27||22|44|.500|7|13|.538|22|37|.595|8|35|11|4|2|13|26
20|20|2015-01-25|@|Massachusetts-Lowell|W|61|50|20|37|.541|2|7|.286|19|22|.864|4|26|12|9|4|13|15||16|49|.327|6|22|.273|12|15|.800|10|22|10|6|0|14|20
21|21|2015-01-28||Albany (NY)|L|44|47|14|46|.304|4|20|.200|12|16|.750|3|26|9|8|8|10|19||19|53|.358|3|11|.273|6|11|.545|10|39|6|5|1|13|18
22|22|2015-01-31|@|Hartford|W|65|46|24|53|.453|7|17|.412|10|17|.588|5|40|15|4|7|10|20||13|59|.220|6|30|.200|14|17|.824|8|35|8|3|2|8|18
23|23|2015-02-03||Maine|W|68|49|26|46|.565|5|13|.385|11|17|.647|5|37|14|5|5|17|20||16|50|.320|1|16|.063|16|23|.696|6|25|6|10|0|11|19
24|24|2015-02-07|@|Stony Brook|W|57|48|20|49|.408|3|13|.231|14|20|.700|5|33|7|8|7|12|15||20|65|.308|2|13|.154|6|9|.667|17|42|7|3|4|11|18
25|25|2015-02-11||Massachusetts-Lowell|W|96|53|36|54|.667|16|21|.762|8|10|.800|7|38|28|5|4|15|18||17|48|.354|6|16|.375|13|23|.565|6|16|5|8|3|9|12
26|26|2015-02-14||Maryland-Baltimore County|W|74|51|28|54|.519|4|12|.333|14|18|.778|8|32|17|4|8|8|17||20|49|.408|5|13|.385|6|14|.429|4|22|9|6|5|9|16
27|27|2015-02-18|@|Binghamton|L|55|57|21|44|.477|6|12|.500|7|8|.875|5|28|12|2|7|11|26||20|46|.435|2|9|.222|15|27|.556|7|22|5|2|4|4|14
28|28|2015-02-25||New Hampshire|W|64|49|23|51|.451|3|10|.300|15|25|.600|6|29|7|4|7|9|18||15|44|.341|3|16|.188|16|25|.640|5|26|7|4|5|15|18
29|29|2015-02-28|@|Albany (NY)|L|73|79|27|59|.458|4|16|.250|15|27|.556|14|34|17|7|3|16|26||22|42|.524|6|9|.667|29|38|.763|4|21|9|9|3|13|20
30|30|2015-03-04||Maryland-Baltimore County|W|66|39|26|55|.473|8|20|.400|6|14|.429|6|36|20|10|4|12|13||16|49|.327|2|12|.167|5|8|.625|3|30|7|9|4|19|10
31|31|2015-03-08||Stony Brook|L|77|79|25|55|.455|10|20|.500|17|21|.810|6|28|18|5|10|7|22||27|61|.443|6|13|.462|19|25|.760|14|40|11|5|7|10|19
