ranker|game_season|date_game|game_location|opp_id|game_result|pts|opp_pts|fg|fga|fg_pct|fg3|fg3a|fg3_pct|ft|fta|ft_pct|orb|trb|ast|stl|blk|tov|pf|x|opp_fg|opp_fga|opp_fg_pct|opp_fg3|opp_fg3a|opp_fg3_pct|opp_ft|opp_fta|opp_ft_pct|opp_orb|opp_trb|opp_ast|opp_stl|opp_blk|opp_tov|opp_pf|
1|1|2014-11-14|N|Lehigh|W|77|66|27|71|.380|8|33|.242|15|24|.625|18|37|16|13|3|9|11||28|51|.549|6|16|.375|4|10|.400|3|31|15|6|2|21|22
2|2|2014-11-17||Maryland-Eastern Shore|W|81|44|29|51|.569|7|21|.333|16|19|.842|10|29|16|12|4|11|20||13|38|.342|4|15|.267|14|25|.560|9|22|5|10|0|20|14
3|3|2014-11-20||Bucknell|W|72|65|21|54|.389|5|22|.227|25|36|.694|9|30|10|12|4|7|16||24|51|.471|5|14|.357|12|18|.667|9|37|11|4|2|20|27
4|4|2014-11-24|N|Virginia Commonwealth|W|77|53|29|58|.500|7|18|.389|12|16|.750|11|35|20|5|5|9|16||22|59|.373|2|17|.118|7|12|.583|11|26|4|3|2|10|17
5|5|2014-11-25|N|Michigan|W|60|55|23|51|.451|6|20|.300|8|13|.615|7|33|8|7|5|12|13||23|56|.411|6|21|.286|3|5|.600|4|27|10|4|0|11|20
6|6|2014-11-30|N|Delaware|W|78|47|28|58|.483|13|32|.406|9|12|.750|10|38|21|7|6|13|11||18|58|.310|7|25|.280|4|7|.571|8|26|9|7|2|17|11
7|7|2014-12-03|@|La Salle|W|84|70|30|53|.566|7|14|.500|17|21|.810|6|24|20|9|4|9|20||20|46|.435|4|15|.267|26|30|.867|7|20|13|4|3|12|19
8|8|2014-12-06||Saint Joseph's|W|74|46|26|58|.448|9|23|.391|13|24|.542|8|38|15|13|6|15|18||18|59|.305|1|10|.100|9|21|.429|10|36|9|6|4|21|19
9|9|2014-12-09|N|Illinois|W|73|59|29|54|.537|4|12|.333|11|14|.786|9|32|13|8|5|16|17||25|61|.410|5|16|.313|4|8|.500|12|27|13|6|3|14|19
10|10|2014-12-14||Temple|W|85|62|27|51|.529|9|15|.600|22|27|.815|6|30|14|7|3|10|20||18|52|.346|4|15|.267|22|31|.710|9|30|11|7|3|11|24
11|11|2014-12-20||Syracuse|W (1 OT)|82|77|26|62|.419|4|16|.250|26|32|.813|15|33|17|12|4|18|17||30|61|.492|4|12|.333|13|18|.722|6|27|19|11|3|20|27
12|12|2014-12-23||NJIT|W|92|67|26|48|.542|8|18|.444|32|44|.727|9|32|14|6|4|5|18||24|56|.429|10|23|.435|9|13|.692|6|22|19|1|3|16|29
13|13|2014-12-31||Butler|W|67|55|23|48|.479|5|20|.250|16|26|.615|3|28|17|7|9|8|14||22|62|.355|6|17|.353|5|8|.625|12|32|8|7|2|11|17
14|14|2015-01-03|@|Seton Hall|L (1 OT)|61|66|18|58|.310|5|24|.208|20|35|.571|19|47|10|5|4|15|21||22|62|.355|2|15|.133|20|26|.769|11|38|8|9|7|9|27
15|15|2015-01-06|@|St. John's (NY)|W|90|72|34|61|.557|10|23|.435|12|16|.750|12|36|22|7|3|13|16||28|58|.483|5|13|.385|11|14|.786|4|19|8|8|7|9|19
16|16|2015-01-10||DePaul|W|81|64|30|56|.536|13|29|.448|8|18|.444|8|31|23|7|3|12|17||20|51|.392|6|16|.375|18|21|.857|7|26|7|7|3|14|16
17|17|2015-01-14||Xavier|W|88|75|28|61|.459|15|34|.441|17|19|.895|7|29|24|3|3|5|18||30|63|.476|7|22|.318|8|12|.667|9|29|17|3|3|10|20
18|18|2015-01-17|@|Pennsylvania|W|62|47|23|55|.418|6|18|.333|10|20|.500|7|28|20|8|4|6|15||19|46|.413|3|13|.231|6|11|.545|6|32|11|1|4|17|25
19|19|2015-01-19|@|Georgetown|L|58|78|14|41|.341|7|23|.304|23|32|.719|4|22|8|6|3|17|27||23|45|.511|6|12|.500|26|36|.722|7|31|11|10|4|11|24
20|20|2015-01-25||Creighton|W|71|50|25|56|.446|12|26|.462|9|14|.643|6|24|15|10|3|5|14||19|51|.373|4|21|.190|8|13|.615|8|33|9|2|4|19|18
21|21|2015-01-31|@|DePaul|W|68|55|20|44|.455|5|19|.263|23|27|.852|11|33|11|6|2|10|14||19|45|.422|8|23|.348|9|16|.563|3|17|12|1|3|8|21
22|22|2015-02-04||Marquette|W|70|52|23|61|.377|11|26|.423|13|19|.684|16|38|15|7|4|14|11||21|60|.350|6|16|.375|4|7|.571|12|34|12|6|2|17|18
23|23|2015-02-07||Georgetown|W|69|53|22|46|.478|12|24|.500|13|17|.765|6|30|15|8|5|19|20||18|60|.300|1|17|.059|16|22|.727|13|31|10|14|0|15|18
24|24|2015-02-11|@|Providence|W|74|68|20|40|.500|7|20|.350|27|37|.730|8|25|9|6|5|13|19||22|51|.431|8|18|.444|16|22|.727|7|22|11|8|0|13|28
25|25|2015-02-14|@|Butler|W|68|65|23|50|.460|12|26|.462|10|13|.769|6|23|12|6|1|8|16||21|51|.412|7|17|.412|16|19|.842|11|30|10|4|2|9|13
26|26|2015-02-16||Seton Hall|W|80|54|26|53|.491|12|27|.444|16|19|.842|8|35|22|8|6|8|10||20|62|.323|9|28|.321|5|9|.556|11|30|13|4|1|10|13
27|27|2015-02-21|@|Marquette|W|87|76|24|51|.471|11|21|.524|28|36|.778|9|38|17|4|1|10|25||26|57|.456|9|26|.346|15|25|.600|8|25|21|3|4|8|23
28|28|2015-02-24||Providence|W|89|61|25|47|.532|13|25|.520|26|31|.839|7|30|15|10|5|10|16||26|58|.448|3|10|.300|6|12|.500|10|25|14|5|3|14|21
29|29|2015-02-28|@|Xavier|W|78|66|27|61|.443|13|29|.448|11|15|.733|12|31|20|6|2|9|13||24|52|.462|8|22|.364|10|11|.909|6|28|19|6|4|14|13
30|30|2015-03-03|@|Creighton|W|76|72|22|52|.423|6|22|.273|26|31|.839|7|31|10|7|3|12|21||23|53|.434|10|22|.455|16|24|.667|7|27|13|7|5|12|24
31|31|2015-03-07||St. John's (NY)|W|105|68|37|66|.561|11|32|.344|20|26|.769|11|35|22|8|6|3|12||25|57|.439|6|22|.273|12|13|.923|5|21|16|1|2|12|17
32|32|2015-03-12|N|Marquette|W|84|49|30|57|.526|17|29|.586|7|10|.700|8|27|22|14|2|11|15||18|46|.391|5|18|.278|8|18|.444|9|26|12|7|0|22|12
33|33|2015-03-13|N|Providence|W|63|61|22|52|.423|7|23|.304|12|17|.706|8|28|13|5|6|10|17||21|60|.350|7|21|.333|12|17|.706|12|32|12|5|3|11|17
34|34|2015-03-14|N|Xavier|W|69|52|24|48|.500|9|23|.391|12|17|.706|6|32|15|6|4|13|14||22|58|.379|2|15|.133|6|9|.667|5|23|12|5|1|9|17
