ranker|game_season|date_game|game_location|opp_id|game_result|pts|opp_pts|fg|fga|fg_pct|fg3|fg3a|fg3_pct|ft|fta|ft_pct|orb|trb|ast|stl|blk|tov|pf|x|opp_fg|opp_fga|opp_fg_pct|opp_fg3|opp_fg3a|opp_fg3_pct|opp_ft|opp_fta|opp_ft_pct|opp_orb|opp_trb|opp_ast|opp_stl|opp_blk|opp_tov|opp_pf|
1|1|2014-11-14|N|Tennessee|W|85|69|25|62|.403|11|29|.379|24|40|.600|21|44|15|10|4|18|28||24|57|.421|4|17|.235|17|33|.515|10|36|12|9|4|19|34
2|2|2014-11-18||Toledo|W|87|78|27|59|.458|9|25|.360|24|34|.706|12|33|15|16|3|13|24||24|48|.500|8|18|.444|22|27|.815|5|29|9|5|5|21|24
3|3|2014-11-20||Maryland-Eastern Shore|W|106|66|39|70|.557|15|33|.455|13|21|.619|13|39|23|15|6|8|22||18|47|.383|8|21|.381|22|28|.786|6|28|11|4|2|18|16
4|4|2014-11-24|N|Villanova|L|53|77|22|59|.373|2|17|.118|7|12|.583|11|26|4|3|2|10|17||29|58|.500|7|18|.389|12|16|.750|11|35|20|5|5|9|16
5|5|2014-11-25|N|Oregon|W|77|63|28|56|.500|6|17|.353|15|24|.625|9|35|15|6|4|18|18||21|56|.375|9|27|.333|12|13|.923|6|27|14|9|4|20|19
6|6|2014-11-29|@|Old Dominion|L|67|73|23|59|.390|8|25|.320|13|22|.591|9|26|10|5|4|10|25||20|42|.476|9|17|.529|24|30|.800|3|27|15|5|6|12|21
7|7|2014-12-02|@|Illinois State|W|66|62|22|65|.338|9|24|.375|13|20|.650|18|31|11|9|5|8|21||20|40|.500|7|13|.538|15|23|.652|7|30|11|4|8|24|18
8|8|2014-12-06||Virginia|L|57|74|23|60|.383|7|24|.292|4|9|.444|8|20|15|12|3|6|12||28|41|.683|6|11|.545|12|16|.750|5|31|18|4|1|16|9
9|9|2014-12-13||Northern Iowa|W (2 OT)|93|87|33|70|.471|11|28|.393|16|22|.727|10|36|20|11|5|11|21||31|63|.492|11|24|.458|14|23|.609|8|37|13|7|1|16|20
10|10|2014-12-16||Belmont|W|78|51|30|63|.476|7|22|.318|11|16|.688|11|37|18|11|2|7|16||17|46|.370|8|29|.276|9|14|.643|3|27|13|5|2|15|14
11|11|2014-12-20|@|Cincinnati|W|68|47|26|61|.426|15|31|.484|1|1|1.000|5|27|16|7|2|8|14||18|54|.333|3|15|.200|8|11|.727|13|38|9|6|5|15|5
12|12|2014-12-22||East Tennessee State|W|84|60|31|60|.517|10|28|.357|12|18|.667|9|29|23|18|6|9|17||20|52|.385|9|24|.375|11|13|.846|10|30|13|4|0|22|16
13|13|2014-12-29||Cleveland State|W|72|63|24|57|.421|9|23|.391|15|21|.714|10|31|12|8|6|4|15||23|56|.411|9|22|.409|8|13|.615|13|35|12|3|2|13|17
14|14|2015-01-04|@|Fordham|W|75|58|27|55|.491|7|22|.318|14|30|.467|7|33|14|21|3|17|18||20|57|.351|4|23|.174|14|19|.737|12|39|9|13|3|27|22
15|15|2015-01-07||Davidson|W|71|65|25|59|.424|7|22|.318|14|20|.700|15|40|15|13|8|10|15||22|59|.373|10|28|.357|11|12|.917|12|33|15|5|1|15|16
16|16|2015-01-10||Saint Joseph's|W|89|74|31|73|.425|12|23|.522|15|23|.652|15|37|16|12|6|11|26||25|51|.490|5|11|.455|19|34|.559|7|35|16|6|6|19|18
17|17|2015-01-13|@|Rhode Island|W|65|60|24|59|.407|8|24|.333|9|21|.429|10|27|10|5|8|13|21||23|53|.434|1|8|.125|13|22|.591|9|38|13|8|8|18|20
18|18|2015-01-17|@|Duquesne|W|70|64|23|59|.390|12|30|.400|12|20|.600|8|25|15|9|1|7|17||22|51|.431|6|21|.286|14|22|.636|12|40|13|3|3|16|21
19|19|2015-01-23|@|Saint Louis|W|63|61|18|49|.367|7|23|.304|20|27|.741|4|27|11|6|4|11|23||21|48|.438|3|13|.231|16|23|.696|6|31|14|2|0|12|19
20|20|2015-01-27||George Washington|W|72|48|26|62|.419|5|22|.227|15|20|.750|16|46|9|12|2|8|21||14|52|.269|1|17|.059|19|28|.679|15|34|3|5|3|14|18
21|21|2015-01-31||Richmond|L|55|64|22|54|.407|3|20|.150|8|13|.615|2|26|4|8|5|10|19||19|47|.404|6|19|.316|20|24|.833|6|37|12|7|0|11|13
22|22|2015-02-04|@|George Mason|W|72|60|25|52|.481|6|19|.316|16|25|.640|6|25|11|10|5|7|18||21|57|.368|5|19|.263|13|18|.722|17|41|9|4|4|18|19
23|23|2015-02-07|@|St. Bonaventure|L|71|73|27|65|.415|9|22|.409|8|14|.571|9|32|13|5|5|8|18||28|65|.431|6|19|.316|11|13|.846|11|34|17|3|8|9|14
24|24|2015-02-11||La Salle|L (2 OT)|69|74|22|73|.301|3|23|.130|22|29|.759|16|42|6|9|9|8|17||28|62|.452|6|16|.375|12|20|.600|10|46|14|4|5|15|21
25|25|2015-02-14|@|George Washington|W|79|66|26|57|.456|12|30|.400|15|23|.652|12|32|11|9|2|9|17||23|52|.442|7|20|.350|13|18|.722|9|32|14|6|2|16|20
26|26|2015-02-17||Saint Louis|W|74|54|25|54|.463|8|23|.348|16|26|.615|11|36|15|10|7|8|21||17|45|.378|7|19|.368|13|21|.619|6|25|14|3|2|13|20
27|27|2015-02-21||Massachusetts|W|78|72|25|55|.455|8|22|.364|20|31|.645|8|27|12|11|7|13|21||26|58|.448|5|15|.333|15|20|.750|9|36|13|8|1|17|25
28|28|2015-02-25|@|Richmond|L (2 OT)|63|67|19|58|.328|3|19|.158|22|32|.688|12|40|6|9|5|14|19||24|56|.429|9|23|.391|10|20|.500|5|35|19|8|5|17|20
29|29|2015-02-28||Dayton|L|55|59|18|53|.340|6|25|.240|13|20|.650|9|34|10|7|2|9|15||22|52|.423|5|16|.313|10|11|.909|4|31|9|3|3|8|19
30|30|2015-03-05|@|Davidson|L|55|82|21|53|.396|1|15|.067|12|24|.500|8|28|8|9|4|16|21||29|57|.509|11|26|.423|13|21|.619|10|40|19|10|2|11|20
31|31|2015-03-07||George Mason|W|71|60|23|60|.383|7|21|.333|18|23|.783|13|27|11|19|2|7|17||22|38|.579|4|11|.364|12|17|.706|4|30|10|6|4|22|21
32|32|2015-03-12|N|Fordham|W|63|57|18|59|.305|8|25|.320|19|27|.704|17|39|9|7|4|11|18||19|49|.388|10|21|.476|9|13|.692|9|33|11|7|3|15|21
33|33|2015-03-13|N|Richmond|W|70|67|22|53|.415|10|21|.476|16|19|.842|9|29|10|5|3|12|14||31|54|.574|5|10|.500|0|5|.000|6|27|12|6|4|13|18
34|34|2015-03-14|N|Davidson|W|93|73|28|57|.491|12|24|.500|25|30|.833|12|37|15|7|3|12|25||24|57|.421|7|26|.269|18|26|.692|11|30|15|7|3|9|25
35|35|2015-03-15|N|Dayton|W|71|65|24|56|.429|10|27|.370|13|21|.619|7|35|14|4|4|13|22||21|55|.382|2|12|.167|21|27|.778|8|30|10|11|2|10|16
