ranker|game_season|date_game|game_location|opp_id|game_result|pts|opp_pts|fg|fga|fg_pct|fg3|fg3a|fg3_pct|ft|fta|ft_pct|orb|trb|ast|stl|blk|tov|pf|x|opp_fg|opp_fga|opp_fg_pct|opp_fg3|opp_fg3a|opp_fg3_pct|opp_ft|opp_fta|opp_ft_pct|opp_orb|opp_trb|opp_ast|opp_stl|opp_blk|opp_tov|opp_pf|
1|1|2014-11-14|@|Texas-El Paso|L|52|65|19|54|.352|6|21|.286|8|10|.800|5|33|10|5|5|21|21||22|63|.349|4|14|.286|17|26|.654|16|44|13|11|7|14|14
2|2|2014-11-17|@|Texas Christian|L|54|81|19|54|.352|5|14|.357|11|28|.393|12|33|11|3|5|17|20||31|71|.437|8|16|.500|11|19|.579|15|40|18|10|2|9|21
3|3|2014-11-21||Idaho State|W|80|68|26|65|.400|9|33|.273|19|23|.826|15|39|16|5|4|9|16||27|56|.482|4|12|.333|10|16|.625|2|26|7|4|3|10|16
4|4|2014-11-27|N|California-Santa Barbara|L|43|71|13|57|.228|4|21|.190|13|18|.722|9|28|10|4|3|9|15||28|59|.475|8|17|.471|7|10|.700|10|41|22|5|4|10|16
5|5|2014-11-28|N|Rice|W|76|74|24|51|.471|7|15|.467|21|29|.724|6|32|21|4|5|9|20||26|65|.400|8|22|.364|14|20|.700|12|37|17|1|2|8|22
6|6|2014-11-29|N|Missouri State|W (1 OT)|89|84|28|55|.509|9|26|.346|24|29|.828|5|25|18|1|2|9|18||30|61|.492|10|22|.455|14|18|.778|8|27|21|5|0|9|24
7|7|2014-12-03||Idaho|L|71|77|25|71|.352|5|30|.167|16|19|.842|11|35|13|8|4|9|22||27|60|.450|7|19|.368|16|26|.615|10|38|12|5|3|13|18
8|8|2014-12-06||Texas-San Antonio|W|91|71|31|51|.608|18|30|.600|11|15|.733|7|27|20|6|4|19|23||23|55|.418|7|18|.389|18|29|.621|9|22|11|9|0|17|17
9|9|2014-12-10|N|Gonzaga|L|66|81|25|48|.521|6|12|.500|10|14|.714|4|19|13|4|3|14|14||35|65|.538|4|11|.364|7|10|.700|14|34|17|10|3|11|16
10|10|2014-12-13|@|Santa Clara|L|67|76|25|55|.455|4|18|.222|13|16|.813|14|39|14|0|2|13|21||26|51|.510|7|22|.318|17|24|.708|3|21|11|4|1|6|18
11|11|2014-12-21||San Jose State|W|82|53|31|67|.463|6|24|.250|14|17|.824|17|43|18|10|7|10|15||20|60|.333|3|17|.176|10|16|.625|11|29|8|6|1|13|16
12|12|2014-12-28||California-Davis|W|90|83|31|57|.544|11|19|.579|17|22|.773|5|29|23|7|1|18|15||33|59|.559|9|16|.563|8|12|.667|4|23|12|12|2|13|20
13|13|2015-01-02|@|Stanford|L|56|71|14|43|.326|4|14|.286|24|39|.615|6|29|7|3|4|9|19||26|56|.464|4|13|.308|15|21|.714|8|34|10|4|3|6|26
14|14|2015-01-04|@|California|W|69|66|23|55|.418|2|8|.250|21|29|.724|8|34|15|5|3|10|19||22|58|.379|8|22|.364|14|19|.737|7|33|12|4|4|9|20
15|15|2015-01-10|@|Washington|W|80|77|28|61|.459|9|24|.375|15|16|.938|6|33|13|4|2|10|12||32|65|.492|4|19|.211|9|10|.900|3|29|14|6|3|9|20
16|16|2015-01-15||Oregon|W (1 OT)|108|99|33|56|.589|14|24|.583|28|37|.757|5|33|24|1|4|11|21||38|77|.494|9|20|.450|14|21|.667|10|33|14|9|2|9|28
17|17|2015-01-17||Oregon State|L|47|62|14|48|.292|5|25|.200|14|17|.824|5|21|10|3|4|10|15||21|43|.488|6|12|.500|14|18|.778|4|32|6|8|3|8|16
18|18|2015-01-21|@|Utah|L|64|86|21|46|.457|8|19|.421|14|27|.519|5|32|14|1|8|17|22||29|60|.483|9|24|.375|19|22|.864|4|26|17|10|3|3|19
19|19|2015-01-24|@|Colorado|L|58|90|24|62|.387|5|20|.250|5|11|.455|7|25|14|6|3|10|16||34|62|.548|11|22|.500|11|15|.733|8|41|25|7|5|11|17
20|20|2015-01-29||California|L|67|76|19|57|.333|6|23|.261|23|26|.885|8|27|11|6|0|7|19||28|55|.509|6|16|.375|14|19|.737|8|35|7|2|5|11|21
21|21|2015-01-31||Stanford|W|89|88|26|47|.553|7|16|.438|30|43|.698|6|29|13|0|8|3|24||26|59|.441|10|23|.435|26|33|.788|11|27|12|0|2|4|26
22|22|2015-02-05|@|Oregon State|L|50|55|19|51|.373|4|21|.190|8|16|.500|8|36|16|3|2|12|18||21|54|.389|3|14|.214|10|22|.455|9|32|12|6|3|5|14
23|23|2015-02-08|@|Oregon|L|72|95|25|67|.373|9|36|.250|13|16|.813|12|33|16|5|1|12|18||35|64|.547|11|25|.440|14|20|.700|8|37|23|6|2|6|17
24|24|2015-02-13||Arizona State|W|74|71|28|54|.519|5|17|.294|13|21|.619|2|27|14|5|4|9|15||28|63|.444|5|21|.238|10|16|.625|11|39|9|4|1|15|17
25|25|2015-02-15||Arizona|L|59|86|22|52|.423|7|20|.350|8|20|.400|3|21|14|5|1|14|18||36|63|.571|4|14|.286|10|20|.500|10|41|11|7|4|11|19
26|26|2015-02-22||Washington|L|84|87|26|47|.553|8|12|.667|24|30|.800|7|28|15|1|1|12|21||29|58|.500|8|23|.348|21|28|.750|7|22|18|6|2|3|22
27|27|2015-02-25|@|Southern California|W|70|66|22|53|.415|7|16|.438|19|26|.731|10|39|17|3|6|16|19||23|64|.359|5|13|.385|15|22|.682|10|30|11|7|6|8|22
28|28|2015-03-01|@|UCLA|L|67|72|24|56|.429|8|22|.364|11|12|.917|7|31|17|4|0|16|21||24|54|.444|3|14|.214|21|31|.677|8|32|12|8|6|11|17
29|29|2015-03-05||Utah|L|59|67|20|49|.408|5|16|.313|14|20|.700|6|24|11|2|2|6|17||19|47|.404|10|22|.455|19|24|.792|8|32|13|2|4|8|16
30|30|2015-03-07||Colorado|W (1 OT)|96|91|35|68|.515|9|18|.500|17|20|.850|9|28|18|4|3|11|20||36|70|.514|2|13|.154|17|22|.773|14|37|8|7|4|13|22
31|31|2015-03-11|N|California|L|59|84|23|55|.418|2|12|.167|11|13|.846|3|19|7|2|1|6|16||31|53|.585|8|12|.667|14|21|.667|7|34|14|2|3|7|16
