ranker|game_season|date_game|game_location|opp_id|game_result|pts|opp_pts|fg|fga|fg_pct|fg3|fg3a|fg3_pct|ft|fta|ft_pct|orb|trb|ast|stl|blk|tov|pf|x|opp_fg|opp_fga|opp_fg_pct|opp_fg3|opp_fg3a|opp_fg3_pct|opp_ft|opp_fta|opp_ft_pct|opp_orb|opp_trb|opp_ast|opp_stl|opp_blk|opp_tov|opp_pf|
1|1|2014-11-14||South Carolina State|W|77|59|32|68|.471|3|21|.143|10|17|.588|15|48|16|3|8|12|14||24|73|.329|5|20|.250|6|13|.462|13|32|9|6|0|8|18
2|2|2014-11-21|@|Seattle|W|63|48|22|59|.373|8|26|.308|11|16|.688|10|36|15|7|10|11|13||20|70|.286|3|21|.143|5|9|.556|17|41|8|9|1|13|14
3|3|2014-11-23|N|Pacific|W|76|69|26|60|.433|7|21|.333|17|24|.708|11|34|15|4|6|10|20||23|57|.404|7|18|.389|16|26|.615|8|28|6|4|2|9|21
4|4|2014-11-27|N|San Jose State|W|78|56|27|57|.474|8|20|.400|16|30|.533|11|43|16|5|10|14|20||19|62|.306|4|16|.250|14|19|.737|11|37|8|5|4|12|22
5|5|2014-11-28|N|Long Beach State|W|80|70|28|59|.475|11|26|.423|13|18|.722|10|31|21|4|6|8|20||23|55|.418|8|22|.364|16|22|.727|8|29|12|3|4|13|21
6|6|2014-11-30|N|Texas-El Paso|W|68|65|24|56|.429|6|12|.500|14|20|.700|11|30|11|7|6|12|19||22|52|.423|2|15|.133|19|26|.731|11|31|13|7|6|15|21
7|7|2014-12-07||San Diego State|W|49|36|18|48|.375|5|18|.278|8|12|.667|8|32|8|4|6|11|17||11|54|.204|2|15|.133|12|21|.571|18|39|4|4|1|12|15
8|8|2014-12-14||Eastern Washington|W|81|77|26|56|.464|5|16|.313|24|37|.649|11|37|12|4|12|13|17||25|68|.368|10|30|.333|17|21|.810|12|32|8|6|2|12|25
9|9|2014-12-17||Grambling|W|86|38|32|63|.508|6|24|.250|16|26|.615|12|48|24|8|10|10|11||14|60|.233|4|14|.286|6|10|.600|6|26|5|6|0|17|18
10|10|2014-12-20|N|Oklahoma|W|69|67|25|51|.490|5|14|.357|14|22|.636|9|34|12|2|3|14|16||27|64|.422|5|16|.313|8|13|.615|12|33|10|6|6|8|16
11|11|2014-12-22||Tulane|W|66|57|25|48|.521|3|10|.300|13|21|.619|8|32|16|6|9|18|17||19|60|.317|7|17|.412|12|20|.600|13|32|7|10|1|14|19
12|12|2014-12-28||Stony Brook|L|57|62|23|67|.343|3|10|.300|8|15|.533|14|44|10|5|5|12|11||23|62|.371|9|18|.500|7|15|.467|10|43|13|9|7|13|16
13|13|2015-01-02|@|California|L|75|81|28|62|.452|3|11|.273|16|21|.762|8|40|15|3|6|12|23||26|61|.426|5|14|.357|24|34|.706|6|26|13|8|3|4|18
14|14|2015-01-04|@|Stanford|L (1 OT)|60|68|21|55|.382|4|17|.235|14|19|.737|10|36|11|1|5|19|25||23|59|.390|4|15|.267|18|30|.600|12|34|11|11|2|8|19
15|15|2015-01-10||Washington State|L|77|80|32|65|.492|4|19|.211|9|10|.900|3|29|14|6|3|9|20||28|61|.459|9|24|.375|15|16|.938|6|33|13|4|2|10|12
16|16|2015-01-15||Oregon State|W|56|43|18|43|.419|6|18|.333|14|21|.667|7|27|16|8|7|13|14||15|47|.319|4|16|.250|9|10|.900|9|27|7|3|5|15|20
17|17|2015-01-18||Oregon|W|85|77|30|59|.508|8|15|.533|17|30|.567|14|37|11|5|5|11|13||30|72|.417|11|30|.367|6|7|.857|12|28|20|5|6|6|21
18|18|2015-01-22|@|Colorado|W|52|50|18|50|.360|4|16|.250|12|14|.857|8|31|10|6|4|12|13||19|60|.317|5|19|.263|7|8|.875|16|38|8|7|1|11|14
19|19|2015-01-25|@|Utah|L|56|77|22|52|.423|6|16|.375|6|11|.545|10|23|6|5|7|11|13||28|52|.538|11|18|.611|10|15|.667|8|26|20|7|3|9|13
20|20|2015-01-28||Stanford|L|74|84|27|56|.482|4|16|.250|16|24|.667|4|24|14|2|2|13|23||28|53|.528|8|13|.615|20|29|.690|8|30|13|4|5|9|22
21|21|2015-02-01||California|L|88|90|33|62|.532|8|19|.421|14|20|.700|2|20|15|8|3|7|15||36|60|.600|6|14|.429|12|16|.750|6|34|12|5|2|14|21
22|22|2015-02-04|@|Oregon|L|74|78|30|53|.566|3|16|.188|11|16|.688|7|21|13|6|0|9|15||31|58|.534|6|14|.429|10|10|1.000|10|29|11|5|2|11|17
23|23|2015-02-08|@|Oregon State|L|50|64|15|42|.357|3|15|.200|17|23|.739|9|27|10|5|1|21|20||23|45|.511|1|9|.111|17|22|.773|6|23|14|11|4|16|21
24|24|2015-02-13||Arizona|L|62|86|19|54|.352|6|20|.300|18|21|.857|6|27|15|3|3|12|20||31|59|.525|4|13|.308|20|26|.769|8|36|18|9|5|8|18
25|25|2015-02-15||Arizona State|L|68|78|22|58|.379|7|25|.280|17|21|.810|8|21|8|2|6|7|23||28|57|.491|5|12|.417|17|29|.586|14|40|11|1|1|11|19
26|26|2015-02-22|@|Washington State|W|87|84|29|58|.500|8|23|.348|21|28|.750|7|22|18|6|2|3|22||26|47|.553|8|12|.667|24|30|.800|7|28|15|1|1|12|21
27|27|2015-02-25|@|UCLA|L|66|88|23|61|.377|12|29|.414|8|9|.889|6|18|18|10|1|10|15||37|59|.627|5|14|.357|9|12|.750|10|39|24|8|6|16|12
28|28|2015-02-28|@|Southern California|L|55|70|19|64|.297|9|28|.321|8|12|.667|12|39|9|3|2|11|18||28|64|.438|4|18|.222|10|22|.455|12|44|15|8|4|8|15
29|29|2015-03-05||Colorado|L|47|64|18|59|.305|7|24|.292|4|8|.500|9|32|8|2|2|12|17||25|56|.446|4|19|.211|10|15|.667|11|38|14|6|4|8|11
30|30|2015-03-07||Utah|W|77|68|25|49|.510|8|14|.571|19|24|.792|6|22|9|6|1|10|18||26|50|.520|5|19|.263|11|15|.733|7|23|12|2|5|14|18
31|31|2015-03-11|N|Stanford|L|69|71|28|53|.528|13|20|.650|0|3|.000|5|25|16|6|2|10|12||27|59|.458|6|20|.300|11|14|.786|13|33|12|7|1|8|14
