ranker|game_season|date_game|game_location|opp_id|game_result|pts|opp_pts|fg|fga|fg_pct|fg3|fg3a|fg3_pct|ft|fta|ft_pct|orb|trb|ast|stl|blk|tov|pf|x|opp_fg|opp_fga|opp_fg_pct|opp_fg3|opp_fg3a|opp_fg3_pct|opp_ft|opp_fta|opp_ft_pct|opp_orb|opp_trb|opp_ast|opp_stl|opp_blk|opp_tov|opp_pf|
1|1|2014-11-16||Northern Colorado|W|78|70|26|42|.619|8|18|.444|18|22|.818|5|22|21|5|4|12|15||25|51|.490|6|17|.353|14|19|.737|7|18|11|7|0|9|25
2|2|2014-11-18||Western State|W|61|46|24|46|.522|6|19|.316|7|9|.778|4|31|21|6|1|12|7||17|50|.340|10|30|.333|2|3|.667|3|20|12|4|0|11|15
3|3|2014-11-22||Colorado|W|56|33|22|42|.524|9|22|.409|3|6|.500|0|23|22|9|5|8|13||12|43|.279|4|15|.267|5|8|.625|5|25|6|3|0|10|13
4|4|2014-11-24||Florida A&M|W|66|45|25|47|.532|7|21|.333|9|14|.643|9|33|21|3|2|13|9||18|49|.367|5|11|.455|4|7|.571|3|19|5|7|2|9|14
5|5|2014-11-26||Stetson|W|65|41|24|44|.545|6|15|.400|11|17|.647|6|29|14|10|3|12|18||13|38|.342|5|12|.417|10|15|.667|2|17|4|5|2|18|21
6|6|2014-11-29||New Mexico State|W|78|75|25|49|.510|3|10|.300|25|31|.806|7|26|13|4|4|9|19||28|61|.459|7|18|.389|12|18|.667|11|31|9|4|1|9|25
7|7|2014-12-02||Denver|W|68|42|22|37|.595|5|15|.333|19|26|.731|3|27|15|5|1|7|17||15|39|.385|5|18|.278|7|10|.700|3|17|9|4|1|11|24
8|8|2014-12-05|@|Southern Methodist|L|53|66|20|50|.400|8|27|.296|5|6|.833|4|16|15|10|1|9|17||23|41|.561|3|8|.375|17|23|.739|8|34|13|2|3|15|11
9|9|2014-12-07||Regis|W|70|35|28|52|.538|5|15|.333|9|15|.600|9|34|17|6|6|9|12||14|49|.286|3|10|.300|4|7|.571|6|22|7|3|1|13|17
10|10|2014-12-10|@|California|L|42|45|15|46|.326|4|15|.267|8|11|.727|8|32|8|5|1|12|9||19|52|.365|4|12|.333|3|7|.429|7|30|11|6|1|8|14
11|11|2014-12-14||Montana State|W|70|61|21|37|.568|2|7|.286|26|34|.765|5|20|15|3|4|9|15||23|52|.442|6|18|.333|9|14|.643|10|26|9|4|2|7|28
12|12|2014-12-20||Southern|W|57|39|19|43|.442|5|16|.313|14|25|.560|4|27|13|6|4|11|13||16|49|.327|3|10|.300|4|7|.571|7|31|6|5|3|13|23
13|13|2014-12-23|@|Montana State|W|61|51|20|44|.455|2|7|.286|19|31|.613|6|32|10|6|5|9|16||18|50|.360|6|19|.316|9|13|.692|7|30|9|5|4|10|25
14|14|2014-12-31||Nevada-Las Vegas|W|76|71|28|52|.538|5|16|.313|15|19|.789|5|23|17|7|4|7|12||27|49|.551|10|21|.476|7|12|.583|6|22|10|3|1|13|16
15|15|2015-01-03|@|San Jose State|W|64|59|19|38|.500|3|12|.250|23|30|.767|4|29|12|2|4|8|3||24|54|.444|8|24|.333|3|6|.500|4|21|10|3|2|5|20
16|16|2015-01-07|@|Colorado State|W|60|54|18|40|.450|5|18|.278|19|28|.679|1|26|11|9|1|17|19||17|50|.340|2|14|.143|18|24|.750|10|34|10|7|2|16|22
17|17|2015-01-10||Boise State|W|65|54|22|41|.537|7|19|.368|14|16|.875|5|28|19|4|6|13|10||19|48|.396|10|25|.400|6|9|.667|4|18|10|7|1|9|15
18|18|2015-01-14||San Diego State|L|52|60|18|43|.419|4|14|.286|12|13|.923|4|22|9|2|3|11|22||18|49|.367|5|17|.294|19|25|.760|7|27|7|7|7|10|16
19|19|2015-01-17|@|Fresno State|W (3 OT)|70|65|25|56|.446|5|22|.227|15|26|.577|6|40|13|6|0|17|12||25|70|.357|7|34|.206|8|14|.571|10|38|13|10|1|12|24
20|20|2015-01-24||New Mexico|W (1 OT)|63|62|18|46|.391|8|23|.348|19|22|.864|6|20|15|9|2|12|11||22|48|.458|8|17|.471|10|10|1.000|6|24|12|5|3|15|20
21|21|2015-01-27|@|Utah State|L|44|56|18|50|.360|7|23|.304|1|3|.333|4|24|13|5|1|13|11||24|50|.480|5|14|.357|3|8|.375|4|27|15|7|4|10|10
22|22|2015-01-31||Nevada|W|63|55|18|44|.409|6|17|.353|21|26|.808|8|29|14|7|3|14|11||21|50|.420|2|11|.182|11|14|.786|7|21|12|4|1|12|19
23|23|2015-02-04||Colorado State|W|59|48|19|48|.396|8|19|.421|13|19|.684|6|36|13|8|4|12|20||18|60|.300|3|25|.120|9|17|.529|10|33|5|7|1|9|18
24|24|2015-02-07|@|Air Force|L|50|73|17|49|.347|8|30|.267|8|16|.500|10|24|8|5|4|11|11||28|49|.571|10|20|.500|7|8|.875|6|31|18|7|2|8|17
25|25|2015-02-11|@|San Diego State|L|41|67|17|48|.354|3|26|.115|4|10|.400|4|26|12|5|1|13|12||24|55|.436|10|20|.500|9|13|.692|6|33|14|10|5|8|14
26|26|2015-02-14||San Jose State|W|77|60|28|50|.560|7|22|.318|14|19|.737|2|25|18|5|4|7|19||16|49|.327|10|25|.400|18|26|.692|6|28|9|4|1|9|18
27|27|2015-02-17|@|Nevada|W|64|58|22|49|.449|6|20|.300|14|25|.560|4|24|15|8|3|6|14||20|57|.351|4|12|.333|14|15|.933|12|39|12|3|4|15|23
28|28|2015-02-25||Fresno State|L|59|64|20|43|.465|8|19|.421|11|17|.647|5|27|14|3|5|14|13||23|57|.404|6|15|.400|12|18|.667|7|27|6|8|4|4|17
29|29|2015-02-28|@|Nevada-Las Vegas|L|57|69|20|52|.385|9|22|.409|8|13|.615|6|24|9|4|2|12|15||23|48|.479|11|19|.579|12|14|.857|5|29|14|6|4|10|17
30|30|2015-03-04||Utah State|W|76|53|30|54|.556|7|21|.333|9|10|.900|5|28|26|6|4|6|11||22|48|.458|6|18|.333|3|5|.600|2|19|10|3|1|11|13
31|31|2015-03-07|@|New Mexico|L (1 OT)|49|52|15|47|.319|5|16|.313|14|19|.737|5|28|10|5|3|11|18||20|55|.364|2|15|.133|10|18|.556|8|36|13|6|6|11|18
32|32|2015-03-12|N|Utah State|W|67|65|26|54|.481|5|17|.294|10|15|.667|8|31|13|4|1|9|13||23|52|.442|10|24|.417|9|13|.692|7|28|13|3|1|10|18
33|33|2015-03-13|N|Boise State|W (1 OT)|71|66|22|48|.458|6|17|.353|21|27|.778|3|26|12|7|1|15|17||22|57|.386|10|27|.370|12|14|.857|10|32|8|7|3|15|26
34|34|2015-03-14|N|San Diego State|W|45|43|15|42|.357|8|20|.400|7|9|.778|5|23|9|0|2|6|10||15|46|.326|4|17|.235|9|10|.900|9|27|8|2|4|4|15
