ranker|game_season|date_game|game_location|opp_id|game_result|pts|opp_pts|fg|fga|fg_pct|fg3|fg3a|fg3_pct|ft|fta|ft_pct|orb|trb|ast|stl|blk|tov|pf|x|opp_fg|opp_fga|opp_fg_pct|opp_fg3|opp_fg3a|opp_fg3_pct|opp_ft|opp_fta|opp_ft_pct|opp_orb|opp_trb|opp_ast|opp_stl|opp_blk|opp_tov|opp_pf|
1|1|2012-11-09||South Dakota State|W|70|67|25|52|.481|6|21|.286|14|14|1.000|8|27|14|8|4|12|16||25|50|.500|8|21|.381|9|12|.750|6|21|8|3|2|13|14
2|2|2012-11-11||West Alabama|W|80|49|27|59|.458|9|19|.474|17|28|.607|11|33|15|13|5|14|18||18|56|.321|4|21|.190|9|14|.643|13|38|9|5|4|24|19
3|3|2012-11-15|N|Oregon State|W|65|62|26|58|.448|7|21|.333|6|10|.600|7|21|16|8|1|8|21||22|46|.478|3|10|.300|15|21|.714|7|35|14|4|1|20|16
4|4|2012-11-16|N|Villanova|W|77|55|25|44|.568|9|15|.600|18|31|.581|6|31|13|10|2|14|25||15|47|.319|5|16|.313|20|26|.769|5|25|6|5|1|13|25
5|5|2012-11-23||Charleston Southern|W|59|46|23|57|.404|8|21|.381|5|9|.556|11|31|17|11|7|10|12||17|52|.327|7|21|.333|5|8|.625|12|31|7|6|1|17|11
6|6|2012-11-27||Lamar|W|75|47|30|64|.469|5|20|.250|10|18|.556|18|40|13|9|12|13|11||21|56|.375|1|7|.143|4|7|.571|8|25|6|5|5|17|13
7|7|2012-12-01|@|Cincinnati|L|56|58|25|57|.439|4|11|.364|2|3|.667|11|31|8|5|5|15|16||23|59|.390|2|11|.182|10|14|.714|13|28|7|9|8|11|14
8|8|2012-12-05||Dayton|L|76|81|20|54|.370|7|25|.280|29|32|.906|8|26|10|7|7|8|22||26|53|.491|8|19|.421|21|27|.778|7|31|15|2|3|14|23
9|9|2012-12-15|@|Virginia Commonwealth|L|54|73|16|41|.390|3|11|.273|19|25|.760|6|21|8|7|1|16|22||24|51|.471|9|25|.360|16|22|.727|9|29|16|11|5|11|20
10|10|2012-12-19|@|Texas Tech|W|66|62|23|45|.511|5|14|.357|15|22|.682|8|32|9|9|4|18|22||22|58|.379|3|18|.167|15|21|.714|12|26|15|8|2|14|18
11|11|2012-12-22||Mercer|L|59|66|21|53|.396|4|14|.286|13|20|.650|10|31|9|8|3|9|14||22|54|.407|8|22|.364|14|18|.778|10|32|16|6|4|11|16
12|12|2012-12-30||Tulane|L|50|53|19|48|.396|3|15|.200|9|12|.750|6|25|8|6|5|12|16||18|50|.360|7|21|.333|10|16|.625|13|32|10|3|2|13|9
13|13|2013-01-05||Oakland|W|65|45|25|48|.521|6|16|.375|9|17|.529|7|36|17|7|7|14|17||16|59|.271|2|10|.200|11|16|.688|11|29|7|8|1|13|16
14|14|2013-01-08|@|Missouri|L|68|84|24|55|.436|5|17|.294|15|18|.833|6|25|8|6|4|16|21||30|53|.566|9|15|.600|15|22|.682|5|27|18|8|5|10|16
15|15|2013-01-12||Tennessee|W|68|65|23|54|.426|6|14|.429|16|19|.842|6|22|12|10|5|7|14||26|55|.473|5|15|.333|8|16|.500|14|38|7|2|3|16|18
16|16|2013-01-16|@|Mississippi State|W|75|43|31|58|.534|8|13|.615|5|8|.625|12|34|12|12|5|12|12||16|45|.356|5|18|.278|6|8|.750|6|20|6|7|5|20|8
17|17|2013-01-19||Texas A&M|W|50|49|18|41|.439|6|11|.545|8|15|.533|6|24|11|10|2|15|14||20|42|.476|2|11|.182|7|10|.700|5|25|6|3|3|14|17
18|18|2013-01-22||Kentucky|W|59|55|21|57|.368|2|13|.154|15|21|.714|8|31|9|10|9|6|13||22|56|.393|5|9|.556|6|11|.545|10|40|9|3|10|13|19
19|19|2013-01-26|@|Tennessee|L|53|54|21|45|.467|6|14|.429|5|11|.455|4|17|14|10|6|7|16||21|50|.420|2|10|.200|10|16|.625|12|33|8|3|5|10|12
20|20|2013-01-31||Arkansas|W|59|56|19|46|.413|3|11|.273|18|25|.720|14|34|9|7|5|19|11||21|55|.382|3|19|.158|11|14|.786|12|27|9|8|6|13|23
21|21|2013-02-02|@|Vanderbilt|W|58|54|19|50|.380|7|16|.438|13|18|.722|6|21|8|12|3|9|15||19|39|.487|8|15|.533|8|12|.667|4|26|10|3|8|16|12
22|22|2013-02-06|@|Auburn|L|37|49|14|49|.286|2|19|.105|7|9|.778|11|28|7|9|0|16|22||15|44|.341|2|9|.222|17|23|.739|9|32|7|7|4|14|10
23|23|2013-02-09||Louisiana State|W|60|57|19|54|.352|2|18|.111|20|33|.606|13|36|9|6|9|10|16||21|56|.375|4|15|.267|11|14|.786|9|34|11|3|0|11|23
24|24|2013-02-12|@|Georgia|W|52|45|19|49|.388|6|18|.333|8|14|.571|5|29|9|8|7|9|16||16|52|.308|5|22|.227|8|14|.571|8|36|10|6|4|11|15
25|25|2013-02-16||South Carolina|W|68|58|22|47|.468|6|19|.316|18|33|.545|10|30|12|12|7|12|16||23|51|.451|5|17|.294|7|13|.538|9|32|9|6|0|18|22
26|26|2013-02-20||Mississippi State|W|64|56|20|51|.392|3|15|.200|21|27|.778|12|31|10|18|1|14|16||20|48|.417|6|20|.300|10|15|.667|10|32|7|9|1|23|19
27|27|2013-02-23|@|Louisiana State|L (3 OT)|94|97|35|76|.461|8|21|.381|16|19|.842|6|30|9|7|2|13|27||32|68|.471|8|20|.400|25|37|.676|13|43|19|9|4|16|19
28|28|2013-02-26||Auburn|W|61|43|22|56|.393|5|24|.208|12|16|.750|10|36|13|8|4|8|16||15|50|.300|2|15|.133|11|14|.786|8|29|11|6|5|15|18
29|29|2013-03-02|@|Florida|L|52|64|22|55|.400|4|15|.267|4|10|.400|10|25|7|5|4|9|22||20|45|.444|2|13|.154|22|26|.846|6|27|7|3|5|10|9
30|30|2013-03-05|@|Mississippi|L|83|87|29|66|.439|12|21|.571|13|16|.813|14|35|18|5|0|17|29||27|49|.551|7|15|.467|26|35|.743|3|21|13|7|5|9|19
31|31|2013-03-09||Georgia|W|61|58|20|48|.417|7|18|.389|14|17|.824|8|23|6|9|4|12|18||20|47|.426|7|17|.412|11|17|.647|12|30|11|8|4|15|15
32|32|2013-03-15|N|Tennessee|W|58|48|19|46|.413|5|10|.500|15|19|.789|9|35|5|4|7|10|17||18|56|.321|5|23|.217|7|14|.500|15|35|9|4|3|10|17
33|33|2013-03-16|N|Florida|L|51|61|19|42|.452|6|12|.500|7|12|.583|5|25|5|0|1|10|15||23|52|.442|3|17|.176|12|18|.667|10|28|9|7|2|4|13
34|34|2013-03-19||Northeastern|W|62|43|25|55|.455|4|19|.211|8|10|.800|12|34|8|7|2|12|16||15|45|.333|5|16|.313|8|12|.667|6|22|7|3|1|15|16
35|35|2013-03-23||Stanford|W|66|54|20|52|.385|4|12|.333|22|26|.846|11|38|9|8|4|12|14||18|58|.310|10|29|.345|8|9|.889|9|32|11|4|5|14|20
36|36|2013-03-26||Maryland|L|57|58|22|55|.400|4|15|.267|9|11|.818|7|23|13|3|6|14|11||23|46|.500|7|15|.467|5|10|.500|8|32|11|8|8|17|15
