ranker|game_season|date_game|game_location|opp_id|game_result|pts|opp_pts|fg|fga|fg_pct|fg3|fg3a|fg3_pct|ft|fta|ft_pct|orb|trb|ast|stl|blk|tov|pf|x|opp_fg|opp_fga|opp_fg_pct|opp_fg3|opp_fg3a|opp_fg3_pct|opp_ft|opp_fta|opp_ft_pct|opp_orb|opp_trb|opp_ast|opp_stl|opp_blk|opp_tov|opp_pf|
1|1|2012-11-11||Oakwood|W|85|41|38|69|.551|6|16|.375|3|7|.429|6|31|13|5|7|6|21||10|54|.185|7|26|.269|14|23|.609|8|26|2|0|1|11|13
2|2|2012-11-13|@|Missouri|L|54|91|19|62|.306|4|12|.333|12|20|.600|13|33|7|5|4|15|29||26|68|.382|8|22|.364|31|44|.705|22|54|11|11|10|9|18
3|3|2012-11-15|@|Stanford|L|51|69|21|51|.412|2|6|.333|7|12|.583|5|28|9|5|6|19|21||22|64|.344|4|18|.222|21|30|.700|19|47|9|6|3|15|14
4|4|2012-11-19||Fort Valley State|L|78|86|27|75|.360|5|20|.250|19|33|.576|16|32|9|10|1|17|18||31|53|.585|9|15|.600|15|24|.625|6|31|7|2|1|13|25
5|5|2012-11-21|@|Florida Gulf Coast|L|48|50|18|48|.375|3|17|.176|9|15|.600|8|34|6|3|5|18|20||18|52|.346|1|14|.071|13|23|.565|11|31|10|12|3|14|18
6|6|2012-11-22|N|Samford|W (1 OT)|69|65|24|56|.429|7|19|.368|14|20|.700|7|30|12|9|2|8|15||22|59|.373|8|27|.296|13|21|.619|14|42|9|2|1|13|19
7|7|2012-11-27|@|Mississippi State|L|42|60|15|53|.283|4|17|.235|8|17|.471|7|18|4|7|5|16|21||18|44|.409|2|13|.154|22|33|.667|14|45|6|10|1|18|17
8|8|2012-12-01||Jacksonville State|L|52|56|21|55|.382|4|15|.267|6|11|.545|12|32|3|4|7|13|13||19|60|.317|4|11|.364|14|20|.700|13|30|9|2|2|11|8
9|9|2012-12-15|@|Arkansas|L|59|97|22|53|.415|3|10|.300|12|18|.667|8|26|10|8|5|24|19||37|79|.468|10|24|.417|13|20|.650|21|41|24|16|10|11|13
10|10|2012-12-17|@|Temple|L|46|63|17|50|.340|4|15|.267|8|12|.667|10|32|11|4|5|17|20||20|50|.400|5|20|.250|18|26|.692|9|31|11|12|6|13|13
11|11|2012-12-19||Detroit Mercy|L|58|74|23|52|.442|2|12|.167|10|15|.667|6|20|12|1|1|12|7||29|56|.518|8|22|.364|8|9|.889|8|24|15|3|3|8|15
12|12|2012-12-21|@|Santa Clara|L|58|70|17|56|.304|4|13|.308|20|28|.714|13|40|11|8|6|20|22||24|62|.387|6|21|.286|16|24|.667|16|44|16|9|6|13|18
13|13|2012-12-22|N|Southern Methodist|L|52|67|16|49|.327|7|30|.233|13|21|.619|7|22|7|12|3|16|17||22|42|.524|3|9|.333|20|21|.952|5|34|13|7|2|21|12
14|14|2012-12-27|@|Canisius|L|74|87|26|57|.456|8|24|.333|14|17|.824|6|23|21|9|4|12|23||27|56|.482|9|23|.391|24|33|.727|16|38|17|8|2|15|13
15|15|2012-12-29|@|Syracuse|L|36|57|14|32|.438|3|17|.176|5|11|.455|3|22|10|7|6|25|24||21|56|.375|3|15|.200|12|28|.429|18|36|10|13|2|15|11
16|16|2013-01-02||Prairie View|W|68|54|20|47|.426|7|17|.412|21|34|.618|5|25|8|10|2|11|21||17|57|.298|2|14|.143|18|31|.581|15|30|6|5|2|8|23
17|17|2013-01-04||Texas Southern|L|48|57|17|60|.283|4|20|.200|10|18|.556|8|31|6|2|2|7|20||19|51|.373|5|26|.192|14|22|.636|6|26|8|1|4|7|14
18|18|2013-01-06|@|Jackson State|W|51|48|16|48|.333|5|17|.294|14|26|.538|7|33|5|5|5|12|20||18|45|.400|3|14|.214|9|15|.600|4|28|5|7|9|11|20
19|19|2013-01-08|@|Grambling|W|80|46|29|56|.518|10|21|.476|12|19|.632|6|31|16|9|5|7|13||17|59|.288|5|14|.357|7|15|.467|15|37|7|4|0|13|16
20|20|2013-01-12||Mississippi Valley State|W|72|67|26|57|.456|6|17|.353|14|22|.636|8|33|14|5|4|17|24||22|64|.344|5|24|.208|18|39|.462|12|31|8|10|5|10|22
21|21|2013-01-14||Arkansas-Pine Bluff|L|52|62|19|56|.339|7|25|.280|7|13|.538|3|26|9|8|6|15|18||17|58|.293|7|20|.350|21|30|.700|19|48|10|7|2|15|13
22|22|2013-01-19|@|Alabama A&M|W|69|59|23|47|.489|1|8|.125|22|36|.611|6|37|3|7|5|15|23||16|59|.271|5|19|.263|22|31|.710|9|34|14|6|3|13|30
23|23|2013-01-21|@|Alabama State|L|46|49|15|51|.294|4|20|.200|12|16|.750|10|34|6|9|4|19|16||18|50|.360|4|15|.267|9|15|.600|10|38|13|8|2|19|14
24|24|2013-01-26||Southern|W|61|57|20|55|.364|6|13|.462|15|20|.750|13|37|3|5|4|11|22||16|48|.333|6|17|.353|19|35|.543|5|21|5|5|1|6|18
25|25|2013-02-02||Jackson State|L|71|84|23|74|.311|3|16|.188|22|37|.595|17|52|10|3|2|12|26||20|53|.377|4|15|.267|40|51|.784|4|27|4|3|2|5|29
26|26|2013-02-04||Grambling|W|78|53|27|61|.443|8|21|.381|16|20|.800|13|34|15|8|5|11|16||19|50|.380|4|12|.333|11|19|.579|7|20|8|7|3|9|21
27|27|2013-02-09|@|Mississippi Valley State|L|75|80|26|59|.441|6|19|.316|17|37|.459|9|29|6|8|5|16|29||20|50|.400|10|25|.400|30|38|.789|7|33|11|5|3|19|25
28|28|2013-02-11|@|Arkansas-Pine Bluff|L|52|80|16|62|.258|4|16|.250|16|24|.667|14|33|8|5|5|14|14||34|67|.507|10|27|.370|2|7|.286|11|41|28|9|8|11|20
29|29|2013-02-16||Alabama A&M|L|65|72|23|67|.343|6|15|.400|13|19|.684|15|31|9|3|1|7|19||26|53|.491|6|16|.375|14|22|.636|11|35|13|2|2|6|15
30|30|2013-02-18||Alabama State|L|58|66|18|54|.333|4|24|.167|18|31|.581|8|22|9|10|1|7|20||22|44|.500|6|11|.545|16|26|.615|10|34|7|3|2|8|22
31|31|2013-02-23|@|Southern|L|48|61|16|41|.390|4|13|.308|12|17|.706|7|27|5|8|0|23|18||19|50|.380|7|17|.412|16|23|.696|12|29|10|13|2|13|15
32|32|2013-02-28|@|Prairie View|W|81|75|28|51|.549|8|12|.667|17|26|.654|8|23|12|7|1|13|25||26|54|.481|1|9|.111|22|27|.815|9|28|11|6|2|13|23
33|33|2013-03-02|@|Texas Southern|L|59|78|23|59|.390|4|15|.267|9|14|.643|11|28|9|4|1|18|20||26|51|.510|7|19|.368|19|26|.731|6|33|19|8|7|13|14
34|34|2013-03-14|N|Prairie View|L|59|67|23|65|.354|2|10|.200|11|19|.579|15|36|10|8|5|18|23||22|58|.379|5|15|.333|18|27|.667|16|46|11|9|8|20|23
