ranker|game_season|date_game|game_location|opp_id|game_result|pts|opp_pts|fg|fga|fg_pct|fg3|fg3a|fg3_pct|ft|fta|ft_pct|orb|trb|ast|stl|blk|tov|pf|x|opp_fg|opp_fga|opp_fg_pct|opp_fg3|opp_fg3a|opp_fg3_pct|opp_ft|opp_fta|opp_ft_pct|opp_orb|opp_trb|opp_ast|opp_stl|opp_blk|opp_tov|opp_pf|
1|1|2012-11-09||Montreat|W|86|54|31|71|.437|9|27|.333|15|19|.789|17|45|15|18|5|18|14||21|55|.382|3|11|.273|9|15|.600|6|28|4|13|2|26|18
2|2|2012-11-13||High Point|L|64|86|21|56|.375|6|18|.333|16|21|.762|6|25|5|4|0|16|15||35|61|.574|8|17|.471|8|15|.533|6|29|17|11|6|10|19
3|3|2012-11-16|@|Campbell|L|82|101|28|61|.459|9|19|.474|17|31|.548|12|31|14|4|3|15|18||42|63|.667|5|12|.417|12|17|.706|6|29|26|10|4|8|25
4|4|2012-11-20|@|East Carolina|L|72|82|26|61|.426|3|12|.250|17|20|.850|9|36|13|6|5|14|27||28|62|.452|4|16|.250|22|30|.733|13|40|15|10|7|13|22
5|5|2012-11-23|@|Virginia Tech|L|76|87|28|60|.467|8|22|.364|12|21|.571|11|32|6|5|2|19|26||26|52|.500|5|18|.278|30|39|.769|5|25|16|7|3|13|19
6|6|2012-11-28||Duquesne|L|72|73|29|58|.500|9|20|.450|5|7|.714|4|26|18|4|6|18|21||26|63|.413|9|26|.346|12|20|.600|15|36|15|9|2|17|14
7|7|2012-12-01|@|Missouri|L|56|72|21|59|.356|5|14|.357|9|13|.692|9|26|8|8|3|15|15||29|59|.492|6|19|.316|8|14|.571|15|41|18|10|2|17|13
8|8|2012-12-08|@|Western Carolina|L|64|70|21|55|.382|5|19|.263|17|28|.607|10|33|8|4|4|9|18||23|55|.418|7|18|.389|17|24|.708|7|32|5|5|3|8|16
9|9|2012-12-16|@|Missouri-Kansas City|W|81|71|26|47|.553|6|11|.545|23|30|.767|5|20|15|5|3|11|17||26|51|.510|3|14|.214|16|17|.941|6|19|10|9|3|14|20
10|10|2012-12-19|@|South Carolina|L|69|74|23|63|.365|4|14|.286|19|22|.864|14|35|12|6|4|17|24||28|61|.459|5|15|.333|13|19|.684|13|37|18|4|8|16|21
11|11|2012-12-22||Presbyterian|W|78|70|23|53|.434|9|22|.409|23|30|.767|10|32|10|9|3|10|18||22|46|.478|10|21|.476|16|18|.889|1|21|12|3|1|16|20
12|12|2012-12-30||Milligan|W|71|51|28|73|.384|5|20|.250|10|22|.455|19|49|14|9|9|12|13||21|65|.323|4|8|.500|5|8|.625|10|36|11|6|5|18|17
13|13|2013-01-08|@|Wofford|W|50|49|20|57|.351|3|18|.167|7|9|.778|7|28|8|5|5|9|15||17|47|.362|3|10|.300|12|15|.800|6|33|9|4|4|13|14
14|14|2013-01-12||Elon|W|80|70|27|55|.491|10|20|.500|16|23|.696|6|26|14|8|1|13|19||28|56|.500|4|20|.200|10|16|.625|8|31|12|6|2|15|17
15|15|2013-01-14||North Carolina-Greensboro|W|83|70|25|57|.439|5|15|.333|28|34|.824|9|32|9|5|5|8|20||23|54|.426|6|19|.316|18|26|.692|8|31|5|4|2|14|28
16|16|2013-01-17|@|Chattanooga|L (1 OT)|88|91|30|64|.469|12|26|.462|16|23|.696|6|32|21|6|4|16|22||31|72|.431|8|25|.320|21|28|.750|15|42|17|11|2|12|24
17|17|2013-01-19|@|Samford|L|68|72|24|50|.480|9|19|.474|11|18|.611|9|32|9|3|5|14|14||30|55|.545|7|15|.467|5|10|.500|7|26|17|7|1|9|16
18|18|2013-01-24||Georgia Southern|W (1 OT)|64|62|25|58|.431|6|18|.333|8|16|.500|11|40|11|7|2|17|17||24|65|.369|3|18|.167|11|21|.524|18|44|10|11|3|12|18
19|19|2013-01-26||Davidson|L|56|79|16|53|.302|3|12|.250|21|30|.700|10|29|5|8|5|7|18||27|52|.519|8|21|.381|17|21|.810|6|36|15|5|2|12|21
20|20|2013-01-30|@|College of Charleston|L|59|72|24|64|.375|4|17|.235|7|10|.700|7|31|9|3|1|9|19||25|55|.455|5|19|.263|17|25|.680|8|36|16|4|9|8|11
21|21|2013-02-02||Western Carolina|W|74|65|27|51|.529|7|14|.500|13|20|.650|6|26|13|14|4|14|18||23|56|.411|4|13|.308|15|19|.789|11|30|7|9|2|17|19
22|22|2013-02-07|@|Georgia Southern|W (1 OT)|91|86|29|56|.518|4|13|.308|29|43|.674|12|39|10|6|5|15|21||33|72|.458|5|19|.263|15|28|.536|11|31|12|10|5|12|30
23|23|2013-02-09|@|Davidson|L|52|87|18|60|.300|4|16|.250|12|21|.571|10|28|7|7|2|13|18||30|56|.536|7|19|.368|20|24|.833|6|41|21|5|2|10|18
24|24|2013-02-11||Furman|W|72|66|24|51|.471|5|11|.455|19|25|.760|8|32|10|4|2|12|20||22|51|.431|6|15|.400|16|23|.696|5|25|9|7|4|12|19
25|25|2013-02-14|@|Elon|L|58|61|20|51|.392|3|16|.188|15|20|.750|7|33|7|3|3|11|18||22|58|.379|5|15|.333|12|15|.800|9|32|14|6|1|9|16
26|26|2013-02-17|@|North Carolina-Greensboro|W|76|68|27|56|.482|7|23|.304|15|24|.625|14|39|16|5|4|16|15||28|70|.400|7|28|.250|5|9|.556|13|29|14|6|3|9|21
27|27|2013-02-20||Citadel|L (1 OT)|77|80|29|61|.475|12|27|.444|7|11|.636|8|29|12|10|3|18|20||29|60|.483|7|13|.538|15|23|.652|11|35|23|13|4|16|16
28|28|2013-02-28||Samford|W (2 OT)|70|67|25|59|.424|6|17|.353|14|23|.609|16|33|14|9|6|13|14||28|61|.459|4|17|.235|7|8|.875|9|30|9|5|2|16|20
29|29|2013-03-02||Chattanooga|W|86|60|27|56|.482|12|26|.462|20|27|.741|8|33|19|10|7|12|26||21|50|.420|3|12|.250|15|32|.469|8|28|6|6|4|17|20
30|30|2013-03-09|N|Furman|W|74|60|31|57|.544|8|21|.381|4|7|.571|5|26|18|7|2|13|17||21|47|.447|3|11|.273|15|18|.833|6|27|8|7|5|18|12
31|31|2013-03-10|N|Davidson|L|62|65|24|48|.500|3|13|.231|11|14|.786|5|28|6|10|6|12|17||25|51|.490|8|19|.421|7|11|.636|5|24|17|6|2|11|16
