ranker|game_season|date_game|game_location|opp_id|game_result|pts|opp_pts|fg|fga|fg_pct|fg3|fg3a|fg3_pct|ft|fta|ft_pct|orb|trb|ast|stl|blk|tov|pf|x|opp_fg|opp_fga|opp_fg_pct|opp_fg3|opp_fg3a|opp_fg3_pct|opp_ft|opp_fta|opp_ft_pct|opp_orb|opp_trb|opp_ast|opp_stl|opp_blk|opp_tov|opp_pf|
1|1|2012-11-09||Sam Houston State|W|73|68|22|51|.431|3|13|.231|26|32|.813|7|21|16|9|8|9|14||28|60|.467|8|23|.348|4|6|.667|10|31|13|3|4|19|25
2|2|2012-11-18||Longwood|W|112|63|43|82|.524|5|21|.238|21|32|.656|22|47|27|16|5|14|20||21|53|.396|4|17|.235|17|24|.708|9|30|7|5|6|27|25
3|3|2012-11-20||Florida A&M|W|89|60|31|77|.403|7|17|.412|20|29|.690|16|44|15|10|8|9|19||20|63|.317|7|20|.350|13|23|.565|12|40|11|4|7|22|24
4|4|2012-11-23|N|Arizona State|L|68|83|25|63|.397|4|20|.200|14|21|.667|9|31|8|7|2|11|27||28|50|.560|7|20|.350|20|36|.556|6|40|14|4|5|12|18
5|5|2012-11-24|N|Wisconsin|L|70|77|25|61|.410|3|8|.375|17|25|.680|12|31|7|5|1|6|29||22|49|.449|8|19|.421|25|38|.658|12|37|13|3|5|11|18
6|6|2012-11-30||Syracuse|L|82|91|24|62|.387|5|24|.208|29|36|.806|8|32|11|10|2|14|21||33|68|.485|11|26|.423|14|24|.583|10|37|17|8|6|19|25
7|7|2012-12-04||Oklahoma|W|81|78|30|57|.526|9|22|.409|12|16|.750|8|24|21|6|3|13|16||31|56|.554|6|15|.400|10|14|.714|10|30|14|7|2|17|14
8|8|2012-12-08|@|Michigan|L|67|80|27|61|.443|10|17|.588|3|4|.750|5|20|14|8|7|11|19||29|62|.468|7|18|.389|15|18|.833|16|39|14|5|6|12|8
9|9|2012-12-15||Alcorn State|W|97|59|37|79|.468|10|24|.417|13|20|.650|21|41|24|16|10|11|13||22|53|.415|3|10|.300|12|18|.667|8|26|10|8|5|24|19
10|10|2012-12-20||Robert Morris|W|79|74|31|59|.525|4|18|.222|13|26|.500|9|39|17|9|6|14|26||20|55|.364|9|26|.346|25|36|.694|7|30|12|9|0|16|22
11|11|2012-12-22|N|Alabama A&M|W|95|68|36|70|.514|5|18|.278|18|25|.720|18|36|22|12|9|9|14||25|59|.424|6|14|.429|12|17|.706|12|28|9|1|2|17|16
12|12|2012-12-29||Northwestern State|W|79|61|32|71|.451|5|19|.263|10|13|.769|14|53|16|9|7|14|26||17|62|.274|1|14|.071|26|42|.619|14|35|9|9|5|13|13
13|13|2013-01-05||Delaware State|W|86|51|32|55|.582|10|19|.526|12|15|.800|8|27|17|8|2|10|13||18|47|.383|5|18|.278|10|17|.588|10|26|8|4|3|15|15
14|14|2013-01-09|@|Texas A&M|L|51|69|22|52|.423|3|15|.200|4|15|.267|6|25|10|3|6|12|24||21|58|.362|5|16|.313|22|27|.815|16|47|11|2|3|9|18
15|15|2013-01-12||Vanderbilt|W|56|33|22|52|.423|3|18|.167|9|10|.900|7|30|9|14|5|16|16||10|40|.250|2|15|.133|11|17|.647|8|28|7|6|2|25|12
16|16|2013-01-16||Auburn|W (2 OT)|88|80|30|66|.455|8|24|.333|20|33|.606|8|34|18|8|3|8|15||31|62|.500|11|25|.440|7|17|.412|8|39|19|3|4|18|24
17|17|2013-01-19|@|Mississippi|L|64|76|26|66|.394|5|19|.263|7|12|.583|13|38|17|8|7|18|20||28|70|.400|6|20|.300|14|23|.609|15|41|15|11|6|16|11
18|18|2013-01-23||Mississippi State|W|96|70|33|67|.493|9|27|.333|21|26|.808|10|31|27|14|11|12|17||22|54|.407|9|19|.474|17|21|.810|8|30|11|5|3|28|21
19|19|2013-01-26|@|South Carolina|L|54|75|21|61|.344|2|16|.125|10|15|.667|12|26|13|10|5|9|19||30|52|.577|7|12|.583|8|17|.471|11|36|17|2|5|17|13
20|20|2013-01-31|@|Alabama|L|56|59|21|55|.382|3|19|.158|11|14|.786|12|27|9|8|6|13|23||19|46|.413|3|11|.273|18|25|.720|14|34|9|7|5|19|11
21|21|2013-02-02||Tennessee|W|73|60|29|60|.483|4|15|.267|11|15|.733|6|28|17|13|3|7|23||21|48|.438|2|10|.200|16|24|.667|11|38|8|1|2|19|19
22|22|2013-02-05||Florida|W|80|69|28|57|.491|8|18|.444|16|21|.762|6|30|19|6|1|8|17||23|56|.411|10|27|.370|13|19|.684|8|31|15|5|1|16|19
23|23|2013-02-09|@|Vanderbilt|L|49|67|16|52|.308|6|18|.333|11|17|.647|10|24|7|11|2|11|19||21|42|.500|9|22|.409|16|23|.696|6|33|15|6|7|15|17
24|24|2013-02-13|@|Auburn|W|83|75|27|58|.466|9|21|.429|20|29|.690|6|29|16|5|3|8|24||23|53|.434|6|13|.462|23|32|.719|6|33|12|4|5|16|24
25|25|2013-02-16||Missouri|W|73|71|26|61|.426|7|23|.304|14|24|.583|7|28|16|7|2|11|25||23|58|.397|2|14|.143|23|31|.742|11|45|12|7|3|17|25
26|26|2013-02-21||Georgia|W|62|60|22|57|.386|10|26|.385|8|12|.667|7|28|14|9|8|13|23||17|46|.370|6|14|.429|20|27|.741|8|32|12|3|5|15|16
27|27|2013-02-23|@|Florida|L|54|71|21|58|.362|6|27|.222|6|15|.400|10|30|11|3|4|13|16||29|62|.468|8|23|.348|5|11|.455|12|38|14|7|3|8|12
28|28|2013-02-27|@|Louisiana State|L|60|65|20|56|.357|6|25|.240|14|23|.609|13|39|8|10|6|19|21||22|52|.423|7|18|.389|14|22|.636|5|31|13|10|3|18|18
29|29|2013-03-02||Kentucky|W|73|60|24|69|.348|6|25|.240|19|29|.655|19|43|13|11|1|7|21||20|43|.465|3|14|.214|17|27|.630|7|36|5|3|4|18|24
30|30|2013-03-05|@|Missouri|L|63|93|26|60|.433|6|25|.240|5|13|.385|3|17|12|9|5|11|29||29|50|.580|7|14|.500|28|40|.700|8|40|13|7|3|14|11
31|31|2013-03-09||Texas A&M|W|73|62|19|50|.380|7|22|.318|28|36|.778|13|28|11|14|5|11|15||21|41|.512|6|11|.545|14|20|.700|4|21|12|4|0|22|24
32|32|2013-03-14|N|Vanderbilt|L|72|75|24|55|.436|4|16|.250|20|34|.588|12|37|13|7|6|11|25||23|56|.411|12|28|.429|17|30|.567|10|34|14|5|5|12|24
