ranker|game_season|date_game|game_location|opp_id|game_result|pts|opp_pts|fg|fga|fg_pct|fg3|fg3a|fg3_pct|ft|fta|ft_pct|orb|trb|ast|stl|blk|tov|pf|x|opp_fg|opp_fga|opp_fg_pct|opp_fg3|opp_fg3a|opp_fg3_pct|opp_ft|opp_fta|opp_ft_pct|opp_orb|opp_trb|opp_ast|opp_stl|opp_blk|opp_tov|opp_pf|
1|1|2012-11-09||Tennessee-Martin|W|84|68|28|61|.459|6|17|.353|22|30|.733|11|39|16|9|4|14|19||21|51|.412|5|15|.333|21|24|.875|3|28|11|3|1|16|27
2|2|2012-11-14|@|Louisiana Tech|L|52|70|17|56|.304|4|13|.308|14|19|.737|10|34|8|6|5|19|25||22|61|.361|4|21|.190|22|31|.710|11|32|11|11|4|9|17
3|3|2012-11-16|@|Mississippi|L|52|92|19|64|.297|6|23|.261|8|15|.533|12|28|7|7|3|20|21||33|63|.524|6|18|.333|20|27|.741|12|46|13|9|10|15|20
4|4|2012-11-19||Milwaukee|W|59|43|24|47|.511|2|5|.400|9|14|.643|5|27|13|10|3|12|15||17|52|.327|5|22|.227|4|10|.400|11|29|10|4|0|18|18
5|5|2012-11-21||Jacksonville|W|78|56|29|64|.453|7|18|.389|13|17|.765|17|41|16|8|7|18|13||20|57|.351|3|18|.167|13|17|.765|11|29|10|8|2|18|16
6|6|2012-11-24|N|Southern Methodist|W|69|56|25|50|.500|8|15|.533|11|19|.579|3|27|17|2|7|7|21||18|50|.360|6|16|.375|14|24|.583|9|31|9|4|1|10|20
7|7|2012-11-25|N|South Carolina|L|62|74|23|57|.404|5|16|.313|11|23|.478|13|23|14|11|3|12|18||28|50|.560|6|16|.375|12|17|.706|11|35|14|9|5|21|20
8|8|2012-11-29||Troy|W|58|56|20|52|.385|4|15|.267|14|22|.636|12|36|13|3|3|10|9||24|63|.381|6|22|.273|2|2|1.000|14|34|13|2|3|9|18
9|9|2012-12-01||Louisiana-Monroe|W|83|58|25|53|.472|10|23|.435|23|29|.793|9|33|17|2|4|15|14||21|54|.389|9|25|.360|7|17|.412|8|26|10|4|2|19|26
10|10|2012-12-04||St. Gregory's|W|91|30|33|60|.550|6|20|.300|19|26|.731|11|41|19|13|6|9|12||12|51|.235|0|13|.000|6|13|.462|8|28|4|5|1|24|18
11|11|2012-12-06|@|Cincinnati|L|53|87|20|50|.400|3|15|.200|10|18|.556|8|27|12|9|5|32|18||34|71|.479|5|20|.250|14|24|.583|13|37|20|23|5|17|20
12|12|2012-12-15||Tulsa|W|72|65|20|45|.444|8|14|.571|24|40|.600|4|34|11|9|4|17|25||22|55|.400|5|20|.250|16|28|.571|7|34|8|4|0|18|32
13|13|2012-12-17||Louisiana Tech|L|73|75|25|56|.446|5|15|.333|18|25|.720|10|31|12|8|3|17|26||21|58|.362|7|24|.292|26|36|.722|16|41|10|5|2|17|24
14|14|2012-12-22|@|South Alabama|L|62|77|21|55|.382|5|15|.333|15|26|.577|14|37|7|3|5|21|23||26|55|.473|8|18|.444|17|28|.607|7|26|15|11|7|10|22
15|15|2012-12-29|@|Louisiana-Lafayette|L|70|79|21|67|.313|4|20|.200|24|30|.800|19|40|9|4|4|10|20||27|55|.491|7|19|.368|18|25|.720|6|28|12|4|6|9|23
16|16|2013-01-03||Western Kentucky|W|75|67|26|54|.481|4|13|.308|19|29|.655|7|27|15|9|1|12|19||24|57|.421|9|33|.273|10|14|.714|11|36|9|4|1|22|27
17|17|2013-01-05|@|Troy|L|64|67|25|52|.481|8|15|.533|6|14|.429|6|22|11|10|2|14|17||22|47|.468|8|19|.421|15|18|.833|8|31|15|7|2|17|11
18|18|2013-01-10||North Texas|W|67|53|29|57|.509|5|9|.556|4|10|.400|8|24|18|13|6|7|12||19|47|.404|3|9|.333|12|17|.706|7|27|8|1|3|17|11
19|19|2013-01-12||Florida International|W|88|76|29|49|.592|6|14|.429|24|28|.857|6|27|21|8|3|21|19||22|52|.423|11|23|.478|21|24|.875|9|23|9|9|2|22|21
20|20|2013-01-17|@|Middle Tennessee|L|50|82|18|51|.353|3|11|.273|11|17|.647|7|22|4|11|2|19|21||28|50|.560|9|14|.643|17|25|.680|5|33|23|9|3|17|20
21|21|2013-01-19|@|Western Kentucky|W|59|54|24|52|.462|3|14|.214|8|12|.667|6|30|11|6|4|11|18||16|49|.327|7|22|.318|15|20|.750|12|34|7|3|0|18|15
22|22|2013-01-24||Florida Atlantic|W|65|62|19|48|.396|3|8|.375|24|31|.774|11|31|8|5|7|10|20||23|45|.511|7|10|.700|9|19|.474|6|24|11|3|2|16|22
23|23|2013-01-26|@|North Texas|W|62|57|21|51|.412|6|13|.462|14|21|.667|7|22|7|6|3|16|18||18|52|.346|4|14|.286|17|25|.680|13|35|5|3|5|15|17
24|24|2013-02-02||South Alabama|L|66|70|21|61|.344|4|17|.235|20|28|.714|17|40|8|3|2|15|25||21|51|.412|5|16|.313|23|33|.697|8|31|13|5|1|14|19
25|25|2013-02-07|@|Louisiana-Monroe|W|70|60|24|49|.490|6|10|.600|16|24|.667|7|32|10|6|2|15|20||21|48|.438|7|19|.368|11|21|.524|4|21|17|8|0|16|23
26|26|2013-02-14|@|Arkansas State|L|62|86|20|53|.377|8|18|.444|14|20|.700|7|25|7|4|1|18|23||26|51|.510|8|17|.471|26|32|.813|6|29|14|11|5|10|15
27|27|2013-02-16||Middle Tennessee|L|61|66|22|56|.393|4|14|.286|13|22|.591|9|29|9|6|4|17|24||20|49|.408|2|11|.182|24|29|.828|11|38|8|2|4|21|25
28|28|2013-02-21|@|Florida International|L|52|65|22|56|.393|2|22|.091|6|15|.400|11|28|14|7|7|21|23||22|47|.468|5|17|.294|16|18|.889|4|27|11|14|3|24|20
29|29|2013-02-23|@|Florida Atlantic|L|59|73|21|63|.333|3|13|.231|14|23|.609|12|31|6|5|1|5|20||25|52|.481|7|17|.412|16|21|.762|8|39|11|3|5|11|23
30|30|2013-02-28||Louisiana-Lafayette|W|77|68|24|49|.490|6|14|.429|23|29|.793|4|36|15|2|6|18|24||21|60|.350|4|20|.200|22|32|.688|9|27|12|6|2|8|21
31|31|2013-03-02||Arkansas State|W|78|71|22|49|.449|5|14|.357|29|35|.829|5|22|12|2|2|10|29||21|49|.429|9|21|.429|20|31|.645|9|29|10|1|1|15|30
32|32|2013-03-09|N|Florida International|L|54|69|15|49|.306|3|18|.167|21|30|.700|10|31|5|8|2|21|20||23|49|.469|11|26|.423|12|19|.632|7|31|13|13|2|21|25
