ranker|game_season|date_game|game_location|opp_id|game_result|pts|opp_pts|fg|fga|fg_pct|fg3|fg3a|fg3_pct|ft|fta|ft_pct|orb|trb|ast|stl|blk|tov|pf|x|opp_fg|opp_fga|opp_fg_pct|opp_fg3|opp_fg3a|opp_fg3_pct|opp_ft|opp_fta|opp_ft_pct|opp_orb|opp_trb|opp_ast|opp_stl|opp_blk|opp_tov|opp_pf|
1|1|2012-11-09||IPFW|W|61|50|22|54|.407|3|11|.273|14|21|.667|11|39|10|10|3|16|17||15|52|.288|4|20|.200|16|23|.696|8|32|10|10|2|17|18
2|2|2012-11-15|N|Murray State|L|59|79|20|60|.333|2|10|.200|17|30|.567|22|39|10|7|5|20|17||27|51|.529|11|23|.478|14|16|.875|4|26|9|9|7|17|24
3|3|2012-11-16|N|College of Charleston|W|55|51|19|53|.358|6|17|.353|11|14|.786|3|21|7|12|4|9|16||18|47|.383|5|15|.333|10|18|.556|9|38|5|5|7|18|18
4|4|2012-11-18|N|Dayton|L|63|73|23|55|.418|4|16|.250|13|17|.765|7|24|12|7|7|14|24||21|45|.467|4|13|.308|27|36|.750|9|31|10|7|3|17|19
5|5|2012-11-21|@|Boston College|L|49|50|19|45|.422|4|13|.308|7|13|.538|4|25|7|6|4|13|17||17|47|.362|8|22|.364|8|15|.533|10|31|10|7|3|12|17
6|6|2012-11-25||Rhode Island|L (2 OT)|72|78|28|62|.452|11|27|.407|5|7|.714|10|33|21|8|3|19|18||26|65|.400|13|26|.500|13|21|.619|11|36|14|11|3|15|13
7|7|2012-11-30||DePaul|L|76|80|28|64|.438|6|16|.375|14|21|.667|11|35|15|8|4|14|24||26|54|.481|9|17|.529|19|34|.559|8|30|18|10|4|13|21
8|8|2012-12-11||Grambling|W|92|42|34|63|.540|11|24|.458|13|18|.722|10|35|23|13|7|12|12||16|51|.314|4|18|.222|6|8|.750|9|27|8|5|3|24|16
9|9|2012-12-15||Furman|W|64|50|25|58|.431|8|17|.471|6|8|.750|14|37|15|3|6|12|19||16|52|.308|5|22|.227|13|17|.765|10|27|9|4|4|8|14
10|10|2012-12-18||Tennessee Tech|W|81|62|22|51|.431|7|18|.389|30|40|.750|12|38|18|12|5|17|18||25|67|.373|1|18|.056|11|17|.647|17|36|14|11|4|17|26
11|11|2012-12-22||Winthrop|L|67|74|23|60|.383|3|23|.130|18|21|.857|18|32|12|6|2|13|21||24|49|.490|7|25|.280|19|25|.760|10|28|13|4|2|19|21
12|12|2012-12-29|N|Illinois|L|79|81|29|60|.483|11|23|.478|10|16|.625|11|35|18|9|4|20|25||25|52|.481|4|15|.267|27|40|.675|9|30|14|11|5|11|15
13|13|2013-01-02||Florida State|W|78|72|22|63|.349|6|20|.300|28|41|.683|16|40|10|11|2|9|17||28|58|.483|9|26|.346|7|15|.467|8|39|16|5|5|20|27
14|14|2013-01-09||Louisiana State|W|68|63|25|54|.463|6|18|.333|12|22|.545|6|35|15|6|4|12|15||25|67|.373|9|27|.333|4|10|.400|14|40|15|7|3|12|20
15|15|2013-01-12|@|South Carolina|W|74|71|24|41|.585|8|18|.444|18|28|.643|7|20|14|9|3|17|23||26|57|.456|8|20|.400|11|16|.688|16|29|20|4|3|15|24
16|16|2013-01-16|@|Arkansas|L (2 OT)|80|88|31|62|.500|11|25|.440|7|17|.412|8|39|19|3|4|18|24||30|66|.455|8|24|.333|20|33|.606|8|34|18|8|3|8|15
17|17|2013-01-19||Kentucky|L|53|75|23|66|.348|0|15|.000|7|10|.700|7|24|13|9|1|9|17||30|55|.545|5|15|.333|10|16|.625|10|39|17|6|8|15|14
18|18|2013-01-23|@|Vanderbilt|L|61|73|22|53|.415|9|24|.375|8|9|.889|5|26|13|7|4|15|26||20|49|.408|9|24|.375|24|30|.800|9|33|14|4|2|12|14
19|19|2013-01-26||Mississippi|L|61|63|20|54|.370|6|23|.261|15|19|.789|9|34|10|3|6|6|21||24|56|.429|11|25|.440|4|17|.235|11|34|15|1|5|8|17
20|20|2013-01-30|@|Georgia|L|49|57|15|53|.283|4|20|.200|15|27|.556|7|28|7|9|1|11|25||19|43|.442|4|17|.235|15|26|.577|7|37|11|4|3|16|21
21|21|2013-02-02|@|Missouri|L|77|91|19|53|.358|7|22|.318|32|36|.889|7|26|9|5|1|12|26||30|55|.545|6|16|.375|25|33|.758|8|28|17|8|3|11|23
22|22|2013-02-06||Alabama|W|49|37|15|44|.341|2|9|.222|17|23|.739|9|32|7|7|4|14|10||14|49|.286|2|19|.105|7|9|.778|11|28|7|9|0|16|22
23|23|2013-02-09|@|Kentucky|L|62|72|22|51|.431|7|13|.538|11|17|.647|9|27|9|3|2|9|29||20|46|.435|6|21|.286|26|38|.684|10|33|12|4|4|9|21
24|24|2013-02-13||Arkansas|L|75|83|23|53|.434|6|13|.462|23|32|.719|6|33|12|4|5|16|24||27|58|.466|9|21|.429|20|29|.690|6|29|16|5|3|8|24
25|25|2013-02-16||Florida|L|52|83|19|54|.352|4|16|.250|10|14|.714|8|25|9|4|2|14|14||31|54|.574|15|30|.500|6|10|.600|3|28|25|9|3|9|11
26|26|2013-02-20||Texas A&M|L|56|65|21|56|.375|5|23|.217|9|14|.643|10|27|11|2|4|10|19||22|50|.440|5|19|.263|16|20|.800|7|29|13|7|2|11|13
27|27|2013-02-23|@|Mississippi|L|55|88|22|56|.393|3|18|.167|8|12|.667|3|20|11|8|0|11|20||27|50|.540|13|25|.520|21|26|.808|8|38|18|9|4|14|12
28|28|2013-02-26|@|Alabama|L|43|61|15|50|.300|2|15|.133|11|14|.786|8|29|11|6|5|15|18||22|56|.393|5|24|.208|12|16|.750|10|36|13|8|4|8|16
29|29|2013-03-02||Vanderbilt|L|55|62|20|56|.357|3|18|.167|12|19|.632|5|33|10|4|5|8|27||16|49|.327|10|26|.385|20|31|.645|5|35|12|2|2|9|20
30|30|2013-03-06||Tennessee|L|75|82|28|55|.509|9|26|.346|10|12|.833|6|26|14|5|6|16|27||24|56|.429|7|20|.350|27|38|.711|13|32|13|7|2|8|16
31|31|2013-03-09|@|Mississippi State|L (1 OT)|71|74|28|68|.412|3|17|.176|12|15|.800|6|41|13|11|3|14|22||25|62|.403|8|17|.471|16|29|.552|7|41|13|8|7|15|18
32|32|2013-03-13|N|Texas A&M|L|62|71|20|50|.400|6|21|.286|16|20|.800|3|21|11|5|8|11|22||22|49|.449|6|16|.375|21|26|.808|6|31|12|2|4|10|18
