ranker|game_season|date_game|game_location|opp_id|game_result|pts|opp_pts|fg|fga|fg_pct|fg3|fg3a|fg3_pct|ft|fta|ft_pct|orb|trb|ast|stl|blk|tov|pf|x|opp_fg|opp_fga|opp_fg_pct|opp_fg3|opp_fg3a|opp_fg3_pct|opp_ft|opp_fta|opp_ft_pct|opp_orb|opp_trb|opp_ast|opp_stl|opp_blk|opp_tov|opp_pf|
1|1|2012-11-09||Lehigh|W|99|77|40|62|.645|6|20|.300|13|20|.650|11|41|28|4|6|16|18||28|75|.373|8|21|.381|13|18|.722|17|30|9|8|2|8|18
2|2|2012-11-11||Jackson State|W|78|47|31|61|.508|3|16|.188|13|16|.813|14|42|15|13|9|14|15||20|57|.351|4|13|.308|3|8|.375|12|23|9|8|2|17|16
3|3|2012-11-15|N|Boston College|W|84|74|31|60|.517|12|26|.462|10|16|.625|9|29|11|11|1|8|12||28|59|.475|10|26|.385|8|10|.800|7|25|15|5|0|13|15
4|4|2012-11-16|N|Colorado|L|58|60|22|59|.373|3|16|.188|11|18|.611|10|35|7|9|3|11|19||25|56|.446|6|15|.400|4|18|.222|11|37|6|6|3|17|16
5|5|2012-11-18|N|St. John's (NY)|W|97|78|30|55|.545|11|18|.611|26|33|.788|14|39|19|10|2|14|12||30|64|.469|8|17|.471|10|12|.833|9|19|15|7|8|11|22
6|6|2012-11-24||College of Charleston|L|59|63|24|61|.393|4|17|.235|7|15|.467|11|32|10|8|0|8|19||21|43|.488|9|18|.500|12|20|.600|5|33|13|4|2|17|15
7|7|2012-12-01|@|Kentucky|W|64|55|22|54|.407|6|20|.300|14|18|.778|4|35|9|6|8|19|16||21|71|.296|4|22|.182|9|18|.500|20|45|12|10|5|16|17
8|8|2012-12-04||Northwestern|L|70|74|23|52|.442|5|20|.250|19|29|.655|5|23|12|5|3|8|20||25|49|.510|6|16|.375|18|29|.621|10|36|18|2|1|15|22
9|9|2012-12-12||Lamar|W|85|68|34|71|.479|11|29|.379|6|8|.750|16|35|17|6|7|9|9||30|61|.492|3|5|.600|5|7|.714|8|23|23|6|1|14|9
10|10|2012-12-17||South Carolina Upstate|W|73|57|29|59|.492|4|21|.190|11|15|.733|11|31|23|12|2|11|13||21|55|.382|3|12|.250|12|14|.857|12|33|13|6|1|20|18
11|11|2012-12-21||Brigham Young|W|79|64|27|60|.450|9|18|.500|16|25|.640|11|39|19|9|6|11|15||24|62|.387|2|12|.167|14|18|.778|11|38|11|8|3|14|22
12|12|2012-12-28|@|Gonzaga|L|87|94|33|64|.516|10|24|.417|11|13|.846|8|28|18|2|3|14|24||31|59|.525|9|18|.500|23|34|.676|9|29|15|11|2|10|19
13|13|2013-01-05||Texas|W (1 OT)|86|79|23|64|.359|4|18|.222|36|45|.800|17|42|12|7|5|13|12||33|74|.446|4|13|.308|9|14|.643|13|38|20|3|5|13|26
14|14|2013-01-08|@|Texas Tech|W|82|48|30|56|.536|8|14|.571|14|22|.636|9|39|13|9|4|13|13||18|59|.305|5|24|.208|7|11|.636|12|29|6|5|3|15|18
15|15|2013-01-12||Texas Christian|W|51|40|22|54|.407|3|12|.250|4|7|.571|10|29|11|5|7|10|16||15|45|.333|4|9|.444|6|14|.429|11|30|7|4|1|14|12
16|16|2013-01-14|@|Kansas|L|44|61|13|56|.232|4|14|.286|14|23|.609|12|37|6|8|6|14|11||23|61|.377|3|14|.214|12|16|.750|14|41|10|10|13|14|16
17|17|2013-01-19||Hardin-Simmons|W|107|38|40|74|.541|10|21|.476|17|30|.567|24|62|30|9|4|14|10||18|64|.281|1|22|.045|1|3|.333|7|23|11|10|6|20|21
18|18|2013-01-21||Oklahoma State|W|64|54|21|51|.412|8|22|.364|14|26|.538|10|36|13|6|11|14|15||22|63|.349|2|16|.125|8|15|.533|11|33|15|9|3|11|22
19|19|2013-01-26|@|Texas Christian|W|82|56|27|57|.474|11|19|.579|17|20|.850|12|36|19|1|3|14|22||18|54|.333|2|7|.286|18|25|.720|10|28|8|8|5|8|16
20|20|2013-01-30||Oklahoma|L|71|74|28|75|.373|6|27|.222|9|17|.529|24|47|12|8|0|13|19||29|55|.527|5|14|.357|11|17|.647|5|32|20|8|5|15|19
21|21|2013-02-02|@|Iowa State|L|71|79|27|63|.429|6|20|.300|11|17|.647|9|32|15|4|1|12|20||25|59|.424|4|24|.167|25|30|.833|10|36|13|7|1|10|15
22|22|2013-02-06|@|Oklahoma State|L (1 OT)|67|69|26|62|.419|8|27|.296|7|12|.583|7|39|15|3|6|16|16||26|72|.361|3|21|.143|14|19|.737|12|38|9|8|4|9|16
23|23|2013-02-09||Texas Tech|W|75|48|26|57|.456|7|22|.318|16|23|.696|11|42|22|10|6|13|18||17|59|.288|3|15|.200|11|20|.550|9|29|10|6|3|17|17
24|24|2013-02-13||West Virginia|W|80|60|27|52|.519|9|22|.409|17|24|.708|4|22|22|8|3|8|22||20|46|.435|4|12|.333|16|24|.667|6|27|15|4|1|18|23
25|25|2013-02-16|@|Kansas State|L|61|81|21|46|.457|8|21|.381|11|16|.688|6|28|13|2|2|19|13||30|66|.455|11|25|.440|10|13|.769|15|32|20|9|5|6|16
26|26|2013-02-20||Iowa State|L|82|87|32|66|.485|8|21|.381|10|18|.556|13|32|11|7|5|9|18||32|59|.542|11|28|.393|12|17|.706|9|33|18|5|3|10|15
27|27|2013-02-23|@|Oklahoma|L|76|90|26|70|.371|9|31|.290|15|21|.714|11|32|11|8|5|12|32||22|49|.449|7|14|.500|39|45|.867|4|30|7|6|1|16|25
28|28|2013-02-27|@|West Virginia|W|65|62|23|53|.434|4|18|.222|15|19|.789|11|29|13|4|5|8|20||20|56|.357|3|17|.176|19|28|.679|19|38|8|3|2|10|19
29|29|2013-03-02||Kansas State|L|61|64|20|51|.392|6|14|.429|15|21|.714|14|33|16|5|6|15|13||24|56|.429|7|17|.412|9|14|.643|12|30|17|9|4|11|19
30|30|2013-03-04|@|Texas|L|70|79|23|57|.404|9|23|.391|15|22|.682|10|26|14|3|4|8|20||27|54|.500|9|23|.391|16|25|.640|9|29|15|6|5|8|18
31|31|2013-03-09||Kansas|W|81|58|30|52|.577|6|12|.500|15|24|.625|9|32|17|6|8|10|16||21|56|.375|6|19|.316|10|17|.588|11|28|11|3|5|13|19
32|32|2013-03-14|N|Oklahoma State|L|72|74|22|60|.367|5|23|.217|23|29|.793|14|34|6|3|4|8|23||22|48|.458|5|13|.385|25|33|.758|5|28|8|6|5|9|21
33|33|2013-03-20||Long Beach State|W|112|66|40|63|.635|16|23|.696|16|25|.640|10|42|31|5|4|14|18||21|63|.333|5|16|.313|19|23|.826|9|23|10|9|0|13|20
34|34|2013-03-22||Arizona State|W|89|86|29|59|.492|6|20|.300|25|36|.694|9|31|22|8|6|12|26||25|56|.446|11|24|.458|25|31|.806|7|32|18|6|4|16|27
35|35|2013-03-27||Providence|W|79|68|28|54|.519|3|9|.333|20|26|.769|5|28|19|7|4|5|11||29|62|.468|4|18|.222|6|8|.750|8|30|14|1|2|9|19
36|36|2013-04-02|N|Brigham Young|W|76|70|26|60|.433|5|15|.333|19|24|.792|7|29|16|3|0|7|19||25|60|.417|5|20|.250|15|20|.750|12|36|9|3|4|11|22
37|37|2013-04-04|N|Iowa|W|74|54|26|48|.542|4|15|.267|18|23|.783|3|32|19|9|7|10|17||18|69|.261|5|24|.208|13|18|.722|17|36|11|5|0|11|20
