ranker|game_season|date_game|game_location|opp_id|game_result|pts|opp_pts|fg|fga|fg_pct|fg3|fg3a|fg3_pct|ft|fta|ft_pct|orb|trb|ast|stl|blk|tov|pf|x|opp_fg|opp_fga|opp_fg_pct|opp_fg3|opp_fg3a|opp_fg3_pct|opp_ft|opp_fta|opp_ft_pct|opp_orb|opp_trb|opp_ast|opp_stl|opp_blk|opp_tov|opp_pf|
1|1|2012-11-09||Eastern Illinois|W|76|53|30|52|.577|3|12|.250|13|17|.765|5|33|16|7|1|11|14||17|49|.347|7|23|.304|12|16|.750|6|22|8|5|0|14|18
2|2|2012-11-12||Texas-Pan American|W|78|61|27|56|.482|5|12|.417|19|27|.704|11|35|22|13|1|9|18||21|55|.382|9|20|.450|10|16|.625|12|36|17|3|6|17|20
3|3|2012-11-17|@|IUPUI|W|79|72|29|62|.468|3|11|.273|18|21|.857|10|37|20|11|9|12|16||25|61|.410|9|21|.429|13|17|.765|5|26|19|6|2|14|18
4|4|2012-11-20|@|South Florida|L|63|82|22|62|.355|3|15|.200|16|23|.696|13|28|11|11|3|13|20||28|54|.519|8|18|.444|18|23|.783|10|39|21|8|3|18|18
5|5|2012-11-24||Tennessee-Martin|W|80|57|25|60|.417|7|24|.292|23|27|.852|12|43|16|7|4|15|18||19|58|.328|6|19|.316|13|20|.650|10|33|11|8|1|14|24
6|6|2012-11-28|@|Central Michigan|W|82|65|36|67|.537|2|13|.154|8|12|.667|10|30|14|9|6|9|17||21|59|.356|8|24|.333|15|20|.750|12|29|10|5|1|18|12
7|7|2012-12-01||Michigan|L|66|74|26|50|.520|6|16|.375|8|12|.667|6|24|12|10|1|14|16||26|53|.491|7|15|.467|15|21|.714|12|32|16|6|2|13|16
8|8|2012-12-04||George Washington|W|72|68|31|62|.500|1|7|.143|9|17|.529|7|24|15|17|1|13|22||24|51|.471|5|13|.385|15|23|.652|12|39|13|9|8|22|15
9|9|2012-12-17||Georgia Southern|W|62|43|20|59|.339|4|17|.235|18|24|.750|18|42|10|8|3|5|15||17|48|.354|6|16|.375|3|11|.273|5|29|10|2|4|13|20
10|10|2012-12-19||Mississippi Valley State|W|77|42|30|60|.500|4|16|.250|13|18|.722|12|38|15|16|3|15|23||15|54|.278|1|17|.059|11|16|.688|13|33|6|9|3|23|21
11|11|2012-12-22|N|Virginia Tech|L (1 OT)|65|66|23|63|.365|8|23|.348|11|18|.611|12|34|13|12|3|20|18||23|56|.411|4|16|.250|16|25|.640|11|40|10|6|3|24|16
12|12|2012-12-23|N|Portland|L|55|57|17|54|.315|6|24|.250|15|21|.714|7|28|7|15|0|7|17||22|50|.440|6|19|.316|7|15|.467|12|41|13|3|4|19|14
13|13|2012-12-29||Drake|W|67|57|23|55|.418|6|13|.462|15|25|.600|5|32|11|13|1|8|15||20|59|.339|5|27|.185|12|17|.706|11|42|12|3|3|17|19
14|14|2013-01-02|@|Southern Illinois|W|66|60|24|48|.500|4|13|.308|14|18|.778|7|30|11|10|1|16|21||22|52|.423|3|11|.273|13|23|.565|10|27|10|7|2|13|13
15|15|2013-01-06||Wichita State|L|63|69|25|54|.463|5|13|.385|8|12|.667|11|28|14|8|1|14|12||27|57|.474|6|23|.261|9|10|.900|11|28|12|10|4|14|18
16|16|2013-01-09|@|Indiana State|L|53|68|21|66|.318|3|8|.375|8|13|.615|12|29|7|12|1|8|19||22|44|.500|2|10|.200|22|26|.846|6|35|12|4|9|14|15
17|17|2013-01-12|@|Northern Iowa|L|53|84|21|50|.420|8|16|.500|3|9|.333|2|16|11|8|1|12|14||30|52|.577|15|26|.577|9|12|.750|7|36|18|3|4|12|13
18|18|2013-01-15||Southern Illinois|W|69|66|23|51|.451|8|22|.364|15|19|.789|15|27|12|10|6|16|13||28|51|.549|2|12|.167|8|14|.571|11|25|7|8|2|13|16
19|19|2013-01-19||Missouri State|W|69|66|25|54|.463|8|20|.400|11|13|.846|6|23|12|9|2|9|17||20|45|.444|8|18|.444|18|21|.857|8|32|11|6|2|15|16
20|20|2013-01-23|@|Evansville|L|56|66|20|53|.377|6|15|.400|10|13|.769|8|27|10|5|2|15|17||27|54|.500|2|13|.154|10|14|.714|9|29|15|5|8|10|16
21|21|2013-01-26|@|Wichita State|L|39|73|15|47|.319|4|15|.267|5|7|.714|4|17|9|5|3|14|19||26|51|.510|6|15|.400|15|25|.600|14|39|16|10|3|12|13
22|22|2013-01-29||Illinois State|W|83|77|30|64|.469|2|16|.125|21|26|.808|13|32|9|13|0|13|21||22|48|.458|13|24|.542|20|26|.769|11|29|15|8|4|23|24
23|23|2013-02-02|@|Creighton|L|58|75|25|55|.455|5|14|.357|3|4|.750|2|18|11|4|1|9|15||28|55|.509|12|31|.387|7|7|1.000|8|31|20|5|5|10|11
24|24|2013-02-05||Evansville|W|76|70|26|53|.491|4|12|.333|20|26|.769|6|32|12|9|6|11|15||27|60|.450|6|15|.400|10|14|.714|8|30|15|8|3|11|21
25|25|2013-02-10||Northern Iowa|L|65|68|26|56|.464|7|15|.467|6|9|.667|5|26|7|6|2|10|18||20|48|.417|11|26|.423|17|18|.944|6|29|15|5|2|11|11
26|26|2013-02-13|@|Illinois State|L|59|79|23|65|.354|8|24|.333|5|8|.625|13|32|11|5|3|9|16||27|57|.474|7|21|.333|18|20|.900|8|33|16|3|6|9|10
27|27|2013-02-16||Indiana State|W|80|68|30|57|.526|5|16|.313|15|21|.714|7|30|17|11|1|14|13||24|53|.453|9|25|.360|11|12|.917|5|28|14|7|2|21|18
28|28|2013-02-20|@|Drake|L (1 OT)|84|92|28|69|.406|11|28|.393|17|23|.739|12|38|14|10|2|12|30||23|58|.397|8|25|.320|38|44|.864|8|37|12|5|2|12|21
29|29|2013-02-23|@|Illinois-Chicago|W|63|62|24|59|.407|2|12|.167|13|17|.765|12|32|8|9|3|12|19||23|50|.460|4|19|.211|12|16|.750|7|27|10|6|6|14|16
30|30|2013-02-27||Creighton|L|62|80|22|51|.431|5|20|.250|13|18|.722|5|19|13|9|2|12|22||27|52|.519|5|17|.294|21|26|.808|12|40|18|10|0|14|18
31|31|2013-03-02|@|Missouri State|L|56|64|22|50|.440|4|17|.235|8|13|.615|6|35|9|2|2|15|18||23|57|.404|8|25|.320|10|18|.556|7|26|13|5|4|3|15
32|32|2013-03-07|N|Drake|L|66|81|26|61|.426|9|23|.391|5|6|.833|10|29|14|5|1|11|15||27|54|.500|12|30|.400|15|18|.833|7|30|15|3|3|8|11
33|33|2013-03-20||Green Bay|W|75|69|24|60|.400|4|16|.250|23|31|.742|15|39|12|9|4|9|16||27|61|.443|4|14|.286|11|14|.786|8|34|18|5|4|12|22
34|34|2013-03-23||Tulane|W|77|72|30|58|.517|5|20|.250|12|18|.667|6|33|22|7|3|11|20||20|50|.400|10|23|.435|22|27|.815|4|27|13|6|0|15|18
35|35|2013-03-26|@|Northern Iowa|L|77|90|27|63|.429|10|22|.455|13|14|.929|13|28|12|3|1|7|15||33|56|.589|12|24|.500|12|16|.750|7|27|14|2|2|4|13
