ranker|game_season|date_game|game_location|opp_id|game_result|pts|opp_pts|fg|fga|fg_pct|fg3|fg3a|fg3_pct|ft|fta|ft_pct|orb|trb|ast|stl|blk|tov|pf|x|opp_fg|opp_fga|opp_fg_pct|opp_fg3|opp_fg3a|opp_fg3_pct|opp_ft|opp_fta|opp_ft_pct|opp_orb|opp_trb|opp_ast|opp_stl|opp_blk|opp_tov|opp_pf|
1|1|2012-11-11|@|Binghamton|W|58|49|21|52|.404|10|25|.400|6|9|.667|8|40|13|6|3|12|14||15|49|.306|9|27|.333|10|14|.714|4|30|9|5|0|10|13
2|2|2012-11-15|@|Central Connecticut State|L|71|86|25|56|.446|10|25|.400|11|13|.846|9|21|16|5|1|14|13||31|50|.620|11|19|.579|13|13|1.000|4|24|18|9|5|14|12
3|3|2012-11-17|@|Maine|W|70|68|23|57|.404|5|18|.278|19|27|.704|9|25|11|10|5|11|13||28|59|.475|4|10|.400|8|13|.615|14|37|16|5|6|16|19
4|4|2012-11-21||Bryant|L|61|68|22|52|.423|8|26|.308|9|17|.529|9|37|15|5|5|19|22||25|58|.431|4|16|.250|14|23|.609|5|25|11|10|1|7|15
5|5|2012-11-24||St. Francis (NY)|L (1 OT)|72|76|27|56|.482|7|20|.350|11|16|.688|14|35|13|7|6|23|14||30|55|.545|10|21|.476|6|12|.500|5|16|17|16|1|15|17
6|6|2012-11-29||Sacred Heart|W|69|56|24|68|.353|10|36|.278|11|17|.647|21|41|20|6|5|7|19||18|45|.400|2|11|.182|18|21|.857|5|28|11|5|4|13|15
7|7|2012-12-01|@|New Hampshire|L|50|63|19|59|.322|4|21|.190|8|13|.615|8|32|9|7|2|15|17||22|53|.415|7|20|.350|12|18|.667|8|37|10|9|1|16|14
8|8|2012-12-08|@|Notre Dame|L|57|84|21|57|.368|9|25|.360|6|9|.667|13|31|11|3|4|12|13||34|68|.500|9|26|.346|7|12|.583|16|39|22|11|5|3|7
9|9|2012-12-23|@|Northwestern|L|42|63|15|49|.306|4|14|.286|8|16|.500|8|25|12|7|4|12|13||23|47|.489|13|24|.542|4|5|.800|2|25|21|5|7|11|11
10|10|2012-12-28||Providence|W|69|68|26|52|.500|13|27|.481|4|12|.333|7|36|17|6|1|14|19||23|56|.411|10|22|.455|12|17|.706|7|30|17|7|1|7|12
11|11|2012-12-31|@|Albany (NY)|L|50|57|19|51|.373|5|18|.278|7|13|.538|5|28|7|6|3|14|21||17|52|.327|3|15|.200|20|27|.741|10|31|9|5|2|12|14
12|12|2013-01-04|@|Rhode Island|L|47|59|16|53|.302|4|17|.235|11|21|.524|9|35|9|7|4|13|26||18|55|.327|4|15|.267|19|31|.613|13|39|11|8|4|12|16
13|13|2013-01-08||Niagara|W (1 OT)|75|74|24|68|.353|11|29|.379|16|28|.571|19|49|15|9|6|20|17||26|68|.382|8|25|.320|14|24|.583|14|39|12|14|1|17|25
14|14|2013-01-12||Daniel Webster|W|71|34|24|54|.444|11|23|.478|12|19|.632|17|49|15|7|3|15|5||13|54|.241|6|21|.286|2|4|.500|8|25|7|6|1|12|16
15|15|2013-01-19||Yale|W|65|51|24|53|.453|8|20|.400|9|14|.643|6|31|14|7|2|10|14||19|58|.328|4|22|.182|9|15|.600|13|37|4|5|3|12|17
16|16|2013-01-26|@|Yale|L (1 OT)|64|76|21|58|.362|7|22|.318|15|24|.625|8|34|13|5|6|15|28||23|57|.404|7|14|.500|23|33|.697|10|42|20|9|5|16|23
17|17|2013-02-01|@|Dartmouth|W|62|50|24|46|.522|7|19|.368|7|10|.700|6|27|15|7|1|8|12||20|46|.435|7|18|.389|3|5|.600|5|23|12|3|0|11|11
18|18|2013-02-02|@|Harvard|L (2 OT)|82|89|27|61|.443|12|32|.375|16|19|.842|10|26|16|11|0|17|22||30|54|.556|10|23|.435|19|27|.704|7|26|18|10|3|16|19
19|19|2013-02-08|@|Princeton|L|46|63|19|50|.380|1|12|.083|7|15|.467|11|30|4|3|3|11|15||23|42|.548|8|13|.615|9|13|.692|2|26|13|7|5|8|14
20|20|2013-02-09|@|Pennsylvania|L|48|71|17|57|.298|2|18|.111|12|17|.706|8|30|9|7|7|14|17||23|54|.426|9|15|.600|16|22|.727|6|34|14|6|3|13|14
21|21|2013-02-15||Columbia|W|58|55|19|44|.432|7|19|.368|13|21|.619|5|22|10|9|5|11|15||19|46|.413|6|15|.400|11|13|.846|8|31|11|7|1|19|17
22|22|2013-02-16||Cornell|L|66|69|23|55|.418|8|20|.400|12|15|.800|7|39|15|5|5|16|21||23|54|.426|8|20|.400|15|25|.600|6|31|12|5|3|9|14
23|23|2013-02-22||Harvard|L|47|65|16|43|.372|1|14|.071|14|23|.609|8|31|6|2|3|19|24||21|48|.438|2|12|.167|21|37|.568|5|27|7|12|3|6|17
24|24|2013-02-23||Dartmouth|W|59|50|23|55|.418|8|23|.348|5|11|.455|5|35|14|4|3|8|15||20|56|.357|4|16|.250|6|9|.667|8|38|6|4|4|11|14
25|25|2013-03-01|@|Cornell|W|84|65|31|58|.534|13|27|.481|9|13|.692|10|34|19|8|7|8|9||26|56|.464|8|23|.348|5|7|.714|7|25|12|2|8|10|14
26|26|2013-03-02|@|Columbia|W|61|58|20|39|.513|5|12|.417|16|26|.615|6|24|7|9|2|12|20||20|44|.455|6|16|.375|12|20|.600|8|26|5|8|0|13|25
27|27|2013-03-08||Pennsylvania|L|64|66|19|45|.422|9|21|.429|17|22|.773|12|39|10|11|4|25|13||25|60|.417|8|14|.571|8|9|.889|7|23|11|10|1|14|18
28|28|2013-03-09||Princeton|W|80|67|21|42|.500|6|11|.545|32|52|.615|8|42|14|6|3|13|19||21|59|.356|7|25|.280|18|27|.667|7|28|13|8|3|10|33
