ranker|game_season|date_game|game_location|opp_id|game_result|pts|opp_pts|fg|fga|fg_pct|fg3|fg3a|fg3_pct|ft|fta|ft_pct|orb|trb|ast|stl|blk|tov|pf|x|opp_fg|opp_fga|opp_fg_pct|opp_fg3|opp_fg3a|opp_fg3_pct|opp_ft|opp_fta|opp_ft_pct|opp_orb|opp_trb|opp_ast|opp_stl|opp_blk|opp_tov|opp_pf|
1|1|2012-11-10||Elon|W|74|59|29|58|.500|9|24|.375|7|11|.636|11|34|16|6|2|14|19||21|53|.396|7|22|.318|10|15|.667|4|19|12|5|4|9|12
2|2|2012-11-13|@|Xavier|L|47|62|19|52|.365|4|18|.222|5|12|.417|10|28|9|4|1|10|18||23|46|.500|5|17|.294|11|17|.647|5|29|14|5|1|9|14
3|3|2012-11-19|N|Marquette|W|72|71|27|61|.443|4|21|.190|14|25|.560|12|31|10|8|1|7|22||24|49|.490|4|14|.286|19|28|.679|11|35|7|7|3|14|24
4|4|2012-11-20|N|North Carolina|W|82|71|25|53|.472|12|25|.480|20|25|.800|9|36|12|8|1|18|20||27|63|.429|7|22|.318|10|12|.833|9|27|13|9|0|15|20
5|5|2012-11-21|N|Illinois|L|61|78|22|61|.361|7|28|.250|10|17|.588|15|35|11|2|0|10|17||24|50|.480|10|25|.400|20|21|.952|5|29|11|5|5|8|19
6|6|2012-11-27||Hanover|W|97|73|35|59|.593|9|18|.500|18|26|.692|11|37|19|6|7|15|16||27|65|.415|12|32|.375|7|11|.636|5|15|20|5|2|10|18
7|7|2012-12-01||Ball State|W|67|53|28|69|.406|4|23|.174|7|11|.636|15|32|14|10|3|5|16||20|45|.444|2|11|.182|11|19|.579|9|35|5|1|2|19|15
8|8|2012-12-05||IUPUI|W|87|55|30|54|.556|11|21|.524|16|21|.762|5|27|21|14|0|9|17||19|44|.432|5|13|.385|12|17|.706|4|18|13|5|0|19|16
9|9|2012-12-08|@|Northwestern|W|74|65|24|50|.480|6|16|.375|20|29|.690|14|37|13|9|3|14|25||18|55|.327|7|24|.292|22|31|.710|14|30|10|3|3|13|23
10|10|2012-12-15|N|Indiana|W (1 OT)|88|86|33|69|.478|11|24|.458|11|16|.688|17|37|13|5|4|18|27||27|63|.429|5|12|.417|27|38|.711|12|31|14|13|4|13|18
11|11|2012-12-22||Evansville|W|75|67|24|49|.490|4|16|.250|23|27|.852|6|36|10|5|5|17|21||25|61|.410|4|15|.267|13|18|.722|8|27|14|9|1|10|24
12|12|2012-12-29|@|Vanderbilt|W|68|49|24|51|.471|8|20|.400|12|17|.706|10|39|13|5|2|12|18||17|51|.333|7|17|.412|8|19|.421|6|24|7|3|3|9|16
13|13|2013-01-02||Pennsylvania|W|70|57|25|57|.439|4|19|.211|16|21|.762|12|35|9|8|1|14|12||22|51|.431|8|15|.533|5|6|.833|3|19|11|7|3|19|19
14|14|2013-01-05||New Orleans|W|57|44|17|42|.405|5|16|.313|18|23|.783|8|31|14|3|4|14|14||17|43|.395|4|10|.400|6|11|.545|3|20|9|7|2|13|19
15|15|2013-01-09|@|Saint Joseph's|W|72|66|27|62|.435|9|19|.474|9|12|.750|10|39|17|4|2|5|17||21|59|.356|10|25|.400|14|18|.778|11|37|12|2|9|8|11
16|16|2013-01-12|@|Dayton|W|79|73|25|43|.581|7|13|.538|22|35|.629|4|25|19|6|7|11|21||25|63|.397|7|19|.368|16|21|.762|16|36|10|5|2|12|27
17|17|2013-01-16||Richmond|W|62|47|21|56|.375|5|19|.263|15|21|.714|17|47|12|4|1|11|17||17|52|.327|7|24|.292|6|13|.462|5|18|9|4|5|6|17
18|18|2013-01-19||Gonzaga|W|64|63|22|44|.500|8|19|.421|12|23|.522|6|25|14|4|2|12|16||24|51|.471|4|14|.286|11|15|.733|8|24|14|5|2|7|19
19|19|2013-01-23|@|La Salle|L|53|54|23|47|.489|3|8|.375|4|7|.571|6|28|17|5|2|13|11||23|56|.411|4|15|.267|4|6|.667|7|21|15|10|5|8|11
20|20|2013-01-26||Temple|W|83|71|26|50|.520|8|20|.400|23|29|.793|10|33|16|5|3|14|18||24|59|.407|9|18|.500|14|18|.778|8|21|14|6|0|9|19
21|21|2013-01-31|@|Saint Louis|L|58|75|22|51|.431|5|14|.357|9|13|.692|6|35|14|4|0|23|16||30|60|.500|6|19|.316|9|16|.563|5|28|12|14|2|10|15
22|22|2013-02-02||Rhode Island|W|75|68|23|47|.489|5|12|.417|24|27|.889|7|28|11|5|2|15|21||20|50|.400|4|11|.364|24|28|.857|9|22|9|5|3|11|23
23|23|2013-02-06||St. Bonaventure|W|77|58|26|52|.500|11|26|.423|14|20|.700|8|31|14|6|3|13|17||18|47|.383|4|9|.444|18|25|.720|6|19|8|4|3|12|18
24|24|2013-02-09|@|George Washington|W|59|56|21|55|.382|4|13|.308|13|21|.619|12|43|6|8|6|18|23||17|61|.279|1|12|.083|21|30|.700|16|39|7|9|6|13|18
25|25|2013-02-13||Charlotte|L|67|71|23|59|.390|10|29|.345|11|17|.647|9|30|9|5|2|11|21||26|48|.542|2|5|.400|17|29|.586|5|33|8|7|1|12|17
26|26|2013-02-16|@|Fordham|W|68|63|20|51|.392|6|21|.286|22|34|.647|11|38|11|4|0|14|19||24|63|.381|4|19|.211|11|15|.733|13|35|14|4|3|10|23
27|27|2013-02-19||Duquesne|W|68|49|24|55|.436|10|21|.476|10|14|.714|10|34|15|5|1|8|9||19|51|.373|5|21|.238|6|8|.750|5|26|8|4|5|10|15
28|28|2013-02-22||Saint Louis|L|61|65|20|46|.435|6|18|.333|15|26|.577|8|36|11|3|6|14|22||24|56|.429|3|17|.176|14|26|.538|8|27|10|5|3|4|20
29|29|2013-03-02|@|Virginia Commonwealth|L|52|84|20|49|.408|3|14|.214|9|20|.450|15|38|9|3|1|20|13||29|60|.483|10|23|.435|16|20|.800|10|26|15|17|8|8|21
30|30|2013-03-07|@|Massachusetts|W|73|62|26|55|.473|3|19|.158|18|25|.720|15|34|18|8|1|11|19||20|44|.455|4|18|.222|18|21|.857|4|18|15|7|5|14|18
31|31|2013-03-09||Xavier|W|67|62|21|45|.467|6|16|.375|19|28|.679|3|27|11|5|3|13|18||22|53|.415|4|10|.400|14|16|.875|6|29|8|5|2|12|23
32|32|2013-03-14|N|Dayton|W|73|67|24|57|.421|10|24|.417|15|21|.714|9|28|17|6|2|8|15||27|55|.491|2|4|.500|11|17|.647|9|29|7|6|2|9|18
33|33|2013-03-15|N|La Salle|W|69|58|28|57|.491|3|15|.200|10|10|1.000|9|37|10|4|2|13|14||20|50|.400|7|23|.304|11|17|.647|6|22|11|9|6|11|15
34|34|2013-03-16|N|Saint Louis|L|56|67|21|54|.389|5|18|.278|9|13|.692|10|38|9|6|3|20|22||20|45|.444|7|18|.389|20|31|.645|4|29|9|14|0|11|15
35|35|2013-03-21|N|Bucknell|W|68|56|20|55|.364|3|17|.176|25|28|.893|6|36|8|6|3|5|12||23|62|.371|5|16|.313|5|8|.625|4|30|13|0|4|9|20
36|36|2013-03-23|N|Marquette|L|72|74|24|56|.429|11|24|.458|13|19|.684|9|28|13|7|8|15|20||23|54|.426|5|12|.417|23|27|.852|10|28|9|9|4|15|17
