ranker|game_season|date_game|game_location|opp_id|game_result|pts|opp_pts|fg|fga|fg_pct|fg3|fg3a|fg3_pct|ft|fta|ft_pct|orb|trb|ast|stl|blk|tov|pf|x|opp_fg|opp_fga|opp_fg_pct|opp_fg3|opp_fg3a|opp_fg3_pct|opp_ft|opp_fta|opp_ft_pct|opp_orb|opp_trb|opp_ast|opp_stl|opp_blk|opp_tov|opp_pf|
1|1|2012-11-12|@|Stanford|L|68|81|23|53|.434|9|22|.409|13|17|.765|5|29|12|5|1|25|25||29|64|.453|2|13|.154|21|27|.778|12|35|11|8|1|15|20
2|2|2012-11-16|@|Nevada|L|77|80|25|53|.472|9|21|.429|18|22|.818|8|29|15|9|1|17|26||26|57|.456|6|23|.261|22|30|.733|10|27|15|9|6|15|19
3|3|2012-11-17|N|Southern Utah|W|112|69|37|57|.649|12|17|.706|26|35|.743|5|24|30|20|1|18|26||23|50|.460|6|17|.353|17|26|.654|9|25|14|7|3|31|27
4|4|2012-11-18|N|Green Bay|W|93|82|29|53|.547|10|20|.500|25|29|.862|5|25|17|6|1|12|25||26|61|.426|4|24|.167|26|34|.765|16|38|17|8|1|14|22
5|5|2012-11-23||San Diego Christian|W|106|60|41|72|.569|13|32|.406|11|19|.579|13|49|25|9|3|14|12||22|70|.314|9|28|.321|7|14|.500|16|37|15|9|4|19|17
6|6|2012-11-30|@|Eastern Washington|L|75|79|24|63|.381|7|22|.318|20|25|.800|10|33|13|12|1|13|25||26|57|.456|7|20|.350|20|29|.690|12|40|16|8|4|19|19
7|7|2012-12-02|@|Washington|L|72|74|30|71|.423|7|22|.318|5|10|.500|13|34|14|8|1|13|21||24|60|.400|4|16|.250|22|30|.733|11|35|15|4|5|12|15
8|8|2012-12-06||Cal State Bakersfield|L|70|72|21|55|.382|9|27|.333|19|22|.864|6|29|11|5|2|14|19||27|66|.409|4|16|.250|14|20|.700|14|41|11|4|2|15|19
9|9|2012-12-13||Idaho State|W|66|53|23|51|.451|6|22|.273|14|15|.933|6|26|12|7|2|10|20||17|45|.378|4|14|.286|15|19|.789|7|28|8|7|1|17|17
10|10|2012-12-16|@|Texas Southern|W|93|86|34|56|.607|8|17|.471|17|21|.810|5|24|19|6|0|10|14||33|59|.559|11|25|.440|9|12|.750|6|22|23|3|3|13|20
11|11|2012-12-22||Hope International|W|87|65|37|68|.544|6|17|.353|7|12|.583|13|37|16|6|1|8|16||26|57|.456|5|11|.455|8|12|.667|6|25|11|2|2|16|13
12|12|2012-12-29||California-Santa Barbara|W|86|79|26|49|.531|14|30|.467|20|21|.952|4|22|17|6|1|7|10||31|64|.484|15|36|.417|2|3|.667|13|33|20|3|1|14|17
13|13|2013-01-03|@|Hawaii|L|88|90|36|70|.514|10|23|.435|6|11|.545|10|26|15|14|2|14|19||36|64|.563|6|16|.375|12|20|.600|13|34|20|6|2|20|14
14|14|2013-01-05|@|Cal State Northridge|W|105|86|34|58|.586|12|23|.522|25|31|.806|5|24|15|7|3|16|17||34|79|.430|3|11|.273|15|18|.833|19|39|19|10|4|13|25
15|15|2013-01-09|@|Cal State Bakersfield|W|74|62|29|55|.527|5|16|.313|11|18|.611|7|28|17|12|1|14|17||21|41|.512|7|18|.389|13|20|.650|3|26|14|7|0|24|18
16|16|2013-01-12||California-Riverside|W|71|69|23|54|.426|9|25|.360|16|20|.800|6|19|15|12|1|10|16||28|45|.622|5|15|.333|8|15|.533|8|30|11|5|0|23|16
17|17|2013-01-17||California-Irvine|L|65|92|22|58|.379|6|19|.316|15|17|.882|5|23|15|6|2|12|18||35|62|.565|12|27|.444|10|14|.714|10|39|18|6|8|14|17
18|18|2013-01-19||Long Beach State|L|71|81|27|69|.391|5|24|.208|12|15|.800|11|28|14|5|3|8|22||27|57|.474|6|18|.333|21|29|.724|15|45|17|3|2|18|18
19|19|2013-01-24|@|California-Davis|W|95|88|34|62|.548|12|23|.522|15|19|.789|8|30|19|8|1|11|20||27|53|.509|10|22|.455|24|29|.828|7|26|14|5|3|13|17
20|20|2013-01-26|@|Pacific|L|67|71|23|55|.418|12|24|.500|9|10|.900|4|28|12|6|2|16|14||26|52|.500|8|13|.615|11|20|.550|2|28|20|6|2|12|14
21|21|2013-01-31||Cal State Northridge|L|86|92|30|63|.476|9|26|.346|17|24|.708|6|24|14|9|1|13|23||33|62|.532|3|11|.273|23|33|.697|15|42|17|5|4|19|20
22|22|2013-02-02||Hawaii|L|75|77|29|65|.446|6|23|.261|11|14|.786|7|34|15|5|1|14|22||26|54|.481|6|15|.400|19|28|.679|4|29|15|8|4|13|14
23|23|2013-02-09|@|California-Riverside|W|79|67|25|51|.490|11|31|.355|18|20|.900|5|21|15|5|2|8|18||26|48|.542|4|15|.267|11|20|.550|7|29|20|2|2|13|18
24|24|2013-02-13|@|Long Beach State|L|65|85|24|68|.353|9|28|.321|8|9|.889|13|28|13|7|2|11|11||35|68|.515|6|21|.286|9|12|.750|18|47|15|9|5|16|13
25|25|2013-02-16|@|California-Irvine|L|66|86|22|55|.400|7|21|.333|15|26|.577|8|28|12|12|2|13|17||34|66|.515|11|25|.440|7|12|.583|13|41|26|4|5|16|18
26|26|2013-02-20||Cal Poly|W|77|60|28|50|.560|6|16|.375|15|20|.750|6|27|14|5|2|11|16||23|59|.390|8|26|.308|6|10|.600|13|32|11|4|5|14|15
27|27|2013-02-23|@|Texas A&M-Corpus Christi|W|63|57|19|42|.452|6|18|.333|19|28|.679|3|23|9|5|3|9|17||22|47|.468|5|18|.278|8|13|.615|3|26|17|5|3|12|21
28|28|2013-02-28||Pacific|L|55|64|16|52|.308|7|24|.292|16|24|.667|11|25|11|8|1|12|21||22|45|.489|4|12|.333|16|21|.762|7|33|16|4|1|17|21
29|29|2013-03-02||California-Davis|L|68|71|22|51|.431|8|24|.333|16|19|.842|4|21|12|9|1|9|17||27|53|.509|8|15|.533|9|15|.600|11|37|16|3|3|16|18
30|30|2013-03-07|@|California-Santa Barbara|L|50|66|17|48|.354|3|15|.200|13|22|.591|8|21|7|5|2|10|17||24|54|.444|4|13|.308|14|20|.700|16|40|13|7|5|14|20
31|31|2013-03-09|@|Cal Poly|L|60|62|20|41|.488|6|17|.353|14|16|.875|7|24|9|3|3|14|18||21|47|.447|5|13|.385|15|20|.750|8|22|16|7|1|8|15
32|32|2013-03-14|N|Long Beach State|L|66|75|25|51|.490|7|15|.467|9|16|.563|6|16|18|6|2|8|16||29|50|.580|6|14|.429|11|19|.579|14|33|14|4|4|14|19
