ranker|game_season|date_game|game_location|opp_id|game_result|pts|opp_pts|fg|fga|fg_pct|fg3|fg3a|fg3_pct|ft|fta|ft_pct|orb|trb|ast|stl|blk|tov|pf|x|opp_fg|opp_fga|opp_fg_pct|opp_fg3|opp_fg3a|opp_fg3_pct|opp_ft|opp_fta|opp_ft_pct|opp_orb|opp_trb|opp_ast|opp_stl|opp_blk|opp_tov|opp_pf|
1|1|2012-11-12||Boston University|W|83|75|30|56|.536|9|17|.529|14|26|.538|10|31|13|7|5|10|13||28|57|.491|12|25|.480|7|9|.778|7|25|18|5|3|13|26
2|2|2012-11-17||St. Bonaventure|W|72|69|23|54|.426|8|21|.381|18|21|.857|8|24|15|5|2|13|14||26|52|.500|9|22|.409|8|10|.800|7|27|15|3|3|19|20
3|3|2012-11-20||Buffalo|W|71|64|26|65|.400|5|21|.238|14|18|.778|8|20|19|8|3|7|15||24|46|.522|5|16|.313|11|14|.786|6|32|18|5|5|24|20
4|4|2012-11-24|@|Stony Brook|L|75|82|24|60|.400|7|26|.269|20|26|.769|10|26|9|5|4|10|24||25|63|.397|5|12|.417|27|31|.871|15|40|16|6|4|13|20
5|5|2012-11-29|@|Maryland-Baltimore County|W|83|65|27|55|.491|3|20|.150|26|31|.839|13|41|16|6|1|18|16||27|65|.415|3|20|.150|8|14|.571|9|23|10|8|2|15|25
6|6|2012-12-07|@|Fairfield|W|67|55|21|43|.488|9|16|.563|16|21|.762|8|30|7|8|4|17|15||21|53|.396|7|21|.333|6|13|.462|14|31|9|9|5|15|18
7|7|2012-12-09|@|Marist|W|94|82|30|69|.435|17|36|.472|17|28|.607|19|47|23|4|2|15|22||27|63|.429|8|25|.320|20|28|.714|6|29|16|11|5|9|20
8|8|2012-12-15|@|Syracuse|L|61|85|20|57|.351|12|30|.400|9|12|.750|13|33|11|3|0|18|15||34|62|.548|8|14|.571|9|18|.500|12|32|23|9|7|10|15
9|9|2012-12-17||Longwood|W|82|54|30|60|.500|13|28|.464|9|15|.600|7|31|17|4|7|8|13||22|63|.349|3|16|.188|7|12|.583|14|35|14|2|1|15|18
10|10|2012-12-19|@|Temple|W|72|62|23|53|.434|10|21|.476|16|18|.889|7|36|10|2|4|10|15||22|63|.349|4|28|.143|14|21|.667|9|28|10|4|4|4|17
11|11|2012-12-22|@|Nevada-Las Vegas|L|74|89|27|67|.403|13|29|.448|7|8|.875|9|25|12|8|0|12|20||34|57|.596|6|13|.462|15|20|.750|8|33|24|8|13|16|13
12|12|2012-12-27||Alcorn State|W|87|74|27|56|.482|9|23|.391|24|33|.727|16|38|17|8|2|15|13||26|57|.456|8|24|.333|14|17|.824|6|23|21|9|4|12|23
13|13|2012-12-30|@|Detroit Mercy|L|78|83|28|55|.509|11|21|.524|11|14|.786|9|32|12|5|2|23|22||27|60|.450|9|23|.391|20|25|.800|8|25|14|10|3|11|13
14|14|2013-01-03||Fairfield|L|45|66|14|46|.304|3|15|.200|14|27|.519|15|33|6|5|3|20|23||23|48|.479|2|14|.143|18|25|.720|7|29|13|9|2|11|25
15|15|2013-01-05||Marist|W|73|64|24|56|.429|10|23|.435|15|19|.789|11|36|17|8|3|16|18||23|56|.411|5|19|.263|13|20|.650|12|30|16|10|6|16|18
16|16|2013-01-11|@|Siena|L|54|57|21|54|.389|8|27|.296|4|6|.667|9|35|12|4|1|14|16||19|46|.413|9|23|.391|10|19|.526|6|26|9|4|0|11|11
17|17|2013-01-13|@|Iona|L|87|97|32|64|.500|12|28|.429|11|13|.846|13|32|20|4|2|14|16||35|65|.538|16|33|.485|11|18|.611|11|30|23|7|4|11|15
18|18|2013-01-17||Manhattan|W|64|60|22|45|.489|8|20|.400|12|19|.632|7|25|14|7|1|16|23||19|45|.422|6|16|.375|16|21|.762|9|26|11|7|4|17|22
19|19|2013-01-19||Siena|W|76|44|32|73|.438|8|27|.296|4|7|.571|19|37|18|13|6|4|13||16|49|.327|3|12|.250|9|10|.900|8|29|9|1|3|19|11
20|20|2013-01-25|@|Rider|W|67|50|27|55|.491|9|24|.375|4|5|.800|13|39|10|7|2|19|16||16|50|.320|6|23|.261|12|14|.857|7|22|9|8|2|14|12
21|21|2013-01-27||Niagara|L|65|66|25|65|.385|10|31|.323|5|8|.625|16|38|10|5|2|12|15||24|59|.407|6|25|.240|12|16|.750|11|33|13|10|3|10|14
22|22|2013-01-31||Loyola (MD)|W|91|79|29|48|.604|13|19|.684|20|24|.833|10|34|16|1|7|15|14||30|68|.441|5|18|.278|14|20|.700|12|23|18|11|2|3|19
23|23|2013-02-02||Iona|W|77|74|22|55|.400|14|30|.467|19|27|.704|7|30|13|3|2|9|15||29|73|.397|7|29|.241|9|14|.643|18|45|18|4|4|10|18
24|24|2013-02-07|@|Manhattan|L|54|67|15|44|.341|8|27|.296|16|20|.800|6|21|9|6|6|15|21||23|42|.548|7|13|.538|14|22|.636|6|23|14|8|5|11|20
25|25|2013-02-10|@|Niagara|W|77|70|25|54|.463|8|23|.348|19|24|.792|8|34|6|5|6|15|17||24|62|.387|10|29|.345|12|23|.522|12|30|17|8|3|13|21
26|26|2013-02-14|@|Loyola (MD)|L|64|68|21|48|.438|6|21|.286|16|23|.696|13|25|7|6|4|17|12||26|52|.500|6|14|.429|10|12|.833|10|25|14|10|1|15|16
27|27|2013-02-16|@|Saint Peter's|W|68|59|22|54|.407|5|21|.238|19|33|.576|14|38|9|9|4|9|13||22|57|.386|7|23|.304|8|12|.667|12|35|12|3|1|16|27
28|28|2013-02-23|@|Vermont|L|79|87|28|58|.483|11|27|.407|12|14|.857|9|25|12|7|4|13|25||26|45|.578|8|16|.500|27|31|.871|4|23|14|6|3|14|13
29|29|2013-02-28||Saint Peter's|W (1 OT)|77|65|26|54|.481|9|17|.529|16|23|.696|9|28|11|7|3|11|12||27|56|.482|7|20|.350|4|11|.364|13|30|12|7|4|17|23
30|30|2013-03-02||Rider|L|61|65|20|47|.426|7|25|.280|14|20|.700|5|19|11|6|2|9|18||25|46|.543|4|15|.267|11|17|.647|5|27|11|5|2|13|18
31|31|2013-03-09|N|Iona|L|85|89|31|61|.508|11|23|.478|12|21|.571|8|24|15|3|0|6|23||25|54|.463|5|18|.278|34|40|.850|11|32|12|2|3|8|15
32|32|2013-03-20||Elon|W|69|53|26|59|.441|7|21|.333|10|14|.714|5|37|13|11|7|10|12||20|68|.294|9|34|.265|4|6|.667|15|42|15|6|1|19|14
33|33|2013-03-23|@|Youngstown State|W (1 OT)|84|82|28|75|.373|10|31|.323|18|25|.720|16|39|11|4|2|6|16||29|65|.446|15|34|.441|9|13|.692|11|37|20|4|1|15|19
34|34|2013-03-26||Evansville|L|83|84|31|58|.534|10|22|.455|11|16|.688|10|30|11|4|8|16|22||29|61|.475|6|16|.375|20|28|.714|12|28|20|7|1|9|19
