ranker|game_season|date_game|game_location|opp_id|game_result|pts|opp_pts|fg|fga|fg_pct|fg3|fg3a|fg3_pct|ft|fta|ft_pct|orb|trb|ast|stl|blk|tov|pf|x|opp_fg|opp_fga|opp_fg_pct|opp_fg3|opp_fg3a|opp_fg3_pct|opp_ft|opp_fta|opp_ft_pct|opp_orb|opp_trb|opp_ast|opp_stl|opp_blk|opp_tov|opp_pf|
1|1|2012-11-09|@|Illinois|L|55|75|20|51|.392|7|23|.304|8|11|.727|4|31|13|5|5|17|15||29|74|.392|13|30|.433|4|10|.400|18|46|14|5|2|12|12
2|2|2012-11-11|@|Marquette|L|63|84|21|54|.389|9|28|.321|12|18|.667|13|39|15|5|4|18|17||31|65|.477|6|13|.462|16|24|.667|12|34|23|12|2|8|15
3|3|2012-11-14||Marist|W|74|60|27|58|.466|5|11|.455|15|22|.682|5|31|17|7|1|10|23||19|46|.413|3|14|.214|19|30|.633|6|32|6|5|3|15|21
4|4|2012-11-17|@|Elon|L|72|81|22|58|.379|9|18|.500|19|22|.864|8|36|10|3|1|13|22||27|62|.435|9|25|.360|18|24|.750|10|38|14|7|8|9|21
5|5|2012-11-18|N|Coppin State|W|88|84|28|50|.560|14|25|.560|18|28|.643|3|40|19|7|7|26|18||30|76|.395|11|33|.333|13|22|.591|12|36|9|15|1|14|22
6|6|2012-11-21|@|Saint Francis (PA)|W|85|76|25|43|.581|14|20|.700|21|28|.750|8|33|15|2|2|13|18||30|58|.517|6|21|.286|10|16|.625|4|17|17|4|1|2|22
7|7|2012-11-25|@|Syracuse|L|51|87|19|56|.339|9|28|.321|4|4|1.000|7|31|15|4|3|16|23||28|61|.459|6|25|.240|25|32|.781|12|41|18|12|5|6|7
8|8|2012-12-01|@|Cornell|L|63|70|22|58|.379|8|29|.276|11|15|.733|8|36|12|6|2|15|16||26|65|.400|6|22|.273|12|18|.667|13|40|13|6|4|13|14
9|9|2012-12-05|@|Quinnipiac|L|56|67|20|54|.370|6|19|.316|10|15|.667|7|26|13|6|1|15|27||19|55|.345|4|13|.308|25|38|.658|17|42|10|8|1|14|19
10|10|2012-12-08||Albany (NY)|L|61|67|25|60|.417|2|15|.133|9|14|.643|10|37|9|5|5|6|19||22|54|.407|8|22|.364|15|20|.750|6|32|7|4|4|7|16
11|11|2012-12-18|@|Providence|L|45|79|19|58|.328|6|23|.261|1|4|.250|11|31|12|2|0|17|16||32|70|.457|11|26|.423|4|10|.400|19|48|25|11|4|12|9
12|12|2012-12-22|@|St. Francis (NY)|L|61|73|21|51|.412|5|17|.294|14|16|.875|8|34|10|2|0|14|15||27|72|.375|10|30|.333|9|14|.643|17|37|16|7|4|5|14
13|13|2012-12-28||Binghamton|W|74|47|27|53|.509|11|27|.407|9|18|.500|6|33|20|7|3|13|19||17|61|.279|4|22|.182|9|13|.692|8|30|5|4|0|14|17
14|14|2012-12-30||New Hampshire|W|65|63|25|51|.490|6|20|.300|9|14|.643|7|35|14|5|8|13|17||21|56|.375|11|23|.478|10|18|.556|8|28|13|6|0|8|17
15|15|2013-01-02|@|Columbia|L|59|66|21|48|.438|5|15|.333|12|16|.750|5|32|10|3|8|13|12||24|58|.414|9|21|.429|9|10|.900|5|27|13|6|2|7|17
16|16|2013-01-05|@|Dartmouth|W|78|62|23|44|.523|10|13|.769|22|27|.815|7|32|11|5|6|19|17||22|56|.393|4|15|.267|14|20|.700|11|27|9|8|3|12|22
17|17|2013-01-12||American|L|63|72|24|64|.375|5|21|.238|10|12|.833|7|30|12|2|0|5|20||25|55|.455|3|12|.250|19|25|.760|8|36|11|1|3|7|12
18|18|2013-01-16||Bucknell|L|59|73|26|61|.426|3|12|.250|4|4|1.000|8|28|10|2|3|14|16||25|55|.455|5|11|.455|18|22|.818|9|30|10|10|9|8|7
19|19|2013-01-19|@|Lehigh|L|45|60|18|59|.305|2|22|.091|7|13|.538|10|33|5|2|5|16|20||20|55|.364|6|17|.353|14|22|.636|7|37|13|11|6|11|18
20|20|2013-01-23||Army|W (1 OT)|93|90|35|68|.515|12|23|.522|11|18|.611|9|34|18|7|3|14|16||35|61|.574|8|19|.421|12|19|.632|4|31|18|8|4|15|17
21|21|2013-01-26|@|Navy|W|70|56|26|52|.500|7|19|.368|11|16|.688|3|35|18|3|5|8|19||17|54|.315|5|23|.217|17|25|.680|6|31|6|3|2|12|20
22|22|2013-01-30|@|Lafayette|L|40|69|15|50|.300|3|17|.176|7|11|.636|10|31|9|7|4|18|17||25|50|.500|10|22|.455|9|13|.692|5|31|17|10|4|11|13
23|23|2013-02-02||Holy Cross|W|63|45|25|59|.424|7|19|.368|6|8|.750|6|28|13|5|1|6|10||17|45|.378|7|17|.412|4|6|.667|4|28|8|1|3|15|13
24|24|2013-02-06||NJIT|L|58|77|18|47|.383|8|20|.400|14|20|.700|6|25|13|4|0|15|16||30|57|.526|8|15|.533|9|12|.750|7|30|15|8|1|9|18
25|25|2013-02-09|@|American|L|55|70|21|61|.344|6|20|.300|7|10|.700|8|24|12|5|2|4|20||21|45|.467|7|17|.412|21|26|.808|7|34|14|2|2|8|13
26|26|2013-02-13|@|Bucknell|L|61|69|22|46|.478|4|15|.267|13|21|.619|7|31|8|6|1|14|19||29|61|.475|5|15|.333|6|11|.545|10|30|16|5|2|7|18
27|27|2013-02-16||Lehigh|W|64|60|22|54|.407|8|21|.381|12|14|.857|6|35|16|6|4|16|14||24|62|.387|3|18|.167|9|12|.750|5|30|6|8|1|11|14
28|28|2013-02-20|@|Army|L|63|77|22|64|.344|5|26|.192|14|18|.778|15|31|5|7|0|7|19||24|49|.490|10|23|.435|19|24|.792|10|34|14|2|1|11|16
29|29|2013-02-24||Navy|W|59|46|21|53|.396|5|15|.333|12|20|.600|16|45|13|6|2|13|12||17|50|.340|3|15|.200|9|15|.600|4|23|9|6|4|10|17
30|30|2013-02-27||Lafayette|L|67|80|25|59|.424|8|22|.364|9|11|.818|8|31|13|2|4|9|13||29|56|.518|11|20|.550|11|12|.917|3|28|18|4|0|6|12
31|31|2013-03-02|@|Holy Cross|L|59|74|21|57|.368|7|24|.292|10|14|.714|8|30|12|5|1|9|20||24|48|.500|6|16|.375|20|24|.833|3|28|20|5|3|9|15
32|32|2013-03-06|@|Lehigh|L|64|71|29|59|.492|4|17|.235|2|3|.667|4|23|20|5|0|9|16||25|47|.532|7|18|.389|14|19|.737|3|26|19|3|3|10|9
