ranker|game_season|date_game|game_location|opp_id|game_result|pts|opp_pts|fg|fga|fg_pct|fg3|fg3a|fg3_pct|ft|fta|ft_pct|orb|trb|ast|stl|blk|tov|pf|x|opp_fg|opp_fga|opp_fg_pct|opp_fg3|opp_fg3a|opp_fg3_pct|opp_ft|opp_fta|opp_ft_pct|opp_orb|opp_trb|opp_ast|opp_stl|opp_blk|opp_tov|opp_pf|
1|1|2012-11-09|N|Michigan State|W|66|62|25|54|.463|6|13|.462|10|13|.769|6|25|13|11|10|12|12||24|64|.375|4|17|.235|10|13|.769|17|38|9|9|3|15|15
2|2|2012-11-13||Vermont|W|67|49|25|56|.446|3|12|.250|14|18|.778|11|28|14|9|7|8|18||15|50|.300|3|18|.167|16|21|.762|16|36|8|7|3|15|16
3|3|2012-11-16|N|Wake Forest|W|77|71|25|53|.472|3|18|.167|24|30|.800|8|26|11|6|4|11|18||26|53|.491|7|16|.438|12|22|.545|10|28|13|4|2|17|20
4|4|2012-11-18|N|Quinnipiac|W (2 OT)|89|83|23|60|.383|4|16|.250|39|45|.867|4|29|9|9|5|10|26||26|66|.394|7|15|.467|24|35|.686|9|39|6|3|4|17|29
5|5|2012-11-19|N|New Mexico|L|60|66|23|54|.426|7|18|.389|7|9|.778|8|24|10|6|3|12|21||19|48|.396|7|22|.318|21|21|1.000|10|30|11|5|1|13|13
6|6|2012-11-25||Stony Brook|W|73|62|24|53|.453|10|22|.455|15|20|.750|8|32|11|8|4|12|17||23|61|.377|5|18|.278|11|15|.733|13|33|6|8|7|13|19
7|7|2012-11-29||New Hampshire|W|61|53|21|57|.368|1|14|.071|18|27|.667|8|40|13|9|7|12|11||19|62|.306|7|24|.292|8|14|.571|10|39|10|9|5|14|19
8|8|2012-12-04|N|North Carolina State|L|65|69|25|62|.403|8|23|.348|7|11|.636|13|28|10|9|5|10|17||26|55|.473|4|9|.444|13|21|.619|15|36|12|6|3|12|11
9|9|2012-12-07||Harvard|W|57|49|24|46|.522|4|17|.235|5|9|.556|5|19|14|8|3|10|7||21|43|.488|5|16|.313|2|5|.400|6|23|13|7|3|16|10
10|10|2012-12-17||Maryland-Eastern Shore|W|84|50|33|50|.660|10|19|.526|8|14|.571|3|23|21|7|5|9|8||20|52|.385|3|9|.333|7|12|.583|10|28|8|5|0|13|12
11|11|2012-12-21||Fordham|W|88|73|31|61|.508|8|21|.381|18|22|.818|4|22|21|15|5|11|18||27|59|.458|9|21|.429|10|16|.625|13|37|17|3|1|21|21
12|12|2012-12-29||Washington|W|61|53|22|47|.468|2|14|.143|15|25|.600|4|31|13|6|4|17|16||19|64|.297|4|17|.235|11|16|.688|13|34|10|8|3|13|20
13|13|2013-01-01|@|Marquette|L (1 OT)|76|82|26|58|.448|7|19|.368|17|25|.680|5|29|12|5|1|7|26||25|58|.431|2|16|.125|30|41|.732|11|39|15|3|6|9|21
14|14|2013-01-08||DePaul|W|99|78|36|73|.493|6|16|.375|21|27|.778|18|46|17|10|4|13|16||31|70|.443|5|17|.294|11|13|.846|9|26|13|6|7|15|20
15|15|2013-01-12|@|Notre Dame|W|65|58|27|53|.509|4|13|.308|7|11|.636|8|30|15|5|4|7|10||24|56|.429|6|13|.462|4|7|.571|8|22|13|3|1|9|13
16|16|2013-01-14||Louisville|L|58|73|21|53|.396|8|22|.364|8|13|.615|7|25|14|6|4|16|16||29|58|.500|4|13|.308|11|15|.733|10|33|13|10|4|13|16
17|17|2013-01-19|@|Pittsburgh|L|61|69|22|50|.440|6|22|.273|11|17|.647|7|25|12|5|0|11|18||24|53|.453|6|14|.429|15|23|.652|13|34|16|5|4|11|16
18|18|2013-01-27||Rutgers|W|66|54|22|52|.423|6|19|.316|16|20|.800|9|29|13|7|3|12|13||22|56|.393|5|18|.278|5|10|.500|8|30|11|7|3|16|19
19|19|2013-01-31|@|Providence|W (1 OT)|82|79|27|54|.500|9|17|.529|19|27|.704|4|21|20|8|10|11|28||22|65|.338|3|14|.214|32|39|.821|23|49|15|5|1|17|27
20|20|2013-02-03||South Florida|W (1 OT)|69|64|17|57|.298|9|27|.333|26|33|.788|11|36|11|9|6|10|14||22|63|.349|6|27|.222|14|17|.824|12|38|7|7|4|14|20
21|21|2013-02-06|@|St. John's (NY)|L|65|71|20|65|.308|10|28|.357|15|19|.789|12|36|16|8|4|7|20||21|55|.382|5|14|.357|24|31|.774|8|38|16|2|5|9|18
22|22|2013-02-10|@|Seton Hall|W|78|67|26|48|.542|5|14|.357|21|23|.913|4|28|14|13|3|16|18||26|54|.481|9|25|.360|6|17|.353|8|24|17|11|4|16|22
23|23|2013-02-13||Syracuse|W|66|58|21|45|.467|8|14|.571|16|22|.727|11|35|15|7|2|18|15||23|65|.354|4|23|.174|8|14|.571|18|34|8|11|6|10|17
24|24|2013-02-16||Villanova|L|61|70|22|46|.478|5|16|.313|12|14|.857|5|24|15|5|3|19|19||25|62|.403|9|21|.429|11|17|.647|19|40|15|11|2|13|14
25|25|2013-02-21||Cincinnati|W (1 OT)|73|66|21|51|.412|10|19|.526|21|27|.778|4|20|12|6|4|6|12||26|63|.413|6|22|.273|8|10|.800|13|34|9|2|6|12|22
26|26|2013-02-23|@|DePaul|W|81|69|30|50|.600|11|22|.500|10|12|.833|5|32|18|6|2|17|14||28|58|.483|5|15|.333|8|13|.615|4|20|15|14|2|11|12
27|27|2013-02-27||Georgetown|L (2 OT)|78|79|28|66|.424|11|29|.379|11|14|.786|8|33|19|6|8|15|16||27|57|.474|11|20|.550|14|19|.737|5|25|16|8|3|15|19
28|28|2013-03-02|@|Cincinnati|L|56|61|18|52|.346|2|18|.111|18|24|.750|10|36|8|2|4|15|17||20|65|.308|9|31|.290|12|21|.571|14|36|10|10|5|8|18
29|29|2013-03-06|@|South Florida|L|51|65|20|57|.351|3|20|.150|8|13|.615|9|32|9|5|6|10|11||27|59|.458|6|17|.353|5|11|.455|11|36|16|7|7|5|13
30|30|2013-03-09||Providence|W (1 OT)|63|59|22|61|.361|5|19|.263|14|23|.609|11|33|10|8|6|8|14||21|59|.356|5|21|.238|12|14|.857|10|36|13|5|5|14|18
