ranker|game_season|date_game|game_location|opp_id|game_result|pts|opp_pts|fg|fga|fg_pct|fg3|fg3a|fg3_pct|ft|fta|ft_pct|orb|trb|ast|stl|blk|tov|pf|x|opp_fg|opp_fga|opp_fg_pct|opp_fg3|opp_fg3a|opp_fg3_pct|opp_ft|opp_fta|opp_ft_pct|opp_orb|opp_trb|opp_ast|opp_stl|opp_blk|opp_tov|opp_pf|
1|1|2012-11-09|@|Southern California|L|73|87|20|57|.351|9|26|.346|24|33|.727|8|24|8|8|0|14|21||29|61|.475|8|21|.381|21|28|.750|15|43|15|4|7|17|26
2|2|2012-11-12|@|Texas|L|46|69|14|57|.246|5|32|.156|13|17|.765|6|21|6|18|1|17|23||23|49|.469|7|20|.350|16|29|.552|16|49|14|3|6|26|17
3|3|2012-11-17|@|Florida Atlantic|L|61|64|20|65|.308|5|21|.238|16|24|.667|18|41|7|8|3|14|24||19|48|.396|6|14|.429|20|25|.800|7|33|8|7|5|18|20
4|4|2012-11-18|N|Colgate|L|84|88|30|76|.395|11|33|.333|13|22|.591|12|36|9|15|1|14|22||28|50|.560|14|25|.560|18|28|.643|3|40|19|7|7|26|18
5|5|2012-11-24||Cheyney|W|98|78|32|67|.478|11|25|.440|23|36|.639|15|41|18|11|3|18|26||26|61|.426|3|16|.188|23|30|.767|11|36|6|7|3|24|32
6|6|2012-11-28||Loyola (MD)|L|51|67|20|69|.290|3|27|.111|8|12|.667|9|30|9|7|3|9|20||20|52|.385|6|19|.316|21|26|.808|10|43|12|7|6|15|13
7|7|2012-12-01|@|Indiana|L|51|87|19|56|.339|5|23|.217|8|14|.571|11|29|7|10|1|16|17||31|60|.517|8|24|.333|17|20|.850|12|37|21|11|1|14|15
8|8|2012-12-04||Saint Joseph's|L|55|67|23|62|.371|5|23|.217|4|6|.667|11|27|12|8|2|9|15||23|53|.434|7|24|.292|14|20|.700|13|39|12|5|9|14|9
9|9|2012-12-08|@|Marshall|L|63|69|27|58|.466|7|19|.368|2|10|.200|8|28|18|7|1|12|16||26|62|.419|7|25|.280|10|19|.526|18|43|21|7|5|13|9
10|10|2012-12-12|@|Maryland-Baltimore County|W|80|61|28|58|.483|5|17|.294|19|27|.704|12|37|13|9|2|11|19||19|54|.352|6|25|.240|17|22|.773|10|30|12|6|3|14|25
11|11|2012-12-15|@|Wagner|L (1 OT)|65|77|17|47|.362|7|18|.389|24|34|.706|8|29|10|7|3|19|20||29|62|.468|6|16|.375|13|21|.619|15|41|17|11|6|17|26
12|12|2012-12-19|@|Towson|W|64|61|24|68|.353|10|26|.385|6|7|.857|18|36|10|10|4|11|16||22|53|.415|4|17|.235|13|19|.684|14|39|10|3|7|17|19
13|13|2012-12-22|@|Iowa|L|50|80|19|65|.292|9|29|.310|3|6|.500|10|27|15|15|2|17|21||31|60|.517|0|17|.000|18|31|.581|15|50|21|9|5|20|10
14|14|2012-12-29|@|Arizona State|L|52|68|20|60|.333|10|31|.323|2|4|.500|8|26|8|9|2|10|15||25|53|.472|10|30|.333|8|10|.800|8|39|17|6|10|14|7
15|15|2013-01-02|@|Akron|L|63|91|20|69|.290|10|31|.323|13|18|.722|5|27|12|7|2|11|18||34|74|.459|9|33|.273|14|25|.560|19|60|22|8|8|13|18
16|16|2013-01-05||Howard|L|60|70|22|61|.361|11|35|.314|5|14|.357|9|21|11|9|2|15|19||22|43|.512|2|4|.500|24|31|.774|10|35|14|12|3|20|17
17|17|2013-01-12||Savannah State|L|48|56|18|53|.340|6|22|.273|6|8|.750|8|28|6|6|3|21|18||19|49|.388|3|13|.231|15|23|.652|10|33|11|11|4|21|16
18|18|2013-01-14||South Carolina State|W|79|58|27|60|.450|9|22|.409|16|22|.727|13|36|13|4|2|7|14||24|60|.400|3|21|.143|7|11|.636|12|33|12|7|3|15|22
19|19|2013-01-19|@|Norfolk State|L|68|75|21|54|.389|6|20|.300|20|27|.741|10|32|10|4|2|19|17||25|63|.397|1|19|.053|24|31|.774|14|41|14|12|2|17|22
20|20|2013-01-21|@|Hampton|W (1 OT)|67|65|23|70|.329|7|26|.269|14|20|.700|13|38|11|5|0|14|21||21|61|.344|7|31|.226|16|22|.727|10|40|17|7|3|15|20
21|21|2013-01-26|@|North Carolina Central|L|75|84|25|57|.439|8|24|.333|17|20|.850|6|22|7|8|1|20|16||32|58|.552|6|22|.273|14|18|.778|9|31|21|12|0|16|17
22|22|2013-01-28|@|North Carolina A&T|L|62|63|18|45|.400|12|23|.522|14|19|.737|4|22|12|5|1|13|13||26|60|.433|7|23|.304|4|11|.364|12|34|15|8|4|13|21
23|23|2013-02-02||Norfolk State|L|70|80|21|59|.356|7|24|.292|21|27|.778|8|21|8|14|1|17|17||29|56|.518|9|21|.429|13|17|.765|14|44|16|8|6|24|20
24|24|2013-02-04||Hampton|L|53|59|14|51|.275|5|24|.208|20|27|.741|11|29|6|2|2|14|17||23|53|.434|4|19|.211|9|18|.500|13|37|11|5|3|15|24
25|25|2013-02-09||Morgan State|L|51|80|19|63|.302|3|19|.158|10|14|.714|15|34|7|4|3|15|17||30|59|.508|7|16|.438|13|22|.591|12|39|14|9|3|13|16
26|26|2013-02-16|@|Delaware State|L|43|57|18|46|.391|5|15|.333|2|4|.500|2|21|11|7|0|13|11||22|51|.431|9|23|.391|4|7|.571|11|30|16|5|6|12|9
27|27|2013-02-18|@|Maryland-Eastern Shore|L (2 OT)|62|64|19|53|.358|8|17|.471|16|22|.727|4|23|11|6|2|18|14||27|60|.450|3|16|.188|7|18|.389|13|40|12|8|2|13|23
28|28|2013-02-23|@|Howard|W|63|56|21|55|.382|6|24|.250|15|22|.682|7|32|7|9|1|13|15||20|66|.303|6|30|.200|10|17|.588|20|44|8|6|2|16|19
29|29|2013-02-27|@|Morgan State|L|68|86|23|62|.371|12|29|.414|10|16|.625|8|28|11|8|0|12|21||28|49|.571|12|21|.571|18|29|.621|7|36|21|4|5|15|16
30|30|2013-03-04||Maryland-Eastern Shore|W|63|60|17|41|.415|10|19|.526|19|24|.792|11|28|11|4|3|15|13||23|61|.377|6|23|.261|8|12|.667|20|31|10|5|3|12|18
31|31|2013-03-07||Bethune-Cookman|W|69|61|24|53|.453|6|17|.353|15|21|.714|6|38|16|4|3|18|16||24|63|.381|5|26|.192|8|18|.444|11|36|12|9|3|13|21
32|32|2013-03-12|N|Bethune-Cookman|L|78|89|24|61|.393|10|27|.370|20|24|.833|8|25|8|2|1|13|25||33|63|.524|6|17|.353|17|28|.607|14|36|20|7|2|10|23
