ranker|game_season|date_game|game_location|opp_id|game_result|pts|opp_pts|fg|fga|fg_pct|fg3|fg3a|fg3_pct|ft|fta|ft_pct|orb|trb|ast|stl|blk|tov|pf|x|opp_fg|opp_fga|opp_fg_pct|opp_fg3|opp_fg3a|opp_fg3_pct|opp_ft|opp_fta|opp_ft_pct|opp_orb|opp_trb|opp_ast|opp_stl|opp_blk|opp_tov|opp_pf|
1|1|2012-11-09||North Texas|W|71|51|24|48|.500|5|18|.278|18|22|.818|5|36|14|4|6|13|12||22|69|.319|2|16|.125|5|10|.500|14|34|11|6|2|12|20
2|2|2012-11-14||Alabama-Birmingham|W|77|60|27|53|.509|10|27|.370|13|17|.765|6|34|15|4|4|10|11||24|63|.381|8|20|.400|4|5|.800|7|29|16|8|0|9|19
3|3|2012-11-18||Presbyterian|W|87|58|32|52|.615|12|24|.500|11|15|.733|8|34|24|4|0|10|14||21|52|.404|7|21|.333|9|16|.563|8|22|7|6|0|9|13
4|4|2012-11-20||Longwood|W|105|57|35|54|.648|7|15|.467|28|38|.737|8|37|27|9|3|11|16||22|58|.379|3|16|.188|10|18|.556|11|29|14|6|2|19|28
5|5|2012-11-23|N|Wisconsin|W|84|74|27|58|.466|8|20|.400|22|25|.880|11|35|14|3|2|10|18||27|66|.409|8|27|.296|12|16|.750|13|33|8|5|4|8|20
6|6|2012-11-24|N|Arizona State|W|87|73|30|63|.476|8|23|.348|19|25|.760|9|35|12|10|0|15|24||23|53|.434|6|21|.286|21|28|.750|4|28|9|8|1|18|23
7|7|2012-11-28||Boise State|L|70|83|25|52|.481|12|27|.444|8|12|.667|3|18|16|7|1|11|17||29|48|.604|10|19|.526|15|19|.789|5|31|15|8|1|13|17
8|8|2012-12-01||Saint Joseph's|W|80|51|30|53|.566|10|21|.476|10|10|1.000|3|29|21|6|1|14|12||20|53|.377|7|28|.250|4|6|.667|6|22|11|9|6|17|16
9|9|2012-12-06|@|Nebraska|W|64|42|23|50|.460|8|17|.471|10|18|.556|6|31|16|5|3|12|14||18|56|.321|4|16|.250|2|6|.333|7|29|9|3|5|12|17
10|10|2012-12-09||Akron|W|77|61|30|62|.484|10|22|.455|7|9|.778|11|35|17|6|3|7|16||24|57|.421|4|17|.235|9|12|.750|6|26|14|3|7|11|15
11|11|2012-12-15|@|California|W|74|64|25|61|.410|8|22|.364|16|21|.762|6|36|13|5|6|7|15||27|78|.346|3|17|.176|7|13|.538|16|47|12|4|6|8|22
12|12|2012-12-19||Tulsa|W|71|54|27|52|.519|9|20|.450|8|14|.571|5|28|19|17|2|17|19||18|48|.375|5|16|.313|13|18|.722|9|32|10|9|3|24|20
13|13|2012-12-29||Evansville|W|87|70|30|61|.492|12|24|.500|15|19|.789|15|43|18|4|3|13|15||28|65|.431|3|14|.214|11|11|1.000|7|23|17|6|1|7|19
14|14|2013-01-02|@|Illinois State|W|79|72|28|53|.528|13|25|.520|10|12|.833|3|32|19|4|1|12|16||27|64|.422|13|28|.464|5|10|.500|8|29|19|4|2|7|13
15|15|2013-01-05||Indiana State|W|79|66|27|49|.551|11|22|.500|14|19|.737|8|30|22|4|5|10|18||22|51|.431|7|14|.500|15|24|.625|7|22|10|6|1|10|16
16|16|2013-01-08||Drake|W|91|61|34|53|.642|16|27|.593|7|12|.583|5|38|28|3|2|14|15||21|59|.356|9|28|.321|10|14|.714|6|22|15|7|0|7|13
17|17|2013-01-11|@|Missouri State|W|74|52|27|47|.574|9|17|.529|11|13|.846|7|33|14|4|1|12|10||22|58|.379|5|23|.217|3|4|.750|10|20|10|5|1|8|15
18|18|2013-01-15||Northern Iowa|W|79|68|31|56|.554|6|12|.500|11|14|.786|8|31|21|4|2|13|14||29|59|.492|4|15|.267|6|6|1.000|7|26|13|9|2|13|19
19|19|2013-01-19|@|Wichita State|L|64|67|23|55|.418|8|20|.400|10|17|.588|12|37|13|3|6|14|16||27|71|.380|4|23|.174|9|19|.474|15|37|12|5|4|6|16
20|20|2013-01-23|@|Drake|L|69|74|27|60|.450|5|21|.238|10|13|.769|6|30|13|9|4|9|21||24|54|.444|8|22|.364|18|30|.600|10|36|13|4|5|14|15
21|21|2013-01-27|@|Southern Illinois|W|81|51|29|46|.630|12|20|.600|11|15|.733|7|37|20|5|1|17|17||20|54|.370|5|16|.313|6|15|.400|6|17|8|12|1|8|13
22|22|2013-01-30||Missouri State|W|91|77|30|54|.556|15|28|.536|16|23|.696|10|33|24|4|3|10|16||29|53|.547|11|20|.550|8|11|.727|3|21|14|5|0|9|23
23|23|2013-02-02||Bradley|W|75|58|28|55|.509|12|31|.387|7|7|1.000|8|31|20|5|5|10|11||25|55|.455|5|14|.357|3|4|.750|2|18|11|4|1|9|15
24|24|2013-02-06|@|Indiana State|L|57|76|20|48|.417|5|18|.278|12|18|.667|6|29|10|2|1|13|25||25|52|.481|7|17|.412|19|27|.704|6|26|14|8|3|4|16
25|25|2013-02-09||Illinois State|L|72|75|25|66|.379|4|23|.174|18|21|.857|19|41|12|4|0|11|19||30|61|.492|6|18|.333|9|16|.563|9|27|14|6|2|6|16
26|26|2013-02-13|@|Northern Iowa|L|54|61|21|48|.438|7|23|.304|5|14|.357|8|36|10|2|2|17|20||21|56|.375|4|15|.267|15|19|.789|8|30|11|11|3|8|16
27|27|2013-02-16|@|Evansville|W|71|68|24|46|.522|9|18|.500|14|17|.824|2|24|17|3|1|11|19||24|60|.400|9|21|.429|11|15|.733|13|34|17|4|1|10|18
28|28|2013-02-19||Southern Illinois|W|59|45|20|39|.513|2|9|.222|17|22|.773|4|30|16|4|0|15|11||18|51|.353|3|13|.231|6|10|.600|8|26|9|7|1|12|19
29|29|2013-02-23|@|Saint Mary's (CA)|L|66|74|21|51|.412|5|18|.278|19|24|.792|7|23|14|3|4|6|19||24|55|.436|8|22|.364|18|22|.818|10|36|13|4|2|9|23
30|30|2013-02-27|@|Bradley|W|80|62|27|52|.519|5|17|.294|21|26|.808|12|40|18|10|0|14|18||22|51|.431|5|20|.250|13|18|.722|5|19|13|9|2|12|22
31|31|2013-03-02||Wichita State|W|91|79|33|47|.702|11|21|.524|14|16|.875|2|24|21|2|0|13|15||29|55|.527|7|21|.333|14|18|.778|7|20|19|11|2|9|16
32|32|2013-03-08|N|Drake|W|65|53|22|47|.468|4|16|.250|17|22|.773|10|38|11|4|8|17|14||21|60|.350|5|17|.294|6|8|.750|7|24|10|7|3|8|19
33|33|2013-03-09|N|Indiana State|W|64|43|23|43|.535|9|18|.500|9|11|.818|3|28|17|5|1|13|18||13|49|.265|1|13|.077|16|19|.842|9|22|6|7|1|11|13
34|34|2013-03-10|N|Wichita State|W|68|65|22|53|.415|11|24|.458|13|20|.650|11|36|18|2|7|9|16||23|67|.343|7|21|.333|12|18|.667|18|39|7|6|6|5|16
35|35|2013-03-22|N|Cincinnati|W|67|63|19|42|.452|7|15|.467|22|25|.880|7|30|16|2|2|16|11||27|64|.422|5|20|.250|4|9|.444|11|28|12|9|4|9|20
36|36|2013-03-24|N|Duke|L|50|66|16|53|.302|2|19|.105|16|18|.889|5|30|9|2|2|10|26||19|49|.388|7|20|.350|21|28|.750|6|36|9|7|4|9|20
