ranker|game_season|date_game|game_location|opp_id|game_result|pts|opp_pts|fg|fga|fg_pct|fg3|fg3a|fg3_pct|ft|fta|ft_pct|orb|trb|ast|stl|blk|tov|pf|x|opp_fg|opp_fga|opp_fg_pct|opp_fg3|opp_fg3a|opp_fg3_pct|opp_ft|opp_fta|opp_ft_pct|opp_orb|opp_trb|opp_ast|opp_stl|opp_blk|opp_tov|opp_pf|
1|1|2012-11-09|@|Kent State|L (1 OT)|62|66|22|60|.367|7|23|.304|11|16|.688|14|38|12|2|2|16|24||20|57|.351|6|22|.273|20|31|.645|14|39|9|4|6|12|20
2|2|2012-11-15||Illinois State|L (1 OT)|84|86|30|65|.462|7|22|.318|17|23|.739|11|35|20|5|2|16|19||31|63|.492|6|20|.300|18|26|.692|7|31|16|6|5|13|22
3|3|2012-11-17|@|Pennsylvania|W|61|59|22|53|.415|4|10|.400|13|18|.722|17|35|10|8|5|16|16||20|47|.426|4|17|.235|15|20|.750|8|24|11|8|2|18|18
4|4|2012-11-22|N|Saint Mary's (CA)|L|64|76|21|47|.447|5|12|.417|17|20|.850|2|16|8|5|2|9|18||27|50|.540|3|12|.250|19|22|.864|7|30|7|4|1|13|17
5|5|2012-11-23|N|Xavier|L|65|69|24|44|.545|8|18|.444|9|12|.750|3|17|12|3|0|9|14||23|45|.511|7|17|.412|16|18|.889|8|25|14|2|0|11|14
6|6|2012-11-25|N|Rice|W|55|47|19|37|.514|5|11|.455|12|18|.667|3|31|11|1|0|13|9||19|52|.365|6|18|.333|3|6|.500|4|19|9|7|1|7|16
7|7|2012-12-01||Rider|L|66|75|21|53|.396|6|17|.353|18|21|.857|9|32|9|4|1|15|21||25|48|.521|5|10|.500|20|26|.769|2|25|11|8|5|12|18
8|8|2012-12-04|@|Tennessee State|L|66|76|26|67|.388|6|22|.273|8|11|.727|15|35|14|4|1|10|21||26|52|.500|4|13|.308|20|24|.833|8|29|12|4|7|10|12
9|9|2012-12-08|@|Princeton|W|64|57|22|44|.500|5|10|.500|15|21|.714|8|29|12|3|1|14|17||22|46|.478|5|19|.263|8|13|.615|4|18|13|6|1|10|17
10|10|2012-12-16|@|Fairfield|L|58|69|21|55|.382|2|10|.200|14|19|.737|12|31|5|4|1|12|16||25|43|.581|6|14|.429|13|19|.684|1|23|11|7|3|12|18
11|11|2012-12-22||Davidson|W|69|58|26|53|.491|5|15|.333|12|13|.923|16|35|18|3|0|13|17||19|43|.442|8|22|.364|12|16|.750|4|13|10|6|2|9|17
12|12|2012-12-31||Saint Joseph's|L|49|63|22|59|.373|3|15|.200|2|4|.500|11|33|12|5|1|9|17||21|51|.412|6|22|.273|15|18|.833|8|30|14|7|7|9|10
13|13|2013-01-02|@|Georgia State|W|77|60|26|49|.531|10|21|.476|15|20|.750|7|29|13|5|0|7|15||23|53|.434|5|14|.357|9|12|.750|10|26|8|4|2|12|16
14|14|2013-01-05||Towson|L|66|69|19|56|.339|8|23|.348|20|34|.588|9|31|13|10|3|13|26||19|44|.432|4|11|.364|27|38|.711|6|37|9|5|4|18|23
15|15|2013-01-08||Northeastern|L (1 OT)|58|63|20|55|.364|6|14|.429|12|15|.800|13|38|9|6|3|19|22||19|50|.380|5|15|.333|20|28|.714|7|24|8|11|3|13|17
16|16|2013-01-12|@|James Madison|L|43|51|17|47|.362|4|16|.250|5|11|.455|6|28|10|4|1|6|17||17|46|.370|4|14|.286|13|18|.722|8|35|10|4|2|7|14
17|17|2013-01-19|@|William & Mary|W|59|48|21|49|.429|8|19|.421|9|10|.900|9|35|12|3|3|7|14||16|49|.327|5|14|.357|11|11|1.000|5|23|5|3|3|5|12
18|18|2013-01-23|@|Hofstra|W|55|52|21|51|.412|4|16|.250|9|11|.818|6|27|12|7|5|14|13||20|48|.417|7|14|.500|5|10|.500|8|29|14|7|3|16|12
19|19|2013-01-26||Georgia State|W|68|57|20|44|.455|7|21|.333|21|22|.955|4|31|16|2|2|9|19||13|47|.277|6|18|.333|25|29|.862|6|23|9|4|4|5|21
20|20|2013-01-28||Delaware|L|64|66|22|64|.344|5|19|.263|15|17|.882|11|30|12|4|2|6|16||28|55|.509|3|8|.375|7|13|.538|8|39|16|4|5|14|17
21|21|2013-01-31|@|George Mason|W|58|54|23|52|.442|4|16|.250|8|15|.533|12|37|12|8|4|16|16||20|49|.408|4|11|.364|10|15|.667|6|22|8|10|4|12|15
22|22|2013-02-02|@|Northeastern|L|52|59|19|54|.352|6|16|.375|8|13|.615|16|33|13|6|1|14|21||17|40|.425|4|11|.364|21|23|.913|5|19|10|4|2|13|12
23|23|2013-02-07||Old Dominion|L|66|78|22|48|.458|5|17|.294|17|25|.680|5|27|11|2|0|15|20||26|55|.473|8|16|.500|18|26|.692|9|30|14|7|3|11|19
24|24|2013-02-10||James Madison|W|60|48|20|48|.417|6|19|.316|14|19|.737|6|30|9|4|0|8|14||18|47|.383|4|18|.222|8|15|.533|5|25|8|4|2|9|17
25|25|2013-02-14||George Mason|L|62|68|21|56|.375|9|27|.333|11|14|.786|10|28|10|7|4|10|21||22|46|.478|5|12|.417|19|25|.760|6|27|11|5|2|13|18
26|26|2013-02-18||Hofstra|W|63|54|19|50|.380|4|19|.211|21|29|.724|8|25|11|12|1|9|24||16|41|.390|5|14|.357|17|30|.567|5|29|7|6|0|19|20
27|27|2013-02-21|@|Delaware|L (2 OT)|71|73|25|72|.347|6|23|.261|15|21|.714|12|37|8|10|1|5|32||20|48|.417|4|11|.364|29|42|.690|9|43|7|3|4|12|18
28|28|2013-02-23|@|Towson|L|71|72|26|54|.481|2|10|.200|17|21|.810|11|27|10|5|3|11|24||23|50|.460|7|14|.500|19|30|.633|12|28|7|5|6|12|16
29|29|2013-02-28|@|Old Dominion|W|81|77|26|54|.481|14|23|.609|15|19|.789|8|29|19|8|4|9|21||27|53|.509|8|18|.444|15|22|.682|8|28|15|7|7|10|16
30|30|2013-03-02||North Carolina-Wilmington|W|62|46|19|62|.306|5|17|.294|19|25|.760|18|51|10|3|2|8|13||19|54|.352|3|15|.200|5|12|.417|3|26|11|4|7|7|22
31|31|2013-03-09|N|George Mason|L|54|60|18|49|.367|5|19|.263|13|16|.813|8|25|10|5|3|17|21||18|47|.383|4|17|.235|20|22|.909|6|25|3|11|3|13|19
