ranker|game_season|date_game|game_location|opp_id|game_result|pts|opp_pts|fg|fga|fg_pct|fg3|fg3a|fg3_pct|ft|fta|ft_pct|orb|trb|ast|stl|blk|tov|pf|x|opp_fg|opp_fga|opp_fg_pct|opp_fg3|opp_fg3a|opp_fg3_pct|opp_ft|opp_fta|opp_ft_pct|opp_orb|opp_trb|opp_ast|opp_stl|opp_blk|opp_tov|opp_pf|
1|1|2012-11-09|@|Albany (NY)|L|66|69|22|58|.379|7|28|.250|15|23|.652|18|35|8|4|6|13|13||28|61|.459|7|19|.368|6|7|.857|13|32|13|6|2|12|22
2|2|2012-11-11|@|Georgetown|L|55|61|21|59|.356|4|24|.167|9|12|.750|7|31|11|5|1|14|19||21|51|.412|6|16|.375|13|22|.591|9|35|12|7|1|17|13
3|3|2012-11-19||James Madison|W (1 OT)|90|88|32|60|.533|11|25|.440|15|22|.682|8|30|20|4|6|18|22||29|65|.446|9|22|.409|21|29|.724|12|34|15|9|1|13|18
4|4|2012-11-20||North Dakota State|L|43|57|16|59|.271|4|22|.182|7|10|.700|14|42|7|4|6|14|8||23|59|.390|6|16|.375|5|11|.455|9|36|12|7|5|5|16
5|5|2012-11-21||Youngstown State|W|84|74|27|60|.450|9|21|.429|21|32|.656|18|48|17|2|5|16|18||27|65|.415|9|26|.346|11|20|.550|8|26|20|10|8|7|23
6|6|2012-11-28|@|Appalachian State|W|73|72|26|63|.413|9|26|.346|12|20|.600|15|36|15|9|2|17|14||29|58|.500|9|20|.450|5|7|.714|4|26|18|4|6|18|21
7|7|2012-12-01||Maine|W|87|73|28|57|.491|12|24|.500|19|29|.655|11|34|16|3|5|14|12||29|66|.439|7|23|.304|8|12|.667|10|31|17|7|3|14|23
8|8|2012-12-05|N|Pittsburgh|L|45|66|18|57|.316|5|21|.238|4|6|.667|11|32|11|5|3|16|16||24|62|.387|9|17|.529|9|16|.563|21|47|14|9|5|14|12
9|9|2012-12-08||New Orleans|W|88|70|31|63|.492|10|27|.370|16|26|.615|19|54|19|2|5|16|14||27|67|.403|5|17|.294|11|19|.579|6|23|13|3|0|8|20
10|10|2012-12-11||West Virginia|W|60|56|24|56|.429|3|19|.158|9|16|.563|10|38|11|6|6|14|19||22|66|.333|4|18|.222|8|13|.615|15|34|11|8|2|8|15
11|11|2012-12-15|@|Robert Morris|L|69|91|26|54|.481|6|22|.273|11|19|.579|14|38|14|5|2|25|11||34|67|.507|13|28|.464|10|15|.667|8|23|23|19|0|10|18
12|12|2012-12-19||Western Michigan|W|71|66|25|60|.417|12|32|.375|9|19|.474|10|36|12|7|6|13|17||23|65|.354|5|18|.278|15|19|.789|12|35|11|5|3|13|18
13|13|2012-12-22|@|Louisiana-Lafayette|L|79|91|27|57|.474|11|23|.478|14|21|.667|6|24|8|7|2|16|15||34|61|.557|10|20|.500|13|16|.813|8|31|11|6|5|17|16
14|14|2012-12-29|@|Penn State|L|74|84|22|59|.373|9|31|.290|21|29|.724|5|23|12|6|4|10|26||25|59|.424|8|20|.400|26|36|.722|14|46|12|1|4|15|26
15|15|2013-01-09|@|Fordham|L|75|82|28|74|.378|7|27|.259|12|20|.600|10|28|16|10|5|5|16||34|64|.531|6|14|.429|8|15|.533|12|47|21|4|13|15|14
16|16|2013-01-12||Saint Joseph's|L|66|74|25|65|.385|7|24|.292|9|15|.600|14|43|10|5|0|11|21||22|53|.415|11|25|.440|19|30|.633|8|30|16|3|10|6|13
17|17|2013-01-17|@|Massachusetts|L|66|79|25|62|.403|8|24|.333|8|11|.727|3|27|15|3|2|15|17||29|62|.468|9|24|.375|12|20|.600|11|38|20|10|4|10|10
18|18|2013-01-19||Virginia Commonwealth|L|63|90|22|52|.423|7|19|.368|12|16|.750|8|23|8|4|1|19|16||36|72|.500|12|31|.387|6|13|.462|19|38|20|10|3|12|19
19|19|2013-01-23||Saint Louis|L|64|73|23|53|.434|9|23|.391|9|19|.474|6|32|17|1|1|16|25||21|56|.375|3|21|.143|28|39|.718|10|35|11|12|3|8|19
20|20|2013-01-26|@|Dayton|L|56|72|19|57|.333|8|24|.333|10|13|.769|11|30|13|4|2|14|21||24|53|.453|5|19|.263|19|25|.760|12|37|18|5|2|12|13
21|21|2013-02-02|@|St. Bonaventure|L|60|68|20|46|.435|11|24|.458|9|15|.600|8|24|14|6|3|10|17||22|50|.440|12|22|.545|12|14|.857|9|26|14|4|2|15|19
22|22|2013-02-06||George Washington|L|57|79|20|57|.351|9|24|.375|8|13|.615|4|21|12|9|4|18|17||32|63|.508|7|16|.438|8|18|.444|14|44|20|12|10|19|15
23|23|2013-02-09||Xavier|L|65|73|22|65|.338|9|33|.273|12|17|.706|13|37|11|6|1|12|23||24|55|.436|3|12|.250|22|34|.647|10|41|13|6|2|10|16
24|24|2013-02-14|@|Temple|W|84|83|27|55|.491|10|23|.435|20|29|.690|5|36|12|7|3|18|21||24|63|.381|9|29|.310|26|30|.867|5|28|16|14|3|12|20
25|25|2013-02-16||Rhode Island|L|62|67|23|57|.404|10|27|.370|6|14|.429|8|30|10|4|6|12|17||23|54|.426|7|20|.350|14|17|.824|8|32|13|6|4|14|15
26|26|2013-02-19|@|Butler|L|49|68|19|51|.373|5|21|.238|6|8|.750|5|26|8|4|5|10|15||24|55|.436|10|21|.476|10|14|.714|10|34|15|5|1|8|9
27|27|2013-02-23||St. Bonaventure|L|71|78|22|56|.393|9|26|.346|18|21|.857|10|24|15|8|3|11|19||27|50|.540|6|16|.375|18|23|.783|5|30|16|3|2|14|19
28|28|2013-03-02|@|La Salle|L|64|97|26|64|.406|3|16|.188|9|13|.692|7|30|11|5|7|12|17||34|66|.515|10|24|.417|19|25|.760|8|36|23|9|4|7|13
29|29|2013-03-06||Charlotte|L (1 OT)|87|89|27|58|.466|12|21|.571|21|36|.583|6|30|20|9|4|20|23||33|65|.508|8|20|.400|15|26|.577|11|39|19|6|2|20|27
30|30|2013-03-09|@|Richmond|L|55|79|21|53|.396|8|21|.381|5|9|.556|7|25|10|2|1|13|12||31|60|.517|12|31|.387|5|10|.500|13|39|22|6|6|8|15
