ranker|game_season|date_game|game_location|opp_id|game_result|pts|opp_pts|fg|fga|fg_pct|fg3|fg3a|fg3_pct|ft|fta|ft_pct|orb|trb|ast|stl|blk|tov|pf|x|opp_fg|opp_fga|opp_fg_pct|opp_fg3|opp_fg3a|opp_fg3_pct|opp_ft|opp_fta|opp_ft_pct|opp_orb|opp_trb|opp_ast|opp_stl|opp_blk|opp_tov|opp_pf|
1|1|2012-11-09|@|Bradley|L|53|76|17|49|.347|7|23|.304|12|16|.750|6|22|8|5|0|14|18||30|52|.577|3|12|.250|13|17|.765|5|33|16|7|1|11|14
2|2|2012-11-13||Wright State|L|44|56|16|43|.372|4|17|.235|8|16|.500|4|24|8|8|3|11|16||18|43|.419|6|20|.300|14|21|.667|9|34|11|6|4|17|15
3|3|2012-11-16|@|Eastern Michigan|L|52|60|20|54|.370|7|24|.292|5|10|.500|10|27|14|5|1|12|20||17|43|.395|8|24|.333|18|24|.750|8|28|13|6|10|14|15
4|4|2012-11-17|N|Texas-Pan American|W|63|50|24|48|.500|5|12|.417|10|19|.526|6|31|11|13|1|15|17||16|44|.364|6|21|.286|12|21|.571|9|30|11|5|5|19|16
5|5|2012-11-18|N|IPFW|W|68|67|28|63|.444|8|19|.421|4|6|.667|7|27|16|8|2|11|15||23|51|.451|5|18|.278|16|20|.800|5|32|10|6|2|15|10
6|6|2012-11-21||Rochester (MI)|L|56|59|21|57|.368|5|14|.357|9|19|.474|12|28|15|8|2|12|16||19|43|.442|6|15|.400|15|20|.750|6|30|11|8|4|20|18
7|7|2012-11-24||Houston Baptist|W|64|44|22|42|.524|6|13|.462|14|23|.609|8|31|15|7|2|20|21||14|40|.350|0|10|.000|16|22|.727|3|19|10|8|2|20|23
8|8|2012-11-28||Central Arkansas|L|72|74|27|56|.482|5|17|.294|13|22|.591|12|29|16|8|5|9|10||30|61|.492|9|25|.360|5|10|.500|13|32|16|5|3|11|17
9|9|2012-12-01|@|Stony Brook|L|52|66|18|53|.340|10|23|.435|6|7|.857|11|30|16|7|0|12|18||20|49|.408|10|25|.400|16|17|.941|8|30|14|7|7|10|9
10|10|2012-12-05||Western Illinois|L|45|57|19|47|.404|3|16|.188|4|8|.500|3|21|8|9|0|14|20||16|32|.500|4|10|.400|21|34|.618|4|28|7|11|7|16|11
11|11|2012-12-08||Toledo|L|59|67|18|50|.360|10|28|.357|13|17|.765|7|26|12|7|1|10|18||26|44|.591|6|14|.429|9|18|.500|5|28|12|4|4|12|14
12|12|2012-12-19|@|Saint Louis|L|45|72|19|44|.432|5|13|.385|2|6|.333|2|18|14|4|2|14|18||23|40|.575|9|14|.643|17|23|.739|5|26|15|3|4|9|10
13|13|2012-12-22|@|Drake|L|56|74|19|42|.452|6|17|.353|12|19|.632|7|19|12|7|2|17|21||23|41|.561|13|22|.591|15|18|.833|4|17|17|7|5|14|20
14|14|2012-12-29|@|Tennessee State|L|59|67|19|44|.432|7|21|.333|14|19|.737|3|24|13|6|1|9|20||22|40|.550|7|14|.500|16|24|.667|6|30|10|5|3|11|17
15|15|2013-01-03|@|Eastern Kentucky|L|54|65|21|46|.457|5|14|.357|7|10|.700|9|26|9|6|0|11|15||21|46|.457|9|23|.391|14|17|.824|8|25|11|5|1|8|13
16|16|2013-01-05|@|Morehead State|L|50|65|18|45|.400|7|16|.438|7|11|.636|4|15|16|8|5|17|22||22|46|.478|7|18|.389|14|23|.609|15|34|14|9|5|21|16
17|17|2013-01-10||Tennessee Tech|L|73|77|26|47|.553|5|14|.357|16|27|.593|8|24|18|5|1|12|17||25|48|.521|12|22|.545|15|22|.682|8|25|16|6|7|12|19
18|18|2013-01-12||Jacksonville State|L|55|61|20|47|.426|5|11|.455|10|15|.667|8|27|14|6|3|14|20||21|44|.477|6|17|.353|13|20|.650|5|26|13|6|3|16|16
19|19|2013-01-17|@|Murray State|L|49|70|19|46|.413|4|16|.250|7|10|.700|4|17|17|6|1|8|16||24|46|.522|11|25|.440|11|15|.733|8|28|15|5|1|11|11
20|20|2013-01-19|@|Austin Peay|W|77|67|24|51|.471|6|16|.375|23|29|.793|15|30|14|9|2|11|17||21|42|.500|8|21|.381|17|21|.810|6|20|11|8|3|14|20
21|21|2013-01-24||Tennessee-Martin|W|69|56|24|46|.522|7|19|.368|14|20|.700|8|35|13|6|5|14|13||21|53|.396|8|18|.444|6|13|.462|9|22|16|8|4|13|21
22|22|2013-01-26||Southeast Missouri State|W (1 OT)|78|72|23|63|.365|9|25|.360|23|27|.852|18|44|14|3|5|12|15||28|66|.424|11|29|.379|5|11|.455|9|33|19|6|8|9|23
23|23|2013-02-02|@|Southern Illinois-Edwardsville|L|45|49|20|56|.357|1|17|.059|4|11|.364|8|30|6|5|0|8|13||17|47|.362|6|19|.316|9|14|.643|7|34|13|4|3|9|14
24|24|2013-02-07|@|Tennessee-Martin|W|93|65|30|46|.652|12|19|.632|21|27|.778|5|25|23|6|3|11|19||23|51|.451|5|14|.357|14|19|.737|8|21|16|5|2|12|22
25|25|2013-02-09|@|Southeast Missouri State|L|64|77|25|60|.417|5|16|.313|9|18|.500|13|27|13|12|3|8|11||28|54|.519|15|26|.577|6|9|.667|11|33|19|3|7|16|18
26|26|2013-02-14||Austin Peay|L|64|71|25|62|.403|6|22|.273|8|14|.571|14|28|12|8|1|11|20||22|46|.478|9|17|.529|18|25|.720|13|34|16|6|5|18|14
27|27|2013-02-16||Murray State|W|79|70|24|43|.558|7|12|.583|24|34|.706|8|32|18|3|2|11|14||25|60|.417|15|39|.385|5|8|.625|11|26|15|5|3|10|25
28|28|2013-02-20||Belmont|L|49|80|15|47|.319|1|12|.083|18|22|.818|13|30|4|5|4|18|12||29|55|.527|10|23|.435|12|13|.923|8|28|24|11|1|10|18
29|29|2013-02-23|@|Northern Illinois|W|59|47|19|42|.452|5|17|.294|16|25|.640|7|34|6|2|0|6|12||19|52|.365|4|20|.200|5|11|.455|5|24|4|4|1|7|19
30|30|2013-02-26|@|Chicago State|W|58|50|24|43|.558|6|12|.500|4|7|.571|5|30|13|3|4|16|16||16|52|.308|3|15|.200|15|22|.682|13|27|9|6|1|10|11
31|31|2013-03-02||Southern Illinois-Edwardsville|W|61|46|23|48|.479|6|15|.400|9|14|.643|4|26|15|7|2|7|15||18|46|.391|2|9|.222|8|14|.571|7|26|8|3|2|14|15
32|32|2013-03-06|N|Southeast Missouri State|L|68|78|24|52|.462|7|18|.389|13|13|1.000|3|22|17|5|4|10|13||30|55|.545|8|20|.400|10|14|.714|8|30|22|8|7|8|11
