ranker|game_season|date_game|game_location|opp_id|game_result|pts|opp_pts|fg|fga|fg_pct|fg3|fg3a|fg3_pct|ft|fta|ft_pct|orb|trb|ast|stl|blk|tov|pf|x|opp_fg|opp_fga|opp_fg_pct|opp_fg3|opp_fg3a|opp_fg3_pct|opp_ft|opp_fta|opp_ft_pct|opp_orb|opp_trb|opp_ast|opp_stl|opp_blk|opp_tov|opp_pf|
1|1|2012-11-09|@|Texas State|L|76|86|29|66|.439|4|13|.308|14|24|.583|9|38|7|12|3|23|24||27|64|.422|7|19|.368|25|35|.714|11|42|17|7|5|18|19
2|2|2012-11-12|@|Pittsburgh|L|51|86|15|41|.366|6|15|.400|15|16|.938|4|20|11|3|5|18|19||34|64|.531|7|17|.412|11|17|.647|14|33|24|11|2|6|15
3|3|2012-11-13|N|Robert Morris|L|58|74|19|53|.358|9|29|.310|11|20|.550|6|28|14|2|2|11|22||20|53|.377|8|28|.286|26|32|.813|10|37|10|7|4|10|17
4|4|2012-11-19|N|Pennsylvania|W|70|68|22|52|.423|8|19|.421|18|25|.720|8|29|15|5|2|12|19||25|54|.463|3|14|.214|15|20|.750|5|28|13|3|4|11|22
5|5|2012-11-20|N|Fairfield|L|71|74|28|55|.509|8|18|.444|7|11|.636|5|23|16|3|2|7|16||21|52|.404|9|22|.409|23|26|.885|8|28|10|5|2|6|13
6|6|2012-11-29||Manhattan|L|58|65|20|55|.364|3|18|.167|15|21|.714|7|21|13|5|8|15|28||18|40|.450|3|10|.300|26|33|.788|9|40|9|5|3|27|18
7|7|2012-12-01|@|Harvard|L|64|73|27|68|.397|2|9|.222|8|14|.571|17|36|8|8|1|15|29||19|45|.422|6|15|.400|29|39|.744|14|37|9|6|7|20|14
8|8|2012-12-04|@|Lehigh|L|63|81|26|61|.426|4|16|.250|7|15|.467|17|36|16|5|3|16|19||29|58|.500|6|18|.333|17|19|.895|7|21|24|11|3|9|16
9|9|2012-12-08|@|St. John's (NY)|L|47|58|19|66|.288|3|20|.150|6|10|.600|22|49|9|4|4|19|26||20|60|.333|2|9|.222|16|29|.552|13|29|11|11|15|8|13
10|10|2012-12-15|N|Princeton|W|63|60|22|55|.400|2|10|.200|17|19|.895|10|36|9|6|5|13|16||21|51|.412|5|20|.250|13|18|.722|3|20|15|9|3|11|15
11|11|2012-12-21|@|Connecticut|L|73|88|27|59|.458|9|21|.429|10|16|.625|13|37|17|3|1|21|21||31|61|.508|8|21|.381|18|22|.818|4|22|21|15|5|11|18
12|12|2012-12-23||Siena|W|81|75|31|53|.585|7|15|.467|12|14|.857|12|29|20|5|4|17|24||25|46|.543|8|21|.381|17|28|.607|6|16|9|7|0|15|19
13|13|2012-12-29|@|Georgia Tech|L|48|73|16|57|.281|4|19|.211|12|18|.667|12|35|9|3|5|14|16||29|58|.500|5|16|.313|10|19|.526|8|37|20|6|6|8|18
14|14|2012-12-31||Monmouth|W|82|71|27|57|.474|9|19|.474|19|30|.633|16|47|16|6|6|19|21||24|64|.375|8|25|.320|15|25|.600|9|26|12|11|1|10|25
15|15|2013-01-04|@|Mississippi|L|68|95|26|67|.388|7|25|.280|9|12|.750|15|34|15|7|3|22|21||33|66|.500|7|16|.438|22|27|.815|14|36|13|12|8|13|12
16|16|2013-01-09||Duquesne|W|82|75|34|64|.531|6|14|.429|8|15|.533|12|47|21|4|13|15|14||28|74|.378|7|27|.259|12|20|.600|10|28|16|10|5|5|16
17|17|2013-01-13||Massachusetts|L|73|77|25|71|.352|5|16|.313|18|30|.600|23|51|6|5|8|14|20||27|70|.386|7|23|.304|16|24|.667|14|37|16|6|7|7|23
18|18|2013-01-16|@|Charlotte|L|68|74|22|59|.373|6|19|.316|18|26|.692|15|42|7|7|5|18|21||26|59|.441|2|15|.133|20|30|.667|9|30|8|9|2|12|17
19|19|2013-01-23|@|Dayton|L|51|96|17|46|.370|4|13|.308|13|19|.684|5|25|9|2|5|19|17||35|61|.574|15|21|.714|11|22|.500|10|37|24|9|1|8|20
20|20|2013-01-26||Rhode Island|W|66|63|22|60|.367|3|18|.167|19|33|.576|18|43|11|6|3|10|19||18|47|.383|6|24|.250|21|30|.700|6|29|11|1|3|13|27
21|21|2013-01-30||Saint Joseph's|L|62|66|21|53|.396|6|17|.353|14|20|.700|8|33|11|5|3|10|15||25|54|.463|7|21|.333|9|14|.643|6|34|15|6|3|11|15
22|22|2013-02-02|@|Virginia Commonwealth|L|65|81|24|57|.421|6|19|.316|11|18|.611|13|41|11|3|5|22|15||24|70|.343|13|35|.371|20|24|.833|16|39|18|13|5|8|21
23|23|2013-02-06||Saint Louis|L|73|90|24|52|.462|6|15|.400|19|27|.704|11|27|12|3|3|12|22||33|58|.569|7|17|.412|17|27|.630|12|30|20|7|2|5|22
24|24|2013-02-09|@|La Salle|L|53|89|20|58|.345|3|16|.188|10|13|.769|13|35|12|2|4|14|12||30|63|.476|18|33|.545|11|14|.786|8|31|22|6|3|7|12
25|25|2013-02-13|@|Xavier|L|66|79|21|51|.412|7|17|.412|17|21|.810|6|25|11|6|5|11|27||23|48|.479|6|10|.600|27|37|.730|7|32|12|4|3|13|15
26|26|2013-02-16||Butler|L|63|68|24|63|.381|4|19|.211|11|15|.733|13|35|14|4|3|10|23||20|51|.392|6|21|.286|22|34|.647|11|38|11|4|0|14|19
27|27|2013-02-20|@|George Washington|L|60|68|20|53|.377|7|19|.368|13|17|.765|10|28|11|10|5|22|24||25|56|.446|1|8|.125|17|37|.459|15|34|9|17|5|14|17
28|28|2013-02-23||Richmond|L|55|72|17|54|.315|4|11|.364|17|23|.739|13|33|7|5|2|14|18||24|51|.471|10|28|.357|14|19|.737|8|30|17|9|6|11|21
29|29|2013-03-02|@|Saint Joseph's|L|56|82|20|60|.333|5|24|.208|11|19|.579|12|38|10|5|3|14|16||29|58|.500|10|24|.417|14|20|.700|5|36|19|7|6|8|15
30|30|2013-03-06||Temple|L|55|74|21|61|.344|5|18|.278|8|15|.533|12|36|11|3|4|13|23||25|59|.424|2|14|.143|22|29|.759|14|42|13|7|0|11|14
31|31|2013-03-09|@|St. Bonaventure|W|76|72|32|58|.552|6|19|.316|6|7|.857|12|34|18|6|2|17|22||23|50|.460|9|27|.333|17|21|.810|8|23|17|7|2|16|12
