ranker|game_season|date_game|game_location|opp_id|game_result|pts|opp_pts|fg|fga|fg_pct|fg3|fg3a|fg3_pct|ft|fta|ft_pct|orb|trb|ast|stl|blk|tov|pf|x|opp_fg|opp_fga|opp_fg_pct|opp_fg3|opp_fg3a|opp_fg3_pct|opp_ft|opp_fta|opp_ft_pct|opp_orb|opp_trb|opp_ast|opp_stl|opp_blk|opp_tov|opp_pf|
1|1|2012-11-09|@|Valparaiso|L|54|85|16|39|.410|4|13|.308|18|25|.720|9|22|8|7|2|21|20||27|51|.529|13|24|.542|18|21|.857|13|28|19|14|1|13|17
2|2|2012-11-13|@|Charlotte|L|53|66|16|46|.348|4|16|.250|17|24|.708|8|18|8|6|4|12|26||21|43|.488|1|7|.143|23|31|.742|16|39|9|5|3|18|21
3|3|2012-11-16||Webber|W|87|64|33|54|.611|6|14|.429|15|20|.750|5|36|17|11|4|23|23||21|55|.382|8|20|.400|14|26|.538|8|21|8|12|3|21|17
4|4|2012-11-21|@|Kennesaw State|W|62|46|22|46|.478|8|19|.421|10|14|.714|6|27|9|7|1|12|18||15|40|.375|4|16|.250|12|17|.706|5|21|10|6|0|13|15
5|5|2012-11-24|@|Maryland|L|53|70|20|60|.333|7|22|.318|6|8|.750|7|23|9|10|2|7|16||27|55|.491|5|16|.313|11|17|.647|15|45|20|1|5|17|10
6|6|2012-11-28||Elon|L|50|55|19|48|.396|6|14|.429|6|9|.667|7|26|5|4|2|11|13||21|51|.412|7|18|.389|6|9|.667|8|30|13|6|3|12|10
7|7|2012-12-01|@|Samford|L|48|57|20|43|.465|5|17|.294|3|6|.500|5|19|9|6|1|12|20||18|35|.514|2|10|.200|19|25|.760|4|21|13|5|2|13|13
8|8|2012-12-08||Brewton-Parker|W|79|56|29|48|.604|10|18|.556|11|22|.500|9|29|13|7|2|19|24||19|51|.373|2|11|.182|16|22|.727|12|22|8|11|4|19|20
9|9|2012-12-15|@|Virginia Tech|W|78|73|25|57|.439|11|26|.423|17|27|.630|12|35|15|3|3|17|17||27|68|.397|6|27|.222|13|17|.765|18|37|7|5|4|13|23
10|10|2012-12-17|@|Bradley|L|43|62|17|48|.354|6|16|.375|3|11|.273|5|29|10|2|4|13|20||20|59|.339|4|17|.235|18|24|.750|18|42|10|8|3|5|15
11|11|2012-12-22|N|Mississippi Valley State|W|63|52|21|47|.447|1|5|.200|20|26|.769|8|37|10|5|0|20|20||17|53|.321|3|21|.143|15|21|.714|7|27|6|9|1|14|20
12|12|2012-12-23|N|North Florida|L|46|74|17|54|.315|1|6|.167|11|19|.579|12|30|4|10|1|12|9||30|56|.536|12|24|.500|2|5|.400|8|37|16|5|1|17|19
13|13|2012-12-29||Georgia State|W (1 OT)|68|64|21|52|.404|6|20|.300|20|30|.667|9|28|13|6|3|16|19||24|55|.436|4|13|.308|12|18|.667|10|35|8|8|6|23|25
14|14|2013-01-02|@|Alabama-Birmingham|L|61|65|24|54|.444|8|16|.500|5|6|.833|10|32|12|6|5|23|17||24|56|.429|1|10|.100|16|21|.762|9|27|15|12|4|13|11
15|15|2013-01-05||North Carolina A&T|L|65|71|18|52|.346|6|19|.316|23|27|.852|12|32|10|4|1|13|23||21|53|.396|5|23|.217|24|33|.727|15|34|5|8|5|10|21
16|16|2013-01-12|@|Wofford|L|53|71|21|47|.447|2|12|.167|9|15|.600|7|25|6|4|5|15|14||27|60|.450|7|21|.333|10|13|.769|14|34|14|6|3|10|15
17|17|2013-01-14||Davidson|W|70|57|26|49|.531|5|10|.500|13|20|.650|6|29|10|4|6|5|12||20|55|.364|10|26|.385|7|11|.636|10|27|12|0|2|5|16
18|18|2013-01-17||College of Charleston|W|51|47|18|53|.340|2|15|.133|13|15|.867|8|31|6|9|0|9|14||18|53|.340|4|18|.222|7|12|.583|12|35|8|5|1|14|13
19|19|2013-01-19||Citadel|L|55|70|20|56|.357|7|27|.259|8|11|.727|16|28|12|9|1|11|15||24|40|.600|9|17|.529|13|16|.813|5|26|13|9|4|14|12
20|20|2013-01-24|@|Appalachian State|L (1 OT)|62|64|24|65|.369|3|18|.167|11|21|.524|18|44|10|11|3|12|18||25|58|.431|6|18|.333|8|16|.500|11|40|11|7|2|17|17
21|21|2013-01-26|@|Western Carolina|W|72|66|28|51|.549|8|18|.444|8|14|.571|7|27|16|8|1|14|17||25|54|.463|5|17|.294|11|20|.550|12|28|10|8|1|12|17
22|22|2013-01-31|@|Furman|L|74|81|26|49|.531|5|12|.417|17|28|.607|9|24|9|12|0|14|19||27|42|.643|12|18|.667|15|22|.682|5|22|19|7|2|17|19
23|23|2013-02-02||Chattanooga|W|59|57|24|60|.400|8|25|.320|3|8|.375|11|28|13|6|1|5|20||17|46|.370|1|13|.077|22|30|.733|10|34|7|1|2|9|12
24|24|2013-02-07||Appalachian State|L (1 OT)|86|91|33|72|.458|5|19|.263|15|28|.536|11|31|12|10|5|12|30||29|56|.518|4|13|.308|29|43|.674|12|39|10|6|5|15|21
25|25|2013-02-09||Western Carolina|L|62|71|18|50|.360|6|19|.316|20|26|.769|7|26|8|6|1|5|15||29|55|.527|6|14|.429|7|14|.500|10|34|14|3|5|10|21
26|26|2013-02-14|@|Citadel|W|78|57|29|55|.527|12|22|.545|8|12|.667|10|32|14|11|3|12|21||21|53|.396|3|16|.188|12|24|.500|9|25|15|7|5|12|12
27|27|2013-02-16|@|College of Charleston|L|60|69|23|55|.418|4|12|.333|10|12|.833|7|30|4|3|3|9|18||24|51|.471|6|18|.333|15|22|.682|9|34|13|5|4|9|13
28|28|2013-02-21||Wofford|L|47|53|17|49|.347|4|12|.333|9|15|.600|3|28|5|7|3|11|13||22|56|.393|3|14|.214|6|9|.667|11|39|12|8|4|12|11
29|29|2013-02-23||Furman|W|78|61|26|55|.473|15|31|.484|11|14|.786|9|31|20|7|2|9|15||19|51|.373|8|23|.348|15|17|.882|8|26|4|5|5|10|10
30|30|2013-02-27|@|North Carolina-Greensboro|W|66|60|17|57|.298|3|15|.200|29|34|.853|16|44|7|8|2|16|19||20|55|.364|5|22|.227|15|18|.833|9|28|9|8|3|15|25
31|31|2013-03-02|@|Davidson|L|48|83|14|47|.298|2|13|.154|18|24|.750|6|24|4|7|0|15|21||31|55|.564|5|14|.357|16|22|.727|6|32|17|9|5|11|19
32|32|2013-03-08|N|Wofford|W|60|44|21|56|.375|4|13|.308|14|19|.737|11|38|6|7|0|9|12||18|53|.340|3|20|.150|5|9|.556|7|26|7|3|4|10|16
33|33|2013-03-09|N|Davidson|L|59|86|18|47|.383|1|8|.125|22|25|.880|6|24|4|4|2|12|21||28|50|.560|13|28|.464|17|22|.773|4|26|20|3|1|11|17
