ranker|game_season|date_game|game_location|opp_id|game_result|pts|opp_pts|fg|fga|fg_pct|fg3|fg3a|fg3_pct|ft|fta|ft_pct|orb|trb|ast|stl|blk|tov|pf|x|opp_fg|opp_fga|opp_fg_pct|opp_fg3|opp_fg3a|opp_fg3_pct|opp_ft|opp_fta|opp_ft_pct|opp_orb|opp_trb|opp_ast|opp_stl|opp_blk|opp_tov|opp_pf|
1|1|2012-11-11||Duquesne|W|61|55|21|51|.412|6|16|.375|13|22|.591|9|35|12|7|1|17|13||21|59|.356|4|24|.167|9|12|.750|7|31|11|5|1|14|19
2|2|2012-11-14||Liberty|W|68|59|24|48|.500|2|15|.133|18|26|.692|6|28|17|7|5|9|13||21|49|.429|10|19|.526|7|9|.778|4|24|13|6|1|15|22
3|3|2012-11-19|N|UCLA|W|78|70|30|55|.545|7|14|.500|11|15|.733|5|28|15|10|8|13|11||27|66|.409|5|19|.263|11|16|.688|9|32|18|6|4|13|17
4|4|2012-11-20|N|Indiana|L (1 OT)|72|82|26|59|.441|11|26|.423|9|10|.900|5|21|12|7|4|15|27||23|49|.469|10|17|.588|26|36|.722|8|30|12|8|2|13|17
5|5|2012-11-24||Mount St. Mary's|W|72|50|30|47|.638|3|7|.429|9|18|.500|8|38|16|5|6|17|9||21|62|.339|7|24|.292|1|2|.500|6|18|8|9|3|8|19
6|6|2012-11-30||Tennessee|W|37|36|16|44|.364|1|7|.143|4|9|.444|3|27|11|9|4|9|11||15|46|.326|3|16|.188|3|11|.273|9|35|6|2|3|12|16
7|7|2012-12-04|N|Texas|W|64|41|25|61|.410|4|18|.222|10|16|.625|9|36|17|13|6|14|18||14|48|.292|2|13|.154|11|21|.524|8|31|9|8|5|21|15
8|8|2012-12-08||Towson|W|46|40|14|48|.292|2|16|.125|16|24|.667|7|28|11|11|5|8|12||15|46|.326|4|15|.267|6|8|.750|6|33|9|2|6|19|20
9|9|2012-12-10||Longwood|W|89|53|36|67|.537|6|20|.300|11|19|.579|8|22|25|14|4|9|15||20|45|.444|3|9|.333|10|15|.667|9|30|13|4|0|30|20
10|10|2012-12-15||Western Carolina|W|81|68|26|53|.491|6|15|.400|23|33|.697|12|32|16|9|4|9|14||24|52|.462|11|22|.500|9|14|.643|8|23|16|8|0|15|25
11|11|2012-12-22||American|W|65|48|23|52|.442|10|21|.476|9|12|.750|7|39|18|5|4|11|10||16|56|.286|8|24|.333|8|9|.889|6|26|10|2|1|7|13
12|12|2013-01-05|@|Marquette|L|48|49|18|46|.391|5|15|.333|7|12|.583|5|25|14|8|3|10|16||16|44|.364|4|17|.235|13|18|.722|9|34|14|5|3|10|12
13|13|2013-01-08||Pittsburgh|L|45|73|13|37|.351|2|12|.167|17|26|.654|7|20|5|2|5|16|19||27|49|.551|5|8|.625|14|20|.700|9|27|16|6|4|10|21
14|14|2013-01-12|@|St. John's (NY)|W|67|51|24|55|.436|3|8|.375|16|23|.696|10|42|15|6|5|15|22||21|59|.356|3|16|.188|6|16|.375|5|28|8|6|8|11|23
15|15|2013-01-16||Providence|W|74|65|25|47|.532|5|12|.417|19|25|.760|4|24|17|11|4|13|19||22|58|.379|7|20|.350|14|21|.667|13|33|14|8|4|15|23
16|16|2013-01-19|@|South Florida|L|58|61|22|45|.489|7|18|.389|7|10|.700|9|30|15|3|0|15|16||20|51|.392|8|27|.296|13|16|.813|9|21|12|8|2|4|15
17|17|2013-01-21|@|Notre Dame|W|63|47|24|45|.533|7|15|.467|8|12|.667|4|34|19|2|3|8|16||17|49|.347|2|16|.125|11|18|.611|7|22|11|6|2|5|12
18|18|2013-01-26||Louisville|W|53|51|19|49|.388|5|17|.294|10|12|.833|10|32|8|5|2|16|16||16|46|.348|3|11|.273|16|22|.727|9|28|7|10|2|13|15
19|19|2013-01-30||Seton Hall|W|74|52|24|51|.471|8|19|.421|18|32|.563|10|30|19|15|3|14|22||14|43|.326|5|20|.250|19|24|.792|10|27|8|10|2|24|29
20|20|2013-02-02||St. John's (NY)|W|68|56|27|59|.458|9|26|.346|5|7|.714|15|38|16|5|7|12|17||20|63|.317|4|18|.222|12|17|.706|15|32|9|5|4|9|15
21|21|2013-02-09|@|Rutgers|W|69|63|27|47|.574|6|13|.462|9|13|.692|9|28|16|4|3|11|19||21|54|.389|8|18|.444|13|18|.722|14|25|12|6|0|8|16
22|22|2013-02-11||Marquette|W|63|55|20|52|.385|6|21|.286|17|24|.708|11|30|14|8|4|14|18||20|46|.435|4|13|.308|11|17|.647|7|26|10|6|5|19|22
23|23|2013-02-15|@|Cincinnati|W|62|55|20|48|.417|3|12|.250|19|25|.760|4|27|11|5|1|10|21||17|54|.315|4|24|.167|17|30|.567|13|36|10|5|8|11|20
24|24|2013-02-20||DePaul|W|90|66|33|52|.635|9|15|.600|15|21|.714|5|29|22|10|7|11|16||25|65|.385|3|16|.188|13|20|.650|18|33|11|5|3|14|17
25|25|2013-02-23|@|Syracuse|W|57|46|19|54|.352|7|25|.280|12|14|.857|12|30|11|9|2|11|14||17|50|.340|4|20|.200|8|12|.667|11|32|8|7|7|16|15
26|26|2013-02-27|@|Connecticut|W (2 OT)|79|78|27|57|.474|11|20|.550|14|19|.737|5|25|16|8|3|15|19||28|66|.424|11|29|.379|11|14|.786|8|33|19|6|8|15|16
27|27|2013-03-02||Rutgers|W|64|51|15|33|.455|4|11|.364|30|42|.714|6|34|8|5|6|12|21||20|54|.370|5|14|.357|6|15|.400|6|23|12|7|1|12|30
28|28|2013-03-06|@|Villanova|L|57|67|23|50|.460|7|18|.389|4|8|.500|10|24|18|8|3|22|27||16|34|.471|5|10|.500|30|42|.714|7|24|9|15|0|16|12
29|29|2013-03-09||Syracuse|W|61|39|21|50|.420|9|22|.409|10|12|.833|10|29|18|9|4|9|16||15|47|.319|1|11|.091|8|13|.615|8|24|4|4|4|13|12
30|30|2013-03-14|N|Cincinnati|W|62|43|21|48|.438|7|17|.412|13|18|.722|8|23|12|7|1|9|15||14|38|.368|6|17|.353|9|13|.692|4|22|8|6|5|14|21
31|31|2013-03-15|N|Syracuse|L (1 OT)|55|58|20|53|.377|4|18|.222|11|20|.550|8|33|15|7|2|10|20||19|52|.365|7|18|.389|13|19|.684|11|29|11|6|4|14|17
32|32|2013-03-22|N|Florida Gulf Coast|L|68|78|24|64|.375|7|27|.259|13|20|.650|11|38|15|6|4|14|33||21|49|.429|6|15|.400|30|44|.682|7|36|15|5|3|13|18
