ranker|game_season|date_game|game_location|opp_id|game_result|pts|opp_pts|fg|fga|fg_pct|fg3|fg3a|fg3_pct|ft|fta|ft_pct|orb|trb|ast|stl|blk|tov|pf|x|opp_fg|opp_fga|opp_fg_pct|opp_fg3|opp_fg3a|opp_fg3_pct|opp_ft|opp_fta|opp_ft_pct|opp_orb|opp_trb|opp_ast|opp_stl|opp_blk|opp_tov|opp_pf|
1|1|2012-11-10||Chicago State|W|72|67|15|48|.313|1|17|.059|41|48|.854|12|40|6|14|5|29|18||23|63|.365|7|26|.269|14|15|.933|9|30|9|19|4|27|36
2|2|2012-11-16|N|Southern Utah|W|66|54|26|69|.377|3|13|.231|11|19|.579|15|45|9|8|8|9|18||19|55|.345|4|17|.235|12|19|.632|5|34|12|5|5|12|18
3|3|2012-11-17|@|Nevada|L|69|71|23|54|.426|6|14|.429|17|25|.680|16|37|15|6|5|17|21||25|59|.424|7|13|.538|14|21|.667|11|28|10|7|3|13|19
4|4|2012-11-18|N|Cal State Fullerton|L|82|93|26|61|.426|4|24|.167|26|34|.765|16|38|17|8|1|14|22||29|53|.547|10|20|.500|25|29|.862|5|25|17|6|1|12|25
5|5|2012-11-20|@|Idaho|L|62|72|26|62|.419|5|16|.313|5|6|.833|6|22|13|4|2|6|15||27|49|.551|9|15|.600|9|14|.643|7|33|20|3|4|12|16
6|6|2012-11-24||North Dakota State|W|74|59|24|49|.490|9|17|.529|17|23|.739|3|27|20|7|7|10|24||22|55|.400|3|16|.188|12|21|.571|11|32|13|3|3|11|18
7|7|2012-12-01|@|Virginia|L|51|67|18|53|.340|5|17|.294|10|13|.769|8|28|11|5|2|13|13||26|52|.500|7|14|.500|8|11|.727|4|30|20|7|5|10|14
8|8|2012-12-06|@|Tennessee Tech|L|68|74|23|50|.460|4|14|.286|18|23|.783|10|26|10|4|2|10|20||24|53|.453|9|21|.429|17|21|.810|14|32|11|4|2|9|21
9|9|2012-12-12|@|Wisconsin|L|54|65|21|56|.375|3|12|.250|9|12|.750|8|32|6|3|1|9|21||24|51|.471|5|13|.385|12|20|.600|5|30|15|5|8|6|11
10|10|2012-12-15||Southern Illinois|L|70|72|19|47|.404|6|13|.462|26|31|.839|6|26|12|4|2|16|18||25|53|.472|6|14|.429|16|19|.842|6|25|13|8|3|11|23
11|11|2012-12-19||Marquette|W|49|47|17|44|.386|3|8|.375|12|19|.632|7|24|12|5|4|9|14||19|49|.388|5|19|.263|4|9|.444|9|26|11|5|5|13|17
12|12|2012-12-22||South Dakota|W|72|55|26|47|.553|6|14|.429|14|20|.700|7|30|18|3|3|10|15||20|49|.408|6|18|.333|9|13|.692|6|23|13|5|0|7|15
13|13|2012-12-30||Illinois-Springfield|W|84|43|32|54|.593|8|14|.571|12|13|.923|3|36|24|10|7|13|13||15|58|.259|8|21|.381|5|7|.714|6|24|12|8|1|18|15
14|14|2013-01-03|@|Wright State|L|53|64|17|47|.362|4|15|.267|15|19|.789|8|29|10|4|5|18|23||21|48|.438|5|17|.294|17|27|.630|10|30|12|10|2|12|15
15|15|2013-01-05|@|Detroit Mercy|L|76|84|29|55|.527|4|14|.286|14|19|.737|6|33|13|2|5|17|30||21|56|.375|4|20|.200|38|42|.905|6|25|7|9|1|5|20
16|16|2013-01-09||Loyola (IL)|W|58|45|22|49|.449|5|15|.333|9|16|.563|11|35|16|9|5|17|12||18|57|.316|7|21|.333|2|2|1.000|9|27|10|8|2|16|19
17|17|2013-01-12||Illinois-Chicago|W|53|47|17|47|.362|3|14|.214|16|25|.640|8|33|10|6|5|6|12||16|47|.340|7|22|.318|8|8|1.000|4|25|10|4|2|9|19
18|18|2013-01-17||Youngstown State|W|67|58|21|47|.447|1|6|.167|24|30|.800|6|37|11|6|6|16|17||18|59|.305|8|23|.348|14|20|.700|6|24|11|12|5|9|24
19|19|2013-01-19||Cleveland State|W|77|50|23|42|.548|6|15|.400|25|32|.781|9|38|15|8|10|19|14||18|52|.346|6|23|.261|8|14|.571|4|15|11|12|4|12|24
20|20|2013-01-23|@|Valparaiso|L|61|73|20|51|.392|4|17|.235|17|21|.810|9|31|12|6|3|16|26||20|49|.408|6|21|.286|27|33|.818|7|28|13|9|5|8|17
21|21|2013-01-25|@|Milwaukee|W|74|54|28|64|.438|6|16|.375|12|17|.706|17|39|14|8|6|8|18||20|53|.377|3|20|.150|11|17|.647|12|33|6|4|7|12|13
22|22|2013-01-31|@|Illinois-Chicago|L|57|60|21|43|.488|5|12|.417|10|12|.833|6|24|14|6|6|16|15||21|50|.420|6|16|.375|12|16|.750|11|27|12|8|2|11|15
23|23|2013-02-02|@|Loyola (IL)|W|73|65|26|45|.578|6|13|.462|15|24|.625|8|30|16|6|4|13|10||25|52|.481|6|19|.316|9|10|.900|4|17|19|7|2|11|21
24|24|2013-02-07||Wright State|L (2 OT)|68|70|20|56|.357|5|14|.357|23|33|.697|10|38|9|10|10|24|14||27|65|.415|11|20|.550|5|6|.833|7|29|11|12|5|20|23
25|25|2013-02-09||Detroit Mercy|W|68|59|22|51|.431|6|13|.462|18|23|.783|8|32|10|3|4|13|12||22|54|.407|5|18|.278|10|15|.667|5|27|10|8|3|12|23
26|26|2013-02-15|@|Cleveland State|W|66|59|21|48|.438|5|13|.385|19|21|.905|9|28|13|7|8|12|13||21|50|.420|9|21|.429|8|10|.800|7|22|15|7|3|13|19
27|27|2013-02-17|@|Youngstown State|W|71|54|25|48|.521|4|10|.400|17|20|.850|6|34|16|3|7|12|16||19|57|.333|5|25|.200|11|13|.846|7|21|11|8|4|6|16
28|28|2013-02-23|@|Drake|L|54|71|20|59|.339|4|20|.200|10|11|.909|9|30|12|7|4|12|15||25|52|.481|9|21|.429|12|18|.667|7|32|13|8|0|12|14
29|29|2013-02-26||Milwaukee|W|78|61|29|55|.527|6|12|.500|14|16|.875|11|35|18|7|5|13|21||18|48|.375|4|17|.235|21|30|.700|7|21|7|6|4|12|13
30|30|2013-03-02||Valparaiso|L|56|75|22|48|.458|5|13|.385|7|12|.583|9|24|12|5|1|16|11||29|48|.604|10|18|.556|7|10|.700|5|22|14|10|1|10|15
31|31|2013-03-05||Milwaukee|W|62|46|20|59|.339|4|16|.250|18|26|.692|12|44|11|5|8|7|19||13|49|.265|5|24|.208|15|21|.714|6|29|6|1|5|11|18
32|32|2013-03-08|N|Illinois-Chicago|W|64|63|23|50|.460|8|18|.444|10|16|.625|8|25|12|2|4|11|15||23|49|.469|5|13|.385|12|15|.800|3|23|9|3|0|7|17
33|33|2013-03-09|@|Valparaiso|L|69|70|28|53|.528|6|14|.429|7|12|.583|8|29|20|5|3|9|18||24|48|.500|8|19|.421|14|22|.636|4|24|16|5|1|8|12
34|34|2013-03-20|@|Bradley|L|69|75|27|61|.443|4|14|.286|11|14|.786|8|34|18|5|4|12|22||24|60|.400|4|16|.250|23|31|.742|15|39|12|9|4|9|16
