ranker|game_season|date_game|game_location|opp_id|game_result|pts|opp_pts|fg|fga|fg_pct|fg3|fg3a|fg3_pct|ft|fta|ft_pct|orb|trb|ast|stl|blk|tov|pf|x|opp_fg|opp_fga|opp_fg_pct|opp_fg3|opp_fg3a|opp_fg3_pct|opp_ft|opp_fta|opp_ft_pct|opp_orb|opp_trb|opp_ast|opp_stl|opp_blk|opp_tov|opp_pf|
1|1|2012-11-09|@|William & Mary|L|51|69|19|60|.317|2|16|.125|11|16|.688|12|34|3|5|2|12|18||22|47|.468|9|21|.429|16|26|.615|4|34|20|7|4|13|10
2|2|2012-11-15|@|Richmond|L|58|68|18|43|.419|4|15|.267|18|23|.783|9|30|8|7|3|23|23||21|51|.412|6|17|.353|20|27|.741|12|32|12|11|3|17|22
3|3|2012-11-20|@|Ohio|L|67|75|24|58|.414|2|10|.200|17|26|.654|16|38|7|9|4|24|25||21|49|.429|7|22|.318|26|31|.839|7|24|15|13|8|16|20
4|4|2012-11-23|N|Wofford|L|51|56|22|52|.423|2|11|.182|5|10|.500|7|42|9|6|2|24|17||18|56|.321|6|25|.240|14|22|.636|7|29|12|14|0|15|10
5|5|2012-11-25|@|North Carolina-Wilmington|L|60|61|20|49|.408|4|12|.333|16|23|.696|10|36|10|10|2|17|27||18|47|.383|4|22|.182|21|39|.538|14|34|9|7|5|17|18
6|6|2012-11-28|@|Radford|L|64|73|28|66|.424|3|11|.273|5|10|.500|11|32|11|14|4|20|17||26|53|.491|8|18|.444|13|16|.813|7|30|11|11|3|20|10
7|7|2012-12-01||Howard|W|58|50|18|56|.321|9|25|.360|13|19|.684|11|30|13|10|10|22|20||14|46|.304|0|8|.000|22|31|.710|13|36|6|10|8|23|20
8|8|2012-12-08||Robert Morris|L|54|66|21|57|.368|6|23|.261|6|18|.333|13|41|14|9|3|20|20||21|53|.396|10|27|.370|14|20|.700|6|30|15|7|1|17|18
9|9|2012-12-18||American|W|72|65|25|59|.424|8|20|.400|14|24|.583|10|34|16|6|9|7|16||23|57|.404|7|18|.389|12|18|.667|12|38|9|3|3|13|19
10|10|2012-12-20||Northern Kentucky|L|52|54|17|54|.315|2|19|.105|16|22|.727|8|30|12|4|7|10|20||18|48|.375|4|14|.286|14|20|.700|8|35|10|5|1|15|16
11|11|2012-12-30|@|Winthrop|L|43|50|14|59|.237|7|29|.241|8|11|.727|8|36|12|6|9|7|15||19|57|.333|5|19|.263|7|14|.500|13|47|9|1|4|12|10
12|12|2013-01-02|@|South Carolina Upstate|L|49|68|19|57|.333|5|24|.208|6|11|.545|10|30|12|9|6|22|24||23|54|.426|6|19|.316|16|29|.552|13|39|16|14|2|24|14
13|13|2013-01-07||James Madison|W|69|65|24|52|.462|7|19|.368|14|28|.500|9|35|16|6|4|16|18||20|49|.408|6|22|.273|19|26|.731|6|28|8|11|3|17|24
14|14|2013-01-12|@|Howard|W|51|49|15|51|.294|3|19|.158|18|27|.667|12|38|4|2|7|20|22||18|48|.375|4|9|.444|9|21|.429|7|28|11|5|8|12|24
15|15|2013-01-14||Quinnipiac|W|70|64|20|59|.339|5|13|.385|25|34|.735|9|36|16|9|5|14|22||22|61|.361|6|18|.333|14|19|.737|14|43|12|2|4|20|27
16|16|2013-01-19||Morgan State|L|78|80|20|56|.357|7|19|.368|31|36|.861|14|35|17|4|6|15|24||29|63|.460|6|15|.400|16|31|.516|15|31|15|5|5|14|28
17|17|2013-01-21||Coppin State|L (1 OT)|65|67|21|61|.344|7|31|.226|16|22|.727|10|40|17|7|3|15|20||23|70|.329|7|26|.269|14|20|.700|13|38|11|5|0|14|21
18|18|2013-01-26|@|Norfolk State|L|67|74|25|58|.431|4|20|.200|13|21|.619|12|38|8|5|3|18|28||26|56|.464|5|15|.333|17|35|.486|10|32|16|8|7|10|19
19|19|2013-01-30|@|South Carolina State|W|64|60|24|54|.444|6|16|.375|10|19|.526|13|39|8|6|5|13|20||20|58|.345|6|15|.400|14|19|.737|11|31|15|5|5|10|19
20|20|2013-02-02|@|Morgan State|W|64|62|25|50|.500|2|13|.154|12|19|.632|13|35|5|9|4|22|14||26|60|.433|3|11|.273|7|21|.333|20|32|11|6|3|18|19
21|21|2013-02-04|@|Coppin State|W|59|53|23|53|.434|4|19|.211|9|18|.500|13|37|11|5|3|15|24||14|51|.275|5|24|.208|20|27|.741|11|29|6|2|2|14|17
22|22|2013-02-07|@|Savannah State|W (1 OT)|71|68|27|54|.500|3|11|.273|14|24|.583|8|34|10|12|6|21|17||24|66|.364|6|24|.250|14|19|.737|14|33|10|12|7|17|19
23|23|2013-02-11||Delaware State|W (2 OT)|85|84|28|62|.452|2|12|.167|27|36|.750|9|32|21|10|5|19|26||29|66|.439|6|17|.353|20|32|.625|11|38|9|5|6|18|27
24|24|2013-02-18||Norfolk State|L|59|62|21|69|.304|3|16|.188|14|23|.609|19|50|8|9|4|16|19||24|58|.414|3|14|.214|11|22|.500|6|31|7|4|6|15|19
25|25|2013-02-20|@|Maryland-Eastern Shore|W|63|59|27|49|.551|2|9|.222|7|9|.778|7|25|13|10|2|21|19||22|51|.431|5|12|.417|10|14|.714|9|24|12|6|2|16|16
26|26|2013-02-23||Saint Peter's|L|59|66|21|52|.404|3|13|.231|14|19|.737|8|36|9|2|4|17|18||23|55|.418|5|14|.357|15|22|.682|6|30|7|9|3|10|15
27|27|2013-02-25|@|Delaware State|W|57|50|21|52|.404|3|9|.333|12|17|.706|7|38|10|9|3|15|14||18|58|.310|3|20|.150|11|14|.786|9|27|9|9|12|9|15
28|28|2013-03-02||Florida A&M|W|77|68|24|63|.381|8|18|.444|21|25|.840|14|40|14|10|6|12|23||21|62|.339|3|13|.231|23|30|.767|13|37|8|5|3|18|18
29|29|2013-03-04||Bethune-Cookman|W|75|66|23|52|.442|5|15|.333|24|37|.649|9|35|13|9|4|16|24||23|61|.377|3|16|.188|17|24|.708|10|33|4|9|1|16|26
30|30|2013-03-07||North Carolina Central|L|64|68|23|58|.397|4|13|.308|14|20|.700|11|36|16|6|11|12|23||24|61|.393|6|15|.400|14|22|.636|10|34|9|5|6|10|16
31|31|2013-03-14|N|Delaware State|L|60|63|21|56|.375|3|13|.231|15|21|.714|17|32|9|6|2|16|17||20|47|.426|7|16|.438|16|20|.800|10|29|10|4|4|14|18
