ranker|game_season|date_game|game_location|opp_id|game_result|pts|opp_pts|fg|fga|fg_pct|fg3|fg3a|fg3_pct|ft|fta|ft_pct|orb|trb|ast|stl|blk|tov|pf|x|opp_fg|opp_fga|opp_fg_pct|opp_fg3|opp_fg3a|opp_fg3_pct|opp_ft|opp_fta|opp_ft_pct|opp_orb|opp_trb|opp_ast|opp_stl|opp_blk|opp_tov|opp_pf|
1|1|2012-11-09||Maryland-Eastern Shore|W|76|64|27|52|.519|4|15|.267|18|25|.720|8|40|19|3|1|21|15||26|70|.371|5|28|.179|7|15|.467|10|30|14|9|2|12|21
2|2|2012-11-11||Arkansas-Pine Bluff|W|81|54|28|57|.491|11|24|.458|14|20|.700|6|35|19|6|2|17|17||17|65|.262|4|22|.182|16|23|.696|15|32|8|8|4|11|15
3|3|2012-11-13||Houston Baptist|W|73|60|27|55|.491|2|13|.154|17|24|.708|11|38|12|8|3|17|12||25|66|.379|3|15|.200|7|11|.636|10|27|10|4|1|12|20
4|4|2012-11-17||Illinois|L (1 OT)|77|78|27|66|.409|6|14|.429|17|31|.548|17|44|14|2|0|16|17||27|64|.422|11|31|.355|13|20|.650|7|28|8|8|8|8|26
5|5|2012-11-20||North Dakota|W|71|66|28|62|.452|9|27|.333|6|10|.600|9|33|14|5|7|10|18||21|58|.362|9|25|.360|15|20|.750|9|33|11|2|4|14|17
6|6|2012-12-01|@|Nevada-Las Vegas|L|63|77|21|62|.339|1|18|.056|20|26|.769|14|37|9|9|3|17|17||30|66|.455|7|15|.467|10|15|.667|11|39|22|12|7|16|20
7|7|2012-12-08||Pepperdine|L|56|63|18|54|.333|7|19|.368|13|26|.500|11|39|8|4|1|10|15||22|55|.400|10|24|.417|9|15|.600|7|32|10|7|2|9|19
8|8|2012-12-15|@|Chaminade|W|104|93|39|65|.600|11|21|.524|15|21|.714|16|43|15|5|2|13|19||31|68|.456|16|35|.457|15|19|.789|8|21|13|5|1|9|19
9|9|2012-12-23|N|East Tennessee State|W|84|61|34|67|.507|10|23|.435|6|13|.462|16|48|22|6|4|20|14||23|67|.343|6|23|.261|9|12|.750|9|23|7|11|4|14|13
10|10|2012-12-23||Miami (FL)|L|58|73|22|55|.400|8|21|.381|6|8|.750|11|29|16|2|3|15|13||27|56|.482|6|18|.333|13|16|.813|9|29|11|10|4|6|11
11|11|2012-12-25||Mississippi|L|66|81|24|61|.393|2|16|.125|16|20|.800|14|37|13|2|5|15|17||27|61|.443|7|20|.350|20|25|.800|8|28|15|8|7|8|18
12|12|2012-12-30||Cal State Northridge|W|74|71|27|54|.500|4|10|.400|16|31|.516|12|44|12|5|7|18|13||28|74|.378|6|15|.400|9|18|.500|15|35|14|7|4|9|25
13|13|2013-01-03||Cal State Fullerton|W|90|88|36|64|.563|6|16|.375|12|20|.600|13|34|20|6|2|20|14||36|70|.514|10|23|.435|6|11|.545|10|26|15|14|2|14|19
14|14|2013-01-05||California-Riverside|W|76|61|27|49|.551|10|16|.625|12|14|.857|5|27|16|3|2|14|16||21|54|.389|3|16|.188|16|21|.762|8|22|6|8|1|10|15
15|15|2013-01-09|@|California-Irvine|L|64|68|21|59|.356|7|20|.350|15|19|.789|14|42|10|5|2|16|19||23|59|.390|9|25|.360|13|19|.684|10|35|18|9|2|11|16
16|16|2013-01-12|@|Long Beach State|L|72|76|29|60|.483|7|22|.318|7|15|.467|10|32|14|7|2|17|24||24|52|.462|10|23|.435|18|29|.621|7|29|19|7|2|15|17
17|17|2013-01-17||Pacific|W|60|52|19|51|.373|7|18|.389|15|23|.652|11|36|11|9|5|22|14||21|68|.309|3|27|.111|7|11|.636|14|34|13|14|3|13|21
18|18|2013-01-19||California-Davis|L|82|93|29|67|.433|6|21|.286|18|22|.818|15|36|14|12|0|12|22||29|55|.527|16|26|.615|19|26|.731|10|32|19|6|3|17|18
19|19|2013-01-24|@|Cal Poly|L|59|88|20|50|.400|4|13|.308|15|21|.714|8|18|8|6|3|13|16||31|55|.564|11|25|.440|15|20|.750|13|35|20|6|1|9|19
20|20|2013-01-26|@|California-Santa Barbara|W|78|73|25|53|.472|3|10|.300|25|39|.641|18|42|16|2|5|13|17||27|61|.443|9|28|.321|10|15|.667|10|28|21|3|1|8|25
21|21|2013-01-31|@|California-Riverside|W|72|68|28|57|.491|6|15|.400|10|14|.714|7|25|14|5|6|7|13||27|54|.500|10|20|.500|4|7|.571|7|25|21|3|5|14|13
22|22|2013-02-02|@|Cal State Fullerton|W|77|75|26|54|.481|6|15|.400|19|28|.679|4|29|15|8|4|13|14||29|65|.446|6|23|.261|11|14|.786|7|34|15|5|1|14|22
23|23|2013-02-07||Long Beach State|W|94|73|32|59|.542|7|14|.500|23|31|.742|14|40|18|9|1|22|24||21|55|.382|5|20|.250|26|37|.703|7|21|11|19|0|16|27
24|24|2013-02-09||California-Irvine|W|78|72|27|62|.435|3|16|.188|21|27|.778|9|33|8|5|5|7|12||29|67|.433|9|18|.500|5|7|.714|11|36|11|4|3|12|18
25|25|2013-02-14|@|California-Davis|L|65|89|25|55|.455|7|22|.318|8|9|.889|8|27|16|3|4|17|17||32|66|.485|11|19|.579|14|18|.778|14|35|14|9|2|12|12
26|26|2013-02-16|@|Pacific|L|71|80|25|56|.446|6|17|.353|15|23|.652|10|29|15|3|3|8|27||24|47|.511|5|9|.556|27|33|.818|9|33|16|1|1|10|20
27|27|2013-02-23||Northern Arizona|W|84|50|31|63|.492|8|22|.364|14|19|.737|10|46|12|6|8|9|16||16|57|.281|5|21|.238|13|24|.542|6|29|8|3|1|11|15
28|28|2013-02-28||California-Santa Barbara|W|70|66|19|48|.396|8|17|.471|24|30|.800|6|28|11|8|3|14|18||17|43|.395|12|27|.444|20|27|.741|5|25|11|11|3|15|22
29|29|2013-03-03||Cal Poly|L|61|64|21|52|.404|5|15|.333|14|19|.737|9|27|12|3|4|3|12||25|51|.490|7|17|.412|7|11|.636|8|28|18|3|3|7|15
30|30|2013-03-07|@|Cal State Northridge|L|75|88|30|66|.455|5|18|.278|10|16|.625|15|40|16|4|3|13|16||27|59|.458|11|27|.407|23|27|.852|7|28|18|7|3|8|13
31|31|2013-03-14|N|California-Irvine|L|60|71|22|63|.349|4|18|.222|12|16|.750|10|33|12|3|4|12|24||21|52|.404|6|19|.316|23|31|.742|8|35|10|7|6|12|14
32|32|2013-03-21||Air Force|L|65|69|22|52|.423|5|23|.217|16|23|.696|11|33|13|6|6|15|10||24|55|.436|15|31|.484|6|12|.500|9|29|19|6|1|15|17
