ranker|game_season|date_game|game_location|opp_id|game_result|pts|opp_pts|fg|fga|fg_pct|fg3|fg3a|fg3_pct|ft|fta|ft_pct|orb|trb|ast|stl|blk|tov|pf|x|opp_fg|opp_fga|opp_fg_pct|opp_fg3|opp_fg3a|opp_fg3_pct|opp_ft|opp_fta|opp_ft_pct|opp_orb|opp_trb|opp_ast|opp_stl|opp_blk|opp_tov|opp_pf|
1|1|2012-11-09||Florida A&M|W|81|76|26|61|.426|8|19|.421|21|26|.808|18|49|12|7|6|19|18||28|71|.394|8|26|.308|12|21|.571|11|29|11|12|4|12|23
2|2|2012-11-13|@|San Jose State|W|77|75|28|61|.459|5|12|.417|16|23|.696|5|35|16|2|7|12|22||27|66|.409|7|19|.368|14|24|.583|10|35|16|6|3|15|22
3|3|2012-11-17||Grambling|W|87|47|31|67|.463|7|16|.438|18|29|.621|13|42|14|12|7|7|7||20|54|.370|5|19|.263|2|6|.333|6|31|7|5|5|21|20
4|4|2012-11-19||Louisiana College|W|106|59|39|77|.506|7|16|.438|21|39|.538|20|49|23|17|5|12|16||19|59|.322|7|21|.333|14|20|.700|11|37|15|9|6|30|27
5|5|2012-11-25|@|Texas A&M-Corpus Christi|W|77|75|30|66|.455|4|15|.267|13|21|.619|14|47|15|2|2|10|18||26|62|.419|3|13|.231|20|30|.667|9|35|18|8|14|5|14
6|6|2012-11-28|@|Prairie View|L|80|81|26|53|.491|3|13|.231|25|35|.714|5|29|9|8|3|15|22||32|66|.485|6|12|.500|11|20|.550|12|34|17|6|3|16|25
7|7|2012-12-01||Texas A&M|L|58|70|20|49|.408|7|21|.333|11|19|.579|7|24|9|4|3|13|15||29|60|.483|4|11|.364|8|13|.615|13|39|12|5|1|10|15
8|8|2012-12-04|@|Texas Christian|W|54|48|18|53|.340|1|7|.143|17|22|.773|15|42|8|4|4|15|16||19|57|.333|5|18|.278|5|13|.385|13|35|12|4|4|14|19
9|9|2012-12-08||Texas Southern|W (1 OT)|78|75|29|57|.509|6|11|.545|14|19|.737|9|35|17|4|8|13|14||29|69|.420|14|34|.412|3|8|.375|12|33|17|5|2|11|19
10|10|2012-12-15||Louisiana-Lafayette|W|85|63|32|67|.478|14|28|.500|7|11|.636|10|42|23|5|3|9|16||24|60|.400|4|21|.190|11|17|.647|7|32|12|5|3|11|12
11|11|2012-12-22||Chicago State|W|79|57|26|58|.448|6|23|.261|21|25|.840|11|41|14|8|7|14|14||21|61|.344|6|23|.261|9|12|.750|8|29|8|8|3|14|22
12|12|2012-12-29||Prairie View|W|80|75|25|59|.424|9|22|.409|21|26|.808|11|28|13|9|3|13|18||26|64|.406|5|18|.278|18|21|.857|16|40|9|8|4|17|23
13|13|2013-01-03||Texas-Pan American|W|96|71|34|62|.548|13|24|.542|15|20|.750|14|34|15|4|3|10|11||29|57|.509|7|19|.368|6|9|.667|6|21|14|5|2|10|13
14|14|2013-01-09||Southern Methodist|W|78|67|25|56|.446|5|15|.333|23|32|.719|15|38|14|7|5|13|15||28|65|.431|5|17|.294|6|10|.600|13|33|10|9|3|14|25
15|15|2013-01-12|@|Southern Mississippi|L|54|73|19|57|.333|4|25|.160|12|22|.545|11|31|10|8|3|16|11||31|65|.477|5|15|.333|6|13|.462|13|41|21|8|1|13|20
16|16|2013-01-16|@|East Carolina|L|78|89|29|57|.509|2|9|.222|18|26|.692|8|35|21|2|2|13|19||31|72|.431|8|24|.333|19|24|.792|12|33|21|11|2|4|19
17|17|2013-01-19||Central Florida|L (1 OT)|75|79|29|64|.453|6|20|.300|11|12|.917|13|36|16|7|4|17|15||32|64|.500|5|18|.278|10|17|.588|13|33|12|8|6|13|12
18|18|2013-01-23||Tulsa|L|72|87|22|54|.407|5|20|.250|23|28|.821|8|32|12|8|3|14|19||31|61|.508|12|25|.480|13|19|.684|8|31|20|6|2|10|19
19|19|2013-01-26||Alabama-Birmingham|W|66|61|24|53|.453|7|12|.583|11|13|.846|7|27|11|10|3|14|9||24|51|.471|8|21|.381|5|6|.833|6|27|15|7|1|18|15
20|20|2013-01-30|@|Rice|L|69|79|27|56|.482|5|19|.263|10|20|.500|15|36|15|4|3|9|16||25|55|.455|8|24|.333|21|24|.875|8|26|12|5|0|4|15
21|21|2013-02-02|@|Southern Methodist|W (1 OT)|84|80|27|50|.540|8|17|.471|22|27|.815|9|29|15|7|2|13|19||27|59|.458|8|19|.421|18|25|.720|11|25|22|6|6|9|20
22|22|2013-02-09||Tulane|L|85|88|27|56|.482|8|19|.421|23|31|.742|7|32|18|5|5|15|28||31|66|.470|5|20|.250|21|35|.600|13|39|12|7|1|9|23
23|23|2013-02-13||Texas-El Paso|W|79|61|27|49|.551|9|13|.692|16|25|.640|9|36|19|7|5|11|16||21|47|.447|5|17|.294|14|20|.700|3|22|13|4|3|11|18
24|24|2013-02-16|@|Tulsa|L (3 OT)|92|101|30|82|.366|7|28|.250|25|35|.714|11|43|11|10|3|17|36||30|66|.455|6|25|.240|35|50|.700|9|46|18|6|5|20|23
25|25|2013-02-20|@|Memphis|L|74|81|27|58|.466|5|11|.455|15|24|.625|8|23|12|6|0|11|24||30|56|.536|3|14|.214|18|25|.720|13|40|21|4|6|19|20
26|26|2013-02-27|@|Texas-El Paso|L|53|63|17|45|.378|4|11|.364|15|22|.682|0|24|12|8|6|16|23||19|54|.352|4|21|.190|21|30|.700|11|39|13|8|5|13|16
27|27|2013-03-02||Marshall|W|103|76|38|64|.594|8|15|.533|19|27|.704|9|38|26|7|4|11|19||24|66|.364|7|31|.226|21|27|.778|16|33|10|3|3|15|19
28|28|2013-03-06||Rice|W|84|62|29|58|.500|4|16|.250|22|26|.846|14|43|14|10|4|13|15||24|57|.421|6|22|.273|8|11|.727|5|19|13|9|0|13|19
29|29|2013-03-09|@|Tulane|W|96|94|35|59|.593|6|12|.500|20|23|.870|6|25|23|7|1|13|30||27|55|.491|7|19|.368|33|47|.702|12|31|14|8|0|16|21
30|30|2013-03-13|N|Rice|W|72|67|28|54|.519|5|14|.357|11|16|.688|8|39|14|3|7|15|14||26|70|.371|7|25|.280|8|10|.800|13|33|12|7|0|9|20
31|31|2013-03-14|N|Texas-El Paso|L|69|80|28|67|.418|2|11|.182|11|15|.733|19|36|14|8|1|10|26||26|51|.510|7|16|.438|21|30|.700|10|27|16|5|7|12|15
32|32|2013-03-20||Texas|W|73|72|28|68|.412|5|20|.250|12|19|.632|13|39|17|5|3|10|16||26|68|.382|6|22|.273|14|18|.778|16|42|14|6|7|11|15
33|33|2013-03-25|@|George Mason|L (1 OT)|84|88|32|68|.471|4|17|.235|16|24|.667|14|39|18|6|2|16|21||29|67|.433|11|22|.500|19|26|.731|12|36|19|6|3|15|21
