ranker|game_season|date_game|game_location|opp_id|game_result|pts|opp_pts|fg|fga|fg_pct|fg3|fg3a|fg3_pct|ft|fta|ft_pct|orb|trb|ast|stl|blk|tov|pf|x|opp_fg|opp_fga|opp_fg_pct|opp_fg3|opp_fg3a|opp_fg3_pct|opp_ft|opp_fta|opp_ft_pct|opp_orb|opp_trb|opp_ast|opp_stl|opp_blk|opp_tov|opp_pf|
1|1|2012-11-11||California-Riverside|W|59|52|19|49|.388|8|23|.348|13|15|.867|6|29|14|5|6|9|12||19|54|.352|4|17|.235|10|16|.625|12|34|12|2|0|11|12
2|2|2012-11-16|N|New Mexico|L|59|66|21|58|.362|9|26|.346|8|14|.571|8|26|11|8|1|11|23||19|47|.404|5|16|.313|23|30|.767|7|34|10|6|4|17|20
3|3|2012-11-17|N|Mercer|W|62|36|22|47|.468|8|15|.533|10|13|.769|5|29|9|9|0|11|18||14|43|.326|2|12|.167|6|11|.545|5|24|7|2|3|17|11
4|4|2012-11-19|N|Iona|W|86|81|26|55|.473|12|23|.522|22|29|.759|6|30|17|4|1|13|14||32|69|.464|7|25|.280|10|11|.909|12|36|10|6|2|13|24
5|5|2012-11-24||Southeast Missouri State|W|56|45|19|66|.288|6|24|.250|12|18|.667|10|44|9|5|1|5|9||17|56|.304|5|20|.250|6|7|.857|3|36|8|1|5|10|17
6|6|2012-11-27|@|Northern Illinois|W|58|46|19|48|.396|6|19|.316|14|20|.700|8|28|11|9|1|11|17||16|49|.327|4|16|.250|10|18|.556|9|29|9|6|1|15|20
7|7|2012-12-01|@|Northwestern|W|50|44|17|55|.309|2|14|.143|14|15|.933|11|31|8|9|1|10|18||15|43|.349|4|16|.250|10|20|.500|7|28|11|2|5|16|16
8|8|2012-12-05||Roosevelt|W|81|43|29|64|.453|10|23|.435|13|17|.765|10|34|22|10|6|6|12||18|61|.295|3|18|.167|4|8|.500|9|29|8|3|4|16|15
9|9|2012-12-08||Colorado State|W|64|55|19|50|.380|7|21|.333|19|22|.864|8|22|12|8|7|10|17||19|57|.333|4|10|.400|13|20|.650|20|41|10|3|4|15|18
10|10|2012-12-15||Eastern Michigan|W|74|48|25|54|.463|12|29|.414|12|18|.667|8|30|22|11|3|14|15||20|59|.339|1|10|.100|7|10|.700|14|35|4|6|3|19|18
11|11|2012-12-18|@|Western Illinois|L|54|70|17|47|.362|4|15|.267|16|22|.727|5|25|7|5|0|9|19||22|42|.524|5|14|.357|21|29|.724|3|28|13|3|4|8|12
12|12|2012-12-22|@|Miami (OH)|L|70|82|25|53|.472|7|19|.368|13|14|.929|9|28|15|6|3|19|16||30|53|.566|10|19|.526|12|19|.632|8|22|19|16|2|14|17
13|13|2012-12-29|@|Toledo|L|55|74|21|63|.333|10|24|.417|3|9|.333|13|35|16|4|4|10|16||25|62|.403|7|20|.350|17|20|.850|13|43|18|6|7|7|10
14|14|2013-01-02||Youngstown State|W|65|60|23|57|.404|5|22|.227|14|18|.778|9|34|16|9|4|12|18||20|54|.370|7|21|.333|13|16|.813|5|29|12|8|4|14|18
15|15|2013-01-07|@|Cleveland State|L|50|60|14|42|.333|5|19|.263|17|22|.773|8|27|8|6|3|18|18||19|45|.422|6|16|.375|16|23|.696|9|31|13|11|1|14|20
16|16|2013-01-09||Valparaiso|L|70|75|24|56|.429|4|9|.444|18|18|1.000|7|26|11|12|2|8|22||22|44|.500|6|18|.333|25|30|.833|5|30|11|3|1|15|16
17|17|2013-01-12|@|Green Bay|L|47|53|16|47|.340|7|22|.318|8|8|1.000|4|25|10|4|2|9|19||17|47|.362|3|14|.214|16|25|.640|8|33|10|6|5|6|12
18|18|2013-01-16||Loyola (IL)|W|61|59|24|57|.421|7|21|.333|6|7|.857|3|21|11|6|4|3|12||19|47|.404|7|18|.389|14|15|.933|4|27|15|2|2|9|14
19|19|2013-01-19|@|Detroit Mercy|L|47|98|17|53|.321|4|22|.182|9|18|.500|10|28|7|4|4|19|21||34|62|.548|10|22|.455|20|28|.714|10|37|18|10|4|8|16
20|20|2013-01-23||Milwaukee|W|60|50|22|58|.379|4|16|.250|12|20|.600|11|40|11|7|0|10|13||18|56|.321|8|35|.229|6|9|.667|5|27|11|5|4|11|17
21|21|2013-01-26|@|Wright State|W|55|49|16|39|.410|3|8|.375|20|26|.769|8|29|7|3|1|20|14||18|54|.333|2|19|.105|11|13|.846|13|28|6|9|1|16|20
22|22|2013-01-31||Green Bay|W|60|57|21|50|.420|6|16|.375|12|16|.750|11|27|12|8|2|11|15||21|43|.488|5|12|.417|10|12|.833|6|24|14|6|6|16|15
23|23|2013-02-02||Cleveland State|L|66|77|18|48|.375|5|16|.313|25|31|.806|7|21|13|10|2|12|16||27|53|.509|8|20|.400|15|18|.833|9|34|16|6|2|16|22
24|24|2013-02-05|@|Valparaiso|L|61|86|20|55|.364|2|14|.143|19|24|.792|12|22|8|10|0|13|16||30|50|.600|15|26|.577|11|12|.917|10|32|24|2|6|18|19
25|25|2013-02-10|@|Youngstown State|W (3 OT)|88|83|30|70|.429|8|24|.333|20|25|.800|9|46|15|8|3|17|21||25|76|.329|13|34|.382|20|33|.606|14|38|15|9|4|13|20
26|26|2013-02-16|@|Loyola (IL)|L|60|69|25|57|.439|5|21|.238|5|8|.625|4|23|10|3|6|6|18||25|54|.463|4|9|.444|15|19|.789|7|32|9|1|4|6|11
27|27|2013-02-20|@|Milwaukee|L|53|64|20|57|.351|5|18|.278|8|12|.667|9|31|11|5|2|13|19||20|44|.455|9|20|.450|15|21|.714|4|31|13|3|6|16|12
28|28|2013-02-23||Bradley|L|62|63|23|50|.460|4|19|.211|12|16|.750|7|27|10|6|6|14|16||24|59|.407|2|12|.167|13|17|.765|12|32|8|9|3|12|19
29|29|2013-02-26||Wright State|W|60|55|17|41|.415|6|20|.300|20|32|.625|4|28|11|5|5|12|20||21|52|.404|5|15|.333|8|15|.533|5|29|11|4|2|10|25
30|30|2013-03-02||Detroit Mercy|L|67|79|21|57|.368|12|29|.414|13|16|.813|9|30|15|5|1|19|17||31|62|.500|3|15|.200|14|19|.737|7|29|23|7|7|8|17
31|31|2013-03-05||Cleveland State|W|82|59|27|55|.491|8|17|.471|20|26|.769|10|41|20|8|7|15|18||19|60|.317|7|23|.304|14|20|.700|6|26|8|8|3|12|25
32|32|2013-03-08|N|Green Bay|L|63|64|23|49|.469|5|13|.385|12|15|.800|3|23|9|3|0|7|17||23|50|.460|8|18|.444|10|16|.625|8|25|12|2|4|11|15
33|33|2013-03-20||Chicago State|W|80|69|21|46|.457|10|19|.526|28|36|.778|7|37|18|2|3|16|19||22|65|.338|10|27|.370|15|24|.625|11|25|10|8|3|6|23
34|34|2013-03-23|@|Northern Iowa|L|51|63|19|44|.432|6|16|.375|7|10|.700|5|31|10|5|2|21|18||20|54|.370|7|14|.500|16|21|.762|5|23|10|8|2|9|12
