ranker|game_season|date_game|game_location|opp_id|game_result|pts|opp_pts|fg|fga|fg_pct|fg3|fg3a|fg3_pct|ft|fta|ft_pct|orb|trb|ast|stl|blk|tov|pf|x|opp_fg|opp_fga|opp_fg_pct|opp_fg3|opp_fg3a|opp_fg3_pct|opp_ft|opp_fta|opp_ft_pct|opp_orb|opp_trb|opp_ast|opp_stl|opp_blk|opp_tov|opp_pf|
1|1|2012-11-09||Colgate|W|75|55|29|74|.392|13|30|.433|4|10|.400|18|46|14|5|2|12|12||20|51|.392|7|23|.304|8|11|.727|4|31|13|5|5|17|15
2|2|2012-11-12||St. Francis (NY)|W|89|64|32|65|.492|11|25|.440|14|22|.636|13|33|17|9|7|8|14||24|53|.453|7|17|.412|9|14|.643|8|26|13|3|0|16|16
3|3|2012-11-17|@|Hawaii|W (1 OT)|78|77|27|64|.422|11|31|.355|13|20|.650|7|28|8|8|8|8|26||27|66|.409|6|14|.429|17|31|.548|17|44|14|2|0|16|17
4|4|2012-11-19|N|Southern California|W|94|64|33|62|.532|13|29|.448|15|17|.882|13|39|17|11|1|20|19||23|52|.442|3|12|.250|15|20|.750|5|18|7|12|2|16|17
5|5|2012-11-20|@|Chaminade|W|84|61|29|59|.492|11|28|.393|15|18|.833|9|40|13|8|6|11|18||23|62|.371|9|28|.321|6|12|.500|7|28|12|2|3|14|17
6|6|2012-11-21|N|Butler|W|78|61|24|50|.480|10|25|.400|20|21|.952|5|29|11|5|5|8|19||22|61|.361|7|28|.250|10|17|.588|15|35|11|2|0|10|17
7|7|2012-11-25||Gardner-Webb|W|63|62|21|48|.438|7|19|.368|14|18|.778|6|22|9|7|2|18|14||22|54|.407|7|22|.318|11|16|.688|9|27|13|7|2|13|17
8|8|2012-11-28||Georgia Tech|W|75|62|27|57|.474|14|28|.500|7|18|.389|10|33|15|7|7|14|17||23|52|.442|8|21|.381|8|13|.615|6|28|12|7|6|17|15
9|9|2012-12-04||Western Carolina|W|72|64|26|65|.400|7|24|.292|13|19|.684|15|31|9|12|4|11|16||20|52|.385|9|21|.429|15|22|.682|16|37|11|6|1|21|19
10|10|2012-12-08|@|Gonzaga|W|85|74|30|60|.500|11|26|.423|14|17|.824|8|24|9|9|2|9|22||24|49|.490|5|18|.278|21|27|.778|8|27|13|4|2|16|17
11|11|2012-12-11||Norfolk State|W|64|54|21|60|.350|6|23|.261|16|27|.593|15|38|6|7|7|9|9||21|55|.382|6|23|.261|6|8|.750|8|30|12|7|6|14|20
12|12|2012-12-16||Eastern Kentucky|W|66|53|25|50|.500|6|23|.261|10|13|.769|10|39|16|5|9|20|15||21|58|.362|6|22|.273|5|13|.385|6|20|8|8|1|10|16
13|13|2012-12-22|N|Missouri|L|73|82|25|74|.338|8|32|.250|15|19|.789|10|29|10|5|4|7|21||29|73|.397|5|19|.263|19|24|.792|20|51|16|2|2|12|14
14|14|2012-12-29|N|Auburn|W|81|79|25|52|.481|4|15|.267|27|40|.675|9|30|14|11|5|11|15||29|60|.483|11|23|.478|10|16|.625|11|35|18|9|4|20|25
15|15|2013-01-02|@|Purdue|L|61|68|21|59|.356|10|26|.385|9|14|.643|10|31|10|6|6|9|20||25|61|.410|6|16|.375|12|19|.632|12|38|14|3|7|10|14
16|16|2013-01-05||Ohio State|W|74|55|28|58|.483|8|27|.296|10|12|.833|9|39|12|8|8|18|15||20|60|.333|4|19|.211|11|16|.688|8|28|10|11|1|16|15
17|17|2013-01-09||Minnesota|L|67|84|23|65|.354|3|24|.125|18|21|.857|13|29|8|7|4|7|21||27|51|.529|9|15|.600|21|27|.778|7|34|17|5|3|15|19
18|18|2013-01-12|@|Wisconsin|L|51|74|18|51|.353|2|14|.143|13|20|.650|8|23|2|8|2|9|19||28|57|.491|10|23|.435|8|13|.615|18|41|11|4|2|13|20
19|19|2013-01-17||Northwestern|L|54|68|19|49|.388|3|20|.150|13|20|.650|13|29|6|9|4|18|26||17|36|.472|8|15|.533|26|31|.839|3|21|10|5|0|14|19
20|20|2013-01-22|@|Nebraska|W|71|51|24|53|.453|7|22|.318|16|21|.762|13|38|12|10|3|14|24||14|44|.318|2|14|.143|21|30|.700|9|27|5|6|2|14|18
21|21|2013-01-27||Michigan|L|60|74|23|62|.371|6|26|.231|8|9|.889|14|34|7|7|1|15|14||31|59|.525|5|15|.333|7|13|.538|10|33|13|9|2|12|12
22|22|2013-01-31|@|Michigan State|L|75|80|27|60|.450|9|25|.360|12|15|.800|9|22|12|9|2|8|26||25|42|.595|6|14|.429|24|34|.706|7|29|15|4|3|14|15
23|23|2013-02-03||Wisconsin|L|68|74|28|64|.438|2|13|.154|10|15|.667|7|26|10|4|2|9|27||21|49|.429|4|14|.286|28|42|.667|9|38|9|3|2|8|16
24|24|2013-02-07||Indiana|W|74|72|26|58|.448|9|24|.375|13|15|.867|8|21|10|7|3|9|16||25|50|.500|9|17|.529|13|14|.929|8|28|16|5|4|14|15
25|25|2013-02-10|@|Minnesota|W|57|53|18|49|.367|11|23|.478|10|14|.714|7|23|11|4|3|7|15||19|50|.380|5|17|.294|10|13|.769|10|34|10|5|6|12|16
26|26|2013-02-13||Purdue|W|79|59|29|68|.426|7|25|.280|14|16|.875|17|40|14|5|1|11|16||21|55|.382|6|16|.375|11|16|.688|11|29|9|8|4|17|12
27|27|2013-02-17|@|Northwestern|W|62|41|24|55|.436|6|20|.300|8|15|.533|10|35|13|4|4|9|21||12|48|.250|5|27|.185|12|15|.800|5|22|9|5|2|14|10
28|28|2013-02-21||Penn State|W|64|59|17|43|.395|7|24|.292|23|36|.639|3|18|8|5|1|10|21||21|48|.438|8|19|.421|9|16|.563|10|29|11|4|2|15|31
29|29|2013-02-24|@|Michigan|L|58|71|21|51|.412|7|22|.318|9|14|.643|7|24|7|3|4|13|16||25|49|.510|6|18|.333|15|21|.714|6|28|15|9|1|10|11
30|30|2013-03-02||Nebraska|W|72|65|24|55|.436|9|26|.346|15|18|.833|8|32|10|4|2|9|12||25|55|.455|9|18|.500|6|9|.667|6|22|11|4|5|9|14
31|31|2013-03-05|@|Iowa|L|55|63|18|63|.286|9|29|.310|10|17|.588|13|37|8|9|4|11|19||21|54|.389|5|18|.278|16|20|.800|7|35|15|5|13|13|15
32|32|2013-03-10|@|Ohio State|L|55|68|19|54|.352|7|25|.280|10|13|.769|9|25|6|8|2|12|19||23|49|.469|4|15|.267|18|25|.720|8|36|11|8|1|13|13
33|33|2013-03-14|N|Minnesota|W|51|49|18|56|.321|6|25|.240|9|10|.900|12|24|8|6|5|5|15||16|40|.400|6|17|.353|11|14|.786|9|36|13|2|3|17|13
34|34|2013-03-15|N|Indiana|L|64|80|20|58|.345|5|17|.294|19|21|.905|9|20|6|3|5|12|20||27|50|.540|5|17|.294|21|24|.875|9|33|16|9|6|13|19
35|35|2013-03-22|N|Colorado|W|57|49|16|52|.308|8|31|.258|17|24|.708|8|31|10|8|4|12|12||17|51|.333|5|19|.263|10|13|.769|8|34|7|5|5|15|20
36|36|2013-03-24|N|Miami (FL)|L|59|63|23|61|.377|7|27|.259|6|7|.857|15|36|7|2|3|8|17||22|55|.400|9|25|.360|10|15|.667|12|33|12|4|2|6|10
