ranker|game_season|date_game|game_location|opp_id|game_result|pts|opp_pts|fg|fga|fg_pct|fg3|fg3a|fg3_pct|ft|fta|ft_pct|orb|trb|ast|stl|blk|tov|pf|x|opp_fg|opp_fga|opp_fg_pct|opp_fg3|opp_fg3a|opp_fg3_pct|opp_ft|opp_fta|opp_ft_pct|opp_orb|opp_trb|opp_ast|opp_stl|opp_blk|opp_tov|opp_pf|
1|1|2012-11-09|@|UCLA|L|59|86|19|60|.317|5|26|.192|16|26|.615|12|28|10|10|2|14|27||27|56|.482|4|16|.250|28|41|.683|19|49|17|5|5|16|19
2|2|2012-11-13||Winthrop|W|66|55|21|37|.568|5|13|.385|19|27|.704|3|27|13|4|7|14|14||19|59|.322|7|26|.269|10|14|.714|13|29|6|7|0|12|22
3|3|2012-11-17||Truman State|W|70|57|24|53|.453|7|19|.368|15|20|.750|12|33|15|9|4|11|15||19|46|.413|6|14|.429|13|19|.684|6|24|6|8|0|14|20
4|4|2012-11-20|@|Ball State|W|68|48|21|46|.457|8|21|.381|18|25|.720|5|34|11|5|0|11|24||16|50|.320|1|10|.100|15|27|.556|11|38|10|6|2|12|20
5|5|2012-11-25||High Point|W|76|62|24|46|.522|10|15|.667|18|32|.563|9|35|15|4|4|6|14||25|54|.463|4|11|.364|8|11|.727|6|27|11|3|4|10|24
6|6|2012-12-01||New Mexico|L (1 OT)|68|77|23|59|.390|4|23|.174|18|30|.600|8|32|7|2|0|11|26||22|57|.386|5|20|.250|28|34|.824|9|43|11|5|1|12|26
7|7|2012-12-08|@|Morehead State|L|63|71|17|46|.370|5|22|.227|24|33|.727|7|25|8|9|4|16|20||22|45|.489|9|17|.529|18|27|.667|6|27|15|10|0|18|31
8|8|2012-12-15|@|IUPUI|W|75|61|29|58|.500|6|13|.462|11|14|.786|9|36|14|6|3|18|15||22|56|.393|5|15|.333|12|15|.800|9|21|9|11|2|19|17
9|9|2012-12-22|N|Mississippi|W (1 OT)|87|85|30|70|.429|9|22|.409|18|24|.750|13|44|16|3|3|13|10||34|83|.410|10|31|.323|7|13|.538|16|43|11|9|6|7|19
10|10|2012-12-23|N|San Diego State|L|55|62|21|48|.438|4|13|.308|9|10|.900|3|27|7|2|2|17|22||20|48|.417|4|17|.235|18|28|.643|6|30|9|6|0|13|15
11|11|2012-12-25|N|Miami (FL)|W (1 OT)|57|55|17|63|.270|6|25|.240|17|18|.944|11|39|8|4|3|9|15||22|65|.338|0|15|.000|11|21|.524|13|42|7|4|6|8|16
12|12|2012-12-30||Illinois State|W|77|75|26|60|.433|4|11|.364|21|31|.677|16|45|15|5|2|12|17||23|62|.371|12|29|.414|17|23|.739|12|35|16|8|5|11|22
13|13|2013-01-02|@|Northern Iowa|W|65|61|20|45|.444|3|10|.300|22|32|.688|5|29|5|9|2|14|17||23|54|.426|6|19|.316|9|15|.600|6|29|12|9|0|14|22
14|14|2013-01-05|@|Creighton|L|66|79|22|51|.431|7|14|.500|15|24|.625|7|22|10|6|1|10|16||27|49|.551|11|22|.500|14|19|.737|8|30|22|4|5|10|18
15|15|2013-01-09||Bradley|W|68|53|22|44|.500|2|10|.200|22|26|.846|6|35|12|4|9|14|15||21|66|.318|3|8|.375|8|13|.615|12|29|7|12|1|8|19
16|16|2013-01-12|@|Southern Illinois|L|71|76|24|55|.436|6|23|.261|17|25|.680|8|31|13|4|1|19|27||21|51|.412|2|9|.222|32|42|.762|10|35|6|9|1|15|21
17|17|2013-01-16||Missouri State|W|68|60|24|42|.571|4|11|.364|16|26|.615|3|24|15|4|3|9|14||24|49|.490|5|13|.385|7|13|.538|6|24|10|3|0|10|21
18|18|2013-01-19||Evansville|W|72|62|24|46|.522|5|12|.417|19|28|.679|6|26|15|4|6|10|17||23|59|.390|2|11|.182|14|19|.737|14|31|14|4|0|8|21
19|19|2013-01-23|@|Illinois State|L|58|60|23|60|.383|5|19|.263|7|14|.500|10|37|10|5|5|15|17||21|56|.375|0|13|.000|18|30|.600|9|34|5|11|4|11|15
20|20|2013-01-26||Northern Iowa|W|59|58|22|47|.468|5|16|.313|10|11|.909|5|26|14|4|3|11|17||19|44|.432|9|19|.474|11|14|.786|4|22|12|5|1|10|16
21|21|2013-01-29|@|Wichita State|W|68|55|24|45|.533|3|11|.273|17|21|.810|8|29|5|7|3|15|17||16|59|.271|9|28|.321|14|19|.737|18|33|10|5|2|11|17
22|22|2013-02-02|@|Drake|L (1 OT)|71|74|27|57|.474|4|17|.235|13|16|.813|3|26|12|9|3|12|17||28|57|.491|8|16|.500|10|14|.714|6|29|13|10|2|14|16
23|23|2013-02-06||Creighton|W|76|57|25|52|.481|7|17|.412|19|27|.704|6|26|14|8|3|4|16||20|48|.417|5|18|.278|12|18|.667|6|29|10|2|1|13|25
24|24|2013-02-09||Southern Illinois|W|66|65|22|47|.468|7|18|.389|15|25|.600|11|27|16|8|7|12|18||22|45|.489|6|13|.462|15|26|.577|9|30|12|7|2|14|22
25|25|2013-02-12|@|Missouri State|L|65|67|22|57|.386|8|20|.400|13|14|.929|8|32|11|2|7|11|24||21|52|.404|5|13|.385|20|28|.714|8|32|11|5|2|7|12
26|26|2013-02-16|@|Bradley|L|68|80|24|53|.453|9|25|.360|11|12|.917|5|28|14|7|2|21|18||30|57|.526|5|16|.313|15|21|.714|7|30|17|11|1|14|13
27|27|2013-02-19||Wichita State|L|62|66|20|49|.408|7|19|.368|15|23|.652|8|35|11|6|1|15|16||20|52|.385|8|21|.381|18|24|.750|5|27|10|8|4|8|18
28|28|2013-02-23||Iona|W|65|64|25|62|.403|7|20|.350|8|16|.500|11|36|18|7|6|15|17||22|59|.373|2|16|.125|18|21|.857|11|38|9|10|1|14|16
29|29|2013-02-27||Drake|L|56|67|16|46|.348|8|25|.320|16|23|.696|5|25|13|6|2|11|18||23|51|.451|6|24|.250|15|19|.789|8|34|16|6|4|9|21
30|30|2013-03-02|@|Evansville|L|68|84|25|59|.424|6|23|.261|12|18|.667|5|26|15|5|5|13|21||31|57|.544|5|10|.500|17|23|.739|6|35|26|3|3|13|23
31|31|2013-03-08|N|Evansville|W|51|50|18|47|.383|5|16|.313|10|16|.625|8|31|10|3|3|11|12||20|56|.357|3|11|.273|7|10|.700|10|30|6|6|2|7|14
32|32|2013-03-09|N|Creighton|L|43|64|13|49|.265|1|13|.077|16|19|.842|9|22|6|7|1|11|13||23|43|.535|9|18|.500|9|11|.818|3|28|17|5|1|13|18
33|33|2013-03-20|@|Iowa|L|52|68|19|50|.380|4|17|.235|10|11|.909|4|25|12|7|0|16|17||22|57|.386|6|19|.316|18|26|.692|15|39|11|9|4|13|13
