ranker|game_season|date_game|game_location|opp_id|game_result|pts|opp_pts|fg|fga|fg_pct|fg3|fg3a|fg3_pct|ft|fta|ft_pct|orb|trb|ast|stl|blk|tov|pf|x|opp_fg|opp_fga|opp_fg_pct|opp_fg3|opp_fg3a|opp_fg3_pct|opp_ft|opp_fta|opp_ft_pct|opp_orb|opp_trb|opp_ast|opp_stl|opp_blk|opp_tov|opp_pf|
1|1|2012-11-09||Texas-Pan American|W|86|55|31|69|.449|7|16|.438|17|25|.680|17|47|18|13|10|13|12||23|66|.348|5|24|.208|4|8|.500|12|37|7|10|4|19|22
2|2|2012-11-12||Central Michigan|W|73|61|26|58|.448|7|19|.368|14|23|.609|14|35|16|7|5|15|16||19|48|.396|7|18|.389|16|21|.762|5|25|11|7|4|19|21
3|3|2012-11-15||Howard|W|66|36|22|49|.449|4|21|.190|18|25|.720|11|40|16|3|5|11|16||14|52|.269|3|16|.188|5|12|.417|9|27|6|8|2|11|20
4|4|2012-11-17||Gardner-Webb|W|65|56|19|53|.358|6|21|.286|21|32|.656|16|40|12|11|6|14|16||20|62|.323|3|19|.158|13|15|.867|14|35|7|7|1|16|24
5|5|2012-11-20|N|Western Kentucky|W|63|55|22|47|.468|4|12|.333|15|20|.750|8|34|11|6|6|18|18||20|60|.333|5|21|.238|10|15|.667|12|24|12|11|5|13|22
6|6|2012-11-21|N|Wichita State|L|63|75|12|46|.261|8|15|.533|31|39|.795|7|27|7|2|5|14|22||23|55|.418|7|20|.350|22|29|.759|13|37|13|9|8|11|26
7|7|2012-11-27|@|Virginia Tech|L|79|95|31|64|.484|4|22|.182|13|18|.722|8|30|16|2|4|10|23||32|61|.525|4|15|.267|27|30|.900|8|32|12|6|4|9|20
8|8|2012-12-01||Texas A&M-Corpus Christi|W|88|59|29|52|.558|8|19|.421|22|29|.759|12|36|22|4|4|13|13||24|57|.421|5|14|.357|6|10|.600|9|18|5|11|2|14|24
9|9|2012-12-04||South Dakota|W|87|63|34|76|.447|2|16|.125|17|19|.895|20|50|20|8|4|11|17||19|55|.345|9|22|.409|16|19|.842|8|28|10|5|4|18|19
10|10|2012-12-07||Iowa State|W|80|71|30|65|.462|5|20|.250|15|18|.833|11|32|21|10|2|12|14||25|59|.424|9|28|.321|12|17|.706|12|31|14|5|4|18|17
11|11|2012-12-15|N|Northern Iowa|W|80|73|21|49|.429|12|25|.480|26|37|.703|8|35|18|5|7|15|19||28|62|.452|3|16|.188|14|17|.824|8|32|6|8|2|10|25
12|12|2012-12-19||South Carolina State|W|90|46|31|63|.492|11|23|.478|17|27|.630|14|55|22|10|6|12|13||18|71|.254|5|24|.208|5|8|.625|12|30|9|7|3|13|19
13|13|2012-12-22||Coppin State|W|80|50|31|60|.517|0|17|.000|18|31|.581|15|50|21|9|5|20|10||19|65|.292|9|29|.310|3|6|.500|10|27|15|15|2|17|21
14|14|2012-12-31||Indiana|L|65|69|21|63|.333|3|17|.176|20|26|.769|9|36|14|11|4|12|15||26|65|.400|4|14|.286|13|18|.722|13|45|16|5|3|15|18
15|15|2013-01-06|@|Michigan|L|67|95|27|62|.435|7|20|.350|6|10|.600|6|26|17|3|1|7|18||36|62|.581|10|22|.455|13|19|.684|8|37|24|3|4|6|13
16|16|2013-01-10||Michigan State|L|59|62|23|51|.451|4|16|.250|9|15|.600|6|34|18|5|4|18|17||23|57|.404|3|11|.273|13|21|.619|9|33|13|12|3|12|17
17|17|2013-01-13|@|Northwestern|W|70|50|29|63|.460|4|16|.250|8|12|.667|8|39|22|7|1|8|18||15|51|.294|5|26|.192|15|25|.600|7|28|9|6|5|9|14
18|18|2013-01-19||Wisconsin|W|70|66|22|51|.431|2|10|.200|24|29|.828|7|31|6|8|2|6|16||25|58|.431|8|23|.348|8|12|.667|10|32|12|0|0|12|23
19|19|2013-01-22|@|Ohio State|L|63|72|22|62|.355|6|18|.333|13|26|.500|19|34|8|4|1|14|20||27|52|.519|4|10|.400|14|19|.737|10|31|12|8|9|17|19
20|20|2013-01-27|@|Purdue|L (1 OT)|62|65|19|61|.311|5|17|.294|19|27|.704|10|36|15|6|8|10|21||25|64|.391|3|12|.250|12|20|.600|11|43|13|4|8|7|21
21|21|2013-01-31||Penn State|W|76|67|20|50|.400|5|21|.238|31|39|.795|13|36|18|11|6|13|15||23|58|.397|7|23|.304|14|16|.875|8|27|10|8|4|17|26
22|22|2013-02-03|@|Minnesota|L|59|62|21|58|.362|7|23|.304|10|17|.588|12|27|17|8|2|10|21||22|49|.449|4|16|.250|14|21|.667|11|33|17|7|7|12|15
23|23|2013-02-06|@|Wisconsin|L (2 OT)|70|74|25|74|.338|5|23|.217|15|22|.682|12|44|16|7|2|12|24||24|71|.338|7|25|.280|19|26|.731|11|45|11|6|8|12|20
24|24|2013-02-09||Northwestern|W|71|57|24|50|.480|4|12|.333|19|22|.864|7|31|16|5|4|12|17||20|57|.351|6|25|.240|11|13|.846|12|30|12|6|0|11|17
25|25|2013-02-14|@|Penn State|W|74|72|24|54|.444|6|21|.286|20|26|.769|11|35|15|5|7|13|19||27|61|.443|8|17|.471|10|15|.667|7|24|17|7|4|6|19
26|26|2013-02-17||Minnesota|W|72|51|21|43|.488|5|9|.556|25|31|.806|8|29|9|12|6|12|18||17|47|.362|3|14|.214|14|23|.609|12|29|11|7|5|17|19
27|27|2013-02-23|@|Nebraska|L|60|64|21|57|.368|5|15|.333|13|15|.867|12|38|11|7|4|12|14||26|56|.464|5|15|.333|7|14|.500|8|27|7|5|3|10|13
28|28|2013-02-27||Purdue|W|58|48|16|51|.314|5|13|.385|21|29|.724|13|37|8|10|5|9|15||19|52|.365|3|14|.214|7|10|.700|8|34|14|4|0|15|24
29|29|2013-03-02|@|Indiana|L|60|73|21|55|.382|1|13|.077|17|24|.708|13|34|9|7|5|18|27||21|54|.389|2|14|.143|29|42|.690|13|33|10|11|6|12|25
30|30|2013-03-05||Illinois|W|63|55|21|54|.389|5|18|.278|16|20|.800|7|35|15|5|13|13|15||18|63|.286|9|29|.310|10|17|.588|13|37|8|9|4|11|19
31|31|2013-03-09||Nebraska|W|74|60|28|49|.571|5|14|.357|13|15|.867|11|37|21|2|7|12|11||21|56|.375|10|25|.400|8|11|.727|9|16|11|6|3|5|17
32|32|2013-03-14|N|Northwestern|W|73|59|23|62|.371|6|17|.353|21|32|.656|16|44|15|6|8|7|16||18|49|.367|7|22|.318|16|21|.762|3|27|14|4|7|9|23
33|33|2013-03-15|N|Michigan State|L|56|59|20|44|.455|5|18|.278|11|12|.917|5|24|10|10|7|17|16||22|57|.386|3|15|.200|12|16|.750|14|28|9|9|5|13|13
34|34|2013-03-20||Indiana State|W|68|52|22|57|.386|6|19|.316|18|26|.692|15|39|11|9|4|13|13||19|50|.380|4|17|.235|10|11|.909|4|25|12|7|0|16|17
35|35|2013-03-22||Stony Brook|W|75|63|26|55|.473|8|19|.421|15|21|.714|10|33|20|5|5|8|18||24|51|.471|6|16|.375|9|17|.529|5|27|9|1|1|11|20
36|36|2013-03-27|@|Virginia|W|75|64|26|53|.491|8|17|.471|15|15|1.000|7|29|14|8|3|15|17||19|50|.380|8|18|.444|18|22|.818|10|23|11|8|8|16|15
37|37|2013-04-02|N|Maryland|W|71|60|24|57|.421|4|12|.333|19|24|.792|9|30|17|7|5|6|17||23|57|.404|5|15|.333|9|16|.563|12|33|12|3|10|16|18
38|38|2013-04-04|N|Baylor|L|54|74|18|69|.261|5|24|.208|13|18|.722|17|36|11|5|0|11|20||26|48|.542|4|15|.267|18|23|.783|3|32|19|9|7|10|17
