ranker|game_season|date_game|game_location|opp_id|game_result|pts|opp_pts|fg|fga|fg_pct|fg3|fg3a|fg3_pct|ft|fta|ft_pct|orb|trb|ast|stl|blk|tov|pf|x|opp_fg|opp_fga|opp_fg_pct|opp_fg3|opp_fg3a|opp_fg3_pct|opp_ft|opp_fta|opp_ft_pct|opp_orb|opp_trb|opp_ast|opp_stl|opp_blk|opp_tov|opp_pf|
1|1|2012-11-11|@|Baylor|L|47|78|20|57|.351|4|13|.308|3|8|.375|12|23|9|8|2|17|16||31|61|.508|3|16|.188|13|16|.813|14|42|15|13|9|14|15
2|2|2012-11-21|@|Tulsa|L|66|86|23|51|.451|12|22|.545|8|20|.400|10|28|16|8|2|22|18||31|64|.484|8|24|.333|16|22|.727|16|41|14|10|3|15|16
3|3|2012-11-26|@|Texas Tech|L|75|84|27|75|.360|7|25|.280|14|17|.824|21|45|9|10|0|25|19||32|69|.464|3|21|.143|17|22|.773|12|37|11|15|6|18|18
4|4|2012-11-28|@|Air Force|L|47|76|14|46|.304|4|23|.174|15|27|.556|4|22|8|9|1|13|18||29|53|.547|11|23|.478|7|16|.438|7|40|20|3|1|14|23
5|5|2012-12-08|@|North Texas|L|65|83|17|52|.327|10|27|.370|21|34|.618|6|24|9|1|4|10|33||27|56|.482|1|12|.083|28|40|.700|9|41|11|6|2|5|23
6|6|2012-12-11|@|Saint Mary's (CA)|L|67|120|21|62|.339|9|24|.375|16|19|.842|6|20|7|8|2|11|24||39|63|.619|13|23|.565|29|35|.829|11|46|29|7|5|10|18
7|7|2012-12-13|@|Washington State|L|41|52|13|57|.228|5|24|.208|10|12|.833|8|22|9|9|2|11|14||20|49|.408|3|19|.158|9|14|.643|14|41|15|1|2|19|11
8|8|2012-12-15|@|Washington|L|67|75|24|66|.364|8|23|.348|11|16|.688|11|30|12|9|1|13|23||28|55|.509|7|21|.333|12|26|.462|11|39|18|6|10|15|14
9|9|2012-12-17|@|Seattle|W|91|82|30|67|.448|9|23|.391|22|37|.595|14|37|10|17|5|15|17||28|72|.389|11|28|.393|15|25|.600|21|53|16|9|3|28|28
10|10|2013-01-02|@|Alabama State|L|66|70|26|58|.448|4|21|.190|10|20|.500|7|28|8|11|2|21|25||21|52|.404|8|21|.381|20|31|.645|9|36|10|10|3|21|19
11|11|2013-01-04|@|Alabama A&M|L (2 OT)|87|88|31|67|.463|4|13|.308|21|32|.656|12|48|8|9|5|22|29||29|70|.414|7|17|.412|23|40|.575|12|41|16|9|4|20|25
12|12|2013-01-06||Alcorn State|L|48|51|18|45|.400|3|14|.214|9|15|.600|4|28|5|7|9|11|20||16|48|.333|5|17|.294|14|26|.538|7|33|5|5|5|12|20
13|13|2013-01-08||Southern|L|67|80|26|71|.366|5|21|.238|10|14|.714|13|27|6|7|0|3|14||29|50|.580|9|18|.500|13|19|.684|8|31|5|1|5|13|12
14|14|2013-01-12|@|Texas Southern|L|57|84|20|58|.345|6|20|.300|11|19|.579|9|27|10|8|6|10|15||31|59|.525|11|26|.423|11|13|.846|7|36|20|7|4|13|15
15|15|2013-01-14|@|Prairie View|L|59|73|20|59|.339|4|28|.143|15|24|.625|9|33|11|10|1|16|19||26|69|.377|3|19|.158|18|26|.692|17|43|13|8|6|15|20
16|16|2013-01-19|@|Grambling|W|57|46|21|54|.389|6|14|.429|9|15|.600|9|26|12|3|3|5|10||19|39|.487|2|8|.250|6|8|.750|1|25|10|1|0|12|17
17|17|2013-01-26||Mississippi Valley State|W|60|57|23|54|.426|4|15|.267|10|12|.833|10|34|11|8|4|13|18||21|61|.344|3|13|.231|12|19|.632|10|25|8|4|2|8|16
18|18|2013-01-28||Arkansas-Pine Bluff|W|82|67|28|53|.528|9|22|.409|17|25|.680|7|31|17|10|2|12|19||24|60|.400|4|15|.267|15|23|.652|16|34|3|7|0|14|18
19|19|2013-02-02|@|Alcorn State|W|84|71|20|53|.377|4|15|.267|40|51|.784|4|27|4|3|2|5|29||23|74|.311|3|16|.188|22|37|.595|17|52|10|3|2|12|26
20|20|2013-02-04|@|Southern|L|58|78|19|69|.275|4|22|.182|16|24|.667|9|30|5|4|0|8|16||27|55|.491|11|24|.458|13|16|.813|4|39|15|3|7|7|17
21|21|2013-02-09||Texas Southern|L|54|61|17|59|.288|7|19|.368|13|16|.813|10|27|5|6|2|11|17||21|45|.467|5|16|.313|14|16|.875|4|30|5|6|3|14|13
22|22|2013-02-11||Prairie View|W|65|60|22|51|.431|4|16|.250|17|24|.708|8|31|10|8|2|13|20||23|49|.469|3|12|.250|11|20|.550|10|25|7|7|3|15|17
23|23|2013-02-16||Grambling|W|77|38|30|55|.545|9|20|.450|8|12|.667|7|25|13|14|0|8|20||13|37|.351|2|11|.182|10|21|.476|8|26|8|4|1|23|10
24|24|2013-02-23|@|Mississippi Valley State|W|90|71|28|48|.583|8|12|.667|26|32|.813|5|24|9|11|1|14|24||26|56|.464|6|15|.400|13|19|.684|12|32|14|6|2|16|19
25|25|2013-02-25|@|Arkansas-Pine Bluff|L|72|73|23|56|.411|9|19|.474|17|17|1.000|9|34|12|6|1|16|14||25|63|.397|10|29|.345|13|18|.722|13|31|19|12|9|11|14
26|26|2013-02-28||Alabama State|W (1 OT)|70|65|24|59|.407|2|18|.111|20|22|.909|10|35|6|11|0|9|19||26|56|.464|6|20|.300|7|17|.412|9|33|4|2|3|14|23
27|27|2013-03-02||Alabama A&M|W|60|57|19|50|.380|7|19|.368|15|19|.789|5|21|6|10|2|8|9||24|56|.429|4|19|.211|5|8|.625|16|38|5|3|2|14|15
28|28|2013-03-14|N|Alabama State|W|66|59|19|52|.365|5|21|.238|23|27|.852|13|38|10|9|3|10|19||23|56|.411|2|15|.133|11|20|.550|12|31|9|7|4|12|18
29|29|2013-03-15|N|Prairie View|L|75|88|24|55|.436|9|27|.333|18|27|.667|8|23|18|7|1|12|30||28|50|.560|4|15|.267|28|34|.824|9|30|19|6|4|10|21
