ranker|game_season|date_game|game_location|opp_id|game_result|pts|opp_pts|fg|fga|fg_pct|fg3|fg3a|fg3_pct|ft|fta|ft_pct|orb|trb|ast|stl|blk|tov|pf|x|opp_fg|opp_fga|opp_fg_pct|opp_fg3|opp_fg3a|opp_fg3_pct|opp_ft|opp_fta|opp_ft_pct|opp_orb|opp_trb|opp_ast|opp_stl|opp_blk|opp_tov|opp_pf|
1|1|2012-11-09|@|Georgia|L|62|68|23|61|.377|2|14|.143|14|22|.636|14|38|12|11|1|21|26||20|49|.408|4|19|.211|24|38|.632|13|40|13|13|5|23|19
2|2|2012-11-13||Trinity Baptist|W|78|48|31|61|.508|6|19|.316|10|13|.769|15|44|16|10|4|20|19||17|53|.321|4|24|.167|10|14|.714|7|23|10|9|3|18|14
3|3|2012-11-16|@|Miami (FL)|L|57|73|20|50|.400|7|20|.350|10|20|.500|10|22|11|8|1|16|22||23|39|.590|4|12|.333|23|35|.657|6|26|13|12|3|14|12
4|4|2012-11-19|@|Missouri State|W|64|58|24|49|.490|5|13|.385|11|14|.786|2|29|11|5|0|15|20||19|55|.345|6|21|.286|14|24|.583|12|31|10|5|2|12|15
5|5|2012-11-21|@|Arkansas-Little Rock|L|56|78|20|57|.351|3|18|.167|13|17|.765|11|29|10|8|2|18|16||29|64|.453|7|18|.389|13|17|.765|17|41|16|8|7|18|13
6|6|2012-11-23|N|Rider|L|71|86|25|61|.410|1|14|.071|20|27|.741|13|37|12|5|4|19|22||30|57|.526|9|18|.500|17|26|.654|9|34|16|9|6|16|25
7|7|2012-11-24|N|Milwaukee|W|71|66|19|54|.352|4|18|.222|29|40|.725|14|35|8|11|5|13|18||24|55|.436|2|11|.182|16|23|.696|11|35|12|5|3|19|30
8|8|2012-11-28|@|South Carolina State|L|72|74|27|60|.450|6|18|.333|12|20|.600|14|32|13|5|7|18|19||29|55|.527|5|13|.385|11|16|.688|9|28|18|8|12|19|20
9|9|2012-12-03||Florida Christian|W|89|66|28|58|.483|11|27|.407|22|30|.733|7|31|20|18|5|16|14||26|63|.413|7|21|.333|7|10|.700|13|37|16|8|1|26|22
10|10|2012-12-07|@|South Carolina|L|74|91|26|68|.382|3|20|.150|19|28|.679|11|27|11|7|8|7|22||31|56|.554|10|16|.625|19|29|.655|8|37|20|3|6|17|25
11|11|2012-12-18||Wofford|L|52|94|19|50|.380|2|13|.154|12|17|.706|9|23|8|2|5|16|17||34|61|.557|13|25|.520|13|15|.867|9|33|20|12|3|7|16
12|12|2012-12-22||Furman|W|65|53|26|57|.456|5|13|.385|8|15|.533|10|40|12|7|5|16|16||19|56|.339|6|24|.250|9|15|.600|6|25|13|8|4|15|14
13|13|2012-12-28|@|Indiana|L|59|93|22|56|.393|10|17|.588|5|13|.385|8|27|11|3|4|19|25||29|57|.509|11|25|.440|24|31|.774|8|37|21|5|7|15|20
14|14|2012-12-31||Northern Kentucky|W|53|51|21|54|.389|4|11|.364|7|8|.875|10|34|15|3|4|9|13||16|44|.364|9|21|.429|10|14|.714|6|28|13|6|3|11|14
15|15|2013-01-02||Lipscomb|W|85|71|29|60|.483|8|17|.471|19|26|.731|7|32|21|9|7|10|24||24|59|.407|3|14|.214|20|28|.714|13|40|8|6|3|16|20
16|16|2013-01-05|@|Florida Gulf Coast|L|55|78|18|63|.286|4|24|.167|15|21|.714|15|36|10|5|0|17|19||27|61|.443|7|24|.292|17|24|.708|12|43|13|10|3|14|21
17|17|2013-01-07|@|Stetson|L|72|81|25|61|.410|5|17|.294|17|25|.680|11|35|15|7|4|13|21||31|62|.500|3|12|.250|16|27|.593|11|38|24|4|3|12|18
18|18|2013-01-10||Kennesaw State|W (3 OT)|99|92|32|81|.395|8|19|.421|27|35|.771|17|54|18|7|2|15|22||34|73|.466|6|21|.286|18|27|.667|7|38|16|7|2|16|27
19|19|2013-01-12||Mercer|W|49|47|18|44|.409|5|14|.357|8|10|.800|4|27|12|7|3|17|12||17|50|.340|8|20|.400|5|6|.833|6|24|11|5|5|17|15
20|20|2013-01-18|@|North Florida|W|77|68|26|52|.500|3|5|.600|22|27|.815|8|28|4|6|3|12|17||27|54|.500|6|18|.333|8|12|.667|6|24|15|6|5|12|18
21|21|2013-01-24|@|East Tennessee State|W|83|80|29|54|.537|10|24|.417|15|20|.750|5|25|17|9|1|12|19||26|54|.481|10|23|.435|18|19|.947|6|26|12|4|1|12|19
22|22|2013-01-26|@|South Carolina Upstate|L|64|79|25|62|.403|2|12|.167|12|18|.667|9|35|12|3|4|14|22||28|60|.467|6|13|.462|17|30|.567|7|36|14|5|4|11|18
23|23|2013-01-31||Stetson|W|71|70|30|70|.429|6|19|.316|5|6|.833|12|32|20|10|2|11|12||28|61|.459|4|20|.200|10|17|.588|15|40|21|7|9|18|12
24|24|2013-02-02||Florida Gulf Coast|L|78|81|22|55|.400|8|14|.571|26|32|.813|13|34|14|8|3|14|24||22|49|.449|8|19|.421|29|35|.829|9|32|12|8|4|15|23
25|25|2013-02-07|@|Mercer|L (1 OT)|64|67|22|58|.379|4|16|.250|16|20|.800|15|42|10|2|4|16|17||23|60|.383|8|21|.381|13|20|.650|13|33|13|7|8|12|19
26|26|2013-02-09|@|Kennesaw State|L|68|75|25|57|.439|9|19|.474|9|16|.563|7|27|12|3|2|9|18||27|59|.458|5|10|.500|16|20|.800|12|35|10|2|3|9|18
27|27|2013-02-15||North Florida|W|70|68|26|53|.491|5|9|.556|13|20|.650|9|33|16|8|3|16|17||22|61|.361|8|25|.320|16|22|.727|15|28|14|9|3|14|17
28|28|2013-02-21||South Carolina Upstate|W|68|64|26|61|.426|4|10|.400|12|17|.706|11|38|14|11|2|8|20||21|61|.344|4|17|.235|18|24|.750|16|44|7|4|5|12|18
29|29|2013-02-23||East Tennessee State|L|58|61|21|52|.404|1|14|.071|15|18|.833|14|33|9|4|1|19|20||23|43|.535|2|9|.222|13|18|.722|2|20|9|9|1|15|16
30|30|2013-02-28|@|Lipscomb|L|73|77|24|53|.453|5|13|.385|20|29|.690|10|39|15|6|4|19|22||28|72|.389|5|20|.250|16|22|.727|15|37|13|13|4|12|22
31|31|2013-03-02|@|Northern Kentucky|L|62|66|22|43|.512|4|11|.364|14|22|.636|5|37|15|2|3|19|24||21|60|.350|7|31|.226|17|24|.708|8|27|15|7|0|5|21
32|32|2013-03-07|N|South Carolina Upstate|L|62|76|23|56|.411|6|20|.300|10|18|.556|12|31|10|5|1|16|16||30|57|.526|5|13|.385|11|15|.733|10|33|15|11|7|11|17
