ranker|game_season|date_game|game_location|opp_id|game_result|pts|opp_pts|fg|fga|fg_pct|fg3|fg3a|fg3_pct|ft|fta|ft_pct|orb|trb|ast|stl|blk|tov|pf|x|opp_fg|opp_fga|opp_fg_pct|opp_fg3|opp_fg3a|opp_fg3_pct|opp_ft|opp_fta|opp_ft_pct|opp_orb|opp_trb|opp_ast|opp_stl|opp_blk|opp_tov|opp_pf|
1|1|2012-11-09||North Dakota|W|85|52|29|66|.439|7|24|.292|20|28|.714|14|41|16|8|5|14|18||19|63|.302|2|18|.111|12|17|.706|10|32|7|11|2|19|25
2|2|2012-11-12||Lamar|W|79|55|29|72|.403|11|26|.423|10|19|.526|19|37|20|11|8|10|17||21|47|.447|5|9|.556|8|13|.615|7|30|13|5|4|26|17
3|3|2012-11-13|N|Alabama-Huntsville|W|87|26|34|61|.557|9|19|.474|10|15|.667|13|54|17|9|2|11|14||9|55|.164|3|33|.091|5|7|.714|6|22|6|6|2|14|12
4|4|2012-11-18||North Florida|W|74|55|25|66|.379|3|15|.200|21|30|.700|27|52|16|10|3|15|16||20|55|.364|6|24|.250|9|15|.600|12|28|10|6|6|20|22
5|5|2012-11-21|N|Delaware|W|66|63|25|65|.385|4|12|.333|12|14|.857|18|38|18|7|1|14|20||24|54|.444|4|11|.364|11|18|.611|10|32|8|5|6|15|16
6|6|2012-11-23|N|Michigan|L|57|71|22|60|.367|4|18|.222|9|15|.600|12|28|13|5|4|6|15||29|56|.518|4|12|.333|9|13|.692|8|40|12|2|5|9|17
7|7|2012-12-02||South Carolina Upstate|W|72|53|27|60|.450|4|12|.333|14|22|.636|18|42|19|9|2|15|20||20|56|.357|1|11|.091|12|23|.522|16|35|11|8|2|16|21
8|8|2012-12-08|@|George Washington|W|65|62|25|70|.357|6|18|.333|9|16|.563|20|42|11|7|6|10|18||22|53|.415|3|8|.375|15|20|.750|10|33|9|6|12|12|18
9|9|2012-12-15|N|Gonzaga|L|52|68|16|48|.333|6|18|.333|14|19|.737|7|23|10|6|5|18|16||24|51|.471|3|12|.250|17|20|.850|8|27|15|6|5|14|17
10|10|2012-12-18||Texas Southern|W|78|69|31|55|.564|2|13|.154|14|22|.636|11|34|21|5|4|15|11||26|57|.456|13|28|.464|4|10|.400|7|23|15|6|2|13|18
11|11|2012-12-22|N|Florida|W|67|61|20|48|.417|7|17|.412|20|29|.690|11|35|16|5|7|10|16||23|57|.404|5|19|.263|10|15|.667|9|25|11|4|2|9|20
12|12|2012-12-29||Missouri-Kansas City|W|52|44|17|53|.321|2|10|.200|16|31|.516|17|38|12|9|4|11|14||16|48|.333|4|12|.333|8|12|.667|12|35|5|4|4|18|24
13|13|2012-12-31||South Dakota|W|70|50|27|54|.500|7|18|.389|9|13|.692|10|37|19|3|5|17|19||16|49|.327|2|11|.182|16|22|.727|7|23|4|13|3|13|10
14|14|2013-01-05||Oklahoma State|W|73|67|27|60|.450|7|21|.333|12|17|.706|10|35|19|5|4|12|24||20|49|.408|3|11|.273|24|29|.828|5|27|6|6|3|11|18
15|15|2013-01-12|@|West Virginia|W|65|64|25|49|.510|6|17|.353|9|14|.643|9|26|12|8|2|14|22||24|47|.511|4|8|.500|12|22|.545|8|25|13|4|2|13|12
16|16|2013-01-16|@|Texas Christian|W|67|54|27|56|.482|9|17|.529|4|10|.400|9|30|17|6|2|8|21||18|48|.375|3|10|.300|15|24|.625|11|28|9|5|2|12|10
17|17|2013-01-19||Oklahoma|W|69|60|22|50|.440|10|24|.417|15|22|.682|5|24|17|7|4|8|15||25|53|.472|3|11|.273|7|15|.467|11|36|16|1|2|16|18
18|18|2013-01-22||Kansas|L|55|59|20|57|.351|9|30|.300|6|7|.857|10|28|12|6|5|10|15||21|46|.457|4|13|.308|13|21|.619|8|31|12|6|3|13|11
19|19|2013-01-26|@|Iowa State|L|67|73|28|55|.509|7|19|.368|4|9|.444|5|26|18|4|2|11|23||26|54|.481|11|22|.500|10|22|.455|10|34|15|3|1|10|15
20|20|2013-01-30||Texas|W|83|57|30|63|.476|6|15|.400|17|21|.810|14|34|21|9|1|6|21||19|46|.413|2|9|.222|17|23|.739|8|28|8|1|1|17|20
21|21|2013-02-02|@|Oklahoma|W|52|50|21|56|.375|5|16|.313|5|7|.714|9|30|11|10|2|10|18||19|49|.388|3|14|.214|9|14|.643|9|33|8|4|1|14|12
22|22|2013-02-05|@|Texas Tech|W|68|59|23|53|.434|8|20|.400|14|21|.667|15|35|10|0|4|9|17||22|50|.440|3|11|.273|12|16|.750|6|19|9|5|2|4|19
23|23|2013-02-09||Iowa State|W|79|70|26|51|.510|9|18|.500|18|22|.818|11|24|16|8|3|14|13||26|53|.491|12|27|.444|6|7|.857|10|21|11|6|1|18|18
24|24|2013-02-11|@|Kansas|L|62|83|20|50|.400|8|19|.421|14|19|.737|5|20|16|12|5|14|19||28|58|.483|8|21|.381|19|22|.864|13|39|16|9|6|13|17
25|25|2013-02-16||Baylor|W|81|61|30|66|.455|11|25|.440|10|13|.769|15|32|20|9|5|6|16||21|46|.457|8|21|.381|11|16|.688|6|28|13|2|2|19|13
26|26|2013-02-18||West Virginia|W|71|61|23|46|.500|6|16|.375|19|23|.826|11|25|19|7|4|17|28||17|42|.405|4|13|.308|23|30|.767|10|24|13|10|2|13|20
27|27|2013-02-23|@|Texas|W|81|69|26|54|.481|9|18|.500|20|22|.909|10|32|19|5|4|12|26||23|50|.460|4|16|.250|19|33|.576|12|29|7|4|3|11|17
28|28|2013-02-25||Texas Tech|W|75|55|29|57|.509|3|16|.188|14|19|.737|13|38|20|8|2|12|15||22|48|.458|5|15|.333|6|12|.500|4|18|12|6|1|13|16
29|29|2013-03-02|@|Baylor|W|64|61|24|56|.429|7|17|.412|9|14|.643|12|30|17|9|4|11|19||20|51|.392|6|14|.429|15|21|.714|14|33|16|5|6|15|13
30|30|2013-03-05||Texas Christian|W|79|68|31|57|.544|12|29|.414|5|7|.714|6|18|27|4|2|9|19||23|46|.500|6|13|.462|16|22|.727|11|27|15|7|2|12|14
31|31|2013-03-09|@|Oklahoma State|L|70|76|24|61|.393|8|23|.348|14|20|.700|10|26|14|7|1|8|25||25|44|.568|3|9|.333|23|30|.767|5|32|13|6|5|11|17
32|32|2013-03-14|N|Texas|W|66|49|22|54|.407|9|21|.429|13|21|.619|13|33|10|9|3|6|14||17|50|.340|5|19|.263|10|12|.833|13|33|11|4|3|14|16
33|33|2013-03-15|N|Oklahoma State|W|68|57|22|56|.393|7|20|.350|17|21|.810|14|39|14|6|6|13|18||18|59|.305|5|21|.238|16|20|.800|15|36|10|7|5|13|19
34|34|2013-03-16|N|Kansas|L|54|70|21|60|.350|6|24|.250|6|12|.500|11|29|8|8|1|9|15||26|53|.491|7|14|.500|11|14|.786|10|35|17|7|6|14|9
35|35|2013-03-22|N|La Salle|L|61|63|24|57|.421|4|13|.308|9|17|.529|13|30|12|6|7|9|14||21|49|.429|7|18|.389|14|16|.875|6|26|12|4|5|8|13
