ranker|game_season|date_game|game_location|opp_id|game_result|pts|opp_pts|fg|fga|fg_pct|fg3|fg3a|fg3_pct|ft|fta|ft_pct|orb|trb|ast|stl|blk|tov|pf|x|opp_fg|opp_fga|opp_fg_pct|opp_fg3|opp_fg3a|opp_fg3_pct|opp_ft|opp_fta|opp_ft_pct|opp_orb|opp_trb|opp_ast|opp_stl|opp_blk|opp_tov|opp_pf|
1|1|2012-11-09||St. Francis (NY)|L|65|76|25|56|.446|8|23|.348|7|11|.636|8|25|16|2|4|16|21||29|58|.500|5|18|.278|13|24|.542|16|39|9|5|2|14|17
2|2|2012-11-12||Long Island University|W (1 OT)|98|94|34|64|.531|8|16|.500|22|28|.786|7|31|20|4|4|11|26||27|66|.409|9|21|.429|31|38|.816|13|39|15|6|6|10|21
3|3|2012-11-16|@|Kentucky|L|49|101|21|52|.404|6|23|.261|1|1|1.000|6|24|10|6|0|27|16||40|62|.645|11|19|.579|10|16|.625|7|30|23|15|3|10|8
4|4|2012-11-18|@|Morehead State|L|74|88|23|52|.442|15|33|.455|13|17|.765|5|28|22|10|3|28|20||34|63|.540|7|22|.318|13|21|.619|10|34|24|19|2|20|22
5|5|2012-11-20|@|Maryland|L|74|83|26|66|.394|15|32|.469|7|7|1.000|10|23|14|6|5|7|21||29|56|.518|3|15|.200|22|32|.688|19|43|18|4|3|12|12
6|6|2012-11-24||Princeton|L|53|72|19|54|.352|3|15|.200|12|17|.706|6|21|7|10|3|12|13||29|50|.580|6|10|.600|8|12|.667|5|32|15|8|2|17|19
7|7|2012-11-26|@|Monmouth|L|60|65|23|49|.469|7|22|.318|7|13|.538|11|36|13|9|6|27|18||25|58|.431|7|21|.333|8|16|.500|9|26|9|19|1|12|19
8|8|2012-11-28||Delaware|W|63|60|24|52|.462|6|15|.400|9|14|.643|4|24|15|11|0|10|13||21|58|.362|8|27|.296|10|10|1.000|16|40|12|4|5|18|15
9|9|2012-12-01|@|Long Island University|L|60|71|22|56|.393|6|19|.316|10|14|.714|4|22|16|8|2|11|18||24|53|.453|6|20|.300|17|21|.810|10|39|18|8|4|16|17
10|10|2012-12-04||Saint Francis (PA)|W|61|58|17|47|.362|6|21|.286|21|24|.875|10|31|7|7|3|13|13||23|50|.460|7|17|.412|5|6|.833|6|26|5|5|1|15|22
11|11|2012-12-07|@|Fairleigh Dickinson|L|80|82|28|63|.444|8|21|.381|16|20|.800|9|28|14|10|4|8|19||27|52|.519|11|17|.647|17|23|.739|7|30|19|3|6|14|19
12|12|2012-12-09||Sacred Heart|W|72|70|26|55|.473|6|21|.286|14|16|.875|5|23|19|7|4|12|12||30|56|.536|8|19|.421|2|10|.200|7|31|15|4|4|19|18
13|13|2012-12-18||Arcadia|W|86|62|34|56|.607|9|22|.409|9|12|.750|9|30|16|10|3|17|17||23|53|.434|4|15|.267|12|15|.800|5|21|10|7|0|17|16
14|14|2012-12-22|@|Minnesota|L|50|75|21|47|.447|7|23|.304|1|2|.500|4|22|14|8|6|18|19||28|67|.418|5|18|.278|14|25|.560|21|40|17|13|2|9|6
15|15|2012-12-29|@|Stanford|L|59|65|21|55|.382|11|19|.579|6|8|.750|1|24|13|5|1|10|12||26|61|.426|3|19|.158|10|16|.625|13|42|11|8|4|13|10
16|16|2013-01-02||NJIT|W|83|66|29|58|.500|13|26|.500|12|17|.706|12|33|17|8|5|15|20||23|54|.426|4|23|.174|16|23|.696|11|25|9|7|5|16|14
17|17|2013-01-08|@|Pennsylvania|W|85|83|30|49|.612|7|15|.467|18|26|.692|6|25|16|4|0|15|20||31|52|.596|6|14|.429|15|24|.625|3|21|22|9|0|11|21
18|18|2013-01-12||Navy|W|64|47|24|50|.480|7|16|.438|9|13|.692|5|23|12|8|5|9|10||18|48|.375|7|23|.304|4|10|.400|8|26|8|5|3|12|13
19|19|2013-01-16|@|Army|L|54|77|18|50|.360|5|23|.217|13|20|.650|8|22|6|13|3|22|19||25|43|.581|7|13|.538|20|27|.741|4|30|11|10|1|23|20
20|20|2013-01-19|@|Bucknell|L|51|66|19|55|.345|1|13|.077|12|17|.706|6|27|8|5|4|6|14||29|65|.446|2|6|.333|6|12|.500|14|42|14|1|4|6|11
21|21|2013-01-23||Holy Cross|W|63|53|22|55|.400|9|27|.333|10|11|.909|9|31|16|4|6|6|10||20|57|.351|9|27|.333|4|6|.667|10|31|10|3|2|10|15
22|22|2013-01-27|@|Lehigh|W|78|57|33|60|.550|10|26|.385|2|8|.250|5|32|25|6|6|6|10||21|62|.339|8|22|.364|7|11|.636|9|29|14|3|4|9|9
23|23|2013-01-30||Colgate|W|69|40|25|50|.500|10|22|.455|9|13|.692|5|31|17|10|4|11|13||15|50|.300|3|17|.176|7|11|.636|10|31|9|7|4|18|17
24|24|2013-02-02|@|American|L|64|68|24|54|.444|9|21|.429|7|11|.636|3|20|14|5|1|6|16||23|44|.523|6|12|.500|16|17|.941|4|29|11|1|2|12|12
25|25|2013-02-09|@|Navy|W|70|47|24|46|.522|8|16|.500|14|17|.824|7|30|16|3|3|14|14||19|51|.373|3|14|.214|6|12|.500|8|22|13|9|3|11|19
26|26|2013-02-13||Army|L|68|85|25|64|.391|9|28|.321|9|13|.692|9|24|12|13|2|8|15||30|54|.556|13|24|.542|12|15|.800|10|39|16|3|3|20|15
27|27|2013-02-16||Bucknell|W|63|62|18|48|.375|6|17|.353|21|26|.808|3|24|10|7|0|10|16||23|58|.397|6|17|.353|10|15|.667|11|37|14|4|1|13|19
28|28|2013-02-20|@|Holy Cross|W|79|76|29|59|.492|7|21|.333|14|20|.700|7|23|16|6|0|11|13||29|43|.674|9|16|.563|9|15|.600|3|26|15|6|3|19|21
29|29|2013-02-24||Lehigh|W|79|71|28|54|.519|11|25|.440|12|17|.706|8|27|13|6|4|10|11||29|55|.527|4|15|.267|9|12|.750|7|24|12|5|2|12|15
30|30|2013-02-27|@|Colgate|W|80|67|29|56|.518|11|20|.550|11|12|.917|3|28|18|4|0|6|12||25|59|.424|8|22|.364|9|11|.818|8|31|13|2|4|9|13
31|31|2013-03-02||American|W|80|72|27|47|.574|7|14|.500|19|21|.905|2|16|10|5|5|9|12||27|52|.519|9|18|.500|9|12|.750|5|22|12|3|2|13|20
32|32|2013-03-06||Holy Cross|W|77|54|28|54|.519|14|26|.538|7|9|.778|5|30|20|3|8|8|12||18|52|.346|6|14|.429|12|18|.667|8|29|12|4|1|9|16
33|33|2013-03-09||Lehigh|W|82|69|24|54|.444|6|22|.273|28|30|.933|11|30|14|4|1|12|19||22|47|.468|5|16|.313|20|27|.741|6|21|6|6|3|12|22
34|34|2013-03-13|@|Bucknell|L|56|64|22|55|.400|5|15|.333|7|11|.636|7|28|10|4|2|8|16||22|55|.400|2|9|.222|18|23|.783|11|33|14|5|3|5|8
