ranker|game_season|date_game|game_location|opp_id|game_result|pts|opp_pts|fg|fga|fg_pct|fg3|fg3a|fg3_pct|ft|fta|ft_pct|orb|trb|ast|stl|blk|tov|pf|x|opp_fg|opp_fga|opp_fg_pct|opp_fg3|opp_fg3a|opp_fg3_pct|opp_ft|opp_fta|opp_ft_pct|opp_orb|opp_trb|opp_ast|opp_stl|opp_blk|opp_tov|opp_pf|
1|1|2012-11-12|@|Kansas State|L|55|79|21|47|.447|5|9|.556|8|13|.615|7|30|13|5|4|26|17||29|72|.403|11|26|.423|10|19|.526|19|37|20|11|8|10|17
2|2|2012-11-13|N|North Texas|L|59|74|25|60|.417|1|6|.167|8|15|.533|12|37|8|8|4|23|18||29|64|.453|3|10|.300|13|21|.619|10|32|19|11|3|15|14
3|3|2012-11-17|@|Charlotte|L|49|70|19|61|.311|0|10|.000|11|16|.688|16|45|9|3|2|22|16||29|68|.426|3|17|.176|9|16|.563|12|37|15|14|9|9|16
4|4|2012-11-19|@|Virginia|L|44|63|15|46|.326|3|6|.500|11|12|.917|5|25|8|3|6|14|13||23|53|.434|6|16|.375|11|11|1.000|3|24|12|9|8|9|16
5|5|2012-11-20|N|IUPUI|W|86|82|34|69|.493|4|11|.364|14|17|.824|13|34|14|6|3|13|16||33|60|.550|5|11|.455|11|13|.846|5|26|14|5|4|15|14
6|6|2012-11-25|@|Arkansas State|L|53|93|19|51|.373|1|6|.167|14|17|.824|3|21|9|5|2|17|18||34|73|.466|11|20|.550|14|21|.667|19|46|15|15|3|8|18
7|7|2012-11-27|@|Alabama|L|47|75|21|56|.375|1|7|.143|4|7|.571|8|25|6|5|5|17|13||30|64|.469|5|20|.250|10|18|.556|18|40|13|9|12|13|11
8|8|2012-12-04|@|Purdue|L|39|72|17|56|.304|2|9|.222|3|7|.429|9|30|12|4|6|16|15||28|62|.452|4|11|.364|12|21|.571|17|48|13|8|7|12|15
9|9|2012-12-11|@|Louisiana-Lafayette|L|60|77|25|57|.439|1|8|.125|9|13|.692|11|37|5|8|3|25|19||27|68|.397|8|24|.333|15|20|.750|12|32|11|14|2|16|14
10|10|2012-12-12|@|Baylor|L|68|85|30|61|.492|3|5|.600|5|7|.714|8|23|23|6|1|14|9||34|71|.479|11|29|.379|6|8|.750|16|35|17|6|7|9|9
11|11|2012-12-15|@|Texas-Pan American|L|70|75|30|56|.536|2|4|.500|8|16|.500|10|34|10|3|4|17|18||30|59|.508|5|13|.385|10|18|.556|4|20|15|6|1|9|15
12|12|2012-12-29||Long Island University|W|81|80|33|60|.550|2|5|.400|13|19|.684|13|36|15|8|5|22|20||30|67|.448|6|20|.300|14|24|.583|15|30|15|15|3|18|16
13|13|2013-01-03|@|Stephen F. Austin|L|43|79|15|37|.405|0|3|.000|13|14|.929|5|19|10|1|5|29|21||29|60|.483|6|15|.400|15|22|.682|16|29|19|14|2|12|13
14|14|2013-01-05|@|Northwestern State|L|58|86|24|70|.343|0|3|.000|10|20|.500|18|47|14|3|1|20|23||28|71|.394|5|20|.250|25|35|.714|16|46|13|12|6|10|19
15|15|2013-01-07||Southeastern Louisiana|L|63|67|24|65|.369|1|4|.250|14|21|.667|21|42|11|6|4|14|13||26|55|.473|3|14|.214|12|17|.706|7|29|9|6|6|15|17
16|16|2013-01-10||Sam Houston State|L|57|68|21|50|.420|0|3|.000|15|22|.682|9|28|12|6|8|19|20||24|64|.375|3|14|.214|17|20|.850|18|41|8|10|2|15|22
17|17|2013-01-12||Texas A&M-Corpus Christi|L|56|62|21|48|.438|3|8|.375|11|19|.579|8|26|14|4|3|15|14||23|51|.451|4|14|.286|12|17|.706|8|27|15|10|2|10|17
18|18|2013-01-19|@|McNeese State|L|50|74|18|54|.333|2|4|.500|12|18|.667|8|35|9|2|6|15|17||28|65|.431|6|16|.375|12|19|.632|11|41|19|11|7|8|12
19|19|2013-01-24|@|Oral Roberts|L|74|91|30|61|.492|6|13|.462|8|10|.800|7|29|14|2|7|13|14||35|74|.473|9|20|.450|12|13|.923|13|33|21|8|6|3|14
20|20|2013-01-26|@|Central Arkansas|L|59|88|18|56|.321|3|6|.500|20|26|.769|10|38|10|4|9|25|14||32|82|.390|10|28|.357|14|18|.778|16|43|20|16|10|12|25
21|21|2013-01-31||Northwestern State|L|63|85|26|60|.433|0|1|.000|11|21|.524|10|31|15|7|1|22|11||35|71|.493|6|18|.333|9|13|.692|12|39|22|15|7|16|18
22|22|2013-02-02||Stephen F. Austin|L|51|65|19|51|.373|0|3|.000|13|17|.765|11|33|5|6|5|13|17||26|54|.481|3|14|.214|10|16|.625|7|28|12|9|5|9|15
23|23|2013-02-07|@|Texas A&M-Corpus Christi|W|67|63|23|58|.397|4|7|.571|17|22|.773|18|40|12|0|1|16|15||24|57|.421|4|21|.190|11|14|.786|7|28|13|11|5|10|20
24|24|2013-02-09|@|Sam Houston State|L|40|78|13|43|.302|0|1|.000|14|24|.583|5|27|9|5|3|20|11||32|59|.542|8|18|.444|6|12|.500|9|37|27|12|2|11|14
25|25|2013-02-16||McNeese State|L|62|69|21|50|.420|1|5|.200|19|23|.826|6|34|9|4|4|15|16||24|64|.375|8|17|.471|13|19|.684|12|35|12|7|3|9|19
26|26|2013-02-19||Nicholls State|L|63|74|23|53|.434|0|5|.000|17|22|.773|15|37|15|2|5|19|19||26|53|.491|9|16|.563|13|25|.520|10|26|18|8|2|11|23
27|27|2013-02-23||Texas State|L|61|74|22|61|.361|0|3|.000|17|20|.850|8|35|14|3|6|12|12||29|68|.426|9|25|.360|7|11|.636|11|39|17|8|8|10|17
28|28|2013-02-28||Central Arkansas|L (2 OT)|99|106|36|82|.439|0|5|.000|27|38|.711|14|50|19|7|6|14|24||38|86|.442|11|21|.524|19|31|.613|14|50|18|7|3|16|26
29|29|2013-03-02||Oral Roberts|L|50|68|20|55|.364|4|8|.500|6|10|.600|10|33|11|1|2|17|14||24|55|.436|6|16|.375|14|22|.636|8|34|14|7|3|9|12
30|30|2013-03-07|@|Nicholls State|L|63|90|25|55|.455|1|6|.167|12|13|.923|8|27|9|5|4|20|13||36|62|.581|7|17|.412|11|15|.733|4|24|21|9|1|12|11
31|31|2013-03-09|@|Southeastern Louisiana|L|72|86|22|52|.423|7|14|.500|21|29|.724|3|28|9|1|3|14|26||28|65|.431|7|23|.304|23|30|.767|9|33|14|4|3|10|19
