ranker|game_season|date_game|game_location|opp_id|game_result|pts|opp_pts|fg|fga|fg_pct|fg3|fg3a|fg3_pct|ft|fta|ft_pct|orb|trb|ast|stl|blk|tov|pf|x|opp_fg|opp_fga|opp_fg_pct|opp_fg3|opp_fg3a|opp_fg3_pct|opp_ft|opp_fta|opp_ft_pct|opp_orb|opp_trb|opp_ast|opp_stl|opp_blk|opp_tov|opp_pf|
1|1|2012-11-09|@|Richmond|L|42|84|13|50|.260|4|19|.211|12|18|.667|3|26|6|6|1|17|17||29|59|.492|10|28|.357|16|25|.640|13|45|13|10|6|13|18
2|2|2012-11-12||William & Mary|L|59|71|23|58|.397|6|18|.333|7|13|.538|9|32|13|2|4|17|26||21|44|.477|4|15|.267|25|36|.694|6|31|11|9|4|10|15
3|3|2012-11-14|@|Georgetown|L|59|68|21|49|.429|10|19|.526|7|9|.778|4|24|13|6|1|15|22||24|48|.500|2|15|.133|18|26|.692|6|28|17|7|5|9|13
4|4|2012-11-19|N|California-Irvine|L|46|64|17|43|.395|6|11|.545|6|16|.375|5|26|15|6|2|20|21||23|53|.434|4|17|.235|14|19|.737|7|31|19|8|8|7|19
5|5|2012-11-20|@|Sam Houston State|L|50|64|16|48|.333|7|21|.333|11|17|.647|5|27|14|7|5|15|24||20|50|.400|4|12|.333|20|35|.571|12|43|17|7|5|13|21
6|6|2012-11-21|N|Southern Mississippi|L|56|74|17|50|.340|8|30|.267|14|18|.778|10|23|14|7|0|16|14||29|48|.604|3|8|.375|13|16|.813|6|30|23|8|1|16|15
7|7|2012-11-29||Morgan State|L|62|67|23|53|.434|7|22|.318|9|13|.692|8|25|13|7|4|14|20||24|56|.429|2|15|.133|17|27|.630|14|36|17|8|0|14|15
8|8|2012-12-02||Georgia State|L|66|67|21|48|.438|12|24|.500|12|18|.667|7|30|16|5|2|16|14||26|58|.448|5|18|.278|10|13|.769|11|32|13|8|3|9|16
9|9|2012-12-04||Southern Virginia|W|76|51|27|47|.574|7|14|.500|15|28|.536|7|35|17|9|2|14|17||19|57|.333|5|26|.192|8|15|.533|13|30|10|8|1|18|24
10|10|2012-12-15|@|Howard|L|53|60|19|56|.339|9|26|.346|6|11|.545|16|37|9|3|6|15|19||23|54|.426|1|8|.125|13|19|.684|11|32|10|3|2|7|12
11|11|2012-12-18|@|Iona|L|69|87|23|57|.404|7|20|.350|16|28|.571|14|35|13|5|3|12|13||29|65|.446|18|41|.439|11|15|.733|15|38|21|5|3|9|20
12|12|2012-12-21||Milligan|W|81|63|27|65|.415|8|21|.381|19|28|.679|13|47|14|8|7|18|24||22|61|.361|4|13|.308|15|31|.484|7|32|8|9|4|17|23
13|13|2012-12-28||Union (KY)|W|104|67|35|65|.538|9|20|.450|25|32|.781|14|39|25|12|0|10|22||23|58|.397|8|26|.308|13|22|.591|12|26|16|2|3|18|25
14|14|2012-12-31|@|Western Carolina|W|63|62|20|45|.444|5|14|.357|18|22|.818|10|36|7|6|6|23|13||23|62|.371|4|23|.174|12|12|1.000|11|26|8|16|7|11|19
15|15|2013-01-05||North Carolina-Asheville|L|69|83|25|63|.397|7|19|.368|12|18|.667|10|32|12|4|0|14|19||30|57|.526|3|9|.333|20|29|.690|7|33|19|10|6|11|13
16|16|2013-01-09|@|Virginia Military Institute|L|69|82|28|62|.452|6|16|.375|7|9|.778|13|35|9|3|1|12|14||30|65|.462|12|31|.387|10|14|.714|12|30|15|8|5|7|11
17|17|2013-01-12||Coastal Carolina|W|64|56|20|42|.476|7|15|.467|17|24|.708|7|31|10|1|5|17|19||19|65|.292|2|20|.100|16|21|.762|12|31|4|10|3|10|21
18|18|2013-01-16|@|High Point|L (2 OT)|72|77|23|69|.333|6|29|.207|20|27|.741|15|39|11|8|0|10|20||26|68|.382|4|19|.211|21|26|.808|17|50|16|4|7|11|20
19|19|2013-01-19|@|Presbyterian|L|60|68|22|53|.415|5|13|.385|11|18|.611|6|32|4|6|5|12|18||21|49|.429|8|17|.471|18|23|.783|3|29|13|4|0|10|17
20|20|2013-01-22||Longwood|W|74|47|28|53|.528|7|16|.438|11|17|.647|5|32|12|10|4|13|18||17|55|.309|2|15|.133|11|13|.846|7|26|9|6|2|14|16
21|21|2013-01-26||Charleston Southern|L|75|79|24|64|.375|11|27|.407|16|19|.842|14|40|17|3|7|14|19||30|68|.441|10|25|.400|9|16|.563|11|35|6|5|6|10|19
22|22|2013-01-29||Campbell|W|89|72|27|47|.574|9|17|.529|26|33|.788|6|28|19|4|5|13|24||25|62|.403|4|14|.286|18|23|.783|8|20|11|7|0|9|25
23|23|2013-02-02|@|Winthrop|L|56|66|19|56|.339|3|20|.150|15|16|.938|6|32|6|3|1|7|14||26|57|.456|7|16|.438|7|12|.583|7|35|13|5|3|8|16
24|24|2013-02-05||Radford|W|75|70|23|56|.411|5|14|.357|24|32|.750|7|30|9|10|4|10|17||26|60|.433|9|20|.450|9|20|.450|13|35|11|5|2|15|26
25|25|2013-02-09|@|Gardner-Webb|L|68|71|23|53|.434|4|17|.235|18|20|.900|9|33|11|4|0|10|22||22|57|.386|3|14|.214|24|33|.727|15|35|9|8|2|6|15
26|26|2013-02-13|@|Campbell|W|82|80|28|55|.509|3|10|.300|23|31|.742|11|31|15|6|6|12|20||28|63|.444|5|10|.500|19|22|.864|12|33|12|5|3|13|21
27|27|2013-02-16||High Point|L|68|73|20|51|.392|5|19|.263|23|29|.793|10|27|8|8|2|8|25||23|48|.479|2|10|.200|25|30|.833|10|34|12|2|4|11|22
28|28|2013-02-19|@|Longwood|L|101|102|37|68|.544|12|22|.545|15|24|.625|9|31|19|8|1|13|30||31|62|.500|9|23|.391|31|41|.756|12|35|18|6|6|14|20
29|29|2013-02-23||Austin Peay|W (1 OT)|79|73|31|65|.477|6|20|.300|11|14|.786|10|40|14|4|3|13|18||27|69|.391|10|30|.333|9|18|.500|14|35|17|5|3|13|14
30|30|2013-02-26||Virginia Military Institute|L|66|83|22|62|.355|4|19|.211|18|26|.692|12|30|13|6|1|8|12||31|68|.456|13|34|.382|8|11|.727|14|43|19|6|7|10|19
31|31|2013-03-02|@|Radford|W|73|56|22|46|.478|9|17|.529|20|25|.800|3|36|14|2|4|13|17||19|61|.311|3|18|.167|15|25|.600|11|32|7|8|0|6|20
32|32|2013-03-05|@|Coastal Carolina|W|78|61|22|53|.415|9|20|.450|25|31|.806|9|36|8|4|3|9|20||22|57|.386|1|16|.063|16|25|.640|9|32|7|7|7|9|25
33|33|2013-03-07|N|High Point|W|61|60|20|45|.444|4|11|.364|17|18|.944|4|31|10|4|1|18|20||19|57|.333|4|19|.211|18|26|.692|13|27|7|9|4|7|17
34|34|2013-03-09|N|Gardner-Webb|W|65|62|22|47|.468|5|8|.625|16|20|.800|8|29|7|2|3|8|14||20|51|.392|10|26|.385|12|16|.750|8|26|7|3|1|6|17
35|35|2013-03-10|N|Charleston Southern|W|87|76|27|56|.482|9|18|.500|24|30|.800|7|38|11|4|3|8|21||25|60|.417|9|28|.321|17|28|.607|4|29|6|2|3|4|24
36|36|2013-03-19|N|North Carolina A&T|L|72|73|23|54|.426|10|23|.435|16|18|.889|5|29|15|4|3|10|17||27|52|.519|8|18|.444|11|19|.579|5|32|10|6|4|8|19
