ranker|game_season|date_game|game_location|opp_id|game_result|pts|opp_pts|fg|fga|fg_pct|fg3|fg3a|fg3_pct|ft|fta|ft_pct|orb|trb|ast|stl|blk|tov|pf|x|opp_fg|opp_fga|opp_fg_pct|opp_fg3|opp_fg3a|opp_fg3_pct|opp_ft|opp_fta|opp_ft_pct|opp_orb|opp_trb|opp_ast|opp_stl|opp_blk|opp_tov|opp_pf|
1|1|2012-11-09|N|Morehead State|L|74|77|25|59|.424|2|16|.125|22|33|.667|14|35|14|11|4|16|11||31|67|.463|9|23|.391|6|8|.750|15|37|13|10|3|19|27
2|2|2012-11-12|@|Lafayette|L (1 OT)|94|98|27|66|.409|9|21|.429|31|38|.816|13|39|15|6|6|10|21||34|64|.531|8|16|.500|22|28|.786|7|31|20|4|4|11|26
3|3|2012-11-16|@|Maryland|L|74|91|30|71|.423|7|25|.280|7|13|.538|9|29|18|7|5|8|17||35|62|.565|8|12|.667|13|20|.650|9|40|28|5|10|15|16
4|4|2012-11-23|@|Kentucky|L|75|104|27|65|.415|4|11|.364|17|23|.739|7|22|12|3|4|7|18||42|62|.677|7|13|.538|13|21|.619|8|41|28|5|11|10|16
5|5|2012-11-28||Columbia|W|70|61|21|40|.525|8|16|.500|20|36|.556|5|28|18|4|6|11|15||24|60|.400|7|18|.389|6|9|.667|8|28|13|5|0|12|23
6|6|2012-12-01||Lafayette|W|71|60|24|53|.453|6|20|.300|17|21|.810|10|39|18|8|4|16|17||22|56|.393|6|19|.316|10|14|.714|4|22|16|8|2|11|18
7|7|2012-12-08||Hofstra|W|88|84|26|54|.481|7|17|.412|29|39|.744|6|22|16|7|3|12|26||31|54|.574|3|8|.375|19|33|.576|10|30|12|5|4|18|26
8|8|2012-12-12|@|Rice|W|97|70|35|54|.648|10|19|.526|17|23|.739|8|35|21|5|5|11|17||29|58|.500|6|20|.300|6|15|.400|6|18|19|5|2|7|19
9|9|2012-12-16||Manhattan|W|75|48|26|54|.481|12|22|.545|11|15|.733|11|46|18|7|2|18|24||16|53|.302|4|21|.190|12|22|.545|5|21|6|8|4|12|20
10|10|2012-12-19|@|Saint Peter's|L|67|80|22|55|.400|7|18|.389|16|21|.762|13|28|12|6|2|13|21||29|53|.547|5|11|.455|17|23|.739|12|32|12|4|8|11|20
11|11|2012-12-22|N|Seton Hall|L|58|89|19|53|.358|4|18|.222|16|24|.667|6|25|11|8|3|16|13||35|60|.583|10|21|.476|9|12|.750|8|34|21|8|0|15|19
12|12|2012-12-29|@|Lamar|L|80|81|30|67|.448|6|20|.300|14|24|.583|15|30|15|15|3|18|16||33|60|.550|2|5|.400|13|19|.684|13|36|15|8|5|22|20
13|13|2013-01-03|@|Sacred Heart|L|73|77|23|51|.451|7|24|.292|20|26|.769|8|22|11|5|2|14|14||29|54|.537|9|17|.529|10|13|.769|9|23|17|8|5|17|19
14|14|2013-01-05|@|Quinnipiac|L|74|82|24|51|.471|6|19|.316|20|31|.645|8|22|11|6|2|11|21||30|59|.508|6|18|.333|16|28|.571|17|39|18|7|3|11|23
15|15|2013-01-10||Wagner|L|75|86|24|55|.436|10|27|.370|17|25|.680|10|24|12|7|4|14|19||29|49|.592|9|10|.900|19|31|.613|6|31|17|5|3|15|20
16|16|2013-01-12||Mount St. Mary's|W|86|72|31|53|.585|8|15|.533|16|24|.667|11|38|19|6|3|14|20||26|60|.433|11|32|.344|9|16|.563|13|27|13|6|3|9|20
17|17|2013-01-17|@|Fairleigh Dickinson|W (1 OT)|79|75|26|63|.413|8|21|.381|19|30|.633|13|36|13|13|7|18|17||29|60|.483|9|17|.529|8|14|.571|6|25|18|9|4|16|25
18|18|2013-01-19||Monmouth|W|75|65|24|50|.480|12|27|.444|15|20|.750|12|34|14|5|6|17|14||23|60|.383|5|16|.313|14|15|.933|8|20|12|7|0|7|20
19|19|2013-01-24|@|St. Francis (NY)|W|78|68|25|52|.481|8|21|.381|20|26|.769|10|36|19|7|2|17|15||24|62|.387|7|25|.280|13|18|.722|12|29|16|11|1|14|25
20|20|2013-01-26|@|Bryant|W|79|78|32|60|.533|7|21|.333|8|12|.667|11|31|16|5|3|12|16||29|56|.518|10|26|.385|10|15|.667|7|22|21|6|1|10|17
21|21|2013-01-31||Saint Francis (PA)|W|82|62|29|54|.537|10|22|.455|14|18|.778|8|28|22|8|6|20|13||24|60|.400|3|19|.158|11|14|.786|9|21|13|11|5|18|15
22|22|2013-02-02||Robert Morris|L|57|60|21|48|.438|3|17|.176|12|20|.600|8|29|10|5|3|12|14||20|54|.370|10|24|.417|10|13|.769|6|24|9|7|2|8|20
23|23|2013-02-07|@|Central Connecticut State|W|81|75|34|71|.479|9|28|.321|4|8|.500|14|43|18|2|4|11|16||29|72|.403|9|25|.360|8|14|.571|10|31|16|4|8|9|13
24|24|2013-02-10|N|St. Francis (NY)|W|83|75|24|48|.500|9|18|.500|26|36|.722|11|26|14|4|0|14|17||28|55|.509|2|11|.182|17|25|.680|8|25|8|11|2|10|27
25|25|2013-02-14|@|Monmouth|W|80|66|25|49|.510|6|18|.333|24|33|.727|10|35|14|8|8|24|16||27|67|.403|2|19|.105|10|18|.556|10|27|12|14|3|17|24
26|26|2013-02-16||Fairleigh Dickinson|W|92|67|32|63|.508|8|15|.533|20|37|.541|16|46|17|4|3|11|21||21|61|.344|6|15|.400|19|26|.731|11|38|10|5|4|13|29
27|27|2013-02-21|@|Mount St. Mary's|L|71|83|27|54|.500|3|10|.300|14|24|.583|10|31|9|8|0|19|22||26|61|.426|11|25|.440|20|21|.952|11|31|16|12|1|15|22
28|28|2013-02-24|@|Wagner|L|92|94|29|58|.500|11|21|.524|23|29|.793|13|31|16|4|1|17|19||35|63|.556|8|16|.500|16|23|.696|13|26|18|12|9|11|21
29|29|2013-02-28||Sacred Heart|W|70|68|26|61|.426|7|19|.368|11|20|.550|14|36|17|8|4|10|16||24|51|.471|9|20|.450|11|16|.688|5|26|15|3|4|14|16
30|30|2013-03-02||Quinnipiac|W|96|90|32|58|.552|7|20|.350|25|33|.758|4|25|15|7|2|8|23||33|67|.493|7|19|.368|17|21|.810|14|34|8|2|2|10|25
31|31|2013-03-06||Quinnipiac|W|91|83|27|54|.500|8|20|.400|29|40|.725|9|27|13|6|4|7|22||28|68|.412|6|13|.462|21|31|.677|16|39|14|2|0|9|31
32|32|2013-03-09|@|Wagner|W|94|82|32|49|.653|9|16|.563|21|33|.636|7|39|17|9|3|24|21||30|74|.405|4|24|.167|18|28|.643|12|26|14|10|2|16|27
33|33|2013-03-12||Mount St. Mary's|W|91|70|35|57|.614|5|9|.556|16|21|.762|9|36|19|11|2|13|13||27|68|.397|9|31|.290|7|11|.636|12|27|14|4|1|13|16
34|34|2013-03-20|N|James Madison|L|55|68|21|59|.356|3|16|.188|10|14|.714|12|30|11|7|1|11|12||26|56|.464|8|23|.348|8|12|.667|11|35|17|3|10|11|16
