ranker|game_season|date_game|game_location|opp_id|game_result|pts|opp_pts|fg|fga|fg_pct|fg3|fg3a|fg3_pct|ft|fta|ft_pct|orb|trb|ast|stl|blk|tov|pf|x|opp_fg|opp_fga|opp_fg_pct|opp_fg3|opp_fg3a|opp_fg3_pct|opp_ft|opp_fta|opp_ft_pct|opp_orb|opp_trb|opp_ast|opp_stl|opp_blk|opp_tov|opp_pf|
1|1|2012-11-09||Longwood|W|81|47|29|57|.509|6|14|.429|17|28|.607|17|43|17|12|6|18|18||17|57|.298|2|15|.133|11|19|.579|9|21|9|7|2|18|22
2|2|2012-11-11|@|Villanova|L|68|80|24|53|.453|12|27|.444|8|15|.533|3|23|16|9|2|16|26||23|46|.500|9|22|.409|25|37|.676|7|34|14|8|1|17|13
3|3|2012-11-16|N|District of Columbia|W|80|58|32|66|.485|3|15|.200|13|17|.765|16|47|15|5|8|12|15||21|58|.362|5|16|.313|11|20|.550|8|24|12|5|1|10|11
4|4|2012-11-17|N|South Dakota State|L|77|78|30|63|.476|8|23|.348|9|14|.643|17|39|15|3|3|9|15||27|57|.474|11|21|.524|13|20|.650|9|28|19|4|1|4|15
5|5|2012-11-18|@|Hofstra|L (2 OT)|100|103|32|73|.438|10|33|.303|26|42|.619|14|41|21|5|9|15|39||28|70|.400|7|18|.389|40|57|.702|18|52|11|6|3|14|30
6|6|2012-11-24||Nevada|W|89|82|33|64|.516|6|18|.333|17|34|.500|13|36|19|4|6|7|19||28|62|.452|7|23|.304|19|24|.792|9|30|16|5|0|8|27
7|7|2012-11-28||Morehead State|W|70|67|20|60|.333|2|17|.118|28|44|.636|22|50|11|4|5|16|17||26|71|.366|7|16|.438|8|16|.500|18|41|13|7|3|15|32
8|8|2012-12-01||North Carolina-Wilmington|W|61|58|20|55|.364|5|17|.294|16|26|.615|16|37|8|10|2|13|10||26|56|.464|3|12|.250|3|6|.500|7|25|6|8|4|14|26
9|9|2012-12-05|N|West Virginia|L|59|69|19|52|.365|9|20|.450|12|22|.545|9|31|13|3|5|16|25||22|59|.373|1|6|.167|24|30|.800|15|35|8|9|4|12|19
10|10|2012-12-08||Coppin State|W|69|63|26|62|.419|7|25|.280|10|19|.526|18|43|21|7|5|13|9||27|58|.466|7|19|.368|2|10|.200|8|28|18|7|1|12|16
11|11|2012-12-15|N|Cincinnati|L|56|72|17|43|.395|8|12|.667|14|27|.519|11|28|9|4|2|20|15||29|64|.453|6|17|.353|8|13|.615|14|35|14|9|3|11|22
12|12|2012-12-19||Savannah State|W|64|48|20|48|.417|5|16|.313|19|31|.613|8|34|15|8|3|19|11||21|63|.333|0|7|.000|6|10|.600|8|31|9|15|2|16|23
13|13|2012-12-22|@|Kentucky|L|54|82|18|61|.295|4|15|.267|14|26|.538|14|41|6|3|2|17|21||29|69|.420|3|17|.176|21|27|.778|17|45|14|10|7|9|22
14|14|2013-01-02||Delaware State|L|51|53|17|47|.362|4|17|.235|13|23|.565|18|33|9|5|1|14|14||19|49|.388|7|17|.412|8|11|.727|12|26|12|10|4|9|18
15|15|2013-01-05|@|Ohio|L|57|94|20|57|.351|3|19|.158|14|29|.483|21|38|10|10|0|26|25||32|49|.653|11|23|.478|19|28|.679|5|25|29|16|4|17|25
16|16|2013-01-09||Tulsa|W|79|61|27|60|.450|12|32|.375|13|20|.650|13|45|18|5|3|20|17||23|63|.365|3|14|.214|12|15|.800|7|28|10|15|1|11|17
17|17|2013-01-12|@|Texas-El Paso|L|63|74|21|47|.447|4|13|.308|17|25|.680|5|21|11|6|6|12|29||23|48|.479|5|11|.455|23|30|.767|6|25|13|6|3|16|22
18|18|2013-01-19||East Carolina|W|77|56|30|63|.476|7|18|.389|10|23|.435|11|36|19|9|4|13|19||21|64|.328|4|16|.250|10|21|.476|16|39|10|5|5|18|20
19|19|2013-01-23|@|Southern Mississippi|L|46|102|13|39|.333|7|21|.333|13|33|.394|6|16|9|9|4|31|20||36|57|.632|11|20|.550|19|26|.731|9|30|25|20|3|16|24
20|20|2013-01-26|@|Memphis|L|72|73|27|65|.415|7|19|.368|11|17|.647|14|36|15|8|5|13|23||24|50|.480|7|16|.438|18|28|.643|6|28|15|7|6|13|16
21|21|2013-01-30||Southern Methodist|L|57|68|20|59|.339|7|28|.250|10|23|.435|14|33|11|9|8|11|18||25|52|.481|3|6|.500|15|21|.714|9|36|13|9|4|13|19
22|22|2013-02-02||Central Florida|W|75|71|27|52|.519|5|18|.278|16|25|.640|7|23|17|5|14|13|18||26|63|.413|6|19|.316|13|20|.650|12|30|13|8|3|12|20
23|23|2013-02-06|@|Tulane|L|75|91|27|58|.466|7|28|.250|14|22|.636|14|35|20|6|2|16|26||29|62|.468|11|25|.440|22|34|.647|16|37|17|8|2|9|20
24|24|2013-02-09|@|Alabama-Birmingham|L|61|75|22|49|.449|3|14|.214|14|24|.583|11|26|11|9|6|17|16||27|56|.482|9|16|.563|12|19|.632|13|33|19|10|0|17|18
25|25|2013-02-13||Rice|W|71|70|23|45|.511|7|21|.333|18|28|.643|11|30|14|3|5|11|11||27|56|.482|9|27|.333|7|9|.778|7|22|16|4|0|8|20
26|26|2013-02-16||Memphis|L|59|71|21|55|.382|6|24|.250|11|19|.579|14|34|9|6|3|20|15||29|64|.453|5|15|.333|8|14|.571|14|37|15|10|5|13|21
27|27|2013-02-20|@|Central Florida|W|82|70|32|59|.542|6|16|.375|12|18|.667|15|40|19|10|6|21|18||28|65|.431|3|16|.188|11|21|.524|13|29|13|15|3|14|18
28|28|2013-02-23||Alabama-Birmingham|L|48|52|15|57|.263|3|26|.115|15|26|.577|15|42|9|5|5|10|17||19|63|.302|4|18|.222|10|15|.667|16|41|10|7|1|12|20
29|29|2013-03-02|@|Houston|L|76|103|24|66|.364|7|31|.226|21|27|.778|16|33|10|3|3|15|19||38|64|.594|8|15|.533|19|27|.704|9|38|26|7|4|11|19
30|30|2013-03-05||Southern Mississippi|W|88|84|27|49|.551|10|20|.500|24|31|.774|6|25|20|6|6|16|25||28|54|.519|11|23|.478|17|30|.567|8|28|21|7|3|14|22
31|31|2013-03-09|@|East Carolina|L|79|86|30|61|.492|5|13|.385|14|20|.700|13|32|19|11|2|14|26||24|46|.522|10|20|.500|28|39|.718|9|28|16|6|6|13|18
32|32|2013-03-13|N|Tulane|L|64|66|24|51|.471|3|16|.188|13|18|.722|10|29|12|5|4|15|21||22|56|.393|8|23|.348|14|19|.737|15|31|11|5|0|13|14
