ranker|game_season|date_game|game_location|opp_id|game_result|pts|opp_pts|fg|fga|fg_pct|fg3|fg3a|fg3_pct|ft|fta|ft_pct|orb|trb|ast|stl|blk|tov|pf|x|opp_fg|opp_fga|opp_fg_pct|opp_fg3|opp_fg3a|opp_fg3_pct|opp_ft|opp_fta|opp_ft_pct|opp_orb|opp_trb|opp_ast|opp_stl|opp_blk|opp_tov|opp_pf|
1|1|2012-11-09|N|Kentucky|L|69|72|25|75|.333|3|19|.158|16|21|.762|23|46|17|6|5|11|23||24|56|.429|6|13|.462|18|28|.643|12|34|12|5|11|12|16
2|2|2012-11-12||Morehead State|W|67|45|23|47|.489|4|12|.333|17|29|.586|13|37|14|6|6|20|11||19|60|.317|1|14|.071|6|8|.750|11|25|4|7|5|18|26
3|3|2012-11-16||Long Island University|W|91|74|35|62|.565|8|12|.667|13|20|.650|9|40|28|5|10|15|16||30|71|.423|7|25|.280|7|13|.538|9|29|18|7|5|8|17
4|4|2012-11-20||Lafayette|W|83|74|29|56|.518|3|15|.200|22|32|.688|19|43|18|4|3|12|12||26|66|.394|15|32|.469|7|7|1.000|10|23|14|6|5|7|21
5|5|2012-11-24||Georgia Southern|W|70|53|27|55|.491|5|16|.313|11|17|.647|15|45|20|1|5|17|10||20|60|.333|7|22|.318|6|8|.750|7|23|9|10|2|7|16
6|6|2012-11-27|@|Northwestern|W|77|57|29|55|.527|5|13|.385|14|17|.824|10|42|15|3|2|14|19||18|53|.340|6|25|.240|15|22|.682|3|15|14|5|3|4|14
7|7|2012-12-02|N|George Mason|W|69|62|22|49|.449|2|11|.182|23|39|.590|12|45|14|5|5|19|17||22|71|.310|4|17|.235|14|18|.778|14|32|12|12|2|9|28
8|8|2012-12-05||Maryland-Eastern Shore|W|100|68|38|62|.613|10|20|.500|14|22|.636|10|42|27|8|4|15|13||23|72|.319|9|34|.265|13|16|.813|12|27|6|5|4|14|15
9|9|2012-12-08||South Carolina State|W|61|46|19|51|.373|5|22|.227|18|22|.818|14|38|16|4|4|11|12||17|53|.321|7|16|.438|5|7|.714|7|25|10|6|5|12|15
10|10|2012-12-12||Monmouth|W|71|38|25|43|.581|6|19|.316|15|19|.789|7|43|19|5|9|22|13||14|68|.206|3|14|.214|7|8|.875|15|27|7|9|1|12|13
11|11|2012-12-21||Stony Brook|W|76|69|28|53|.528|9|18|.500|11|16|.688|6|33|17|0|4|11|12||27|64|.422|4|19|.211|11|13|.846|10|28|15|4|4|3|14
12|12|2012-12-29||Delaware State|W|79|50|33|58|.569|2|9|.222|11|17|.647|13|35|19|9|3|10|13||18|56|.321|3|15|.200|11|12|.917|15|28|6|3|1|19|12
13|13|2013-01-01||IUPUI|W|81|63|29|53|.547|8|17|.471|15|19|.789|10|34|16|4|2|14|8||24|54|.444|9|23|.391|6|9|.667|6|17|12|6|0|12|15
14|14|2013-01-05||Virginia Tech|W|94|71|31|60|.517|10|23|.435|22|28|.786|12|40|18|2|4|11|17||25|67|.373|4|19|.211|17|24|.708|16|35|7|5|1|11|19
15|15|2013-01-09||Florida State|L|62|65|22|60|.367|8|22|.364|10|14|.714|11|39|13|3|2|18|21||22|60|.367|6|20|.300|15|23|.652|12|36|9|10|13|13|16
16|16|2013-01-13|@|Miami (FL)|L|47|54|18|57|.316|3|15|.200|8|18|.444|8|41|4|6|6|14|16||22|63|.349|5|20|.250|5|13|.385|9|37|15|8|6|8|16
17|17|2013-01-16||North Carolina State|W|51|50|21|61|.344|3|18|.167|6|8|.750|8|37|10|4|3|13|13||19|61|.311|5|16|.313|7|12|.583|11|37|10|4|4|11|9
18|18|2013-01-19|@|North Carolina|L|52|62|21|53|.396|1|12|.083|9|14|.643|10|39|5|7|4|21|17||23|65|.354|5|17|.294|11|18|.611|14|33|14|11|5|12|12
19|19|2013-01-22||Boston College|W|64|59|25|59|.424|7|17|.412|7|12|.583|10|37|15|3|2|14|17||20|56|.357|9|28|.321|10|17|.588|8|29|12|4|1|9|12
20|20|2013-01-26|@|Duke|L|64|84|25|60|.417|5|18|.278|9|16|.563|16|42|10|1|5|14|16||33|63|.524|11|22|.500|7|17|.412|9|31|18|7|3|4|15
21|21|2013-01-30|@|Florida State|L|71|73|26|53|.491|6|15|.400|13|18|.722|9|30|11|4|1|16|22||22|48|.458|5|17|.294|24|31|.774|5|19|14|10|5|6|17
22|22|2013-02-02||Wake Forest|W|86|60|35|52|.673|11|16|.688|5|9|.556|5|42|21|3|7|19|16||22|64|.344|8|24|.333|8|13|.615|7|19|10|7|0|8|13
23|23|2013-02-07|@|Virginia Tech|W|60|55|21|52|.404|8|21|.381|10|23|.435|15|44|14|4|4|14|17||22|65|.338|2|18|.111|9|16|.563|10|29|6|4|8|6|15
24|24|2013-02-10||Virginia|L|69|80|27|58|.466|5|17|.294|10|18|.556|10|27|14|9|6|13|17||26|48|.542|11|19|.579|17|23|.739|8|31|15|5|1|16|16
25|25|2013-02-16||Duke|W|83|81|27|45|.600|4|13|.308|25|34|.735|8|38|11|7|6|26|25||30|63|.476|6|19|.316|15|21|.714|4|17|14|12|1|12|24
26|26|2013-02-19|@|Boston College|L|58|69|20|56|.357|10|27|.370|8|11|.727|7|29|12|4|4|12|23||21|53|.396|6|26|.231|21|22|.955|8|36|11|8|6|8|15
27|27|2013-02-23||Clemson|W|72|59|30|63|.476|6|15|.400|6|16|.375|14|37|19|7|4|8|15||22|50|.440|5|14|.357|10|16|.625|5|27|10|3|5|11|16
28|28|2013-02-27|@|Georgia Tech|L|68|78|27|63|.429|4|19|.211|10|14|.714|6|27|14|9|1|14|20||26|51|.510|6|19|.316|20|27|.741|7|31|22|7|6|13|17
29|29|2013-03-02|@|Wake Forest|W|67|57|28|59|.475|3|14|.214|8|13|.615|9|37|10|11|6|19|24||16|49|.327|6|21|.286|19|25|.760|6|29|9|9|3|18|17
30|30|2013-03-06||North Carolina|L|68|79|27|63|.429|3|23|.130|11|15|.733|13|33|9|7|4|14|18||25|55|.455|10|24|.417|19|24|.792|10|32|13|11|4|12|14
31|31|2013-03-10|@|Virginia|L (1 OT)|58|61|20|61|.328|6|20|.300|12|17|.706|8|40|10|4|3|12|21||21|57|.368|4|16|.250|15|23|.652|6|34|9|6|9|8|14
32|32|2013-03-14|N|Wake Forest|W|75|62|23|48|.479|7|15|.467|22|29|.759|4|33|13|8|3|12|19||23|54|.426|4|18|.222|12|21|.571|4|28|15|9|3|14|21
33|33|2013-03-15|N|Duke|W|83|74|26|51|.510|8|20|.400|23|25|.920|7|36|18|3|1|14|14||27|65|.415|4|25|.160|16|18|.889|8|26|10|6|2|6|18
34|34|2013-03-16|N|North Carolina|L|76|79|25|61|.410|8|21|.381|18|26|.692|11|38|14|4|0|10|20||27|61|.443|7|21|.333|18|26|.692|6|32|12|6|3|7|19
35|35|2013-03-19||Niagara|W|86|70|31|59|.525|8|20|.400|16|19|.842|12|37|17|5|8|15|18||23|65|.354|8|26|.308|16|20|.800|14|29|7|4|1|10|15
36|36|2013-03-21||Denver|W|62|52|22|48|.458|3|12|.250|15|19|.789|5|28|6|9|2|13|15||20|50|.400|5|18|.278|7|13|.538|8|25|12|8|2|14|17
37|37|2013-03-26|@|Alabama|W|58|57|23|46|.500|7|15|.467|5|10|.500|8|32|11|8|8|17|15||22|55|.400|4|15|.267|9|11|.818|7|23|13|3|6|14|11
38|38|2013-04-02|N|Iowa|L|60|71|23|57|.404|5|15|.333|9|16|.563|12|33|12|3|10|16|18||24|57|.421|4|12|.333|19|24|.792|9|30|17|7|5|6|17
