ranker|game_season|date_game|game_location|opp_id|game_result|pts|opp_pts|fg|fga|fg_pct|fg3|fg3a|fg3_pct|ft|fta|ft_pct|orb|trb|ast|stl|blk|tov|pf|x|opp_fg|opp_fga|opp_fg_pct|opp_fg3|opp_fg3a|opp_fg3_pct|opp_ft|opp_fta|opp_ft_pct|opp_orb|opp_trb|opp_ast|opp_stl|opp_blk|opp_tov|opp_pf|
1|1|2012-11-10||Sewanee|W|65|36|25|47|.532|5|18|.278|10|15|.667|9|30|13|8|6|15|12||12|45|.267|5|25|.200|7|9|.778|5|20|6|5|0|18|13
2|2|2012-11-12||Oglethorpe|W|70|25|25|58|.431|12|28|.429|8|14|.571|19|44|16|13|6|16|14||9|45|.200|3|23|.130|4|7|.571|11|28|6|7|3|22|17
3|3|2012-11-16|N|George Mason|L|49|52|16|44|.364|5|19|.263|12|14|.857|8|22|7|6|4|16|20||20|42|.476|0|8|.000|12|17|.706|6|25|6|4|1|19|18
4|4|2012-11-17|N|Illinois-Chicago|L|36|62|14|43|.326|2|12|.167|6|11|.545|5|24|7|2|3|17|11||22|47|.468|8|15|.533|10|13|.769|5|29|9|9|0|11|18
5|5|2012-11-19|N|Wake Forest|L|71|74|25|57|.439|9|19|.474|12|16|.750|10|29|14|9|4|15|28||21|50|.420|6|13|.462|26|41|.634|14|34|11|9|3|14|15
6|6|2012-11-25||Furman|W|73|46|25|57|.439|7|20|.350|16|21|.762|9|24|17|10|1|8|17||15|39|.385|5|15|.333|11|23|.478|11|34|9|2|1|25|19
7|7|2012-11-28|@|New Mexico|L|58|76|22|58|.379|7|21|.333|7|13|.538|7|27|14|9|4|17|25||27|60|.450|5|19|.263|17|26|.654|10|40|19|6|6|15|16
8|8|2012-12-02|@|Florida State|W|61|56|18|48|.375|6|16|.375|19|23|.826|8|30|14|10|2|15|22||17|48|.354|6|17|.353|16|26|.615|10|30|11|8|3|18|20
9|9|2012-12-05|@|Denver|L|40|69|15|43|.349|2|12|.167|8|15|.533|6|23|7|9|2|18|13||29|52|.558|7|18|.389|4|6|.667|5|27|19|9|5|13|17
10|10|2012-12-08||Alabama A&M|W|65|46|22|52|.423|4|14|.286|17|20|.850|12|35|18|11|4|11|14||17|48|.354|3|18|.167|9|16|.563|10|27|5|4|7|17|16
11|11|2012-12-16|@|Chattanooga|W|63|53|21|52|.404|11|29|.379|10|12|.833|8|32|13|10|3|16|17||18|54|.333|7|26|.269|10|16|.625|9|29|14|5|3|13|13
12|12|2012-12-18|@|Georgia|L|49|58|16|51|.314|6|26|.231|11|12|.917|5|24|12|4|3|11|18||19|44|.432|7|12|.583|13|16|.813|6|34|12|3|4|15|13
13|13|2012-12-22|@|Alabama|W|66|59|22|54|.407|8|22|.364|14|18|.778|10|32|16|6|4|11|16||21|53|.396|4|14|.286|13|20|.650|10|31|9|8|3|9|14
14|14|2012-12-31||Stetson|W|70|64|26|67|.388|9|26|.346|9|13|.692|13|37|18|7|4|9|18||20|49|.408|10|24|.417|14|19|.737|5|29|14|3|3|15|16
15|15|2013-01-02||Florida Gulf Coast|W (1 OT)|77|70|25|63|.397|11|31|.355|16|18|.889|13|29|14|8|6|11|15||25|61|.410|9|25|.360|11|15|.733|12|35|11|6|6|16|16
16|16|2013-01-05|@|Kennesaw State|L|75|83|25|54|.463|5|23|.217|20|24|.833|6|25|9|6|3|11|32||18|35|.514|9|14|.643|38|55|.691|5|29|12|4|1|12|25
17|17|2013-01-10|@|North Florida|W|66|47|26|51|.510|7|16|.438|7|9|.778|8|34|7|10|5|15|16||17|50|.340|10|26|.385|3|8|.375|10|27|8|5|3|14|14
18|18|2013-01-12|@|Jacksonville|L|47|49|17|50|.340|8|20|.400|5|6|.833|6|24|11|5|5|17|15||18|44|.409|5|14|.357|8|10|.800|4|27|12|7|3|17|12
19|19|2013-01-17||East Tennessee State|W|78|59|25|51|.490|9|26|.346|19|23|.826|9|35|22|12|3|16|14||23|53|.434|8|20|.400|5|17|.294|8|27|9|7|3|16|18
20|20|2013-01-19||South Carolina Upstate|W|82|74|24|45|.533|5|12|.417|29|33|.879|2|24|15|3|2|7|17||27|61|.443|8|23|.348|12|24|.500|17|32|12|4|2|9|24
21|21|2013-01-24|@|Northern Kentucky|L|46|63|15|43|.349|6|21|.286|10|15|.667|7|28|8|2|1|11|19||19|45|.422|10|23|.435|15|19|.789|5|28|13|7|1|5|16
22|22|2013-01-26|@|Lipscomb|W|71|65|19|39|.487|7|22|.318|26|34|.765|6|28|11|8|2|14|27||19|54|.352|7|21|.333|20|26|.769|17|36|9|7|0|15|24
23|23|2013-02-01||Kennesaw State|W|66|42|23|48|.479|5|17|.294|15|20|.750|4|30|19|6|7|9|12||15|54|.278|3|14|.214|9|15|.600|13|33|4|5|2|14|18
24|24|2013-02-07||Jacksonville|W (1 OT)|67|64|23|60|.383|8|21|.381|13|20|.650|13|33|13|7|8|12|19||22|58|.379|4|16|.250|16|20|.800|15|42|10|2|4|16|17
25|25|2013-02-09||North Florida|W|64|44|24|49|.490|5|15|.333|11|19|.579|4|30|20|8|8|9|14||17|51|.333|5|21|.238|5|12|.417|6|27|8|6|2|12|14
26|26|2013-02-14|@|South Carolina Upstate|W|70|59|24|51|.471|9|18|.500|13|17|.765|8|32|15|5|3|12|17||19|51|.373|6|24|.250|15|24|.625|10|27|14|8|7|8|14
27|27|2013-02-16|@|East Tennessee State|W|71|54|21|46|.457|12|25|.480|17|26|.654|10|36|17|5|3|11|22||14|43|.326|5|18|.278|21|35|.600|7|25|4|5|4|8|19
28|28|2013-02-21||Lipscomb|W|83|58|28|51|.549|11|24|.458|16|27|.593|8|24|22|9|2|12|19||20|47|.426|2|11|.182|16|21|.762|10|28|7|8|1|22|23
29|29|2013-02-23||Northern Kentucky|W|63|46|20|39|.513|4|17|.235|19|22|.864|7|33|11|2|3|14|12||17|50|.340|5|23|.217|7|8|.875|5|16|10|6|0|7|19
30|30|2013-02-28|@|Florida Gulf Coast|L|57|60|20|46|.435|5|20|.250|12|13|.923|6|22|11|5|1|16|18||20|49|.408|4|17|.235|16|22|.727|11|27|9|11|3|14|15
31|31|2013-03-02|@|Stetson|W|77|65|27|54|.500|6|14|.429|17|21|.810|7|26|17|10|6|9|19||20|52|.385|7|21|.333|18|22|.818|8|27|11|3|4|17|16
32|32|2013-03-06|N|Lipscomb|W|82|48|25|48|.521|8|22|.364|24|28|.857|9|29|20|4|9|9|19||17|52|.327|6|15|.400|8|21|.381|15|29|7|5|3|18|24
33|33|2013-03-08|N|South Carolina Upstate|W|72|64|25|56|.446|14|32|.438|8|9|.889|6|25|16|2|3|9|11||24|54|.444|10|22|.455|6|9|.667|7|29|16|4|3|10|17
34|34|2013-03-09|N|Florida Gulf Coast|L|75|88|26|67|.388|11|28|.393|12|17|.706|14|38|17|4|6|10|18||30|59|.508|11|20|.550|17|22|.773|5|33|11|7|4|7|18
35|35|2013-03-20|@|Tennessee|W|75|67|26|52|.500|7|18|.389|16|21|.762|6|24|16|1|4|8|21||22|58|.379|7|24|.292|16|24|.667|19|38|10|3|4|10|18
36|36|2013-03-25|@|Brigham Young|L|71|90|27|62|.435|9|22|.409|8|14|.571|5|23|19|3|5|12|22||29|63|.460|10|24|.417|22|29|.759|14|39|21|5|2|8|15
