ranker|game_season|date_game|game_location|opp_id|game_result|pts|opp_pts|fg|fga|fg_pct|fg3|fg3a|fg3_pct|ft|fta|ft_pct|orb|trb|ast|stl|blk|tov|pf|x|opp_fg|opp_fga|opp_fg_pct|opp_fg3|opp_fg3a|opp_fg3_pct|opp_ft|opp_fta|opp_ft_pct|opp_orb|opp_trb|opp_ast|opp_stl|opp_blk|opp_tov|opp_pf|
1|1|2012-11-09|@|Troy|L|53|56|19|43|.442|4|16|.250|11|18|.611|7|31|6|5|2|16|16||21|58|.362|10|29|.345|4|7|.571|11|31|12|4|2|12|22
2|2|2012-11-13||Florida Atlantic|W|78|58|30|61|.492|4|10|.400|14|28|.500|9|35|16|17|5|14|16||21|63|.333|6|24|.250|10|15|.667|13|37|10|9|4|27|20
3|3|2012-11-19|N|North Carolina|L|49|95|17|60|.283|2|17|.118|13|19|.684|13|38|6|4|5|21|11||37|78|.474|15|32|.469|6|9|.667|16|45|22|14|9|12|16
4|4|2012-11-20|N|Marquette|L|62|89|20|52|.385|5|12|.417|17|23|.739|14|28|7|6|4|22|13||37|71|.521|7|11|.636|8|9|.889|15|32|18|14|8|12|20
5|5|2012-11-21|N|Texas|L|55|69|17|51|.333|4|11|.364|17|28|.607|15|28|11|12|2|17|19||26|52|.500|10|18|.556|7|16|.438|16|39|15|9|12|22|20
6|6|2012-11-27||Alcorn State|W|60|42|18|44|.409|2|13|.154|22|33|.667|14|45|6|10|1|18|17||15|53|.283|4|17|.235|8|17|.471|7|18|4|7|5|16|21
7|7|2012-12-01|@|Providence|L|63|73|23|64|.359|2|22|.091|15|22|.682|15|36|10|8|1|14|20||25|54|.463|2|12|.167|21|28|.750|10|33|18|5|8|12|17
8|8|2012-12-04||Texas-San Antonio|W|53|42|21|46|.457|3|13|.231|8|14|.571|6|31|11|9|7|16|12||15|55|.273|7|29|.241|5|9|.556|12|33|6|6|2|19|15
9|9|2012-12-15|@|Loyola (IL)|L|51|59|18|48|.375|5|17|.294|10|16|.625|9|27|7|6|8|15|20||21|51|.412|8|18|.444|9|14|.643|10|33|13|7|4|15|15
10|10|2012-12-22|N|Central Arkansas|W|79|72|25|52|.481|4|15|.267|25|36|.694|11|41|13|6|4|20|14||27|68|.397|10|35|.286|8|11|.727|8|25|10|10|3|17|25
11|11|2012-12-30||Alabama A&M|L|57|59|20|56|.357|4|15|.267|13|17|.765|11|33|8|7|4|10|15||24|57|.421|5|16|.313|6|8|.750|9|30|10|7|8|13|16
12|12|2013-01-03||New Orleans|W|97|46|35|62|.565|11|21|.524|16|20|.800|11|35|17|14|9|17|17||17|51|.333|1|8|.125|11|21|.524|6|24|7|9|3|23|19
13|13|2013-01-09||South Carolina|W|56|54|19|49|.388|0|10|.000|18|25|.720|9|26|8|14|8|17|15||20|51|.392|8|21|.381|6|11|.545|12|34|10|7|5|24|20
14|14|2013-01-12|@|Georgia|W|72|61|25|54|.463|9|20|.450|13|23|.565|6|33|13|9|4|14|22||19|58|.328|4|19|.211|19|32|.594|14|37|10|10|3|15|19
15|15|2013-01-16||Alabama|L|43|75|16|45|.356|5|18|.278|6|8|.750|6|20|6|7|5|20|8||31|58|.534|8|13|.615|5|8|.625|12|34|12|12|5|12|12
16|16|2013-01-19|@|Tennessee|L|57|72|21|56|.375|3|12|.250|12|14|.857|10|29|11|3|2|13|17||28|60|.467|7|17|.412|9|13|.692|13|34|19|5|5|10|15
17|17|2013-01-23|@|Arkansas|L|70|96|22|54|.407|9|19|.474|17|21|.810|8|30|11|5|3|28|21||33|67|.493|9|27|.333|21|26|.808|10|31|27|14|11|12|17
18|18|2013-01-26||Florida|L|47|82|17|52|.327|3|15|.200|10|15|.667|5|17|8|12|1|9|12||31|56|.554|14|31|.452|6|9|.667|10|40|23|6|4|14|12
19|19|2013-01-30||Texas A&M|L (1 OT)|49|55|16|40|.400|6|18|.333|11|16|.688|6|20|9|6|2|23|12||25|53|.472|2|16|.125|3|3|1.000|10|28|9|14|2|21|16
20|20|2013-02-02||Louisiana State|L|68|69|26|54|.481|3|12|.250|13|27|.481|10|35|13|11|6|17|17||25|63|.397|4|25|.160|15|18|.833|12|36|15|11|3|16|21
21|21|2013-02-06|@|Mississippi|L|75|93|28|65|.431|5|23|.217|14|20|.700|11|34|14|6|1|16|27||30|59|.508|6|16|.375|27|36|.750|8|29|18|8|8|10|17
22|22|2013-02-09|@|Florida|L|58|83|23|54|.426|6|16|.375|6|12|.500|7|27|13|4|1|16|18||31|59|.525|9|26|.346|12|18|.667|9|33|21|6|2|8|12
23|23|2013-02-13||Missouri|L|36|78|11|46|.239|3|19|.158|11|22|.500|5|21|3|4|3|15|13||31|58|.534|9|20|.450|7|10|.700|7|43|21|8|4|14|18
24|24|2013-02-16|@|Louisiana State|L|68|80|26|56|.464|4|17|.235|12|19|.632|5|20|9|6|7|9|14||30|55|.545|12|22|.545|8|12|.667|11|36|24|5|5|10|15
25|25|2013-02-20|@|Alabama|L|56|64|20|48|.417|6|20|.300|10|15|.667|10|32|7|9|1|23|19||20|51|.392|3|15|.200|21|27|.778|12|31|10|18|1|14|16
26|26|2013-02-23||Vanderbilt|L|31|72|7|40|.175|2|19|.105|15|18|.833|2|13|4|6|2|11|10||28|61|.459|11|31|.355|5|7|.714|18|47|19|1|3|13|18
27|27|2013-02-27|@|Kentucky|L|55|85|18|56|.321|6|24|.250|13|17|.765|10|28|8|6|5|13|15||34|62|.548|9|22|.409|8|11|.727|11|40|18|4|5|12|16
28|28|2013-03-02||Mississippi|W|73|67|20|48|.417|6|21|.286|27|37|.730|4|34|16|8|4|18|17||25|74|.338|6|29|.207|11|16|.688|15|41|12|13|6|15|27
29|29|2013-03-06|@|South Carolina|L|72|79|24|47|.511|7|20|.350|17|28|.607|9|27|14|6|2|19|28||21|46|.457|9|22|.409|28|35|.800|6|25|18|6|1|13|23
30|30|2013-03-09||Auburn|W (1 OT)|74|71|25|62|.403|8|17|.471|16|29|.552|7|41|13|8|7|15|18||28|68|.412|3|17|.176|12|15|.800|6|41|13|11|3|14|22
31|31|2013-03-13|N|South Carolina|W|70|59|23|49|.469|7|15|.467|17|27|.630|8|33|14|12|5|14|13||24|64|.375|6|31|.194|5|7|.714|11|33|14|4|4|17|19
32|32|2013-03-14|N|Tennessee|L|53|69|20|58|.345|3|14|.214|10|16|.625|15|32|9|11|3|14|13||29|56|.518|5|20|.250|6|9|.667|11|34|11|7|5|15|16
