ranker|game_season|date_game|game_location|opp_id|game_result|pts|opp_pts|fg|fga|fg_pct|fg3|fg3a|fg3_pct|ft|fta|ft_pct|orb|trb|ast|stl|blk|tov|pf|x|opp_fg|opp_fga|opp_fg_pct|opp_fg3|opp_fg3a|opp_fg3_pct|opp_ft|opp_fta|opp_ft_pct|opp_orb|opp_trb|opp_ast|opp_stl|opp_blk|opp_tov|opp_pf|
1|1|2012-11-11|@|Seattle|L|72|87|24|66|.364|5|23|.217|19|34|.559|12|40|6|13|0|28|27||31|70|.443|8|25|.320|17|31|.548|15|48|19|17|2|25|27
2|2|2012-11-18||Portland|W|83|64|24|47|.511|8|16|.500|27|39|.692|9|32|14|9|2|14|22||23|47|.489|3|14|.214|15|21|.714|5|23|9|6|2|19|33
3|3|2012-11-21|@|Air Force|L|72|86|27|62|.435|8|23|.348|10|17|.588|10|25|11|7|5|9|14||35|59|.593|10|22|.455|6|11|.545|9|39|25|5|5|12|18
4|4|2012-11-25|@|Oregon State|L|65|78|21|70|.300|6|21|.286|17|22|.773|17|39|10|8|0|9|19||29|62|.468|5|23|.217|15|25|.600|17|45|16|6|11|14|16
5|5|2012-11-29||Pepperdine|L|66|76|25|63|.397|6|22|.273|10|12|.833|10|29|16|3|1|7|15||28|55|.509|6|17|.353|14|19|.737|10|38|15|4|0|12|14
6|6|2012-12-01||San Jose State|L|74|82|24|69|.348|7|22|.318|19|24|.792|14|31|12|14|1|9|20||27|51|.529|6|13|.462|22|26|.846|9|40|14|6|4|22|22
7|7|2012-12-06||Montana Tech|W|78|54|32|62|.516|4|14|.286|10|18|.556|10|30|10|18|2|14|18||20|50|.400|2|12|.167|12|13|.923|8|30|9|5|2|26|19
8|8|2012-12-17|@|Northern Arizona|L|80|87|27|60|.450|9|26|.346|17|25|.680|10|25|13|9|5|17|25||30|54|.556|3|12|.250|24|35|.686|10|35|20|7|4|19|21
9|9|2012-12-19|@|Sacramento State|L|57|62|20|62|.323|6|25|.240|11|15|.733|11|33|12|3|1|7|19||19|46|.413|7|18|.389|17|24|.708|7|40|14|3|3|12|15
10|10|2012-12-29||Northwest Indian College|W|101|70|39|72|.542|10|21|.476|13|17|.765|15|41|18|10|3|18|16||30|65|.462|2|14|.143|8|11|.727|8|25|7|11|0|23|18
11|11|2013-01-03||Portland State|W|62|59|22|48|.458|6|17|.353|12|17|.706|5|27|13|5|1|11|13||21|56|.375|7|28|.250|10|14|.714|12|29|7|3|1|11|16
12|12|2013-01-05||Eastern Washington|W (1 OT)|70|68|20|58|.345|6|22|.273|24|34|.706|12|34|9|12|3|7|17||25|56|.446|12|27|.444|6|8|.750|7|37|16|3|4|20|26
13|13|2013-01-10|@|Northern Colorado|W|69|66|23|47|.489|8|22|.364|15|22|.682|6|23|11|8|4|14|16||21|55|.382|6|21|.286|18|21|.857|15|31|14|5|3|15|22
14|14|2013-01-12|@|North Dakota|L|73|86|25|60|.417|9|28|.321|14|19|.737|13|35|11|7|2|14|20||28|53|.528|10|19|.526|20|27|.741|8|30|14|7|2|12|16
15|15|2013-01-19|@|Montana|L (1 OT)|71|76|26|55|.473|8|19|.421|11|15|.733|5|30|10|4|2|11|20||27|57|.474|9|23|.391|13|22|.591|5|30|15|10|3|8|14
16|16|2013-01-21||Southern Utah|W|76|68|25|56|.446|6|16|.375|20|28|.714|7|31|11|8|2|9|14||25|59|.424|7|22|.318|11|17|.647|11|34|13|3|3|13|20
17|17|2013-01-24||Weber State|W|79|74|25|56|.446|5|11|.455|24|29|.828|11|29|9|9|0|7|17||23|46|.500|11|20|.550|17|24|.708|6|28|9|3|6|16|18
18|18|2013-01-26||Idaho State|W (1 OT)|61|59|20|44|.455|8|23|.348|13|15|.867|6|28|17|8|2|15|16||20|49|.408|7|18|.389|12|21|.571|7|24|14|6|2|10|13
19|19|2013-01-31|@|Eastern Washington|L|68|72|20|66|.303|8|26|.308|20|29|.690|14|40|9|10|4|10|20||22|55|.400|7|20|.350|21|28|.750|6|41|15|5|4|13|19
20|20|2013-02-02|@|Portland State|W|70|64|26|55|.473|5|16|.313|13|20|.650|8|31|12|7|0|11|12||28|58|.483|4|12|.333|4|7|.571|7|27|19|6|4|9|16
21|21|2013-02-07||North Dakota|L|73|82|27|50|.540|8|20|.400|11|14|.786|5|23|12|3|2|17|20||30|56|.536|6|18|.333|16|20|.800|7|22|12|15|0|10|15
22|22|2013-02-09||Northern Colorado|L|72|85|25|53|.472|7|26|.269|15|25|.600|7|20|11|6|1|9|17||29|47|.617|6|12|.500|21|25|.840|3|28|9|5|1|10|14
23|23|2013-02-14|@|Idaho State|L|51|87|17|45|.378|5|21|.238|12|18|.667|6|17|7|5|0|17|21||30|47|.638|13|21|.619|14|19|.737|3|24|21|11|4|13|15
24|24|2013-02-16|@|Weber State|L|61|69|22|55|.400|9|22|.409|8|13|.615|12|24|10|9|2|9|16||25|39|.641|6|12|.500|13|16|.813|4|26|13|4|6|15|12
25|25|2013-02-24||South Dakota|L|74|85|25|54|.463|7|16|.438|17|20|.850|6|28|7|6|1|12|22||27|55|.491|10|24|.417|21|24|.875|7|29|15|9|0|12|17
26|26|2013-02-28|@|Southern Utah|W|62|61|23|64|.359|4|16|.250|12|14|.857|15|39|13|7|3|8|15||22|48|.458|6|11|.545|11|15|.733|5|28|15|5|7|14|16
27|27|2013-03-02||Montana|L|68|71|26|55|.473|3|14|.214|13|17|.765|9|27|9|7|1|9|14||25|51|.490|11|22|.500|10|14|.714|7|27|8|3|1|15|16
28|28|2013-03-07||Northern Arizona|W (1 OT)|83|79|29|63|.460|7|18|.389|18|22|.818|8|30|13|10|0|8|16||27|55|.491|10|26|.385|15|18|.833|6|32|15|5|0|13|19
29|29|2013-03-09||Sacramento State|W|71|55|23|47|.489|9|21|.429|16|18|.889|4|23|16|6|1|9|16||15|43|.349|7|19|.368|18|22|.818|10|29|5|6|0|13|19
30|30|2013-03-14|N|Northern Colorado|L|56|69|21|53|.396|5|12|.417|9|14|.643|4|19|7|7|0|11|19||20|41|.488|6|15|.400|23|28|.821|4|33|10|9|7|16|9
