ranker|game_season|date_game|game_location|opp_id|game_result|pts|opp_pts|fg|fga|fg_pct|fg3|fg3a|fg3_pct|ft|fta|ft_pct|orb|trb|ast|stl|blk|tov|pf|x|opp_fg|opp_fga|opp_fg_pct|opp_fg3|opp_fg3a|opp_fg3_pct|opp_ft|opp_fta|opp_ft_pct|opp_orb|opp_trb|opp_ast|opp_stl|opp_blk|opp_tov|opp_pf|
1|1|2012-11-09|@|Colorado State|L|65|72|20|44|.455|7|17|.412|18|23|.783|2|17|9|3|2|13|33||20|53|.377|1|8|.125|31|41|.756|16|40|7|5|0|9|20
2|2|2012-11-14||Minot State|W|82|53|27|55|.491|11|21|.524|17|22|.773|6|28|19|11|6|11|16||18|58|.310|5|16|.313|12|15|.800|13|33|7|3|5|19|19
3|3|2012-11-17|@|Idaho|W|66|63|23|48|.479|7|15|.467|13|18|.722|5|29|8|3|5|15|18||24|57|.421|5|19|.263|10|17|.588|10|30|15|7|4|9|17
4|4|2012-11-24||San Diego|W|67|66|24|44|.545|8|18|.444|11|16|.688|3|22|14|0|5|14|16||26|54|.481|7|14|.500|7|13|.538|10|29|12|5|3|11|16
5|5|2012-11-28|N|Brigham Young|L|60|85|19|49|.388|6|16|.375|16|21|.762|4|25|8|4|2|17|22||30|58|.517|9|21|.429|16|27|.593|12|35|18|11|4|7|17
6|6|2012-11-30|@|San Francisco|L|68|78|22|59|.373|10|23|.435|14|16|.875|5|32|10|4|0|10|25||26|52|.500|5|9|.556|21|37|.568|10|40|11|3|0|10|15
7|7|2012-12-08||Carroll (MT)|W|78|58|30|62|.484|8|18|.444|10|12|.833|11|35|17|4|1|6|10||21|54|.389|8|20|.400|8|9|.889|9|27|10|4|6|8|14
8|8|2012-12-15||South Dakota State|L (2 OT)|67|68|25|58|.431|8|25|.320|9|14|.643|2|31|17|7|2|14|15||26|69|.377|7|22|.318|9|11|.818|14|46|15|9|1|13|14
9|9|2012-12-19|@|Northern Arizona|W|62|56|23|52|.442|7|20|.350|9|13|.692|6|37|13|8|4|14|18||19|54|.352|6|18|.333|12|17|.706|3|28|14|7|1|15|14
10|10|2012-12-21|@|Sacramento State|W|61|60|20|42|.476|5|16|.313|16|21|.762|3|23|11|8|7|12|12||21|54|.389|5|15|.333|13|16|.813|11|31|14|4|2|12|17
11|11|2013-01-03||Eastern Washington|W|81|66|22|50|.440|9|21|.429|28|34|.824|11|29|17|6|4|4|20||21|46|.457|4|16|.250|20|24|.833|8|24|8|2|1|11|24
12|12|2013-01-05||Portland State|W|62|55|20|48|.417|4|11|.364|18|20|.900|5|27|13|1|2|11|15||20|53|.377|4|15|.267|11|16|.688|6|29|8|1|3|10|16
13|13|2013-01-10|@|North Dakota|W|77|62|30|59|.508|9|22|.409|8|10|.800|9|30|21|11|1|14|15||21|51|.412|4|18|.222|16|21|.762|8|26|11|9|4|16|7
14|14|2013-01-12|@|Northern Colorado|W|85|77|30|54|.556|12|25|.480|13|18|.722|7|24|18|2|4|9|15||30|60|.500|8|16|.500|9|19|.474|18|33|15|7|2|6|18
15|15|2013-01-17||Southern Utah|W|73|67|20|43|.465|2|7|.286|31|47|.660|6|24|11|14|0|11|13||26|53|.491|10|19|.526|5|5|1.000|3|26|12|4|5|20|33
16|16|2013-01-19||Montana State|W (1 OT)|76|71|27|57|.474|9|23|.391|13|22|.591|5|30|15|10|3|8|14||26|55|.473|8|19|.421|11|15|.733|5|30|10|4|2|11|20
17|17|2013-01-24||Idaho State|W|70|51|24|46|.522|6|20|.300|16|19|.842|7|29|16|4|4|12|13||17|44|.386|5|13|.385|12|16|.750|4|17|10|6|2|11|15
18|18|2013-01-26||Weber State|W|76|74|22|48|.458|2|8|.250|30|33|.909|9|29|7|7|0|15|18||27|52|.519|3|14|.214|17|21|.810|5|25|8|5|5|14|24
19|19|2013-01-31|@|Portland State|W|81|68|28|50|.560|6|13|.462|19|23|.826|3|22|18|8|2|6|15||26|55|.473|4|13|.308|12|15|.800|7|27|11|0|3|11|13
20|20|2013-02-02|@|Eastern Washington|W|65|46|24|52|.462|8|22|.364|9|11|.818|8|30|14|5|4|13|14||18|48|.375|4|16|.250|6|13|.462|9|27|8|5|5|16|10
21|21|2013-02-07||Northern Colorado|W|73|63|26|50|.520|7|18|.389|14|22|.636|6|27|13|10|5|15|15||19|57|.333|6|25|.240|19|23|.826|13|35|10|11|0|17|19
22|22|2013-02-09||North Dakota|W|78|58|28|60|.467|7|16|.438|15|19|.789|9|33|13|12|3|16|20||23|50|.460|2|11|.182|10|18|.556|6|28|10|8|5|22|17
23|23|2013-02-14|@|Weber State|L|63|87|21|45|.467|4|15|.267|17|23|.739|5|24|9|4|2|14|20||32|55|.582|8|17|.471|15|20|.750|7|27|21|8|2|7|17
24|24|2013-02-16|@|Idaho State|W|61|54|20|44|.455|8|21|.381|13|17|.765|6|25|16|5|5|12|12||17|47|.362|7|19|.368|13|15|.867|8|26|8|8|5|11|11
25|25|2013-02-23|@|Davidson|L (1 OT)|87|93|31|62|.500|5|15|.333|20|26|.769|12|33|10|4|2|12|25||30|61|.492|7|20|.350|26|29|.897|10|31|16|6|1|8|20
26|26|2013-03-02|@|Montana State|W|71|68|25|51|.490|11|22|.500|10|14|.714|7|27|8|3|1|15|16||26|55|.473|3|14|.214|13|17|.765|9|27|9|7|1|9|14
27|27|2013-03-04|@|Southern Utah|W (1 OT)|86|74|26|52|.500|3|13|.231|31|34|.912|5|32|10|5|3|8|16||27|66|.409|10|24|.417|10|17|.588|11|32|14|6|5|10|24
28|28|2013-03-07||Sacramento State|W|63|52|20|43|.465|7|17|.412|16|17|.941|7|32|11|2|5|15|17||19|53|.358|3|17|.176|11|16|.688|9|24|8|6|1|10|18
29|29|2013-03-09||Northern Arizona|W|63|50|21|47|.447|6|19|.316|15|20|.750|4|29|12|4|4|10|11||20|51|.392|4|12|.333|6|12|.500|9|31|3|2|2|13|16
30|30|2013-03-15||Northern Colorado|W|70|56|27|58|.466|5|21|.238|11|17|.647|13|38|13|6|4|13|12||22|59|.373|3|16|.188|9|13|.692|14|33|13|6|0|12|13
31|31|2013-03-16||Weber State|W|67|64|24|49|.490|8|20|.400|11|17|.647|3|23|9|7|2|8|20||20|47|.426|6|18|.333|18|27|.667|8|31|5|5|3|13|19
32|32|2013-03-21|N|Syracuse|L|34|81|11|54|.204|4|31|.129|8|12|.667|8|29|5|5|6|17|22||27|52|.519|5|11|.455|22|31|.710|8|40|21|12|5|8|8
