ranker|game_season|date_game|game_location|opp_id|game_result|pts|opp_pts|fg|fga|fg_pct|fg3|fg3a|fg3_pct|ft|fta|ft_pct|orb|trb|ast|stl|blk|tov|pf|x|opp_fg|opp_fga|opp_fg_pct|opp_fg3|opp_fg3a|opp_fg3_pct|opp_ft|opp_fta|opp_ft_pct|opp_orb|opp_trb|opp_ast|opp_stl|opp_blk|opp_tov|opp_pf|
1|1|2012-11-09|N|Texas-San Antonio|W|71|59|25|53|.472|2|6|.333|19|32|.594|20|51|15|6|6|23|17||18|55|.327|11|29|.379|12|26|.462|9|23|13|11|0|16|23
2|2|2012-11-10|@|Old Dominion|L|61|72|25|58|.431|6|20|.300|5|17|.294|13|33|15|5|4|15|20||25|54|.463|5|16|.313|17|28|.607|9|35|14|9|3|10|17
3|3|2012-11-11|N|Holy Cross|L|73|74|26|55|.473|6|13|.462|15|25|.600|12|28|18|7|7|13|17||23|52|.442|6|17|.353|22|24|.917|11|34|11|3|5|17|24
4|4|2012-11-16|@|South Carolina|L|71|87|28|53|.528|2|13|.154|13|20|.650|5|18|13|11|4|19|20||30|57|.526|6|16|.375|21|26|.808|13|33|10|5|2|19|20
5|5|2012-11-29|@|Liberty|W|67|62|24|56|.429|2|15|.133|17|27|.630|14|36|17|8|0|14|15||23|53|.434|7|22|.318|9|13|.692|8|25|13|7|4|14|20
6|6|2012-12-01|@|Virginia Military Institute|W (1 OT)|81|80|30|70|.429|0|14|.000|21|36|.583|20|50|14|8|6|22|23||27|72|.375|9|32|.281|17|26|.654|18|38|14|13|4|17|26
7|7|2012-12-16|@|Illinois State|L|68|87|22|51|.431|6|16|.375|18|28|.643|10|29|7|9|5|24|25||29|57|.509|4|15|.267|25|32|.781|9|31|18|17|1|16|18
8|8|2012-12-19|@|Virginia|L|57|75|21|45|.467|3|10|.300|12|18|.667|3|19|8|6|4|17|19||25|54|.463|6|16|.375|19|29|.655|14|33|18|8|2|16|17
9|9|2012-12-27|@|Loyola Marymount|L|62|79|23|64|.359|4|16|.250|12|22|.545|13|32|10|6|10|10|18||26|66|.394|6|18|.333|21|29|.724|17|50|9|5|2|9|17
10|10|2012-12-29|@|San Diego|L|63|66|24|54|.444|4|13|.308|11|17|.647|8|32|12|4|7|14|20||23|56|.411|5|13|.385|15|28|.536|12|34|10|7|4|9|16
11|11|2013-01-05||Saint Joseph's|L|60|70|24|79|.304|1|13|.077|11|17|.647|20|41|8|6|7|7|11||28|63|.444|5|18|.278|9|12|.750|9|39|14|5|9|16|15
12|12|2013-01-12||South Carolina State|W|76|60|32|60|.533|3|11|.273|9|18|.500|11|31|20|7|6|15|13||24|55|.436|2|9|.222|10|17|.588|10|29|11|8|1|16|17
13|13|2013-01-14||Savannah State|L (2 OT)|70|78|23|51|.451|3|12|.250|21|32|.656|11|23|13|8|6|20|19||29|62|.468|8|16|.500|12|19|.632|15|36|10|12|2|25|23
14|14|2013-01-19|@|Hampton|W|80|78|29|63|.460|6|15|.400|16|31|.516|15|31|15|5|5|14|28||20|56|.357|7|19|.368|31|36|.861|14|35|17|4|6|15|24
15|15|2013-01-21|@|Norfolk State|L|71|73|25|52|.481|4|12|.333|17|26|.654|15|41|9|9|6|29|19||26|60|.433|4|13|.308|17|27|.630|7|23|15|14|4|14|20
16|16|2013-01-26|@|North Carolina A&T|W|55|52|22|56|.393|3|15|.200|8|15|.533|10|36|12|5|1|9|18||19|52|.365|4|21|.190|10|18|.556|8|32|8|3|6|8|14
17|17|2013-01-28|@|North Carolina Central|L|61|69|21|46|.457|4|14|.286|15|32|.469|11|27|11|8|3|18|24||20|42|.476|3|14|.214|26|33|.788|9|28|10|8|1|15|21
18|18|2013-02-02||Hampton|L|62|64|26|60|.433|3|11|.273|7|21|.333|20|32|11|6|3|18|19||25|50|.500|2|13|.154|12|19|.632|13|35|5|9|4|22|14
19|19|2013-02-04||Norfolk State|L|59|64|18|61|.295|3|14|.214|20|29|.690|16|44|9|1|6|13|16||25|57|.439|3|14|.214|11|21|.524|8|35|12|7|9|9|20
20|20|2013-02-09|@|Coppin State|W|80|51|30|59|.508|7|16|.438|13|22|.591|12|39|14|9|3|13|16||19|63|.302|3|19|.158|10|14|.714|15|34|7|4|3|15|17
21|21|2013-02-11|@|Howard|W|53|51|20|48|.417|4|13|.308|9|13|.692|14|33|7|4|5|19|15||18|50|.360|6|15|.400|9|10|.900|8|24|12|5|0|16|15
22|22|2013-02-16|@|Maryland-Eastern Shore|W|87|55|37|62|.597|7|11|.636|6|10|.600|10|34|17|12|9|13|13||20|64|.313|4|22|.182|11|21|.524|17|30|10|7|4|18|8
23|23|2013-02-18|@|Delaware State|L|50|52|18|48|.375|7|14|.500|7|10|.700|6|30|13|5|4|12|16||19|54|.352|6|19|.316|8|12|.667|9|28|9|8|7|6|10
24|24|2013-02-23|@|High Point|W|75|68|26|66|.394|6|17|.353|17|26|.654|16|40|9|9|7|11|16||28|60|.467|4|13|.308|8|12|.667|8|34|14|5|4|15|20
25|25|2013-02-27||Coppin State|W|86|68|28|49|.571|12|21|.571|18|29|.621|7|36|21|4|5|15|16||23|62|.371|12|29|.414|10|16|.625|8|28|11|8|0|12|21
26|26|2013-03-02||Maryland-Eastern Shore|W|58|45|23|56|.411|2|17|.118|10|15|.667|7|29|13|10|7|8|14||16|51|.314|3|11|.273|10|14|.714|9|30|8|5|1|17|16
27|27|2013-03-04||Delaware State|W|66|47|27|53|.509|3|12|.250|9|15|.600|6|27|15|7|6|8|17||17|56|.304|3|15|.200|10|17|.588|13|36|8|4|4|17|13
28|28|2013-03-07||Florida A&M|W|78|67|32|62|.516|5|14|.357|9|21|.429|17|37|18|7|4|20|15||21|49|.429|5|11|.455|20|29|.690|7|23|8|12|4|17|19
29|29|2013-03-11|N|South Carolina State|W|61|52|21|48|.438|3|18|.167|16|24|.667|12|29|13|7|6|9|14||18|53|.340|5|19|.263|11|14|.786|12|31|10|5|2|13|20
30|30|2013-03-14|N|Savannah State|W (1 OT)|64|61|25|55|.455|5|22|.227|9|15|.600|9|32|13|4|7|18|18||20|51|.392|4|17|.235|17|24|.708|10|29|9|4|2|14|19
31|31|2013-03-15|N|Bethune-Cookman|W|82|71|30|53|.566|3|14|.214|19|25|.760|6|32|14|2|6|9|20||24|62|.387|8|18|.444|15|25|.600|12|28|11|2|1|5|23
32|32|2013-03-16|N|North Carolina A&T|L|54|57|21|61|.344|4|14|.286|8|20|.400|16|38|6|1|5|14|14||23|52|.442|3|14|.214|8|17|.471|7|31|9|6|7|14|18
