ranker|game_season|date_game|game_location|opp_id|game_result|pts|opp_pts|fg|fga|fg_pct|fg3|fg3a|fg3_pct|ft|fta|ft_pct|orb|trb|ast|stl|blk|tov|pf|x|opp_fg|opp_fga|opp_fg_pct|opp_fg3|opp_fg3a|opp_fg3_pct|opp_ft|opp_fta|opp_ft_pct|opp_orb|opp_trb|opp_ast|opp_stl|opp_blk|opp_tov|opp_pf|
1|1|2012-11-09|@|Pittsburgh|L|48|80|17|47|.362|9|23|.391|5|8|.625|7|15|10|5|1|15|14||34|48|.708|1|6|.167|11|16|.688|6|26|17|10|6|8|12
2|2|2012-11-13||Hartford|W|70|63|25|49|.510|8|21|.381|12|14|.857|5|21|14|11|3|16|23||22|42|.524|5|12|.417|14|23|.609|8|24|10|4|2|20|18
3|3|2012-11-15|@|American|L|57|62|21|52|.404|10|29|.345|5|7|.714|6|18|11|12|0|14|25||18|36|.500|6|12|.500|20|25|.800|8|31|13|7|3|21|9
4|4|2012-11-24|@|Georgetown|L|50|72|21|62|.339|7|24|.292|1|2|.500|6|18|8|9|3|8|19||30|47|.638|3|7|.429|9|18|.500|8|38|16|5|6|17|9
5|5|2012-11-26|@|George Washington|W|65|56|24|49|.490|8|15|.533|9|15|.600|4|20|6|15|1|17|18||24|47|.511|0|6|.000|8|17|.471|10|28|12|10|2|25|14
6|6|2012-12-01|@|Binghamton|W|71|70|27|59|.458|8|26|.308|9|17|.529|6|24|10|10|3|9|24||21|41|.512|8|18|.444|20|28|.714|6|31|12|7|4|21|21
7|7|2012-12-07||Navy|W|72|65|24|57|.421|13|35|.371|11|14|.786|10|23|16|10|2|6|19||25|43|.581|7|12|.583|8|17|.471|5|27|16|2|2|14|16
8|8|2012-12-15|@|Loyola (MD)|L|57|79|22|65|.338|8|34|.235|5|17|.294|14|30|11|1|0|10|28||27|49|.551|3|9|.333|22|31|.710|8|37|18|5|2|14|24
9|9|2012-12-19|@|Indiana|L|54|93|17|54|.315|9|24|.375|11|17|.647|4|15|6|12|1|15|15||36|51|.706|9|12|.750|12|19|.632|9|40|27|8|3|19|16
10|10|2012-12-22|@|Western Michigan|L|66|87|24|60|.400|9|31|.290|9|9|1.000|7|19|11|10|1|13|24||32|53|.604|4|9|.444|19|28|.679|9|36|21|3|2|17|10
11|11|2012-12-29||Maryland-Baltimore County|W|58|55|20|49|.408|6|22|.273|12|18|.667|8|25|9|10|1|15|15||21|43|.488|5|13|.385|8|10|.800|3|25|8|6|0|19|15
12|12|2013-01-03||Fairleigh Dickinson|L|65|72|30|72|.417|4|28|.143|1|5|.200|11|30|13|7|1|4|15||26|47|.553|4|13|.308|16|19|.842|5|31|10|3|2|13|10
13|13|2013-01-05||Monmouth|W|71|59|26|53|.491|7|17|.412|12|17|.706|7|36|15|8|2|16|13||24|64|.375|6|14|.429|5|10|.500|6|25|12|8|5|12|15
14|14|2013-01-10|@|St. Francis (NY)|L|56|70|21|47|.447|5|20|.250|9|16|.563|4|22|10|7|2|18|23||25|49|.510|7|15|.467|13|19|.684|6|30|15|12|1|16|16
15|15|2013-01-12|@|Long Island University|L|72|86|26|60|.433|11|32|.344|9|16|.563|13|27|13|6|3|9|20||31|53|.585|8|15|.533|16|24|.667|11|38|19|6|3|14|20
16|16|2013-01-17|@|Bryant|L (1 OT)|78|79|31|59|.525|9|28|.321|7|13|.538|4|20|13|6|3|14|21||28|48|.583|4|16|.250|19|22|.864|3|25|20|6|0|19|14
17|17|2013-01-19|@|Central Connecticut State|W|80|75|29|59|.492|10|22|.455|12|22|.545|9|29|11|9|1|9|16||28|50|.560|14|26|.538|5|8|.625|4|27|18|2|0|17|18
18|18|2013-01-24||Wagner|L|50|52|21|53|.396|7|23|.304|1|2|.500|6|23|10|9|0|10|15||23|50|.460|2|5|.400|4|10|.400|13|37|12|6|5|15|10
19|19|2013-01-26|@|Robert Morris|L|68|76|20|47|.426|5|14|.357|23|32|.719|9|28|10|7|1|14|23||26|51|.510|7|17|.412|17|24|.708|6|24|16|6|4|15|22
20|20|2013-01-31||Quinnipiac|W|77|73|23|60|.383|6|22|.273|25|36|.694|8|22|10|10|1|5|29||27|57|.474|3|7|.429|16|32|.500|17|48|9|0|3|18|24
21|21|2013-02-02||Sacred Heart|W|91|82|28|59|.475|13|26|.500|22|33|.667|9|33|16|11|1|17|15||33|64|.516|5|15|.333|11|16|.688|7|31|18|10|5|19|24
22|22|2013-02-06|@|Wagner|L|65|74|23|57|.404|9|30|.300|10|14|.714|7|26|19|8|3|14|24||25|53|.472|3|10|.300|21|27|.778|8|34|12|9|3|13|15
23|23|2013-02-09|@|Saint Francis (PA)|W|69|58|21|49|.429|4|16|.250|23|25|.920|14|34|9|9|4|17|14||21|50|.420|6|18|.333|10|15|.667|10|25|11|6|2|19|20
24|24|2013-02-14||Bryant|W|84|70|28|55|.509|17|33|.515|11|16|.688|3|24|22|8|5|6|21||27|52|.519|2|8|.250|14|24|.583|8|34|9|0|0|15|15
25|25|2013-02-16||Central Connecticut State|W|89|80|34|74|.459|9|35|.257|12|18|.667|15|38|13|8|6|9|16||34|72|.472|3|13|.231|9|15|.600|15|41|10|4|3|15|17
26|26|2013-02-21||Long Island University|W|83|71|26|61|.426|11|25|.440|20|21|.952|11|31|16|12|1|15|22||27|54|.500|3|10|.300|14|24|.583|10|31|9|8|0|19|22
27|27|2013-02-23||St. Francis (NY)|W|73|65|21|47|.447|7|24|.292|24|31|.774|5|30|11|6|1|10|14||24|62|.387|7|17|.412|10|14|.714|12|32|12|7|0|15|24
28|28|2013-02-28|@|Monmouth|W|77|63|27|55|.491|8|24|.333|15|28|.536|11|35|15|10|5|14|19||22|59|.373|3|14|.214|16|22|.727|12|37|8|8|1|15|20
29|29|2013-03-02|@|Fairleigh Dickinson|W|103|82|32|71|.451|13|37|.351|26|32|.813|20|48|19|6|5|10|29||30|60|.500|3|11|.273|19|29|.655|7|25|12|4|2|9|22
30|30|2013-03-06|@|Bryant|W|75|69|21|57|.368|7|23|.304|26|27|.963|13|31|9|7|3|8|16||26|58|.448|6|14|.429|11|15|.733|14|33|12|1|3|14|20
31|31|2013-03-09|@|Robert Morris|W|69|60|21|47|.447|8|17|.471|19|25|.760|5|35|9|6|2|15|18||21|61|.344|5|19|.263|13|17|.765|9|28|6|8|1|10|22
32|32|2013-03-12|@|Long Island University|L|70|91|27|68|.397|9|31|.290|7|11|.636|12|27|14|4|1|13|16||35|57|.614|5|9|.556|16|21|.762|9|36|19|11|2|13|13
