ranker|game_season|date_game|game_location|opp_id|game_result|pts|opp_pts|fg|fga|fg_pct|fg3|fg3a|fg3_pct|ft|fta|ft_pct|orb|trb|ast|stl|blk|tov|pf|x|opp_fg|opp_fga|opp_fg_pct|opp_fg3|opp_fg3a|opp_fg3_pct|opp_ft|opp_fta|opp_ft_pct|opp_orb|opp_trb|opp_ast|opp_stl|opp_blk|opp_tov|opp_pf|
1|1|2012-11-09||Marymount (VA)|W|75|48|27|58|.466|8|17|.471|13|16|.813|12|39|15|7|3|15|18||18|54|.333|3|11|.273|9|12|.750|7|25|9|5|1|16|17
2|2|2012-11-11||Siena|L (1 OT)|49|54|20|61|.328|4|20|.200|5|10|.500|7|31|11|7|3|9|20||18|55|.327|3|25|.120|15|22|.682|14|44|6|6|4|14|16
3|3|2012-11-14||Binghamton|W|75|52|24|54|.444|3|11|.273|24|38|.632|9|38|16|8|3|8|19||16|49|.327|2|14|.143|18|32|.563|9|38|6|5|3|18|28
4|4|2012-11-18|@|Alabama-Birmingham|L|63|82|20|57|.351|7|18|.389|16|21|.762|4|21|10|9|3|19|13||33|66|.500|5|18|.278|11|14|.786|12|41|23|11|6|16|21
5|5|2012-11-20|@|Texas Christian|L|45|47|19|51|.373|4|16|.250|3|11|.273|9|23|13|9|2|9|15||18|38|.474|2|9|.222|9|16|.563|7|31|13|5|2|13|11
6|6|2012-11-23|N|Prairie View|L|40|42|13|44|.295|6|21|.286|8|14|.571|6|29|10|6|1|13|12||18|49|.367|3|20|.150|3|9|.333|8|36|10|8|2|13|15
7|7|2012-11-24|N|Delaware State|W|63|53|24|53|.453|7|16|.438|8|11|.727|8|35|12|6|2|11|8||20|56|.357|6|26|.231|7|10|.700|11|29|11|7|8|7|10
8|8|2012-11-28||IPFW|W|54|49|20|45|.444|7|13|.538|7|14|.500|3|22|16|6|2|10|13||17|46|.370|9|22|.409|6|15|.400|10|31|9|4|2|17|14
9|9|2012-12-01|@|Tulane|L|41|51|17|47|.362|4|16|.250|3|6|.500|5|24|11|8|2|11|25||13|47|.277|4|19|.211|21|29|.724|17|43|7|3|1|15|12
10|10|2012-12-05|@|Monmouth|W|85|66|32|56|.571|3|13|.231|18|24|.750|6|29|16|6|5|11|19||23|54|.426|7|25|.280|13|17|.765|7|28|15|2|2|17|20
11|11|2012-12-07|@|Mount St. Mary's|L|65|72|25|43|.581|7|12|.583|8|17|.471|5|27|16|2|2|14|16||24|57|.421|13|35|.371|11|14|.786|10|23|16|10|2|6|19
12|12|2012-12-10||Bryant|W|69|59|24|43|.558|6|11|.545|15|20|.750|3|22|17|5|2|12|16||21|54|.389|6|19|.316|11|17|.647|14|30|11|4|0|14|19
13|13|2012-12-22||Northern Kentucky|L|46|55|19|51|.373|5|13|.385|3|6|.500|5|15|8|6|1|9|19||19|38|.500|5|14|.357|12|18|.667|8|30|16|2|6|19|11
14|14|2012-12-28||Albany (NY)|L|61|71|21|54|.389|5|18|.278|14|21|.667|12|28|10|6|2|8|22||21|42|.500|10|24|.417|19|28|.679|8|30|14|6|1|14|21
15|15|2013-01-02|@|IPFW|L|63|68|23|47|.489|10|19|.526|7|9|.778|5|22|13|3|3|15|15||24|48|.500|8|21|.381|12|16|.750|6|24|12|9|4|10|11
16|16|2013-01-05|@|Norfolk State|L|68|74|26|63|.413|12|30|.400|4|6|.667|12|26|14|9|0|13|18||24|44|.545|9|22|.409|17|26|.654|10|28|15|8|10|17|12
17|17|2013-01-12|@|Lafayette|L|47|64|18|48|.375|7|23|.304|4|10|.400|8|26|8|5|3|12|13||24|50|.480|7|16|.438|9|13|.692|5|23|12|8|5|9|10
18|18|2013-01-16||Holy Cross|L|47|62|20|49|.408|5|18|.278|2|4|.500|8|23|12|2|0|11|13||22|48|.458|8|20|.400|10|17|.588|11|33|16|5|2|10|15
19|19|2013-01-20|@|Army|W|59|50|18|54|.333|11|23|.478|12|24|.500|8|38|10|5|3|9|26||15|48|.313|2|20|.100|18|29|.621|6|35|4|2|3|12|23
20|20|2013-01-23|@|American|L|49|72|20|55|.364|4|16|.250|5|10|.500|7|25|12|7|1|9|19||23|51|.451|10|26|.385|16|24|.667|12|38|17|3|3|11|14
21|21|2013-01-26||Colgate|L|56|70|17|54|.315|5|23|.217|17|25|.680|6|31|6|3|2|12|20||26|52|.500|7|19|.368|11|16|.688|3|35|18|3|5|8|19
22|22|2013-01-30||Lehigh|L|49|71|19|66|.288|3|23|.130|8|14|.571|18|34|10|9|2|8|15||25|54|.463|9|27|.333|12|17|.706|11|41|15|2|4|14|17
23|23|2013-02-02|@|Bucknell|L|54|69|19|60|.317|6|15|.400|10|11|.909|5|18|8|5|1|8|19||23|49|.469|7|19|.368|16|19|.842|9|43|16|1|3|20|18
24|24|2013-02-09||Lafayette|L|47|70|19|51|.373|3|14|.214|6|12|.500|8|22|13|9|3|11|19||24|46|.522|8|16|.500|14|17|.824|7|30|16|3|3|14|14
25|25|2013-02-12|@|Holy Cross|L|57|66|21|55|.382|7|23|.304|8|12|.667|8|30|13|2|3|9|20||20|49|.408|7|22|.318|19|25|.760|8|32|15|3|2|9|11
26|26|2013-02-16||Army|L|55|56|16|43|.372|3|13|.231|20|29|.690|4|21|12|7|2|8|18||20|44|.455|6|18|.333|10|17|.588|6|26|12|5|5|14|24
27|27|2013-02-20||American|W|50|44|19|48|.396|4|12|.333|8|13|.615|8|32|12|6|2|9|11||16|45|.356|4|13|.308|8|15|.533|7|30|9|6|1|11|14
28|28|2013-02-24|@|Colgate|L|46|59|17|50|.340|3|15|.200|9|15|.600|4|23|9|6|4|10|17||21|53|.396|5|15|.333|12|20|.600|16|45|13|6|2|13|12
29|29|2013-02-27|@|Lehigh|L|43|72|16|41|.390|5|17|.294|6|8|.750|5|21|10|4|1|16|16||26|48|.542|9|26|.346|11|19|.579|9|26|20|12|1|7|11
30|30|2013-03-02||Bucknell|L|46|62|20|55|.364|5|16|.313|1|2|.500|6|21|13|5|3|8|12||23|47|.489|8|14|.571|8|10|.800|9|31|18|5|2|12|9
31|31|2013-03-06|@|Bucknell|L|42|58|15|49|.306|3|13|.231|9|15|.600|7|21|8|5|2|8|19||17|44|.386|2|14|.143|22|24|.917|11|33|6|1|1|10|14
