ranker|game_season|date_game|game_location|opp_id|game_result|pts|opp_pts|fg|fga|fg_pct|fg3|fg3a|fg3_pct|ft|fta|ft_pct|orb|trb|ast|stl|blk|tov|pf|x|opp_fg|opp_fga|opp_fg_pct|opp_fg3|opp_fg3a|opp_fg3_pct|opp_ft|opp_fta|opp_ft_pct|opp_orb|opp_trb|opp_ast|opp_stl|opp_blk|opp_tov|opp_pf|
1|1|2012-11-11||Southern|W|66|55|28|54|.519|3|10|.300|7|10|.700|6|31|6|2|1|10|17||19|48|.396|7|17|.412|10|17|.588|5|24|8|1|0|12|17
2|2|2012-11-15||Valparaiso|W|50|48|19|51|.373|5|12|.417|7|11|.636|5|29|12|1|5|12|20||16|47|.340|2|15|.133|14|21|.667|4|30|7|3|0|11|15
3|3|2012-11-18||Nebraska-Omaha|W|75|62|32|69|.464|3|22|.136|8|9|.889|15|35|14|6|1|9|18||21|45|.467|8|13|.615|12|19|.632|5|26|11|6|4|17|14
4|4|2012-11-21||Tulane|W|61|57|20|40|.500|10|19|.526|11|19|.579|2|23|15|5|6|11|19||19|49|.388|4|12|.333|15|24|.625|11|31|5|4|4|12|18
5|5|2012-11-24||Kent State|L|60|74|20|51|.392|3|19|.158|17|26|.654|14|31|6|3|3|9|18||28|49|.571|5|8|.625|13|18|.722|7|26|7|5|1|8|21
6|6|2012-11-27|@|Wake Forest|W|79|63|29|57|.509|4|12|.333|17|24|.708|10|33|12|7|4|8|17||24|56|.429|3|16|.188|12|18|.667|8|28|9|6|7|12|18
7|7|2012-12-03||Southern California|W|63|51|22|50|.440|11|17|.647|8|11|.727|6|24|12|6|6|14|14||18|47|.383|4|8|.500|11|14|.786|5|24|10|8|5|15|14
8|8|2012-12-06||Creighton|L|42|64|18|56|.321|4|16|.250|2|6|.333|7|29|9|3|5|12|17||23|50|.460|8|17|.471|10|18|.556|6|31|16|5|3|12|14
9|9|2012-12-15|@|Oregon|L|38|60|15|49|.306|3|17|.176|5|7|.714|4|21|7|9|0|16|18||25|54|.463|2|13|.154|8|14|.571|8|37|13|6|3|16|14
10|10|2012-12-18||Jacksonville State|W|59|55|21|46|.457|0|5|.000|17|21|.810|8|33|12|5|3|12|16||17|47|.362|5|18|.278|16|20|.800|5|23|6|9|3|10|17
11|11|2012-12-22|N|Central Michigan|W|89|75|32|56|.571|9|18|.500|16|22|.727|6|30|17|5|3|12|25||21|50|.420|6|19|.316|27|33|.818|6|27|10|5|1|12|18
12|12|2012-12-23|N|Texas-El Paso|L|52|68|19|51|.373|2|13|.154|12|17|.706|7|29|11|4|1|10|16||25|53|.472|8|17|.471|10|15|.667|6|35|12|6|4|11|15
13|13|2012-12-29||Nicholls State|W|68|59|22|48|.458|4|12|.333|20|33|.606|8|32|11|5|2|7|18||22|53|.415|6|22|.273|9|18|.500|5|31|10|5|2|10|25
14|14|2013-01-02|@|Ohio State|L|44|70|17|56|.304|6|21|.286|4|8|.500|5|29|6|3|2|14|10||29|59|.492|7|17|.412|5|13|.385|9|41|16|7|6|9|8
15|15|2013-01-06||Wisconsin|L|41|47|18|49|.367|2|12|.167|3|5|.600|2|28|4|4|4|8|15||20|53|.377|4|17|.235|3|13|.231|7|34|8|2|6|6|9
16|16|2013-01-09|@|Michigan|L|47|62|19|56|.339|6|26|.231|3|7|.429|7|28|10|3|3|5|18||21|54|.389|3|17|.176|17|26|.654|11|42|6|3|1|4|7
17|17|2013-01-13|@|Michigan State|L|56|66|23|58|.397|5|19|.263|5|8|.625|8|29|13|8|5|12|18||22|48|.458|4|13|.308|18|28|.643|7|33|14|8|5|11|8
18|18|2013-01-16||Purdue|L|56|65|22|66|.333|3|10|.300|9|12|.750|13|34|7|8|3|2|14||25|56|.446|6|15|.400|9|16|.563|11|41|15|1|8|12|11
19|19|2013-01-19|@|Penn State|W|68|64|24|51|.471|4|13|.308|16|16|1.000|4|26|12|8|4|10|20||22|57|.386|5|20|.250|15|24|.625|11|32|10|5|3|14|17
20|20|2013-01-22||Illinois|L|51|71|14|44|.318|2|14|.143|21|30|.700|9|27|5|6|2|14|18||24|53|.453|7|22|.318|16|21|.762|13|38|12|10|3|14|24
21|21|2013-01-26||Northwestern|W|64|49|23|51|.451|6|18|.333|12|23|.522|10|39|10|8|4|11|17||18|56|.321|6|29|.207|7|16|.438|9|31|9|8|1|11|18
22|22|2013-01-29|@|Minnesota|L|65|84|24|44|.545|9|14|.643|8|15|.533|4|17|13|2|0|11|17||32|59|.542|4|12|.333|16|23|.696|15|34|24|10|3|6|13
23|23|2013-02-02||Ohio State|L|56|63|23|62|.371|6|26|.231|4|5|.800|13|34|8|5|5|9|17||18|46|.391|4|12|.333|23|28|.821|6|30|8|4|6|11|10
24|24|2013-02-09||Penn State|W|67|53|15|46|.326|5|18|.278|32|41|.780|9|34|11|5|6|8|23||14|48|.292|2|10|.200|23|32|.719|10|35|3|5|1|13|28
25|25|2013-02-13|@|Indiana|L|47|76|17|47|.362|4|16|.250|9|11|.818|8|21|3|4|1|15|22||22|48|.458|8|16|.500|24|29|.828|13|36|8|8|5|9|12
26|26|2013-02-16||Michigan State|L|64|73|22|62|.355|8|24|.333|12|13|.923|11|23|9|7|1|7|20||23|45|.511|4|13|.308|23|29|.793|11|41|8|3|12|13|13
27|27|2013-02-23||Iowa|W|64|60|26|56|.464|5|15|.333|7|14|.500|8|27|7|5|3|10|13||21|57|.368|5|15|.333|13|15|.867|12|38|11|7|4|12|14
28|28|2013-02-26|@|Wisconsin|L|46|77|20|61|.328|3|11|.273|3|5|.600|6|29|6|4|0|10|16||27|53|.509|12|25|.480|11|16|.688|5|37|19|4|8|8|10
29|29|2013-03-02|@|Illinois|L|65|72|25|55|.455|9|18|.500|6|9|.667|6|22|11|4|5|9|14||24|55|.436|9|26|.346|15|18|.833|8|32|10|4|2|9|12
30|30|2013-03-06||Minnesota|W|53|51|16|45|.356|5|15|.333|16|20|.800|7|28|11|4|5|8|22||19|50|.380|3|13|.231|10|20|.500|11|30|7|1|9|8|18
31|31|2013-03-09|@|Iowa|L|60|74|21|56|.375|10|25|.400|8|11|.727|9|16|11|6|3|5|17||28|49|.571|5|14|.357|13|15|.867|11|37|21|2|7|12|11
32|32|2013-03-14|N|Purdue|W|57|55|21|47|.447|3|11|.273|12|17|.706|3|28|15|7|4|6|14||23|57|.404|2|12|.167|7|14|.500|10|33|13|1|5|7|14
33|33|2013-03-15|N|Ohio State|L|50|71|21|51|.412|3|19|.158|5|8|.625|8|25|9|5|3|15|13||26|44|.591|9|17|.529|10|14|.714|3|24|20|10|4|11|11
