ranker|game_season|date_game|game_location|opp_id|game_result|pts|opp_pts|fg|fga|fg_pct|fg3|fg3a|fg3_pct|ft|fta|ft_pct|orb|trb|ast|stl|blk|tov|pf|x|opp_fg|opp_fga|opp_fg_pct|opp_fg3|opp_fg3a|opp_fg3_pct|opp_ft|opp_fta|opp_ft_pct|opp_orb|opp_trb|opp_ast|opp_stl|opp_blk|opp_tov|opp_pf|
1|1|2012-11-12||Northern Arizona|W|92|54|33|66|.500|9|27|.333|17|21|.810|11|47|24|11|8|17|22||15|60|.250|5|21|.238|19|24|.792|5|21|9|6|0|18|19
2|2|2012-11-17||Jacksonville State|W|77|58|24|51|.471|5|19|.263|24|33|.727|14|40|17|6|6|18|17||21|54|.389|3|10|.300|13|17|.765|6|19|8|8|3|13|24
3|3|2012-11-23||Oregon|L|79|83|24|67|.358|8|30|.267|23|25|.920|11|35|18|8|3|18|21||28|67|.418|3|19|.158|24|29|.828|13|38|9|9|3|14|22
4|4|2012-11-24|N|Iowa State|W|82|70|25|58|.431|4|10|.400|28|35|.800|11|39|14|10|7|16|13||27|81|.333|8|28|.286|8|9|.889|22|42|10|4|6|15|25
5|5|2012-11-28||California-Irvine|W|85|57|27|63|.429|7|21|.333|24|35|.686|19|39|22|10|4|7|22||19|55|.345|4|15|.267|15|23|.652|9|25|10|3|3|15|25
6|6|2012-12-01||Hawaii|W|77|63|30|66|.455|7|15|.467|10|15|.667|11|39|22|12|7|16|20||21|62|.339|1|18|.056|20|26|.769|14|37|9|9|3|17|17
7|7|2012-12-04|@|Portland|W|68|60|22|62|.355|6|25|.240|18|29|.621|11|36|12|12|6|13|13||25|60|.417|5|16|.313|5|9|.556|8|39|14|6|4|21|23
8|8|2012-12-09|@|California|W|76|75|26|61|.426|5|17|.294|19|27|.704|13|36|11|6|1|13|22||28|53|.528|4|9|.444|15|28|.536|4|26|17|6|5|13|20
9|9|2012-12-13||La Verne|W|91|44|31|59|.525|7|15|.467|22|33|.667|18|49|23|13|5|11|14||16|51|.314|4|20|.200|8|10|.800|4|19|10|3|4|19|27
10|10|2012-12-17|@|Texas-El Paso|W|62|60|22|49|.449|8|17|.471|10|18|.556|6|31|13|6|2|11|20||21|52|.404|6|18|.333|12|17|.706|4|29|8|3|3|14|19
11|11|2012-12-19||Northern Iowa|W|73|59|26|57|.456|8|22|.364|13|18|.722|11|40|14|7|5|12|15||20|60|.333|9|24|.375|10|15|.667|9|31|10|4|2|11|15
12|12|2012-12-22||Canisius|W|89|74|34|57|.596|6|13|.462|15|20|.750|8|33|24|8|13|16|13||27|67|.403|13|29|.448|7|8|.875|9|25|12|8|0|12|20
13|13|2012-12-29|@|North Carolina|L|73|79|27|59|.458|8|17|.471|11|21|.524|14|37|15|7|2|17|25||28|55|.509|3|10|.300|20|33|.606|10|30|12|12|3|12|20
14|14|2013-01-03||Chicago State|W|74|52|23|53|.434|5|19|.263|23|32|.719|16|41|18|10|8|21|11||18|59|.305|4|14|.286|12|12|1.000|10|23|6|12|3|17|25
15|15|2013-01-05||Cal State Bakersfield|W|84|63|28|55|.509|7|19|.368|21|29|.724|10|39|23|11|4|19|15||22|57|.386|5|20|.250|14|24|.583|5|26|10|10|1|17|20
16|16|2013-01-09|@|New Mexico|L|58|65|23|59|.390|8|23|.348|4|5|.800|4|31|19|3|5|17|22||22|57|.386|6|19|.316|15|29|.517|10|39|15|9|2|12|11
17|17|2013-01-12||Air Force|W (1 OT)|76|71|26|60|.433|6|25|.240|18|31|.581|15|44|23|4|7|13|15||23|60|.383|9|22|.409|16|19|.842|4|26|16|6|2|9|22
18|18|2013-01-16|@|San Diego State|W|82|75|33|64|.516|4|13|.308|12|17|.706|11|41|15|1|6|12|19||26|67|.388|3|19|.158|20|27|.741|9|28|7|7|5|5|14
19|19|2013-01-19|@|Colorado State|L|61|66|23|56|.411|6|18|.333|9|14|.643|9|29|6|8|6|13|18||21|54|.389|5|14|.357|19|21|.905|11|35|13|7|2|10|15
20|20|2013-01-24||Wyoming|W|62|50|21|43|.488|7|15|.467|13|15|.867|7|32|17|2|2|14|13||20|48|.417|3|16|.188|7|11|.636|5|18|10|9|5|6|14
21|21|2013-01-29||Nevada|W|66|54|23|59|.390|6|22|.273|14|22|.636|14|40|19|11|5|13|13||19|50|.380|6|24|.250|10|14|.714|5|28|11|5|2|16|16
22|22|2013-02-02|@|Boise State|L|72|77|27|54|.500|8|24|.333|10|17|.588|4|27|24|6|4|13|20||27|55|.491|8|19|.421|15|19|.789|6|29|13|8|0|12|17
23|23|2013-02-06|@|Fresno State|L|55|64|21|60|.350|4|21|.190|9|11|.818|11|40|11|7|6|15|18||19|49|.388|7|17|.412|19|30|.633|9|32|9|5|4|10|10
24|24|2013-02-09||New Mexico|W|64|55|23|62|.371|9|22|.409|9|15|.600|8|40|16|8|7|10|18||21|62|.339|4|22|.182|9|18|.500|10|41|12|7|2|13|17
25|25|2013-02-13|@|Air Force|L|56|71|22|52|.423|5|19|.263|7|12|.583|7|23|11|6|6|14|15||29|56|.518|8|23|.348|5|6|.833|10|30|19|4|3|16|16
26|26|2013-02-16||San Diego State|W|72|70|23|58|.397|7|21|.333|19|25|.760|13|38|17|10|10|17|15||28|72|.389|6|15|.400|8|12|.667|13|35|7|12|3|14|17
27|27|2013-02-20||Colorado State|W|61|59|21|49|.429|6|23|.261|13|18|.722|10|36|11|4|10|17|18||22|56|.393|3|17|.176|12|17|.706|9|28|11|7|0|10|17
28|28|2013-02-23|@|Wyoming|W|65|42|27|54|.500|3|9|.333|8|10|.800|10|43|13|7|3|18|16||17|59|.288|4|18|.222|4|8|.500|9|22|9|6|0|10|12
29|29|2013-03-02|@|Nevada|W|80|63|28|58|.483|10|18|.556|14|16|.875|9|34|14|3|10|9|15||25|63|.397|3|15|.200|10|13|.769|10|28|7|3|2|9|14
30|30|2013-03-05||Boise State|W|68|64|21|49|.429|4|16|.250|22|28|.786|5|29|18|9|7|10|15||22|51|.431|13|25|.520|7|10|.700|4|30|16|2|0|17|22
31|31|2013-03-09||Fresno State|L|52|61|18|54|.333|4|21|.190|12|20|.600|9|36|11|5|8|10|16||21|60|.350|9|19|.474|10|13|.769|11|39|16|7|3|7|19
32|32|2013-03-13||Air Force|W|72|56|30|59|.508|8|24|.333|4|8|.500|7|31|18|8|6|9|10||22|53|.415|11|29|.379|1|2|.500|3|25|15|5|1|15|13
33|33|2013-03-15|N|Colorado State|W|75|65|21|51|.412|7|18|.389|26|35|.743|5|28|9|8|2|12|21||25|65|.385|4|16|.250|11|17|.647|12|35|10|2|2|13|21
34|34|2013-03-16|N|New Mexico|L|56|63|20|59|.339|9|31|.290|7|11|.636|11|37|9|3|6|11|13||23|50|.460|9|19|.474|8|13|.615|3|26|16|6|2|6|13
35|35|2013-03-21|N|California|L|61|64|19|59|.322|6|20|.300|17|26|.654|11|41|11|3|6|12|20||26|59|.441|5|11|.455|7|16|.438|8|40|18|7|5|11|19
