ranker|game_season|date_game|game_location|opp_id|game_result|pts|opp_pts|fg|fga|fg_pct|fg3|fg3a|fg3_pct|ft|fta|ft_pct|orb|trb|ast|stl|blk|tov|pf|x|opp_fg|opp_fga|opp_fg_pct|opp_fg3|opp_fg3a|opp_fg3_pct|opp_ft|opp_fta|opp_ft_pct|opp_orb|opp_trb|opp_ast|opp_stl|opp_blk|opp_tov|opp_pf|
1|1|2012-11-09||San Jose State|W|72|68|27|54|.500|1|7|.143|17|24|.708|3|22|15|8|3|18|17||29|56|.518|3|11|.273|7|17|.412|7|31|11|13|3|20|23
2|2|2012-11-12||Southern Illinois|L|55|72|17|48|.354|1|12|.083|20|33|.606|7|18|8|9|3|27|18||28|55|.509|1|8|.125|15|18|.833|10|36|14|13|2|27|25
3|3|2012-11-15||Bethune-Cookman|L|65|71|26|55|.473|4|15|.267|9|14|.643|9|34|20|2|6|14|19||22|65|.338|7|24|.292|20|26|.769|18|38|14|9|3|7|15
4|4|2012-11-20||Blue Mountain College|W|99|51|36|70|.514|8|15|.533|19|31|.613|21|52|24|14|5|17|21||17|65|.262|2|23|.087|15|27|.556|21|35|8|8|5|19|22
5|5|2012-11-26|@|Nicholls State|L|79|92|29|56|.518|4|8|.500|17|25|.680|7|22|13|14|2|22|29||29|48|.604|6|12|.500|28|37|.757|6|23|15|12|0|21|21
6|6|2012-11-29||Southeast Missouri State|L|67|83|24|63|.381|1|11|.091|18|25|.720|10|23|10|6|3|11|19||32|60|.533|7|12|.583|12|16|.750|15|40|13|6|7|18|19
7|7|2012-12-08|@|Duquesne|L|70|88|27|67|.403|5|17|.294|11|19|.579|6|23|13|3|0|8|20||31|63|.492|10|27|.370|16|26|.615|19|54|19|2|5|16|14
8|8|2012-12-12||Nicholls State|W|79|76|30|54|.556|7|12|.583|12|29|.414|11|25|18|12|2|19|22||28|47|.596|4|11|.364|16|26|.615|8|30|13|8|2|25|21
9|9|2012-12-17|@|Southern Illinois|L|61|74|22|44|.500|3|10|.300|14|18|.778|7|27|9|11|0|24|27||26|57|.456|2|11|.182|20|33|.606|13|29|10|15|1|14|16
10|10|2012-12-19|@|Southeast Missouri State|L|71|94|26|57|.456|4|13|.308|15|24|.625|11|30|10|6|4|12|17||34|62|.548|10|25|.400|16|20|.800|8|28|20|5|4|7|19
11|11|2012-12-23|N|Boise State|L|51|67|19|59|.322|0|8|.000|13|22|.591|7|30|9|8|3|15|14||25|61|.410|8|22|.364|9|9|1.000|12|43|18|5|4|20|20
12|12|2013-01-03|@|Mississippi State|L|46|97|17|51|.333|1|8|.125|11|21|.524|6|24|7|9|3|23|19||35|62|.565|11|21|.524|16|20|.800|11|35|17|14|9|17|17
13|13|2013-01-05|@|Butler|L|44|57|17|43|.395|4|10|.400|6|11|.545|3|20|9|7|2|13|19||17|42|.405|5|16|.313|18|23|.783|8|31|14|3|4|14|14
14|14|2013-01-08|@|San Jose State|L|64|71|23|65|.354|3|16|.188|15|21|.714|14|46|10|5|2|19|25||27|69|.391|3|16|.188|14|27|.519|14|38|16|13|4|9|18
15|15|2013-01-12||Champion Baptist|W|87|50|37|79|.468|1|7|.143|12|17|.706|23|54|23|22|1|16|16||19|55|.345|3|19|.158|9|17|.529|8|29|13|8|1|26|15
16|16|2013-01-19|@|Rice|L|71|95|26|54|.481|5|15|.333|14|15|.933|6|24|14|6|4|19|15||38|62|.613|12|24|.500|7|8|.875|3|23|20|13|4|12|15
17|17|2013-01-21||NJIT|W (3 OT)|96|94|34|74|.459|5|18|.278|23|34|.676|12|33|20|9|6|18|30||29|63|.460|8|20|.400|28|45|.622|11|38|13|10|3|21|27
18|18|2013-01-23|@|Air Force|L|48|90|17|47|.362|5|20|.250|9|15|.600|9|20|10|7|2|15|13||36|56|.643|10|18|.556|8|12|.667|11|34|27|11|2|11|14
19|19|2013-01-26||Champion Baptist|W|94|54|39|62|.629|6|9|.667|10|14|.714|12|47|29|12|5|22|18||18|61|.295|2|24|.083|16|22|.727|8|19|10|11|0|16|10
20|20|2013-02-06||Texas-Pan American|W (1 OT)|75|73|28|53|.528|1|5|.200|18|24|.750|6|35|16|4|2|18|27||21|54|.389|7|18|.389|24|34|.706|8|27|17|7|2|11|23
21|21|2013-02-09||Houston Baptist|L (1 OT)|68|75|25|62|.403|2|9|.222|16|20|.800|10|34|14|5|2|22|23||27|57|.474|6|12|.500|15|28|.536|7|31|18|9|2|18|17
22|22|2013-02-18||Central Baptist|W|100|59|40|79|.506|5|23|.217|15|21|.714|11|40|24|19|3|12|16||19|61|.311|9|28|.321|12|15|.800|11|38|12|7|5|28|15
23|23|2013-02-21|@|Bowling Green State|L|56|87|20|54|.370|2|6|.333|14|18|.778|8|32|9|5|5|17|15||35|76|.461|9|20|.450|8|14|.571|17|45|23|13|1|8|13
24|24|2013-02-23|@|NJIT|L|64|84|23|57|.404|10|25|.400|8|15|.533|6|28|13|5|2|18|21||28|56|.500|6|19|.316|22|32|.688|9|37|16|11|7|14|18
25|25|2013-02-25|@|Houston Baptist|L|52|65|18|53|.340|1|10|.100|15|22|.682|13|36|5|10|4|21|25||21|56|.375|3|13|.231|20|30|.667|14|40|11|7|2|14|22
26|26|2013-03-03|@|Texas-Pan American|L|57|71|19|53|.358|2|7|.286|17|25|.680|7|34|7|6|1|19|26||23|56|.411|6|18|.333|19|32|.594|10|40|17|5|4|14|24
