ranker|game_season|date_game|game_location|opp_id|game_result|pts|opp_pts|fg|fga|fg_pct|fg3|fg3a|fg3_pct|ft|fta|ft_pct|orb|trb|ast|stl|blk|tov|pf|x|opp_fg|opp_fga|opp_fg_pct|opp_fg3|opp_fg3a|opp_fg3_pct|opp_ft|opp_fta|opp_ft_pct|opp_orb|opp_trb|opp_ast|opp_stl|opp_blk|opp_tov|opp_pf|
1|1|2012-11-09|@|Oregon State|L|83|102|29|76|.382|16|34|.471|9|20|.450|12|32|18|13|3|12|21||38|67|.567|13|24|.542|13|24|.542|13|47|20|7|6|17|15
2|2|2012-11-13||Saint Francis (PA)|W|86|69|32|62|.516|10|28|.357|12|18|.667|10|39|14|5|1|12|20||24|58|.414|8|22|.364|13|25|.520|10|29|6|3|2|10|16
3|3|2012-11-16||Bucknell|L|71|88|22|63|.349|9|30|.300|18|24|.750|9|28|14|1|2|3|19||31|59|.525|9|18|.500|17|22|.773|9|37|16|0|4|5|17
4|4|2012-11-18||New Mexico State|W|86|83|28|56|.500|7|21|.333|23|28|.821|7|24|14|8|4|15|23||28|53|.528|6|15|.400|21|27|.778|11|34|18|2|5|23|21
5|5|2012-11-24|N|St. Bonaventure|L|75|80|26|60|.433|7|20|.350|16|20|.800|6|28|16|9|2|16|19||26|64|.406|10|23|.435|18|21|.857|15|38|18|7|3|16|17
6|6|2012-11-28|@|Iona|L|72|83|28|65|.431|6|23|.261|10|18|.556|15|34|18|7|4|15|21||28|62|.452|12|26|.462|15|21|.714|13|36|18|7|4|14|16
7|7|2012-12-02|@|Central Michigan|L|64|66|23|53|.434|4|15|.267|14|28|.500|14|32|5|7|0|14|20||21|43|.488|5|18|.278|19|24|.792|4|25|9|10|3|18|20
8|8|2012-12-05|@|Loyola (MD)|W|62|61|22|50|.440|5|15|.333|13|24|.542|9|25|11|9|5|11|21||21|52|.404|4|15|.267|15|21|.714|9|26|5|8|4|13|19
9|9|2012-12-08|@|Buffalo|L|67|77|20|56|.357|5|21|.238|22|28|.786|13|33|9|3|2|15|24||22|49|.449|8|21|.381|25|33|.758|8|30|14|5|4|11|23
10|10|2012-12-12||Hartford|W|75|59|27|54|.500|7|14|.500|14|20|.700|9|36|16|12|6|20|15||23|56|.411|7|24|.292|6|12|.500|4|26|15|9|1|20|18
11|11|2012-12-16||Vermont|W|68|58|19|50|.380|6|26|.231|24|32|.750|8|29|11|6|2|12|22||19|49|.388|4|11|.364|16|22|.727|9|32|11|7|1|19|25
12|12|2012-12-21|@|Notre Dame|L|67|89|25|68|.368|10|27|.370|7|15|.467|10|28|17|3|1|5|18||31|50|.620|8|16|.500|19|22|.864|4|40|25|3|5|11|13
13|13|2013-01-03||Marist|W|94|72|35|67|.522|7|19|.368|17|24|.708|12|36|18|11|3|9|21||27|62|.435|5|20|.250|13|18|.722|9|33|19|4|4|20|19
14|14|2013-01-05||Fairfield|W|71|67|21|52|.404|2|9|.222|27|37|.730|7|25|4|11|2|11|15||28|53|.528|5|18|.278|6|15|.400|7|29|19|5|6|21|27
15|15|2013-01-08|@|Brown|L (1 OT)|74|75|26|68|.382|8|25|.320|14|24|.583|14|39|12|14|1|17|25||24|68|.353|11|29|.379|16|28|.571|19|49|15|9|6|20|17
16|16|2013-01-11|@|Saint Peter's|W|77|58|30|65|.462|8|24|.333|9|10|.900|14|35|12|9|2|6|5||24|55|.436|9|22|.409|1|5|.200|8|28|18|5|4|14|9
17|17|2013-01-13|@|Fairfield|W|67|64|22|56|.393|4|12|.333|19|23|.826|9|27|8|11|3|5|21||19|49|.388|5|18|.278|21|32|.656|14|38|8|4|6|16|21
18|18|2013-01-17||Siena|W|87|64|32|59|.542|12|24|.500|11|16|.688|13|27|18|9|5|13|15||23|52|.442|8|20|.400|10|15|.667|9|23|14|6|3|18|14
19|19|2013-01-19||Manhattan|W|64|60|12|35|.343|2|12|.167|38|49|.776|5|25|4|11|3|16|18||20|42|.476|7|19|.368|13|20|.650|4|24|13|7|2|19|28
20|20|2013-01-25|@|Siena|W|78|69|28|64|.438|7|20|.350|15|21|.714|11|31|18|6|4|3|22||21|47|.447|7|18|.389|20|25|.800|5|28|12|1|4|12|18
21|21|2013-01-27|@|Canisius|W|66|65|24|59|.407|6|25|.240|12|16|.750|11|33|13|10|3|10|14||25|65|.385|10|31|.323|5|8|.625|16|38|10|5|2|12|15
22|22|2013-01-31||Iona|W (1 OT)|93|90|33|83|.398|11|38|.289|16|24|.667|19|40|15|9|0|6|23||30|61|.492|7|23|.304|23|29|.793|11|40|16|3|6|17|19
23|23|2013-02-02||Loyola (MD)|L (2 OT)|87|89|30|71|.423|5|19|.263|22|35|.629|16|43|13|3|7|15|29||28|68|.412|5|10|.500|28|41|.683|12|35|15|9|5|8|24
24|24|2013-02-07|@|Rider|L|69|72|23|62|.371|7|25|.280|16|23|.696|10|35|12|5|1|8|28||23|56|.411|6|24|.250|20|32|.625|12|42|12|3|5|8|19
25|25|2013-02-10||Canisius|L|70|77|24|62|.387|10|29|.345|12|23|.522|12|30|17|8|3|13|21||25|54|.463|8|23|.348|19|24|.792|8|34|6|5|6|15|17
26|26|2013-02-15|@|Marist|W|57|54|22|59|.373|6|22|.273|7|11|.636|13|38|5|11|3|19|26||15|41|.366|4|12|.333|20|32|.625|7|26|10|9|4|18|13
27|27|2013-02-17|@|Manhattan|W|60|56|23|56|.411|6|18|.333|8|9|.889|6|22|11|8|3|12|19||19|44|.432|5|19|.263|13|17|.765|8|31|12|7|5|20|17
28|28|2013-02-23||Northwestern State|W|92|76|30|53|.566|12|20|.600|20|29|.690|6|31|19|10|1|14|19||27|57|.474|6|18|.333|16|22|.727|6|22|13|9|0|14|20
29|29|2013-02-28||Rider|L|59|68|20|56|.357|6|22|.273|13|24|.542|11|34|4|7|3|14|21||25|61|.410|7|20|.350|11|19|.579|12|37|10|7|1|14|18
30|30|2013-03-02||Saint Peter's|W|78|61|27|51|.529|9|21|.429|15|21|.714|7|25|21|4|3|8|20||23|52|.442|4|19|.211|11|21|.524|10|28|8|4|3|12|21
31|31|2013-03-09|N|Siena|W|74|62|23|57|.404|6|21|.286|22|27|.815|10|30|14|11|1|7|17||22|44|.500|9|16|.563|9|18|.500|7|30|14|5|1|20|20
32|32|2013-03-10|N|Iona|L|73|79|28|69|.406|7|33|.212|10|13|.769|7|25|16|7|5|7|15||27|60|.450|7|17|.412|18|22|.818|9|36|14|5|4|13|13
33|33|2013-03-19|@|Maryland|L|70|86|23|65|.354|8|26|.308|16|20|.800|14|29|7|4|1|10|15||31|59|.525|8|20|.400|16|19|.842|12|37|17|5|8|15|18
