ranker|game_season|date_game|game_location|opp_id|game_result|pts|opp_pts|fg|fga|fg_pct|fg3|fg3a|fg3_pct|ft|fta|ft_pct|orb|trb|ast|stl|blk|tov|pf|x|opp_fg|opp_fga|opp_fg_pct|opp_fg3|opp_fg3a|opp_fg3_pct|opp_ft|opp_fta|opp_ft_pct|opp_orb|opp_trb|opp_ast|opp_stl|opp_blk|opp_tov|opp_pf|
1|1|2012-11-10|@|Vanderbilt|L|65|80|25|58|.431|7|21|.333|8|11|.727|4|25|11|2|3|12|18||28|57|.491|12|26|.462|12|18|.667|6|32|17|4|2|10|14
2|2|2012-11-16|@|Missouri|L|54|74|19|49|.388|5|18|.278|11|18|.611|8|22|10|3|1|15|24||22|51|.431|7|12|.583|23|32|.719|14|38|10|6|1|13|17
3|3|2012-11-26||New Orleans|W|92|79|29|48|.604|6|12|.500|28|37|.757|6|23|15|12|0|21|21||29|56|.518|4|8|.500|17|25|.680|7|22|13|14|2|22|29
4|4|2012-12-01|@|Michigan State|L|39|84|15|51|.294|4|13|.308|5|10|.500|5|20|10|6|2|18|17||33|55|.600|5|10|.500|13|23|.565|9|40|20|11|7|8|12
5|5|2012-12-04|@|Tulane|L|48|65|19|50|.380|7|18|.389|3|7|.429|6|21|15|2|3|12|17||23|51|.451|4|11|.364|15|18|.833|9|33|12|8|1|7|11
6|6|2012-12-12|@|New Orleans|L|76|79|28|47|.596|4|11|.364|16|26|.615|8|30|13|8|2|25|21||30|54|.556|7|12|.583|12|29|.414|11|25|18|12|2|19|22
7|7|2012-12-20|@|Utah State|L|72|79|26|69|.377|7|30|.233|13|18|.722|16|31|16|5|1|6|26||26|47|.553|4|13|.308|23|34|.676|10|40|18|3|9|13|19
8|8|2012-12-21|N|Southern Illinois|L|53|65|17|47|.362|5|18|.278|14|19|.737|4|26|16|7|4|13|17||24|58|.414|2|14|.143|15|22|.682|15|39|14|6|8|13|18
9|9|2012-12-22|N|California-Davis|L|71|82|26|62|.419|11|29|.379|8|12|.667|9|32|16|5|2|7|19||28|55|.509|10|23|.435|16|22|.727|8|36|19|3|3|8|8
10|10|2012-12-29|@|Nebraska|L|59|68|22|53|.415|6|22|.273|9|18|.500|5|31|10|5|2|10|25||22|48|.458|4|12|.333|20|33|.606|8|32|11|5|2|7|18
11|11|2013-01-03||Central Arkansas|W|83|79|28|60|.467|5|15|.333|22|35|.629|10|26|16|10|1|13|21||29|57|.509|7|23|.304|14|18|.778|6|31|13|4|4|22|27
12|12|2013-01-05||Oral Roberts|L|63|76|23|60|.383|4|19|.211|13|21|.619|7|17|4|10|4|6|16||28|52|.538|3|10|.300|17|20|.850|9|35|16|3|7|19|15
13|13|2013-01-07|@|McNeese State|W|64|63|21|54|.389|6|19|.316|16|23|.696|14|38|12|9|2|20|17||22|54|.407|5|13|.385|14|19|.737|7|28|9|14|5|13|19
14|14|2013-01-12|@|Southeastern Louisiana|L|65|70|24|54|.444|1|11|.091|16|22|.727|7|28|13|3|3|12|22||22|50|.440|4|13|.308|22|28|.786|9|30|9|4|3|11|17
15|15|2013-01-17|@|Northwestern State|W|93|78|31|62|.500|4|12|.333|27|40|.675|13|36|13|12|4|16|23||29|73|.397|4|13|.308|16|26|.615|18|42|13|12|6|23|31
16|16|2013-01-19|@|Stephen F. Austin|L|49|72|18|45|.400|3|14|.214|10|19|.526|8|26|6|8|2|14|8||30|56|.536|8|17|.471|4|7|.571|7|30|23|7|7|11|14
17|17|2013-01-24||Texas A&M-Corpus Christi|W|69|62|25|50|.500|4|17|.235|15|25|.600|6|23|11|2|1|15|27||18|49|.367|5|18|.278|21|28|.750|9|30|8|10|0|20|25
18|18|2013-01-26||Sam Houston State|W (1 OT)|70|67|22|49|.449|7|17|.412|19|26|.731|8|31|11|3|4|16|19||22|61|.361|10|28|.357|13|24|.542|14|38|10|4|2|15|24
19|19|2013-01-31|@|Oral Roberts|L|78|90|31|57|.544|5|17|.294|11|14|.786|7|19|14|7|2|13|19||33|53|.623|6|11|.545|18|24|.750|8|29|12|4|5|13|13
20|20|2013-02-02|@|Central Arkansas|L|76|79|24|61|.393|6|20|.300|22|32|.688|15|42|14|4|4|13|24||26|66|.394|5|17|.294|22|31|.710|13|36|10|10|11|11|26
21|21|2013-02-09||Southeastern Louisiana|L|62|73|20|57|.351|6|22|.273|16|17|.941|6|27|6|6|2|12|15||29|64|.453|6|14|.429|9|14|.643|14|41|13|5|5|14|13
22|22|2013-02-14||Stephen F. Austin|L|51|63|16|36|.444|1|8|.125|18|26|.692|4|17|8|6|4|12|13||24|45|.533|6|12|.500|9|10|.900|5|21|15|4|5|13|23
23|23|2013-02-16||Northwestern State|L|79|84|27|64|.422|3|20|.150|22|25|.880|17|38|10|4|2|21|22||31|60|.517|1|17|.059|21|27|.778|8|26|9|13|5|15|26
24|24|2013-02-19|@|Lamar|W|74|63|26|53|.491|9|16|.563|13|25|.520|10|26|18|8|2|11|23||23|53|.434|0|5|.000|17|22|.773|15|37|15|2|5|19|19
25|25|2013-02-23|@|Texas-San Antonio|L|58|76|24|58|.414|6|21|.286|4|7|.571|10|24|12|6|3|14|16||25|54|.463|9|23|.391|17|22|.773|12|33|11|8|3|11|16
26|26|2013-02-28|@|Sam Houston State|W|56|53|18|37|.486|6|13|.462|14|27|.519|3|26|15|4|1|18|20||18|51|.353|4|15|.267|13|18|.722|11|32|16|5|2|15|24
27|27|2013-03-02|@|Texas A&M-Corpus Christi|L|64|68|23|49|.469|6|17|.353|12|19|.632|8|26|13|9|1|14|14||28|54|.519|6|16|.375|6|7|.857|7|29|17|7|5|14|15
28|28|2013-03-07||Lamar|W|90|63|36|62|.581|7|17|.412|11|15|.733|4|24|21|9|1|12|11||25|55|.455|1|6|.167|12|13|.923|8|27|9|5|4|20|13
29|29|2013-03-09||McNeese State|L (2 OT)|88|91|31|71|.437|4|18|.222|22|31|.710|15|35|14|11|0|10|14||34|66|.515|11|20|.550|12|19|.632|10|36|14|4|4|14|21
30|30|2013-03-13|N|McNeese State|L|59|62|19|54|.352|4|16|.250|17|26|.654|14|37|14|4|3|11|15||23|56|.411|3|14|.214|13|19|.684|12|36|8|6|6|10|19
