ranker|game_season|date_game|game_location|opp_id|game_result|pts|opp_pts|fg|fga|fg_pct|fg3|fg3a|fg3_pct|ft|fta|ft_pct|orb|trb|ast|stl|blk|tov|pf|x|opp_fg|opp_fga|opp_fg_pct|opp_fg3|opp_fg3a|opp_fg3_pct|opp_ft|opp_fta|opp_ft_pct|opp_orb|opp_trb|opp_ast|opp_stl|opp_blk|opp_tov|opp_pf|
1|1|2012-11-09||Western Carolina|W|71|61|24|52|.462|0|7|.000|23|32|.719|13|42|13|9|8|20|16||21|66|.318|7|25|.280|12|23|.522|17|37|11|9|7|15|25
2|2|2012-11-11|@|North Carolina-Wilmington|L|59|67|20|58|.345|2|17|.118|17|23|.739|12|37|8|13|8|22|19||23|59|.390|6|17|.353|15|21|.714|12|38|15|14|5|21|21
3|3|2012-11-15|N|Tennessee|L|68|75|23|46|.500|1|6|.167|21|29|.724|3|24|10|7|2|11|22||26|52|.500|4|8|.500|19|26|.731|11|35|7|3|2|14|21
4|4|2012-11-16|N|Akron|L|63|82|21|44|.477|3|5|.600|18|28|.643|6|24|8|3|0|14|18||26|53|.491|12|24|.500|18|23|.783|7|28|17|10|5|11|22
5|5|2012-11-18|N|Providence|L|67|72|26|71|.366|6|17|.353|9|14|.643|19|35|10|14|1|12|18||27|49|.551|6|16|.375|12|21|.571|8|36|11|7|2|20|15
6|6|2012-11-23|@|North Carolina State|L|80|82|32|64|.500|8|19|.421|8|9|.889|6|19|15|14|4|12|22||29|52|.558|3|9|.333|21|32|.656|10|34|10|5|4|19|13
7|7|2012-11-29||South Carolina Upstate|L|71|73|25|54|.463|4|13|.308|17|19|.895|7|38|17|4|4|15|18||31|72|.431|6|19|.316|5|12|.417|14|36|17|9|3|8|15
8|8|2012-12-08||Montreat|W|85|51|29|66|.439|8|24|.333|19|25|.760|19|50|18|5|8|11|14||21|58|.362|5|15|.333|4|9|.444|5|24|12|6|2|14|20
9|9|2012-12-12||Lenoir-Rhyne|W|66|55|25|48|.521|5|13|.385|11|23|.478|10|38|16|8|11|20|12||23|65|.354|5|18|.278|4|7|.571|14|32|16|9|4|14|20
10|10|2012-12-15|@|Ohio State|L|72|90|25|59|.424|6|20|.300|16|19|.842|7|26|14|2|4|17|17||36|61|.590|6|18|.333|12|19|.632|6|31|25|10|5|12|20
11|11|2012-12-18|@|Northeastern|W|79|73|30|55|.545|4|15|.267|15|26|.577|14|32|15|6|8|16|12||27|64|.422|6|20|.300|13|17|.765|17|33|14|11|1|16|20
12|12|2012-12-21|@|St. John's (NY)|W|72|65|28|63|.444|5|14|.357|11|13|.846|11|34|14|8|6|15|16||25|57|.439|5|14|.357|10|14|.714|7|28|11|5|13|13|16
13|13|2012-12-30||Bluefield College (VA)|W|95|66|39|75|.520|7|17|.412|10|16|.625|22|49|26|11|4|18|17||25|58|.431|5|19|.263|11|20|.550|7|23|17|8|2|17|16
14|14|2013-01-02|@|Charlotte|L (1 OT)|63|71|22|73|.301|5|23|.217|14|19|.737|16|43|10|9|4|13|23||23|56|.411|2|12|.167|23|34|.676|11|45|10|8|6|17|16
15|15|2013-01-05|@|Liberty|W|83|69|30|57|.526|3|9|.333|20|29|.690|7|33|19|10|6|11|13||25|63|.397|7|19|.368|12|18|.667|10|32|12|4|0|14|19
16|16|2013-01-09|@|Gardner-Webb|L|71|78|25|53|.472|7|16|.438|14|25|.560|6|25|13|4|6|15|16||28|57|.491|6|14|.429|16|21|.762|9|33|19|9|1|13|18
17|17|2013-01-12||Radford|W|79|61|30|56|.536|4|8|.500|15|22|.682|13|45|20|6|10|20|17||21|72|.292|5|26|.192|14|23|.609|19|34|12|11|6|8|17
18|18|2013-01-16|@|Charleston Southern|L|68|74|26|66|.394|6|20|.300|10|14|.714|8|36|7|3|6|16|19||27|65|.415|5|20|.250|15|23|.652|11|40|12|10|4|14|17
19|19|2013-01-19||Longwood|W|68|65|24|56|.429|1|12|.083|19|25|.760|9|36|15|7|7|8|13||24|56|.429|9|23|.391|8|13|.615|7|30|18|8|2|10|18
20|20|2013-01-23||Coastal Carolina|W|63|60|21|45|.467|4|11|.364|17|24|.708|10|32|12|12|2|20|12||25|57|.439|4|17|.235|6|8|.750|10|27|8|11|0|15|20
21|21|2013-01-26||High Point|W|69|58|23|51|.451|4|12|.333|19|29|.655|11|30|13|4|6|12|14||25|58|.431|2|11|.182|6|9|.667|9|28|17|4|4|12|22
22|22|2013-01-30|@|Presbyterian|W|77|74|29|58|.500|5|19|.263|14|21|.667|10|26|10|10|4|8|10||28|45|.622|10|20|.500|8|11|.727|2|20|19|4|0|16|16
23|23|2013-02-02|@|Campbell|W|78|61|29|52|.558|7|10|.700|13|15|.867|8|25|22|10|5|16|15||22|49|.449|2|10|.200|15|21|.714|10|24|11|13|4|19|18
24|24|2013-02-06||Winthrop|W|69|56|18|47|.383|5|16|.313|28|32|.875|12|33|13|7|6|8|15||20|54|.370|5|19|.263|11|19|.579|11|30|14|4|3|10|23
25|25|2013-02-08|@|Virginia Military Institute|W|90|79|29|63|.460|9|17|.529|23|31|.742|7|31|15|11|1|11|15||29|71|.408|9|32|.281|12|19|.632|18|46|12|8|6|18|22
26|26|2013-02-13||Gardner-Webb|L|65|67|21|41|.512|4|13|.308|19|27|.704|5|29|17|5|6|13|22||21|59|.356|6|17|.353|19|28|.679|17|34|16|5|1|8|20
27|27|2013-02-16||Charleston Southern|L|65|73|25|66|.379|9|23|.391|6|9|.667|9|34|17|7|8|12|10||29|62|.468|10|26|.385|5|10|.500|11|41|17|5|0|12|13
28|28|2013-02-19|@|Coastal Carolina|L|64|65|23|50|.460|6|15|.400|12|15|.800|9|25|14|8|4|21|15||25|54|.463|5|18|.278|10|12|.833|12|27|14|15|2|18|18
29|29|2013-02-23||Jacksonville State|L|69|71|24|54|.444|4|10|.400|17|20|.850|15|32|19|8|4|13|13||26|55|.473|6|20|.300|13|18|.722|10|24|17|7|3|13|16
30|30|2013-02-27||Presbyterian|W|74|62|31|50|.620|8|13|.615|4|6|.667|8|31|21|8|9|14|15||22|52|.423|8|21|.381|10|14|.714|8|20|17|8|1|9|14
31|31|2013-03-02|@|Winthrop|L|61|70|21|66|.318|3|17|.176|16|26|.615|15|34|8|13|4|14|17||25|50|.500|5|14|.357|15|22|.682|6|36|15|4|4|17|17
32|32|2013-03-05|N|Longwood|L|72|87|26|72|.361|2|17|.118|18|25|.720|18|40|8|15|3|13|22||27|57|.474|8|19|.421|25|26|.962|5|34|13|9|3|18|16
