ranker|game_season|date_game|game_location|opp_id|game_result|pts|opp_pts|fg|fga|fg_pct|fg3|fg3a|fg3_pct|ft|fta|ft_pct|orb|trb|ast|stl|blk|tov|pf|x|opp_fg|opp_fga|opp_fg_pct|opp_fg3|opp_fg3a|opp_fg3_pct|opp_ft|opp_fta|opp_ft_pct|opp_orb|opp_trb|opp_ast|opp_stl|opp_blk|opp_tov|opp_pf|
1|1|2012-11-10|@|Oregon|L|73|83|29|70|.414|10|29|.345|5|10|.500|12|35|16|7|2|16|24||28|58|.483|5|15|.333|22|32|.688|11|42|12|8|3|18|11
2|2|2012-11-12|@|Nevada-Las Vegas|L|54|92|15|60|.250|5|21|.238|19|24|.792|5|21|9|6|0|18|19||33|66|.500|9|27|.333|17|21|.810|11|47|24|11|8|17|22
3|3|2012-11-18|@|California-Davis|W|85|82|33|66|.500|10|25|.400|9|12|.750|10|29|19|9|7|11|15||30|63|.476|9|27|.333|13|19|.684|9|32|18|6|3|13|14
4|4|2012-11-23|N|Jacksonville State|L|48|50|16|35|.457|2|7|.286|14|20|.700|5|23|8|4|5|19|23||15|46|.326|2|10|.200|18|28|.643|15|28|5|10|3|13|19
5|5|2012-11-24|N|Campbell|W|70|62|29|52|.558|7|19|.368|5|10|.500|6|32|19|4|0|13|8||25|61|.410|5|23|.217|7|9|.778|7|24|12|5|0|10|13
6|6|2012-11-28|@|Arizona|L|50|93|20|55|.364|5|17|.294|5|9|.556|6|24|8|8|3|15|21||30|52|.577|12|21|.571|21|28|.750|7|35|22|8|5|11|13
7|7|2012-12-01||Sam Houston State|W|77|60|26|55|.473|7|19|.368|18|22|.818|7|35|19|8|5|11|16||22|68|.324|4|25|.160|12|15|.800|15|40|9|5|3|13|18
8|8|2012-12-05||Loyola Marymount|L (1 OT)|86|92|34|71|.479|7|22|.318|11|17|.647|15|39|22|10|2|11|17||32|64|.500|14|25|.560|14|21|.667|11|35|18|8|3|14|19
9|9|2012-12-17||Montana State|W|87|80|30|54|.556|3|12|.250|24|35|.686|10|35|20|7|4|19|21||27|60|.450|9|26|.346|17|25|.680|10|25|13|9|5|17|25
10|10|2012-12-19||Montana|L|56|62|19|54|.352|6|18|.333|12|17|.706|3|28|14|7|1|15|14||23|52|.442|7|20|.350|9|13|.692|6|37|13|8|4|14|18
11|11|2012-12-21|@|Colorado|L|51|98|19|61|.311|7|27|.259|6|7|.857|7|21|6|7|3|16|11||40|60|.667|11|20|.550|7|15|.467|8|42|24|13|4|15|16
12|12|2012-12-27|@|Brigham Young|L|54|84|22|60|.367|4|18|.222|6|10|.600|6|37|10|10|2|24|15||32|69|.464|8|25|.320|12|19|.632|10|39|20|15|4|13|12
13|13|2013-01-03||Sacramento State|W|57|50|18|56|.321|6|22|.273|15|20|.750|9|28|12|13|4|8|13||16|47|.340|4|14|.286|14|17|.824|7|37|6|0|4|19|19
14|14|2013-01-05||Southern Utah|L|77|90|26|63|.413|3|17|.176|22|34|.647|17|30|15|12|1|14|31||25|44|.568|7|13|.538|33|42|.786|8|32|12|7|3|22|27
15|15|2013-01-10|@|Eastern Washington|L|59|82|22|63|.349|3|12|.250|12|21|.571|13|31|10|12|7|14|16||33|66|.500|8|17|.471|8|20|.400|15|46|18|8|11|19|19
16|16|2013-01-12|@|Portland State|L|74|79|31|55|.564|5|15|.333|7|11|.636|5|25|22|7|3|18|16||26|52|.500|8|13|.615|19|24|.792|4|25|18|13|1|13|15
17|17|2013-01-17|@|Weber State|L|70|83|30|60|.500|2|9|.222|8|15|.533|5|24|11|3|1|7|20||25|51|.490|4|12|.333|29|33|.879|9|33|11|5|9|10|13
18|18|2013-01-19|@|Idaho State|W|60|55|19|46|.413|8|18|.444|14|19|.737|8|32|10|5|1|14|20||20|49|.408|3|14|.214|12|20|.600|5|25|8|7|0|9|20
19|19|2013-01-24||Northern Colorado|W|67|65|28|54|.519|7|18|.389|4|10|.400|4|23|16|5|2|10|13||25|48|.521|5|10|.500|10|16|.625|6|27|13|5|2|14|15
20|20|2013-01-26||North Dakota|L|79|81|29|53|.547|7|13|.538|14|21|.667|6|20|21|10|2|10|17||30|55|.545|8|21|.381|13|17|.765|6|24|16|9|4|13|17
21|21|2013-02-02|@|Southern Utah|L|67|78|24|55|.436|4|11|.364|15|23|.652|6|33|12|4|2|13|21||25|55|.455|5|16|.313|23|34|.676|12|38|15|7|7|12|20
22|22|2013-02-04|@|Sacramento State|W|62|61|26|48|.542|4|14|.286|6|8|.750|5|21|14|9|2|14|9||25|49|.510|10|18|.556|1|2|.500|6|19|17|5|4|12|12
23|23|2013-02-07||Portland State|W|79|72|25|51|.490|10|21|.476|19|27|.704|5|31|20|4|3|9|15||25|61|.410|3|14|.214|19|24|.792|11|33|13|6|1|7|20
24|24|2013-02-09||Eastern Washington|L (1 OT)|74|77|28|58|.483|3|9|.333|15|21|.714|7|36|16|10|2|19|18||24|65|.369|14|43|.326|15|19|.789|9|30|15|7|6|13|16
25|25|2013-02-14|@|Northern Colorado|L|68|76|27|48|.563|5|14|.357|9|11|.818|7|22|11|7|4|22|15||28|50|.560|6|10|.600|14|19|.737|8|22|11|14|2|17|15
26|26|2013-02-16|@|North Dakota|W (1 OT)|74|72|27|62|.435|4|15|.267|16|20|.800|9|33|9|10|1|16|21||24|55|.436|7|23|.304|17|23|.739|8|36|13|12|5|21|21
27|27|2013-02-23|@|Hawaii|L|50|84|16|57|.281|5|21|.238|13|24|.542|6|29|8|3|1|11|15||31|63|.492|8|22|.364|14|19|.737|10|46|12|6|8|9|16
28|28|2013-02-28||Idaho State|W|67|58|26|60|.433|8|18|.444|7|15|.467|10|32|18|4|3|11|21||16|43|.372|2|12|.167|24|33|.727|8|37|7|10|3|15|18
29|29|2013-03-02||Weber State|L (1 OT)|78|80|27|63|.429|6|19|.316|18|24|.750|13|30|14|7|0|12|21||26|55|.473|9|23|.391|19|23|.826|12|36|11|8|3|18|22
30|30|2013-03-07|@|Montana State|L (1 OT)|79|83|27|55|.491|10|26|.385|15|18|.833|6|32|15|5|0|13|19||29|63|.460|7|18|.389|18|22|.818|8|30|13|10|0|8|16
31|31|2013-03-09|@|Montana|L|50|63|20|51|.392|4|12|.333|6|12|.500|9|31|3|2|2|13|16||21|47|.447|6|19|.316|15|20|.750|4|29|12|4|4|10|11
32|32|2013-03-14|N|Weber State|L|58|84|20|54|.370|4|16|.250|14|20|.700|6|22|7|10|2|17|17||30|56|.536|5|16|.313|19|23|.826|9|34|15|9|7|14|16
