ranker|game_season|date_game|game_location|opp_id|game_result|pts|opp_pts|fg|fga|fg_pct|fg3|fg3a|fg3_pct|ft|fta|ft_pct|orb|trb|ast|stl|blk|tov|pf|x|opp_fg|opp_fga|opp_fg_pct|opp_fg3|opp_fg3a|opp_fg3_pct|opp_ft|opp_fta|opp_ft_pct|opp_orb|opp_trb|opp_ast|opp_stl|opp_blk|opp_tov|opp_pf|
1|1|2012-11-10||Wartburg|W|103|50|40|61|.656|13|21|.619|10|17|.588|8|41|20|9|5|10|13||20|65|.308|7|25|.280|3|10|.300|13|29|9|3|1|13|14
2|2|2012-11-14||Toledo|W (1 OT)|84|81|23|53|.434|6|20|.300|32|39|.821|9|34|11|6|3|15|12||31|69|.449|9|26|.346|10|14|.714|7|29|10|9|1|12|27
3|3|2012-11-17||North Dakota|W|72|47|23|53|.434|9|24|.375|17|20|.850|9|40|15|5|3|11|14||17|52|.327|5|22|.227|8|14|.571|4|21|6|7|1|8|18
4|4|2012-11-22|N|Louisville|L|46|51|16|46|.348|6|19|.316|8|9|.889|4|26|8|9|4|21|14||19|62|.306|5|22|.227|8|11|.727|16|40|12|13|4|20|15
5|5|2012-11-23|N|Stanford|L|50|66|17|47|.362|6|22|.273|10|13|.769|8|27|10|0|0|16|17||24|52|.462|8|19|.421|10|16|.625|10|29|11|9|2|9|19
6|6|2012-11-24|N|Memphis|L|47|52|16|51|.314|7|27|.259|8|10|.800|3|26|8|6|3|9|15||18|49|.367|6|18|.333|10|13|.769|8|40|10|5|4|15|12
7|7|2012-12-01||Milwaukee|W|72|61|27|54|.500|6|14|.429|12|17|.706|4|31|15|4|2|6|12||24|59|.407|10|26|.385|3|8|.375|11|34|10|3|1|9|16
8|8|2012-12-05||Northern Colorado|W|76|59|27|52|.519|12|27|.444|10|13|.769|8|32|21|3|4|13|13||22|53|.415|5|16|.313|10|11|.909|5|23|6|6|1|11|16
9|9|2012-12-08|@|George Mason|W (1 OT)|82|77|24|53|.453|11|26|.423|23|30|.767|6|25|14|9|2|15|18||27|56|.482|6|14|.429|17|21|.810|7|29|11|9|2|17|23
10|10|2012-12-15|N|Iowa|L|73|80|28|62|.452|3|16|.188|14|17|.824|8|32|6|8|2|10|25||21|49|.429|12|25|.480|26|37|.703|8|35|18|5|7|15|19
11|11|2012-12-19|@|Nevada-Las Vegas|L|59|73|20|60|.333|9|24|.375|10|15|.667|9|31|10|4|2|11|15||26|57|.456|8|22|.364|13|18|.722|11|40|14|7|5|12|15
12|12|2012-12-23||Saint Mary's (CA)|W|82|75|25|50|.500|7|16|.438|25|37|.676|4|26|11|8|2|10|17||28|56|.500|11|27|.407|8|17|.471|7|33|10|4|2|17|27
13|13|2012-12-30|@|Wichita State|L|41|66|15|46|.326|3|17|.176|8|10|.800|2|15|9|3|1|12|18||23|50|.460|6|17|.353|14|20|.700|8|34|11|9|4|10|15
14|14|2013-01-02||Indiana State|L|61|65|23|54|.426|6|19|.316|9|15|.600|6|29|12|9|0|14|22||20|45|.444|3|10|.300|22|32|.688|5|29|5|9|2|14|17
15|15|2013-01-05|@|Illinois State|W|70|60|23|47|.489|7|22|.318|17|21|.810|5|25|13|6|1|15|12||27|59|.458|2|18|.111|4|5|.800|9|28|11|8|0|16|17
16|16|2013-01-09||Evansville|L|59|62|21|51|.412|8|25|.320|9|13|.692|6|26|11|7|3|11|13||22|50|.440|6|12|.500|12|13|.923|6|29|13|3|2|11|16
17|17|2013-01-12||Bradley|W|84|53|30|52|.577|15|26|.577|9|12|.750|7|36|18|3|4|12|13||21|50|.420|8|16|.500|3|9|.333|2|16|11|8|1|12|14
18|18|2013-01-15|@|Creighton|L|68|79|29|59|.492|4|15|.267|6|6|1.000|7|26|13|9|2|13|19||31|56|.554|6|12|.500|11|14|.786|8|31|21|4|2|13|14
19|19|2013-01-20||Drake|W|85|55|30|50|.600|7|18|.389|18|20|.900|3|34|13|9|6|14|13||21|59|.356|6|23|.261|7|9|.778|7|22|10|7|1|15|19
20|20|2013-01-23||Southern Illinois|W|58|45|20|41|.488|8|15|.533|10|16|.625|4|29|12|3|2|15|10||20|46|.435|2|9|.222|3|8|.375|2|19|6|8|0|10|15
21|21|2013-01-26|@|Indiana State|L|58|59|19|44|.432|9|19|.474|11|14|.786|4|22|12|5|1|10|16||22|47|.468|5|16|.313|10|11|.909|5|26|14|4|3|11|17
22|22|2013-01-29|@|Evansville|L (1 OT)|51|54|22|58|.379|6|23|.261|1|2|.500|8|36|16|6|2|17|18||22|59|.373|5|16|.313|5|12|.417|12|36|15|6|7|12|12
23|23|2013-02-02||Wichita State|W|57|52|20|50|.400|8|23|.348|9|16|.563|5|26|8|4|7|9|12||21|52|.404|5|15|.333|5|5|1.000|5|29|8|6|2|13|20
24|24|2013-02-05||Missouri State|W|48|37|16|40|.400|5|19|.263|11|14|.786|3|30|10|4|2|8|9||15|55|.273|3|21|.143|4|4|1.000|9|32|6|5|0|6|14
25|25|2013-02-10|@|Bradley|W|68|65|20|48|.417|11|26|.423|17|18|.944|6|29|15|5|2|11|11||26|56|.464|7|15|.467|6|9|.667|5|26|7|6|2|10|18
26|26|2013-02-13||Creighton|W|61|54|21|56|.375|4|15|.267|15|19|.789|8|30|11|11|3|8|16||21|48|.438|7|23|.304|5|14|.357|8|36|10|2|2|17|20
27|27|2013-02-16|@|Drake|W|71|64|24|50|.480|13|26|.500|10|11|.909|8|26|17|12|3|16|10||27|52|.519|7|21|.333|3|4|.750|8|26|13|6|5|18|16
28|28|2013-02-19|@|Missouri State|W|69|63|22|48|.458|6|22|.273|19|23|.826|8|26|11|6|1|5|15||21|47|.447|5|15|.333|16|17|.941|6|25|11|4|0|8|16
29|29|2013-02-23||Denver|L|57|63|20|47|.426|6|16|.375|11|13|.846|11|28|9|8|2|11|11||21|42|.500|8|21|.381|13|14|.929|4|18|13|7|3|10|16
30|30|2013-02-27|@|Southern Illinois|L|57|63|20|53|.377|8|32|.250|9|11|.818|12|37|13|7|2|16|14||23|55|.418|5|14|.357|12|17|.706|9|29|13|11|0|7|11
31|31|2013-03-02||Illinois State|W|80|72|23|58|.397|10|28|.357|24|35|.686|18|40|12|6|0|10|19||24|48|.500|7|20|.350|17|20|.850|3|25|3|7|4|14|26
32|32|2013-03-08|N|Illinois State|L|65|73|23|56|.411|10|24|.417|9|11|.818|5|31|12|6|2|14|17||27|59|.458|8|20|.400|11|15|.733|7|34|9|5|7|11|15
33|33|2013-03-20||North Dakota|W|77|66|26|51|.510|9|20|.450|16|25|.640|5|30|13|7|4|14|17||22|54|.407|5|16|.313|17|22|.773|7|27|9|9|3|14|24
34|34|2013-03-23||Illinois-Chicago|W|63|51|20|54|.370|7|14|.500|16|21|.762|5|23|10|8|2|9|12||19|44|.432|6|16|.375|7|10|.700|5|31|10|5|2|21|18
35|35|2013-03-26||Bradley|W|90|77|33|56|.589|12|24|.500|12|16|.750|7|27|14|2|2|4|13||27|63|.429|10|22|.455|13|14|.929|13|28|12|3|1|7|15
36|36|2013-03-30||Weber State|L|56|59|22|58|.379|3|18|.167|9|14|.643|5|29|9|6|2|9|12||21|53|.396|7|22|.318|10|14|.714|8|37|12|6|3|13|16
