ranker|game_season|date_game|game_location|opp_id|game_result|pts|opp_pts|fg|fga|fg_pct|fg3|fg3a|fg3_pct|ft|fta|ft_pct|orb|trb|ast|stl|blk|tov|pf|x|opp_fg|opp_fga|opp_fg_pct|opp_fg3|opp_fg3a|opp_fg3_pct|opp_ft|opp_fta|opp_ft_pct|opp_orb|opp_trb|opp_ast|opp_stl|opp_blk|opp_tov|opp_pf|
1|1|2012-11-11||North Carolina-Asheville|W|67|59|23|59|.390|6|17|.353|15|21|.714|12|38|15|14|5|21|21||20|58|.345|2|17|.118|17|23|.739|12|37|8|13|8|22|19
2|2|2012-11-13|@|Richmond|L|58|101|18|56|.321|3|14|.214|19|19|1.000|16|34|11|4|2|18|23||32|55|.582|14|28|.500|23|28|.821|8|30|26|12|2|8|17
3|3|2012-11-16|@|Ohio|L|47|85|17|39|.436|2|11|.182|11|18|.611|3|21|8|6|3|24|18||34|59|.576|7|21|.333|10|17|.588|9|30|26|16|1|12|18
4|4|2012-11-21|@|Purdue|L|40|66|15|46|.326|3|11|.273|7|12|.583|5|22|7|5|2|18|18||21|49|.429|4|13|.308|20|24|.833|12|37|12|10|4|16|12
5|5|2012-11-24||Wofford|W|49|37|18|48|.375|2|8|.250|11|19|.579|12|43|7|5|7|17|12||15|51|.294|5|22|.227|2|7|.286|4|26|6|7|2|16|16
6|6|2012-11-25||Hampton|W|61|60|18|47|.383|4|22|.182|21|39|.538|14|34|9|7|5|17|18||20|49|.408|4|12|.333|16|23|.696|10|36|10|10|2|17|27
7|7|2012-12-01|@|Marshall|L|58|61|26|56|.464|3|12|.250|3|6|.500|7|25|6|8|4|14|26||20|55|.364|5|17|.294|16|26|.615|16|37|8|10|2|13|10
8|8|2012-12-05||Coker|W|62|47|24|56|.429|6|15|.400|8|16|.500|13|35|12|14|4|14|7||20|53|.377|5|19|.263|2|7|.286|10|31|7|8|0|22|16
9|9|2012-12-08|@|Georgia Tech|L|66|73|22|56|.393|9|20|.450|13|17|.765|11|33|13|4|2|13|19||27|51|.529|5|11|.455|14|24|.583|7|30|18|8|3|11|15
10|10|2012-12-15|@|Davidson|L|61|77|27|57|.474|3|7|.429|4|10|.400|8|25|6|6|2|9|18||26|53|.491|9|22|.409|16|20|.800|9|34|12|7|3|10|10
11|11|2012-12-19||North Carolina-Greensboro|W|87|73|30|59|.508|9|16|.563|18|31|.581|13|47|15|3|6|12|18||25|68|.368|4|20|.200|19|32|.594|13|35|9|7|4|6|22
12|12|2012-12-29|@|Campbell|L|60|72|21|55|.382|5|17|.294|13|19|.684|11|34|14|4|2|16|19||31|62|.500|1|6|.167|9|18|.500|12|37|14|12|2|9|17
13|13|2013-01-02||Towson|L|74|79|26|61|.426|7|17|.412|15|22|.682|8|43|12|5|7|11|21||28|67|.418|5|14|.357|18|28|.643|9|35|10|6|9|6|18
14|14|2013-01-05|@|Northeastern|L|64|68|25|51|.490|7|16|.438|7|8|.875|12|32|10|3|5|17|19||22|51|.431|7|21|.333|17|24|.708|10|22|15|12|2|7|9
15|15|2013-01-09|@|James Madison|L|50|78|14|51|.275|3|15|.200|19|31|.613|13|36|8|5|4|21|18||30|61|.492|4|12|.333|14|18|.778|7|35|18|11|8|9|24
16|16|2013-01-12||George Mason|W|82|74|26|65|.400|6|23|.261|24|31|.774|19|48|12|8|2|14|22||23|55|.418|6|19|.316|22|29|.759|5|25|13|10|7|13|23
17|17|2013-01-16||Old Dominion|W|65|60|22|51|.431|5|16|.313|16|23|.696|11|37|10|4|8|11|14||24|61|.393|3|14|.214|9|14|.643|13|32|6|8|4|9|18
18|18|2013-01-23|@|Georgia State|L|63|81|21|50|.420|8|22|.364|13|20|.650|6|25|11|7|5|17|17||28|55|.509|9|22|.409|16|22|.727|8|32|16|13|6|11|15
19|19|2013-01-26|@|Hofstra|W|57|51|16|44|.364|11|23|.478|14|17|.824|9|28|12|8|5|21|20||17|49|.347|3|18|.167|14|19|.737|8|25|9|9|2|18|17
20|20|2013-01-28||James Madison|L|56|63|21|53|.396|4|16|.250|10|16|.625|10|29|12|4|4|13|15||22|55|.400|4|12|.333|15|23|.652|15|39|6|10|4|9|13
21|21|2013-02-02|@|Delaware|L|56|71|19|55|.345|2|13|.154|16|22|.727|9|28|5|7|1|13|20||25|54|.463|0|11|.000|21|26|.808|12|40|6|7|3|14|14
22|22|2013-02-04|@|Towson|L|68|81|25|63|.397|6|14|.429|12|19|.632|17|32|11|6|2|9|17||30|57|.526|5|17|.294|16|23|.696|16|38|13|8|10|10|17
23|23|2013-02-06||Georgia State|W|76|72|27|51|.529|9|18|.500|13|21|.619|7|28|14|5|7|10|13||26|55|.473|9|17|.529|11|17|.647|7|24|11|7|2|8|17
24|24|2013-02-09||Hofstra|L|56|65|20|54|.370|3|14|.214|13|21|.619|13|31|8|9|4|16|18||24|60|.400|5|14|.357|12|19|.632|17|36|8|9|2|17|17
25|25|2013-02-13|@|William & Mary|L|86|92|32|68|.471|9|23|.391|13|25|.520|14|31|15|8|4|6|21||28|46|.609|12|21|.571|24|27|.889|4|33|22|2|3|12|17
26|26|2013-02-16||Northeastern|W|73|67|26|50|.520|5|14|.357|16|24|.667|9|31|17|7|5|13|11||26|61|.426|7|26|.269|8|10|.800|11|29|13|10|1|12|17
27|27|2013-02-20|@|Old Dominion|L|61|84|21|59|.356|3|15|.200|16|20|.800|15|34|11|3|3|15|17||33|56|.589|5|13|.385|13|20|.650|7|29|23|11|6|8|16
28|28|2013-02-23||Delaware|L|78|79|32|61|.525|7|16|.438|7|18|.389|8|28|19|4|5|2|16||30|55|.545|7|17|.412|12|15|.800|4|28|10|2|5|7|14
29|29|2013-02-27||William & Mary|L|72|73|28|52|.538|7|15|.467|9|16|.563|5|24|17|7|4|13|17||27|52|.519|7|15|.467|12|15|.800|3|27|14|8|1|14|12
30|30|2013-03-02|@|Drexel|L|46|62|19|54|.352|3|15|.200|5|12|.417|3|26|11|4|7|7|22||19|62|.306|5|17|.294|19|25|.760|18|51|10|3|2|8|13
