ranker|game_season|date_game|game_location|opp_id|game_result|pts|opp_pts|fg|fga|fg_pct|fg3|fg3a|fg3_pct|ft|fta|ft_pct|orb|trb|ast|stl|blk|tov|pf|x|opp_fg|opp_fga|opp_fg_pct|opp_fg3|opp_fg3a|opp_fg3_pct|opp_ft|opp_fta|opp_ft_pct|opp_orb|opp_trb|opp_ast|opp_stl|opp_blk|opp_tov|opp_pf|
1|1|2012-11-09|@|Texas-El Paso|L|49|69|18|48|.375|5|13|.385|8|12|.667|10|31|11|6|5|20|16||30|64|.469|1|7|.143|8|14|.571|8|25|18|11|6|7|15
2|2|2012-11-14||St. Gregory's|W|90|41|32|57|.561|11|20|.550|15|18|.833|11|35|21|10|3|14|13||14|49|.286|5|18|.278|8|11|.727|8|20|9|7|3|21|16
3|3|2012-11-19|@|Pacific|W|69|67|25|50|.500|4|11|.364|15|18|.833|12|36|9|8|4|12|14||27|55|.491|10|19|.526|3|7|.429|7|22|18|6|0|11|18
4|4|2012-11-22|N|Loyola Marymount|W|75|66|26|50|.520|7|13|.538|16|20|.800|10|30|17|9|6|19|14||24|59|.407|6|19|.316|12|14|.857|11|24|12|7|1|16|18
5|5|2012-11-23|N|Charlotte|L|58|72|21|62|.339|4|14|.286|12|16|.750|15|37|12|6|5|17|23||23|55|.418|6|14|.429|20|28|.714|11|32|17|9|3|13|18
6|6|2012-11-24|N|Belmont|L|67|70|20|54|.370|4|13|.308|23|33|.697|19|39|13|5|3|18|23||26|45|.578|5|14|.357|13|25|.520|3|22|18|7|7|14|25
7|7|2012-11-28||Oklahoma|L|62|63|26|55|.473|3|13|.231|7|9|.778|9|29|13|4|3|14|19||25|63|.397|2|10|.200|11|16|.688|15|33|9|7|1|11|14
8|8|2012-12-01|@|Missouri State|W|72|52|30|58|.517|5|11|.455|7|13|.538|6|42|14|3|5|12|16||20|66|.303|2|26|.077|10|16|.625|12|33|3|6|1|8|15
9|9|2012-12-05|@|Texas State|W|86|77|32|67|.478|5|18|.278|17|24|.708|16|35|16|8|5|12|19||28|56|.500|5|16|.313|16|22|.727|10|27|14|6|2|14|20
10|10|2012-12-18|@|Arizona|L|64|89|23|60|.383|6|12|.500|12|12|1.000|5|23|7|6|2|20|18||34|59|.576|8|16|.500|13|18|.722|7|34|20|12|8|17|13
11|11|2012-12-22||Tulsa|L|68|72|21|58|.362|3|11|.273|23|28|.821|7|27|9|5|4|8|20||29|55|.527|7|18|.389|7|16|.438|9|36|16|3|4|13|22
12|12|2012-12-28|@|Memphis|L|57|72|23|62|.371|0|7|.000|11|14|.786|10|30|11|6|4|7|18||26|50|.520|4|9|.444|16|23|.696|7|35|17|5|8|11|18
13|13|2013-01-03|@|Southeastern Louisiana|W|86|72|31|51|.608|9|11|.818|15|22|.682|7|28|16|4|2|10|16||25|57|.439|7|19|.368|15|15|1.000|6|20|13|3|0|9|17
14|14|2013-01-05|@|Nicholls State|W|76|63|28|52|.538|3|10|.300|17|20|.850|9|35|16|3|7|19|15||23|60|.383|4|19|.211|13|21|.619|7|17|4|10|4|6|16
15|15|2013-01-10||Northwestern State|W|80|74|28|58|.483|6|12|.500|18|29|.621|17|42|16|7|3|16|14||29|65|.446|6|14|.429|10|12|.833|11|21|12|9|5|9|22
16|16|2013-01-12||Stephen F. Austin|L|50|61|21|56|.375|6|18|.333|2|5|.400|7|27|8|5|2|12|19||21|45|.467|4|9|.444|15|24|.625|6|29|12|5|5|10|11
17|17|2013-01-17|@|Texas A&M-Corpus Christi|W|64|52|18|41|.439|5|19|.263|23|28|.821|8|33|10|3|1|15|16||19|53|.358|3|16|.188|11|15|.733|11|25|8|8|0|13|23
18|18|2013-01-19|@|Sam Houston State|W (1 OT)|65|61|19|42|.452|1|10|.100|26|31|.839|4|28|15|9|4|16|19||23|60|.383|6|16|.375|9|19|.474|13|38|20|11|0|14|25
19|19|2013-01-24||Lamar|W|91|74|35|74|.473|9|20|.450|12|13|.923|13|33|21|8|6|3|14||30|61|.492|6|13|.462|8|10|.800|7|29|14|2|7|13|14
20|20|2013-01-26||McNeese State|W|75|54|31|57|.544|2|7|.286|11|19|.579|13|39|14|3|2|8|8||24|63|.381|5|20|.250|1|2|.500|11|26|13|5|6|7|14
21|21|2013-01-31||Nicholls State|W|90|78|33|53|.623|6|11|.545|18|24|.750|8|29|12|4|5|13|13||31|57|.544|5|17|.294|11|14|.786|7|19|14|7|2|13|19
22|22|2013-02-02||Southeastern Louisiana|W|65|59|22|54|.407|3|11|.273|18|25|.720|6|31|9|6|6|12|20||20|52|.385|9|19|.474|10|16|.625|6|29|6|4|3|15|22
23|23|2013-02-07|@|Northwestern State|L|73|85|27|55|.491|2|8|.250|17|24|.708|15|33|6|8|2|28|19||31|68|.456|8|18|.444|15|23|.652|19|34|18|21|3|20|18
24|24|2013-02-09|@|Stephen F. Austin|L|67|77|21|52|.404|6|15|.400|19|26|.731|8|30|15|6|6|12|25||26|53|.491|6|13|.462|19|30|.633|11|31|18|6|5|9|19
25|25|2013-02-14||Sam Houston State|W|74|64|24|46|.522|4|14|.286|22|27|.815|4|28|16|5|5|14|19||23|60|.383|7|24|.292|11|20|.550|15|31|6|4|3|11|26
26|26|2013-02-16||Texas A&M-Corpus Christi|W|56|51|17|44|.386|6|15|.400|16|23|.696|8|28|8|4|3|14|13||21|58|.362|5|19|.263|4|4|1.000|9|24|9|6|9|10|20
27|27|2013-02-19||Central Arkansas|W|94|65|37|75|.493|6|17|.353|14|22|.636|22|52|16|11|7|18|12||26|76|.342|6|21|.286|7|10|.700|15|33|11|11|4|18|19
28|28|2013-02-23||Weber State|L|66|70|28|53|.528|4|9|.444|6|7|.857|7|21|8|8|3|10|14||26|48|.542|9|17|.529|9|11|.818|7|24|17|3|1|13|10
29|29|2013-02-28|@|McNeese State|L|54|56|22|52|.423|5|18|.278|5|8|.625|7|26|13|6|3|14|11||24|53|.453|4|12|.333|4|6|.667|8|31|14|9|5|14|12
30|30|2013-03-02|@|Lamar|W|68|50|24|55|.436|6|16|.375|14|22|.636|8|34|14|7|3|9|12||20|55|.364|4|8|.500|6|10|.600|10|33|11|1|2|17|14
31|31|2013-03-09|@|Central Arkansas|L (1 OT)|84|86|31|66|.470|7|18|.389|15|21|.714|13|39|19|7|2|14|16||35|70|.500|10|23|.435|6|12|.500|13|36|21|8|7|12|21
32|32|2013-03-14|N|Sam Houston State|L|55|58|17|43|.395|2|12|.167|19|25|.760|7|22|5|6|1|9|14||23|46|.500|7|15|.467|5|9|.556|9|28|14|5|4|11|20
33|33|2013-03-20|@|Texas-Arlington|W|84|76|25|51|.490|4|13|.308|30|42|.714|10|39|10|5|4|14|16||29|69|.420|8|25|.320|10|17|.588|14|31|17|6|6|11|32
34|34|2013-03-25||California-Irvine|W|76|62|26|61|.426|1|12|.083|23|30|.767|9|38|11|10|5|10|17||24|60|.400|6|17|.353|8|14|.571|5|28|16|8|3|16|19
35|35|2013-03-27|@|Weber State|L|74|83|28|59|.475|5|15|.333|13|20|.650|9|28|11|7|2|13|23||26|53|.491|8|20|.400|23|29|.793|10|38|19|7|3|14|16
