ranker|game_season|date_game|game_location|opp_id|game_result|pts|opp_pts|fg|fga|fg_pct|fg3|fg3a|fg3_pct|ft|fta|ft_pct|orb|trb|ast|stl|blk|tov|pf|x|opp_fg|opp_fga|opp_fg_pct|opp_fg3|opp_fg3a|opp_fg3_pct|opp_ft|opp_fta|opp_ft_pct|opp_orb|opp_trb|opp_ast|opp_stl|opp_blk|opp_tov|opp_pf|
1|1|2012-11-09||Maryland-Baltimore County|W|80|75|27|53|.509|8|16|.500|18|27|.667|5|26|17|12|2|21|19||29|64|.453|7|16|.438|10|14|.714|13|36|14|14|4|24|23
2|2|2012-11-12|N|Delaware|L|69|84|22|52|.423|7|18|.389|18|29|.621|5|21|12|10|4|18|31||26|57|.456|4|11|.364|28|38|.737|14|46|10|9|3|18|24
3|3|2012-11-13|N|Fairfield|L|53|62|19|53|.358|2|14|.143|13|19|.684|12|33|9|6|2|17|21||19|47|.404|5|13|.385|19|23|.826|6|27|15|6|5|15|25
4|4|2012-11-17||Drexel|L|59|61|20|47|.426|4|17|.235|15|20|.750|8|24|11|8|2|18|18||22|53|.415|4|10|.400|13|18|.722|17|35|10|8|5|16|16
5|5|2012-11-19|N|Fordham|L|68|70|25|54|.463|3|14|.214|15|20|.750|5|28|13|3|4|11|22||22|52|.423|8|19|.421|18|25|.720|8|29|15|5|2|12|19
6|6|2012-11-20|@|Lehigh|L|66|73|24|58|.414|5|18|.278|13|18|.722|14|37|15|7|2|17|23||24|52|.462|4|15|.267|21|27|.778|4|27|11|7|4|12|17
7|7|2012-11-28||Binghamton|W|65|54|20|58|.345|10|25|.400|15|19|.789|7|33|16|6|2|16|24||17|58|.293|2|16|.125|18|28|.643|13|43|5|6|3|19|21
8|8|2012-12-01|@|Penn State|L|47|58|18|50|.360|5|22|.227|6|10|.600|7|24|12|4|2|15|26||18|45|.400|5|16|.313|17|23|.739|8|31|8|6|5|13|19
9|9|2012-12-08||Villanova|L|55|68|13|39|.333|7|20|.350|22|33|.667|5|25|13|8|1|17|30||18|46|.391|6|17|.353|26|38|.684|13|34|10|8|3|15|22
10|10|2012-12-21|@|Delaware|L|60|83|23|59|.390|6|23|.261|8|10|.800|8|34|13|3|2|17|15||32|81|.395|6|24|.250|13|14|.929|24|50|14|5|6|7|10
11|11|2012-12-29|@|Wagner|L (1 OT)|63|68|22|55|.400|3|13|.231|16|24|.667|5|29|14|9|4|15|24||21|54|.389|5|12|.417|21|29|.724|11|37|11|4|8|19|21
12|12|2013-01-02|@|Butler|L|57|70|22|51|.431|8|15|.533|5|6|.833|3|19|11|7|3|19|19||25|57|.439|4|19|.211|16|21|.762|12|35|9|8|1|14|12
13|13|2013-01-05|@|La Salle|L|57|74|22|61|.361|5|15|.333|8|10|.800|9|38|15|7|4|21|22||24|55|.436|9|22|.409|17|26|.654|7|32|13|11|8|13|12
14|14|2013-01-08||Lafayette|L|83|85|31|52|.596|6|14|.429|15|24|.625|3|21|22|9|0|11|21||30|49|.612|7|15|.467|18|26|.692|6|25|16|4|0|15|20
15|15|2013-01-12|@|Princeton|L|53|65|21|52|.404|5|15|.333|6|12|.500|7|28|8|6|1|16|13||25|51|.490|11|22|.500|4|8|.500|5|30|19|8|3|12|13
16|16|2013-01-17|@|NJIT|W|54|53|20|46|.435|5|10|.500|9|12|.750|12|37|13|6|3|26|22||13|47|.277|6|17|.353|21|29|.724|8|21|9|17|5|11|17
17|17|2013-01-19|@|Saint Joseph's|L|59|79|25|65|.385|4|21|.190|5|14|.357|11|30|16|6|1|10|15||29|54|.537|11|27|.407|10|13|.769|4|36|18|3|8|13|12
18|18|2013-01-23|@|Temple|L|69|76|24|53|.453|6|18|.333|15|16|.938|7|23|16|6|1|13|20||25|49|.510|8|21|.381|18|25|.720|8|30|16|11|2|15|15
19|19|2013-02-01||Columbia|W|62|58|17|42|.405|2|9|.222|26|29|.897|1|23|6|8|7|12|19||19|56|.339|3|17|.176|17|23|.739|12|33|11|4|3|13|21
20|20|2013-02-02||Cornell|L|69|71|28|56|.500|12|24|.500|1|3|.333|6|27|24|5|5|16|12||28|55|.509|8|23|.348|7|10|.700|6|23|14|7|2|13|7
21|21|2013-02-08||Yale|L|59|68|21|52|.404|5|17|.294|12|20|.600|11|31|15|3|6|17|31||19|56|.339|6|18|.333|24|31|.774|17|41|8|5|3|18|23
22|22|2013-02-09||Brown|W|71|48|23|54|.426|9|15|.600|16|22|.727|6|34|14|6|3|13|14||17|57|.298|2|18|.111|12|17|.706|8|30|9|7|7|14|17
23|23|2013-02-15|@|Harvard|L|54|73|22|63|.349|3|14|.214|7|10|.700|13|27|12|5|3|14|23||23|44|.523|5|13|.385|22|30|.733|8|33|16|10|15|13|11
24|24|2013-02-16|@|Dartmouth|W|67|57|23|41|.561|2|8|.250|19|23|.826|4|32|12|5|4|14|15||21|59|.356|4|13|.308|11|15|.733|11|27|11|5|4|11|21
25|25|2013-02-22|@|Cornell|W|79|71|28|51|.549|10|19|.526|13|18|.722|8|31|16|2|2|13|18||21|52|.404|10|27|.370|19|26|.731|9|24|11|3|3|10|19
26|26|2013-02-23|@|Columbia|L|41|58|14|48|.292|1|11|.091|12|18|.667|7|29|8|7|1|16|20||15|45|.333|6|24|.250|22|26|.846|6|32|8|7|3|14|19
27|27|2013-03-01||Dartmouth|L|64|69|20|45|.444|8|17|.471|16|18|.889|3|23|13|5|3|18|23||21|50|.420|4|15|.267|23|26|.885|5|24|12|11|2|12|17
28|28|2013-03-02||Harvard|W|75|72|28|53|.528|2|8|.250|17|24|.708|7|28|14|10|2|14|25||19|47|.404|10|21|.476|24|33|.727|8|28|14|9|3|14|18
29|29|2013-03-08|@|Brown|W|66|64|25|60|.417|8|14|.571|8|9|.889|7|23|11|10|1|14|18||19|45|.422|9|21|.429|17|22|.773|12|39|10|11|4|25|13
30|30|2013-03-09|@|Yale|L|65|79|21|50|.420|5|15|.333|18|24|.750|4|21|13|7|2|13|25||23|49|.469|4|13|.308|29|35|.829|11|36|14|7|2|14|20
31|31|2013-03-12||Princeton|L|58|71|21|47|.447|3|14|.214|13|17|.765|7|28|14|5|1|17|16||26|55|.473|6|14|.429|13|19|.684|8|24|16|10|2|8|13
