ranker|game_season|date_game|game_location|opp_id|game_result|pts|opp_pts|fg|fga|fg_pct|fg3|fg3a|fg3_pct|ft|fta|ft_pct|orb|trb|ast|stl|blk|tov|pf|x|opp_fg|opp_fga|opp_fg_pct|opp_fg3|opp_fg3a|opp_fg3_pct|opp_ft|opp_fta|opp_ft_pct|opp_orb|opp_trb|opp_ast|opp_stl|opp_blk|opp_tov|opp_pf|
1|1|2012-11-09|@|Cal State Northridge|L|75|81|25|57|.439|9|26|.346|16|26|.615|16|38|17|6|3|23|20||25|58|.431|6|16|.375|25|27|.926|11|32|10|11|4|16|21
2|2|2012-11-13|@|California|L|62|79|26|60|.433|6|14|.429|4|7|.571|10|32|11|3|2|17|16||30|67|.448|8|16|.500|11|15|.733|15|38|17|4|1|12|11
3|3|2012-11-16||Washington State|W (1 OT)|58|56|23|55|.418|7|19|.368|5|9|.556|6|25|16|9|3|13|21||19|47|.404|6|17|.353|12|18|.667|8|34|14|4|1|19|9
4|4|2012-11-20|@|Houston Baptist|W (1 OT)|57|53|21|55|.382|4|14|.286|11|18|.611|12|35|12|6|6|17|19||21|60|.350|2|14|.143|9|15|.600|13|37|9|7|3|15|15
5|5|2012-11-24||California-Irvine|W|72|62|21|48|.438|4|10|.400|26|36|.722|8|39|12|5|4|16|12||23|67|.343|9|28|.321|7|12|.583|9|31|15|9|1|12|23
6|6|2012-11-29|@|Montana State|W|76|66|28|55|.509|6|17|.353|14|19|.737|10|38|15|4|0|12|14||25|63|.397|6|22|.273|10|12|.833|10|29|16|3|1|7|15
7|7|2012-12-01|@|Utah Valley|L (1 OT)|63|67|27|56|.482|3|12|.250|6|10|.600|11|40|9|2|0|17|19||25|61|.410|7|27|.259|10|15|.667|8|25|18|7|4|6|12
8|8|2012-12-05||California-Riverside|W|62|40|25|55|.455|8|22|.364|4|9|.444|10|35|15|6|3|8|9||16|56|.286|6|18|.333|2|5|.400|9|29|13|6|2|15|13
9|9|2012-12-08|@|Hawaii|W|63|56|22|55|.400|10|24|.417|9|15|.600|7|32|10|7|2|9|19||18|54|.333|7|19|.368|13|26|.500|11|39|8|4|1|10|15
10|10|2012-12-16||Central Michigan|L|77|80|31|58|.534|11|22|.500|4|4|1.000|13|34|20|3|2|19|19||25|50|.500|14|29|.483|16|24|.667|3|16|16|8|2|8|11
11|11|2012-12-19|N|Alabama State|W|66|58|21|39|.538|4|10|.400|20|26|.769|6|31|12|10|1|23|19||18|47|.383|6|16|.375|16|22|.727|6|19|9|13|2|18|22
12|12|2012-12-20|@|Tulane|L|54|69|20|40|.500|4|12|.333|10|14|.714|4|19|12|5|1|14|22||21|44|.477|5|19|.263|22|27|.815|9|26|12|4|1|12|13
13|13|2012-12-28||Fresno Pacific|W|60|59|21|46|.457|5|14|.357|13|17|.765|9|29|11|4|2|13|19||17|45|.378|6|18|.333|19|23|.826|6|23|6|4|1|9|20
14|14|2013-01-03||Gonzaga|L|62|78|24|55|.436|2|12|.167|12|16|.750|11|29|12|4|2|14|20||23|53|.434|7|19|.368|25|29|.862|10|26|16|6|1|8|15
15|15|2013-01-05||Portland|W|54|47|20|56|.357|3|6|.500|11|20|.550|8|37|10|8|3|6|16||17|51|.333|4|13|.308|9|15|.600|8|40|8|4|7|14|18
16|16|2013-01-10|@|Brigham Young|L|51|76|19|48|.396|6|17|.353|7|12|.583|6|29|7|3|1|16|18||27|63|.429|5|17|.294|17|22|.773|13|38|18|13|1|6|14
17|17|2013-01-12||San Diego|L|50|62|18|43|.419|1|10|.100|13|17|.765|8|25|10|7|3|18|20||20|49|.408|3|15|.200|19|27|.704|13|28|6|8|4|12|19
18|18|2013-01-19||Santa Clara|L|76|83|24|52|.462|8|12|.667|20|26|.769|9|24|14|6|2|11|16||30|56|.536|12|23|.522|11|15|.733|10|29|19|6|4|12|22
19|19|2013-01-24|@|Loyola Marymount|W|60|57|22|48|.458|5|15|.333|11|19|.579|11|35|11|7|2|17|11||22|61|.361|4|25|.160|9|14|.643|16|32|10|12|4|12|16
20|20|2013-01-26|@|Saint Mary's (CA)|L|72|84|28|55|.509|6|15|.400|10|15|.667|10|28|9|6|2|14|20||29|54|.537|8|17|.471|18|22|.818|9|27|17|6|5|8|15
21|21|2013-01-31||Brigham Young|L|61|63|22|52|.423|6|20|.300|11|15|.733|7|29|15|8|3|14|15||25|60|.417|6|16|.375|7|11|.636|11|34|14|7|1|11|16
22|22|2013-02-02||San Francisco|L|78|86|28|56|.500|6|15|.400|16|18|.889|6|33|15|4|1|13|18||31|60|.517|14|24|.583|10|17|.588|5|26|20|5|3|9|18
23|23|2013-02-07|@|Gonzaga|L|56|82|17|47|.362|7|19|.368|15|21|.714|11|32|7|5|1|20|15||26|58|.448|12|27|.444|18|24|.750|12|29|18|9|5|7|18
24|24|2013-02-09|@|Portland|W (1 OT)|72|68|25|61|.410|8|16|.500|14|20|.700|7|33|13|10|6|13|20||24|72|.333|3|13|.231|17|22|.773|18|47|14|10|7|14|19
25|25|2013-02-14||Loyola Marymount|W|52|50|17|37|.459|1|9|.111|17|25|.680|3|23|10|8|4|16|15||18|54|.333|5|19|.263|9|12|.750|10|26|7|7|1|12|22
26|26|2013-02-16|@|Santa Clara|L|60|70|18|47|.383|1|7|.143|23|28|.821|10|33|11|4|1|12|20||25|53|.472|8|23|.348|12|22|.545|8|28|14|6|5|9|22
27|27|2013-02-23|@|San Francisco|L|58|64|22|60|.367|8|23|.348|6|9|.667|12|37|13|6|2|14|15||21|53|.396|6|19|.316|16|24|.667|10|32|11|6|3|10|13
28|28|2013-02-27||Saint Mary's (CA)|L|48|87|13|53|.245|4|20|.200|18|25|.720|14|28|6|7|1|15|12||33|64|.516|9|17|.529|12|15|.800|17|42|19|10|2|12|18
29|29|2013-03-02|@|San Diego|L|69|76|24|54|.444|8|17|.471|13|16|.813|8|26|15|0|3|5|18||27|54|.500|5|15|.333|17|22|.773|9|29|14|3|3|6|11
30|30|2013-03-07|N|San Diego|L|59|62|21|48|.438|4|14|.286|13|17|.765|7|23|10|6|0|18|18||21|51|.412|6|18|.333|14|22|.636|12|31|11|12|3|17|17
