ranker|game_season|date_game|game_location|opp_id|game_result|pts|opp_pts|fg|fga|fg_pct|fg3|fg3a|fg3_pct|ft|fta|ft_pct|orb|trb|ast|stl|blk|tov|pf|x|opp_fg|opp_fga|opp_fg_pct|opp_fg3|opp_fg3a|opp_fg3_pct|opp_ft|opp_fta|opp_ft_pct|opp_orb|opp_trb|opp_ast|opp_stl|opp_blk|opp_tov|opp_pf|
1|1|2012-11-10|@|Ohio|L|52|81|17|49|.347|4|14|.286|14|24|.583|10|32|13|3|3|23|20||29|58|.500|8|17|.471|15|20|.750|8|31|15|12|5|12|21
2|2|2012-11-15||Idaho State|W|51|48|20|44|.455|3|13|.231|8|11|.727|11|30|12|5|1|14|12||19|47|.404|8|22|.364|2|6|.333|8|21|14|9|1|13|14
3|3|2012-11-18|@|Montana State|L|64|83|23|47|.489|3|14|.214|15|21|.714|5|23|9|6|2|19|33||24|47|.511|8|16|.500|27|39|.692|9|32|14|9|2|14|22
4|4|2012-11-21||Portland State|W|81|60|31|60|.517|5|10|.500|14|22|.636|9|36|22|7|5|11|18||20|56|.357|2|15|.133|18|22|.818|9|28|12|8|1|15|20
5|5|2012-11-25|@|New Mexico|L|54|69|18|56|.321|1|10|.100|17|21|.810|9|32|10|8|6|15|26||19|57|.333|2|19|.105|29|38|.763|10|38|14|8|5|13|16
6|6|2012-11-27||Lewis & Clark|W|78|73|29|57|.509|4|13|.308|16|20|.800|8|27|16|6|5|4|14||27|54|.500|14|26|.538|5|8|.625|2|20|18|4|1|12|16
7|7|2012-12-01|@|Washington State|L|60|72|18|50|.360|11|25|.440|13|22|.591|3|24|14|5|6|9|19||24|56|.429|7|17|.412|17|22|.773|10|38|14|6|4|11|19
8|8|2012-12-04||Nevada-Las Vegas|L|60|68|25|60|.417|5|16|.313|5|9|.556|8|39|14|6|4|21|23||22|62|.355|6|25|.240|18|29|.621|11|36|12|12|6|13|13
9|9|2012-12-08|@|Kentucky|L|46|74|16|59|.271|4|13|.308|10|16|.625|5|32|11|3|3|18|21||29|59|.492|4|13|.308|12|22|.545|10|42|14|7|12|14|14
10|10|2012-12-14||Portland Bible College|W|95|66|39|69|.565|9|22|.409|8|11|.727|14|46|25|7|6|16|13||20|56|.357|13|37|.351|13|19|.684|1|14|10|11|2|13|14
11|11|2012-12-17||Cal State Bakersfield|W|69|51|21|47|.447|1|10|.100|26|40|.650|12|37|8|5|5|10|19||16|52|.308|6|18|.333|13|23|.565|9|25|6|5|1|11|27
12|12|2012-12-19||North Florida|W|74|64|21|51|.412|5|12|.417|27|37|.730|11|35|14|7|3|13|17||24|59|.407|4|21|.190|12|18|.667|9|28|16|10|2|12|24
13|13|2012-12-22|N|Colorado State|L|53|70|21|53|.396|4|20|.200|7|11|.636|10|29|9|2|1|13|14||28|58|.483|1|15|.067|13|15|.867|10|30|10|6|0|7|11
14|14|2012-12-23|N|Bradley|W|57|55|22|50|.440|6|19|.316|7|15|.467|12|41|13|3|4|19|14||17|54|.315|6|24|.250|15|21|.714|7|28|7|15|0|7|17
15|15|2012-12-29||Texas-Pan American|L|52|56|22|64|.344|3|16|.188|5|7|.714|21|39|7|6|4|13|16||18|41|.439|8|17|.471|12|15|.800|3|17|6|5|1|12|13
16|16|2013-01-03|@|San Diego|L|50|61|18|51|.353|2|15|.133|12|18|.667|15|34|6|5|4|13|17||20|49|.408|6|16|.375|15|19|.789|8|27|13|5|4|11|16
17|17|2013-01-05|@|Pepperdine|L|47|54|17|51|.333|4|13|.308|9|15|.600|8|40|8|4|7|14|18||20|56|.357|3|6|.500|11|20|.550|8|37|10|8|3|6|16
18|18|2013-01-12|@|Loyola Marymount|W|68|64|29|53|.547|4|9|.444|6|9|.667|11|38|17|3|3|17|17||20|53|.377|8|23|.348|16|20|.800|5|17|11|6|0|5|11
19|19|2013-01-17||Gonzaga|L|49|71|18|44|.409|3|10|.300|10|13|.769|5|19|8|9|4|17|17||27|58|.466|9|21|.429|8|11|.727|15|34|13|10|3|13|15
20|20|2013-01-19||Saint Mary's (CA)|L|38|60|10|43|.233|2|10|.200|16|26|.615|8|32|6|5|5|18|18||23|54|.426|6|18|.333|8|16|.500|3|30|15|11|3|12|22
21|21|2013-01-24||San Francisco|L|72|75|25|49|.510|4|10|.400|18|23|.783|11|25|11|8|1|16|13||25|47|.532|9|21|.429|16|17|.941|5|16|14|9|3|16|21
22|22|2013-01-26||Brigham Young|L|67|85|23|49|.469|4|12|.333|17|30|.567|9|33|15|8|5|17|19||31|60|.517|6|12|.500|17|27|.630|10|30|16|12|3|11|24
23|23|2013-01-31|@|Santa Clara|L|46|70|13|52|.250|2|12|.167|18|21|.857|10|25|8|10|0|17|16||26|52|.500|6|18|.333|12|15|.800|12|40|16|5|6|18|18
24|24|2013-02-02|@|Saint Mary's (CA)|L|42|77|15|48|.313|2|4|.500|10|15|.667|7|24|8|8|4|18|11||28|60|.467|11|23|.478|10|13|.769|13|39|14|12|4|16|15
25|25|2013-02-07||Loyola Marymount|W|69|60|23|41|.561|11|16|.688|12|17|.706|8|24|19|6|3|15|19||22|47|.468|5|9|.556|11|17|.647|9|22|10|8|4|12|20
26|26|2013-02-09||Pepperdine|L (1 OT)|68|72|24|72|.333|3|13|.231|17|22|.773|18|47|14|10|7|14|19||25|61|.410|8|16|.500|14|20|.700|7|33|13|10|6|13|20
27|27|2013-02-14|@|San Francisco|W|78|76|32|64|.500|4|14|.286|10|14|.714|10|36|15|2|7|13|15||26|63|.413|9|22|.409|15|19|.789|8|28|9|7|1|9|15
28|28|2013-02-16|@|Brigham Young|L|72|86|28|60|.467|9|22|.409|7|14|.500|5|22|22|7|1|12|13||34|57|.596|6|13|.462|12|16|.750|7|27|26|5|4|8|14
29|29|2013-02-21||San Diego|W|70|67|25|51|.490|1|7|.143|19|27|.704|15|36|5|7|2|12|16||25|52|.481|5|16|.313|12|20|.600|10|25|14|6|3|10|19
30|30|2013-02-23||Santa Clara|L|63|75|23|64|.359|6|18|.333|11|16|.688|12|29|12|6|6|10|18||26|58|.448|10|25|.400|13|17|.765|14|42|14|7|3|16|18
31|31|2013-03-02|@|Gonzaga|L|52|81|17|59|.288|8|20|.400|10|14|.714|14|29|8|5|6|13|20||31|63|.492|8|23|.348|11|17|.647|12|38|20|10|2|5|12
32|32|2013-03-06|N|Loyola Marymount|L|54|65|18|42|.429|4|16|.250|14|22|.636|4|28|7|6|1|19|18||24|52|.462|6|14|.429|11|16|.688|6|29|14|14|2|11|18
