ranker|game_season|date_game|game_location|opp_id|game_result|pts|opp_pts|fg|fga|fg_pct|fg3|fg3a|fg3_pct|ft|fta|ft_pct|orb|trb|ast|stl|blk|tov|pf|x|opp_fg|opp_fga|opp_fg_pct|opp_fg3|opp_fg3a|opp_fg3_pct|opp_ft|opp_fta|opp_ft_pct|opp_orb|opp_trb|opp_ast|opp_stl|opp_blk|opp_tov|opp_pf|
1|1|2012-11-10||NJIT|W|64|63|20|62|.323|3|21|.143|21|27|.778|14|37|10|5|6|11|13||22|60|.367|7|17|.412|12|14|.857|9|36|13|5|4|13|18
2|2|2012-11-12||Bryant|W|81|49|31|54|.574|8|15|.533|11|18|.611|13|42|21|8|6|15|16||16|52|.308|5|26|.192|12|18|.667|11|26|11|7|0|14|19
3|3|2012-11-15|N|Massachusetts|L|75|77|26|54|.481|5|19|.263|18|24|.750|10|31|9|3|1|11|18||31|61|.508|6|19|.316|9|17|.529|14|33|10|7|3|15|22
4|4|2012-11-16|N|Penn State|L (1 OT)|52|55|15|45|.333|5|16|.313|17|24|.708|12|32|6|8|1|20|19||20|53|.377|4|21|.190|11|19|.579|15|33|10|11|3|16|21
5|5|2012-11-18|N|North Carolina-Asheville|W|72|67|27|49|.551|6|16|.375|12|21|.571|8|36|11|7|2|20|15||26|71|.366|6|17|.353|9|14|.643|19|35|10|14|1|12|18
6|6|2012-11-23||Fairfield|W|66|47|22|46|.478|5|16|.313|17|24|.708|10|35|15|5|5|17|11||19|54|.352|4|18|.222|5|8|.625|8|21|9|6|2|16|22
7|7|2012-11-27||Holy Cross|W|61|42|24|61|.393|7|24|.292|6|10|.600|11|35|18|6|5|9|9||18|54|.333|1|20|.050|5|6|.833|8|32|10|3|4|15|13
8|8|2012-12-01||Mississippi State|W|73|63|25|54|.463|2|12|.167|21|28|.750|10|33|18|5|8|12|17||23|64|.359|2|22|.091|15|22|.682|15|36|10|8|1|14|20
9|9|2012-12-06||Rhode Island|W|72|57|23|57|.404|2|15|.133|24|26|.923|10|35|13|13|3|16|15||20|52|.385|3|18|.167|14|17|.824|6|26|11|7|5|20|21
10|10|2012-12-18||Colgate|W|79|45|32|70|.457|11|26|.423|4|10|.400|19|48|25|11|4|12|9||19|58|.328|6|23|.261|1|4|.250|11|31|12|2|0|17|16
11|11|2012-12-22|@|Boston College|L|68|71|23|63|.365|8|19|.421|14|19|.737|9|33|10|4|1|9|22||22|54|.407|7|18|.389|20|27|.741|12|38|12|4|3|8|18
12|12|2012-12-28|@|Brown|L|68|69|23|56|.411|10|22|.455|12|17|.706|7|30|17|7|1|7|12||26|52|.500|13|27|.481|4|12|.333|7|36|17|6|1|14|19
13|13|2013-01-02|@|Louisville|L|62|80|25|56|.446|8|20|.400|4|9|.444|10|30|11|1|1|16|19||30|57|.526|7|18|.389|13|21|.619|10|32|22|10|5|8|16
14|14|2013-01-05||DePaul|L|73|83|24|63|.381|3|15|.200|22|34|.647|15|38|12|10|3|22|20||27|62|.435|5|15|.333|24|29|.828|7|33|13|8|3|14|28
15|15|2013-01-09||Syracuse|L|66|72|21|50|.420|9|18|.500|15|23|.652|8|22|15|4|3|11|15||26|62|.419|3|21|.143|17|18|.944|16|36|14|8|7|8|16
16|16|2013-01-13|@|Seton Hall|W|67|55|22|61|.361|5|18|.278|18|29|.621|19|37|11|9|7|8|17||21|49|.429|4|13|.308|9|13|.692|8|31|12|5|6|17|24
17|17|2013-01-16|@|Georgetown|L|65|74|22|58|.379|7|20|.350|14|21|.667|13|33|14|8|4|15|23||25|47|.532|5|12|.417|19|25|.760|4|24|17|11|4|13|19
18|18|2013-01-19||Villanova|W|69|66|19|56|.339|2|14|.143|29|48|.604|15|36|7|12|3|12|23||22|49|.449|5|16|.313|17|25|.680|6|31|9|2|5|24|32
19|19|2013-01-22||Pittsburgh|L|64|68|26|55|.473|6|17|.353|6|10|.600|12|28|14|8|3|16|15||26|51|.510|4|7|.571|12|21|.571|10|28|12|10|2|13|13
20|20|2013-01-26|@|Marquette|L|71|81|23|52|.442|4|12|.333|21|28|.750|7|23|14|5|0|8|22||29|59|.492|4|12|.333|19|23|.826|13|31|16|5|6|8|23
21|21|2013-01-31||Connecticut|L (1 OT)|79|82|22|65|.338|3|14|.214|32|39|.821|23|49|15|5|1|17|27||27|54|.500|9|17|.529|19|27|.704|4|21|20|8|10|11|28
22|22|2013-02-03|@|Villanova|W|55|52|18|46|.391|10|15|.667|9|15|.600|9|33|15|6|3|21|22||14|51|.275|2|15|.133|22|26|.846|14|36|9|14|2|18|18
23|23|2013-02-06||Cincinnati|W|54|50|21|49|.429|2|17|.118|10|17|.588|9|28|13|2|2|10|19||18|48|.375|3|13|.231|11|20|.550|14|37|8|5|3|14|20
24|24|2013-02-13|@|South Florida|W|76|66|25|49|.510|5|14|.357|21|25|.840|6|25|22|7|5|6|14||25|58|.431|7|19|.368|9|14|.643|12|30|15|1|2|11|20
25|25|2013-02-16||Notre Dame|W|71|54|29|65|.446|8|20|.400|5|9|.556|15|39|20|5|2|8|12||22|56|.393|1|14|.071|9|14|.643|9|29|14|3|8|11|15
26|26|2013-02-20|@|Syracuse|L|59|84|23|66|.348|3|18|.167|10|14|.714|12|29|11|8|2|14|21||30|53|.566|5|10|.500|19|25|.760|5|35|18|8|7|15|15
27|27|2013-02-23|@|Rutgers|W|76|72|25|61|.410|8|20|.400|18|24|.750|13|33|15|7|3|7|17||26|64|.406|3|9|.333|17|24|.708|16|42|9|2|4|7|21
28|28|2013-03-02||St. John's (NY)|W|62|59|22|59|.373|7|22|.318|11|21|.524|15|41|15|2|2|13|16||25|68|.368|1|11|.091|8|14|.571|9|33|12|4|5|8|21
29|29|2013-03-05||Seton Hall|W|76|66|27|66|.409|5|19|.263|17|22|.773|13|37|19|6|7|8|15||24|56|.429|8|18|.444|10|14|.714|5|29|14|3|4|12|19
30|30|2013-03-09|@|Connecticut|L (1 OT)|59|63|21|59|.356|5|21|.238|12|14|.857|10|36|13|5|5|14|18||22|61|.361|5|19|.263|14|23|.609|11|33|10|8|6|8|14
31|31|2013-03-13|N|Cincinnati|L|44|61|18|64|.281|1|16|.063|7|11|.636|15|32|12|5|1|7|18||22|55|.400|5|15|.333|12|17|.706|11|42|12|5|7|9|18
32|32|2013-03-20||Charlotte|W|75|66|27|65|.415|5|17|.294|16|23|.696|12|35|16|10|7|5|18||24|61|.393|4|13|.308|14|19|.737|12|36|12|3|4|12|19
33|33|2013-03-25||Robert Morris|W|77|68|21|49|.429|4|14|.286|31|36|.861|14|40|14|3|1|15|16||23|51|.451|11|25|.440|11|15|.733|3|16|15|7|1|13|27
34|34|2013-03-27|@|Baylor|L|68|79|29|62|.468|4|18|.222|6|8|.750|8|30|14|1|2|9|19||28|54|.519|3|9|.333|20|26|.769|5|28|19|7|4|5|11
