ranker|game_season|date_game|game_location|opp_id|game_result|pts|opp_pts|fg|fga|fg_pct|fg3|fg3a|fg3_pct|ft|fta|ft_pct|orb|trb|ast|stl|blk|tov|pf|x|opp_fg|opp_fga|opp_fg_pct|opp_fg3|opp_fg3a|opp_fg3_pct|opp_ft|opp_fta|opp_ft_pct|opp_orb|opp_trb|opp_ast|opp_stl|opp_blk|opp_tov|opp_pf|
1|1|2012-11-09||Bucknell|L|65|70|28|61|.459|2|16|.125|7|15|.467|9|31|16|4|4|9|20||24|57|.421|2|10|.200|20|25|.800|7|32|12|3|1|8|15
2|2|2012-11-11||Hofstra|W|83|54|33|64|.516|7|18|.389|10|13|.769|19|47|21|8|4|20|20||19|55|.345|3|11|.273|13|23|.565|9|21|9|12|7|17|10
3|3|2012-11-15|N|Villanova|L (1 OT)|81|89|30|77|.390|5|23|.217|16|28|.571|16|45|19|9|7|16|33||24|64|.375|8|24|.333|33|41|.805|11|38|11|7|4|18|22
4|4|2012-11-16|N|Oregon State|L|58|66|22|65|.338|5|19|.263|9|16|.563|17|34|14|7|7|11|20||23|55|.418|4|11|.364|16|24|.667|17|44|12|6|3|17|15
5|5|2012-11-21||North Carolina-Wilmington|W|66|40|21|49|.429|4|13|.308|20|24|.833|12|37|12|10|4|16|12||15|46|.326|3|11|.273|7|12|.583|5|22|7|5|2|18|18
6|6|2012-11-28|@|Clemson|W|73|61|25|49|.510|8|18|.444|15|21|.714|9|38|15|3|3|13|19||23|58|.397|4|23|.174|11|20|.550|9|23|6|6|4|5|18
7|7|2012-12-01||Xavier|L|57|63|21|60|.350|0|17|.000|15|23|.652|15|38|7|2|1|11|15||23|53|.434|4|13|.308|13|16|.813|3|26|10|6|1|10|20
8|8|2012-12-04||Lamar|W|72|39|28|62|.452|4|11|.364|12|21|.571|17|48|13|8|7|12|15||17|56|.304|2|9|.222|3|7|.429|9|30|12|4|6|16|15
9|9|2012-12-08|@|Eastern Michigan|L|44|47|14|47|.298|4|14|.286|12|20|.600|13|44|9|2|6|18|19||17|55|.309|5|18|.278|8|19|.421|10|31|9|11|6|4|16
10|10|2012-12-15|N|Notre Dame|L|68|81|25|61|.410|4|12|.333|14|19|.737|7|26|10|5|0|15|24||26|53|.491|5|15|.333|24|33|.727|6|35|19|8|5|11|16
11|11|2012-12-18||Ball State|W|66|56|23|52|.442|3|8|.375|17|25|.680|7|30|13|6|5|9|22||18|52|.346|7|19|.368|13|19|.684|7|28|11|3|3|17|19
12|12|2012-12-29||William & Mary|W|73|66|28|62|.452|3|12|.250|14|19|.737|9|31|17|5|6|7|11||27|55|.491|7|20|.350|5|6|.833|2|24|19|3|3|13|17
13|13|2013-01-02||Illinois|W|68|61|25|61|.410|6|16|.375|12|19|.632|12|38|14|3|7|10|14||21|59|.356|10|26|.385|9|14|.643|10|31|10|6|6|9|20
14|14|2013-01-05|@|Michigan State|L|61|84|24|61|.393|4|14|.286|9|20|.450|10|33|11|4|4|10|21||29|64|.453|8|15|.533|18|22|.818|11|41|21|8|3|12|20
15|15|2013-01-08||Ohio State|L|64|74|26|67|.388|3|8|.375|9|14|.643|10|27|13|6|2|6|17||31|55|.564|4|10|.400|8|15|.533|8|35|13|3|9|13|15
16|16|2013-01-13||Penn State|W|60|42|23|51|.451|4|8|.500|10|21|.476|8|35|13|4|6|14|15||15|58|.259|3|12|.250|9|12|.750|11|29|8|8|6|14|18
17|17|2013-01-16|@|Nebraska|W|65|56|25|56|.446|6|15|.400|9|16|.563|11|41|15|1|8|12|11||22|66|.333|3|10|.300|9|12|.750|13|34|7|8|3|2|14
18|18|2013-01-19||West Virginia|W|79|52|29|59|.492|8|11|.727|13|21|.619|15|39|17|6|7|16|21||17|58|.293|3|18|.167|15|20|.750|15|27|6|11|7|17|20
19|19|2013-01-24|@|Michigan|L|53|68|21|54|.389|7|22|.318|4|7|.571|8|25|12|2|3|12|14||27|55|.491|7|16|.438|7|10|.700|9|32|11|6|5|10|9
20|20|2013-01-27||Iowa|W (1 OT)|65|62|25|64|.391|3|12|.250|12|20|.600|11|43|13|4|8|7|21||19|61|.311|5|17|.294|19|27|.704|10|36|15|6|8|10|21
21|21|2013-01-30||Indiana|L|60|97|22|55|.400|2|8|.250|14|19|.737|10|23|11|2|8|18|17||33|67|.493|12|25|.480|19|20|.950|15|34|21|10|5|8|19
22|22|2013-02-02|@|Northwestern|L|60|75|23|69|.333|4|11|.364|10|16|.625|17|39|16|2|3|8|17||26|49|.531|11|26|.423|12|18|.667|4|27|24|4|12|5|16
23|23|2013-02-05|@|Penn State|W|58|49|20|49|.408|0|10|.000|18|29|.621|6|40|8|3|5|10|14||19|62|.306|2|20|.100|9|13|.692|10|35|10|4|1|8|24
24|24|2013-02-09||Michigan State|L|65|78|21|44|.477|1|5|.200|22|34|.647|8|26|14|4|4|14|19||27|55|.491|4|12|.333|20|24|.833|8|26|9|13|1|9|24
25|25|2013-02-13|@|Illinois|L|59|79|21|55|.382|6|16|.375|11|16|.688|11|29|9|8|4|17|12||29|68|.426|7|25|.280|14|16|.875|17|40|14|5|1|11|16
26|26|2013-02-16|@|Indiana|L|55|83|21|56|.375|4|11|.364|9|14|.643|9|25|7|6|6|17|23||30|54|.556|8|19|.421|15|24|.625|11|37|16|10|7|14|18
27|27|2013-02-24||Northwestern|W|74|43|27|51|.529|7|15|.467|13|23|.565|9|41|18|6|5|15|18||16|56|.286|4|18|.222|7|12|.583|7|21|12|8|6|11|18
28|28|2013-02-27|@|Iowa|L|48|58|19|52|.365|3|14|.214|7|10|.700|8|34|14|4|0|15|24||16|51|.314|5|13|.385|21|29|.724|13|37|8|10|5|9|15
29|29|2013-03-03|@|Wisconsin|W|69|56|26|57|.456|6|12|.500|11|17|.647|10|36|15|8|2|12|12||22|55|.400|6|28|.214|6|8|.750|6|26|12|8|6|11|17
30|30|2013-03-06||Michigan|L|75|80|26|60|.433|5|15|.333|18|21|.857|12|38|15|3|3|13|22||25|59|.424|7|18|.389|23|29|.793|6|25|15|9|0|5|18
31|31|2013-03-09||Minnesota|W|89|73|32|59|.542|7|15|.467|18|24|.750|7|26|20|6|4|8|15||26|60|.433|9|23|.391|12|15|.800|11|30|17|4|5|13|19
32|32|2013-03-14|N|Nebraska|L|55|57|23|57|.404|2|12|.167|7|14|.500|10|33|13|1|5|7|14||21|47|.447|3|11|.273|12|17|.706|3|28|15|7|4|6|14
33|33|2013-03-20||Western Illinois|W|81|67|31|53|.585|7|11|.636|12|13|.923|7|25|19|7|3|12|13||26|52|.500|7|15|.467|8|12|.667|5|18|15|8|0|9|12
34|34|2013-03-25||Santa Clara|L|83|86|30|69|.435|1|11|.091|22|28|.786|13|34|15|9|2|11|22||29|59|.492|9|22|.409|19|28|.679|10|30|16|10|5|19|25
