ranker|game_season|date_game|game_location|opp_id|game_result|pts|opp_pts|fg|fga|fg_pct|fg3|fg3a|fg3_pct|ft|fta|ft_pct|orb|trb|ast|stl|blk|tov|pf|x|opp_fg|opp_fga|opp_fg_pct|opp_fg3|opp_fg3a|opp_fg3_pct|opp_ft|opp_fta|opp_ft_pct|opp_orb|opp_trb|opp_ast|opp_stl|opp_blk|opp_tov|opp_pf|
1|1|2012-11-09|@|Wake Forest|L|67|79|25|66|.379|7|21|.333|10|20|.500|13|29|11|12|4|12|28||28|44|.636|3|11|.273|20|30|.667|5|32|11|8|5|18|19
2|2|2012-11-12||Cincinnati Christian|W (1 OT)|76|71|25|62|.403|6|18|.333|20|33|.606|24|47|12|12|5|19|12||27|62|.435|12|29|.414|5|8|.625|9|30|15|7|3|18|26
3|3|2012-11-16|N|Towson|L|67|75|23|51|.451|4|17|.235|17|27|.630|6|24|10|7|1|15|21||28|60|.467|7|20|.350|12|28|.429|18|43|10|10|2|17|22
4|4|2012-11-17|N|Kennesaw State|W|67|58|23|50|.460|5|15|.333|16|23|.696|8|29|12|8|5|17|19||20|48|.417|2|14|.143|16|23|.696|7|31|8|5|2|20|22
5|5|2012-11-18|@|Eastern Kentucky|L|75|83|24|46|.522|9|17|.529|18|27|.667|8|26|13|10|2|20|23||26|53|.491|11|24|.458|20|29|.690|13|27|13|7|1|12|23
6|6|2012-11-21||Brevard|W|81|53|33|74|.446|7|24|.292|8|12|.667|18|39|18|14|2|8|17||18|41|.439|5|20|.250|12|18|.667|3|25|9|6|4|24|14
7|7|2012-11-24|@|Citadel|W|74|61|26|63|.413|6|23|.261|16|27|.593|16|35|14|11|4|15|24||18|47|.383|5|16|.313|20|24|.833|6|28|13|6|0|23|23
8|8|2012-11-28||Hampton|W|73|64|26|53|.491|8|18|.444|13|16|.813|7|30|11|11|3|20|10||28|66|.424|3|11|.273|5|10|.500|11|32|11|14|4|20|17
9|9|2012-12-04|@|Delaware|L|59|68|20|54|.370|6|18|.333|13|23|.565|9|29|6|9|4|15|24||22|58|.379|5|13|.385|19|23|.826|14|42|9|6|8|16|17
10|10|2012-12-08||William & Mary|L|55|60|20|57|.351|7|18|.389|8|15|.533|7|33|10|8|0|9|19||21|44|.477|5|11|.455|13|21|.619|2|31|10|5|1|14|11
11|11|2012-12-19|@|Charlotte|L|52|68|18|55|.327|2|14|.143|14|23|.609|12|30|3|9|6|15|16||29|56|.518|3|7|.429|7|11|.636|11|36|13|10|4|15|20
12|12|2012-12-22|@|West Virginia|L|62|72|24|56|.429|3|18|.167|11|16|.688|9|29|12|6|1|17|30||22|48|.458|3|12|.250|25|35|.714|8|31|16|5|3|14|16
13|13|2012-12-29||Central Pennsylvania College|W|95|68|32|64|.500|8|21|.381|23|32|.719|11|43|26|14|3|16|20||21|62|.339|6|18|.333|20|29|.690|12|33|9|6|1|20|22
14|14|2013-01-02|@|North Carolina A&T|L|77|81|31|68|.456|11|24|.458|4|8|.500|6|34|21|7|5|14|21||30|61|.492|7|14|.500|14|22|.636|4|31|19|7|9|14|12
15|15|2013-01-05||Charleston Southern|L|74|81|29|78|.372|11|23|.478|5|8|.625|19|41|18|10|4|11|14||27|61|.443|14|26|.538|13|16|.813|9|36|18|8|4|16|8
16|16|2013-01-09||High Point|W|59|54|20|55|.364|6|16|.375|13|28|.464|13|41|9|9|6|14|17||23|60|.383|1|12|.083|7|12|.583|7|31|10|12|5|12|16
17|17|2013-01-12|@|North Carolina-Asheville|L|61|79|21|72|.292|5|26|.192|14|23|.609|19|34|12|11|6|8|17||30|56|.536|4|8|.500|15|22|.682|13|45|20|6|10|20|17
18|18|2013-01-16||Longwood|W|82|72|28|59|.475|6|16|.375|20|23|.870|10|33|16|13|4|18|15||27|55|.491|7|17|.412|11|15|.733|2|22|16|9|4|19|20
19|19|2013-01-19|@|Gardner-Webb|W|52|51|20|51|.392|5|18|.278|7|9|.778|6|29|11|6|5|11|20||15|50|.300|2|12|.167|19|27|.704|14|36|11|5|2|12|11
20|20|2013-01-23|@|Campbell|L|60|69|23|56|.411|5|20|.250|9|16|.563|13|33|17|8|5|15|14||29|59|.492|3|8|.375|8|11|.727|9|28|18|12|3|12|14
21|21|2013-01-26||Winthrop|W|58|57|23|49|.469|4|15|.267|8|12|.667|7|26|12|7|4|10|11||22|45|.489|9|17|.529|4|8|.500|3|22|12|4|3|13|12
22|22|2013-01-30||Virginia Military Institute|L|69|70|21|64|.328|9|23|.391|18|33|.545|14|37|11|9|3|10|17||25|62|.403|7|19|.368|13|20|.650|14|47|8|5|7|20|24
23|23|2013-02-02|@|Coastal Carolina|L|52|62|16|56|.286|5|23|.217|15|24|.625|13|32|12|2|7|9|24||20|52|.385|4|11|.364|18|31|.581|14|40|9|3|5|7|23
24|24|2013-02-05|@|Liberty|L|70|75|26|60|.433|9|20|.450|9|20|.450|13|35|11|5|2|15|26||23|56|.411|5|14|.357|24|32|.750|7|30|9|10|4|10|17
25|25|2013-02-09||Presbyterian|W|76|65|25|58|.431|6|20|.300|20|23|.870|8|37|15|9|5|13|17||22|56|.393|4|12|.333|17|19|.895|3|26|12|4|3|13|16
26|26|2013-02-13|@|Virginia Military Institute|W|82|79|29|65|.446|9|23|.391|15|20|.750|13|36|14|3|5|12|21||26|59|.441|6|21|.286|21|29|.724|9|30|10|9|4|9|16
27|27|2013-02-16|@|Longwood|L|61|76|20|65|.308|5|23|.217|16|22|.727|14|35|6|8|1|15|21||25|50|.500|5|11|.455|21|26|.808|7|34|18|8|6|16|20
28|28|2013-02-19||Campbell|L (1 OT)|66|72|23|54|.426|3|14|.214|17|25|.680|11|33|7|9|2|20|18||27|65|.415|7|15|.467|11|14|.786|9|32|11|12|5|14|21
29|29|2013-02-24|@|Siena|L (1 OT)|57|65|20|65|.308|8|28|.286|9|13|.692|10|28|13|9|1|12|26||20|51|.392|4|12|.333|21|34|.618|7|35|10|7|3|17|15
30|30|2013-02-27|@|High Point|W|63|58|20|55|.364|3|11|.273|20|28|.714|14|34|4|5|8|9|15||23|56|.411|3|11|.273|9|19|.474|12|34|14|7|5|13|23
31|31|2013-03-02||Liberty|L|56|73|19|61|.311|3|18|.167|15|25|.600|11|32|7|8|0|6|20||22|46|.478|9|17|.529|20|25|.800|3|36|14|2|4|13|17
32|32|2013-03-05|N|Winthrop|L (1 OT)|58|60|17|46|.370|3|14|.214|21|28|.750|3|23|8|5|3|8|15||23|59|.390|2|14|.143|12|16|.750|12|35|4|2|1|9|20
