ranker|game_season|date_game|game_location|opp_id|game_result|pts|opp_pts|fg|fga|fg_pct|fg3|fg3a|fg3_pct|ft|fta|ft_pct|orb|trb|ast|stl|blk|tov|pf|x|opp_fg|opp_fga|opp_fg_pct|opp_fg3|opp_fg3a|opp_fg3_pct|opp_ft|opp_fta|opp_ft_pct|opp_orb|opp_trb|opp_ast|opp_stl|opp_blk|opp_tov|opp_pf|
1|1|2012-11-09||Norfolk State|L|55|67|15|53|.283|6|20|.300|19|30|.633|15|33|6|8|5|8|19||25|56|.446|5|13|.385|12|18|.667|13|40|9|4|6|13|25
2|2|2012-11-12|@|Virginia Tech|L|50|69|20|59|.339|1|21|.048|9|16|.563|8|30|4|3|2|10|18||26|57|.456|7|21|.333|10|17|.588|8|39|14|5|9|9|15
3|3|2012-11-17|N|Ohio State|L|58|69|21|48|.438|8|17|.471|8|8|1.000|4|21|9|6|4|11|13||24|55|.436|8|19|.421|13|18|.722|12|32|9|5|3|7|14
4|4|2012-11-18|N|Seton Hall|L|55|60|21|48|.438|8|20|.400|5|7|.714|7|26|6|4|1|7|21||18|45|.400|4|15|.267|20|26|.769|8|24|9|6|0|7|15
5|5|2012-11-23||Loyola (MD)|L (1 OT)|54|58|20|59|.339|4|22|.182|10|20|.500|19|45|6|3|12|10|16||23|67|.343|4|20|.200|8|18|.444|17|40|10|7|4|6|16
6|6|2012-11-25|@|Auburn|W (2 OT)|78|72|26|65|.400|13|26|.500|13|21|.619|11|36|14|11|3|15|13||28|62|.452|11|27|.407|5|7|.714|10|33|21|8|3|19|18
7|7|2012-11-28||George Mason|L|52|55|17|51|.333|5|18|.278|13|26|.500|8|26|12|6|7|6|20||21|56|.375|4|12|.333|9|15|.600|14|41|9|4|3|15|22
8|8|2012-12-01||Vermont|W|76|66|23|52|.442|7|16|.438|23|35|.657|8|27|13|9|5|12|26||20|50|.400|5|14|.357|21|29|.724|10|39|10|6|3|17|28
9|9|2012-12-06|@|Providence|L|57|72|20|52|.385|3|18|.167|14|17|.824|6|26|11|7|5|20|21||23|57|.404|2|15|.133|24|26|.923|10|35|13|13|3|16|15
10|10|2012-12-15||Southern Methodist|W|72|50|25|51|.490|10|23|.435|12|14|.857|7|22|17|12|4|11|12||19|44|.432|3|11|.273|9|13|.692|8|26|12|3|1|22|13
11|11|2012-12-22||Georgia State|W|65|60|21|47|.447|8|20|.400|15|21|.714|5|33|7|0|6|12|19||21|53|.396|4|17|.235|14|20|.700|5|29|6|9|5|6|19
12|12|2012-12-27|@|Saint Mary's (CA)|L|59|82|23|53|.434|7|19|.368|6|8|.750|2|13|9|7|1|9|19||29|55|.527|8|19|.421|16|23|.696|12|40|16|4|5|13|13
13|13|2013-01-04||Brown|W|59|47|18|55|.327|4|15|.267|19|31|.613|13|39|11|8|4|12|16||16|53|.302|4|17|.235|11|21|.524|9|35|9|7|4|13|26
14|14|2013-01-09|@|Richmond|L|61|64|22|57|.386|5|19|.263|12|19|.632|14|42|7|2|3|8|23||21|50|.420|4|18|.222|18|30|.600|9|33|9|3|7|10|18
15|15|2013-01-12||Charlotte|L|50|58|18|47|.383|3|17|.176|11|18|.611|3|23|8|3|6|11|17||19|51|.373|3|14|.214|17|26|.654|11|37|10|8|1|13|16
16|16|2013-01-19|@|Saint Louis|W (1 OT)|82|80|27|49|.551|10|19|.526|18|21|.857|9|30|17|5|9|18|19||28|64|.438|14|26|.538|10|15|.667|9|21|17|11|2|11|19
17|17|2013-01-23||George Washington|L|65|66|24|48|.500|6|15|.400|11|18|.611|6|23|12|8|4|13|23||25|49|.510|4|12|.333|12|24|.500|14|31|12|4|4|13|19
18|18|2013-01-26|@|Fordham|L|63|66|18|47|.383|6|24|.250|21|30|.700|6|29|11|1|3|13|27||22|60|.367|3|18|.167|19|33|.576|18|43|11|6|3|10|19
19|19|2013-01-30||Virginia Commonwealth|L|64|70|24|54|.444|6|18|.333|10|14|.714|11|21|13|9|4|17|18||25|52|.481|2|11|.182|18|25|.720|14|32|10|7|3|18|16
20|20|2013-02-02|@|Butler|L|68|75|20|50|.400|4|11|.364|24|28|.857|9|22|9|5|3|11|23||23|47|.489|5|12|.417|24|27|.889|7|28|11|5|2|15|21
21|21|2013-02-06|@|Massachusetts|L|53|81|18|54|.333|7|30|.233|10|12|.833|5|24|10|5|0|12|21||28|54|.519|9|19|.474|16|21|.762|7|33|19|7|4|11|16
22|22|2013-02-09||St. Bonaventure|L|61|67|19|49|.388|5|16|.313|18|26|.692|14|34|10|4|4|18|20||21|49|.429|6|23|.261|19|22|.864|6|23|13|9|5|12|22
23|23|2013-02-13||Dayton|W|75|72|28|56|.500|10|22|.455|9|15|.600|7|29|19|6|9|12|18||25|58|.431|6|14|.429|16|19|.842|11|34|10|4|3|15|19
24|24|2013-02-16|@|Duquesne|W|67|62|23|54|.426|7|20|.350|14|17|.824|8|32|13|6|4|14|15||23|57|.404|10|27|.370|6|14|.429|8|30|10|4|6|12|17
25|25|2013-02-20||Xavier|L|42|55|13|54|.241|5|30|.167|11|17|.647|5|27|10|5|0|8|19||18|45|.400|2|6|.333|17|24|.708|6|43|7|3|3|14|20
26|26|2013-02-24||La Salle|L|65|72|26|58|.448|5|11|.455|8|16|.500|8|30|16|4|2|9|18||23|52|.442|9|23|.391|17|20|.850|7|35|15|4|5|10|16
27|27|2013-03-02|@|Temple|L|70|76|25|55|.455|10|20|.500|10|20|.500|9|29|13|6|0|12|23||27|59|.458|9|24|.375|13|24|.542|17|38|16|6|6|14|19
28|28|2013-03-06|@|Saint Joseph's|L|44|81|18|62|.290|1|20|.050|7|9|.778|10|28|10|6|1|11|21||27|51|.529|10|28|.357|17|24|.708|6|34|16|5|4|11|10
29|29|2013-03-09||Massachusetts|L|66|75|23|52|.442|9|21|.429|11|19|.579|5|25|13|2|6|7|21||24|51|.471|11|20|.550|16|24|.667|8|35|15|4|3|10|20
