ranker|game_season|date_game|game_location|opp_id|game_result|pts|opp_pts|fg|fga|fg_pct|fg3|fg3a|fg3_pct|ft|fta|ft_pct|orb|trb|ast|stl|blk|tov|pf|x|opp_fg|opp_fga|opp_fg_pct|opp_fg3|opp_fg3a|opp_fg3_pct|opp_ft|opp_fta|opp_ft_pct|opp_orb|opp_trb|opp_ast|opp_stl|opp_blk|opp_tov|opp_pf|
1|1|2012-11-10||St. Thomas (TX)|L|59|72|18|49|.367|6|28|.214|17|24|.708|10|30|12|4|1|15|19||27|49|.551|8|18|.444|10|21|.476|6|32|16|6|2|10|15
2|2|2012-11-14||St. Edward's|W|75|63|20|48|.417|5|16|.313|30|39|.769|8|37|13|11|2|22|14||24|64|.375|9|25|.360|6|10|.600|10|32|13|12|2|16|26
3|3|2012-11-17|@|Temple|L|63|77|22|53|.415|8|23|.348|11|14|.786|3|26|6|3|0|13|21||26|63|.413|4|26|.154|21|28|.750|16|40|16|8|2|8|17
4|4|2012-11-22|N|Georgia Tech|L|36|54|11|48|.229|9|30|.300|5|9|.556|4|23|9|5|1|12|13||21|54|.389|3|18|.167|9|13|.692|15|50|12|6|3|14|14
5|5|2012-11-23|N|Drake|L|66|77|22|53|.415|9|24|.375|13|14|.929|4|25|12|4|0|8|20||24|52|.462|11|25|.440|18|26|.692|10|35|15|2|4|8|13
6|6|2012-11-25|N|Drexel|L|47|55|19|52|.365|6|18|.333|3|6|.500|4|19|9|7|1|7|16||19|37|.514|5|11|.455|12|18|.667|3|31|11|1|0|13|9
7|7|2012-12-01||Houston Baptist|W|61|53|21|52|.404|5|17|.294|14|23|.609|8|32|10|14|4|15|19||19|51|.373|4|11|.364|11|21|.524|11|39|8|7|5|22|17
8|8|2012-12-12||Long Island University|L|70|97|29|58|.500|6|20|.300|6|15|.400|6|18|19|5|2|7|19||35|54|.648|10|19|.526|17|23|.739|8|35|21|5|5|11|17
9|9|2012-12-15||Hartford|L|51|58|18|48|.375|6|18|.333|9|14|.643|4|26|11|8|1|15|18||21|51|.412|8|18|.444|8|12|.667|7|34|13|6|1|15|10
10|10|2012-12-19||Chicago State|W (1 OT)|63|60|20|50|.400|9|26|.346|14|18|.778|3|22|11|8|3|11|13||25|61|.410|3|21|.143|7|10|.700|18|45|12|8|2|15|17
11|11|2012-12-22||Texas Christian|L|63|65|20|44|.455|6|17|.353|17|22|.773|1|17|9|4|1|9|20||22|45|.489|6|9|.667|15|24|.625|12|36|11|3|0|16|23
12|12|2012-12-29|@|Texas|L|41|57|15|47|.319|7|21|.333|4|6|.667|2|21|7|6|2|13|24||18|49|.367|3|9|.333|18|29|.621|16|46|9|6|4|13|12
13|13|2013-01-05|@|Harvard|L|62|92|19|49|.388|8|22|.364|16|22|.727|5|21|7|4|2|18|25||31|48|.646|8|15|.533|22|27|.815|3|28|20|7|5|17|13
14|14|2013-01-09||Southern Mississippi|L|52|75|18|48|.375|8|27|.296|8|10|.800|5|13|13|5|0|13|11||32|46|.696|4|8|.500|7|12|.583|7|30|19|11|5|17|17
15|15|2013-01-12|@|Tulsa|L|51|64|16|48|.333|11|24|.458|8|13|.615|4|16|11|6|2|11|23||19|36|.528|2|11|.182|24|35|.686|6|34|7|8|1|13|16
16|16|2013-01-16||Memphis|L|51|77|15|48|.313|8|18|.444|13|16|.813|3|15|6|7|2|13|22||24|43|.558|5|16|.313|24|38|.632|11|36|14|9|5|15|20
17|17|2013-01-19||New Orleans|W|95|71|38|62|.613|12|24|.500|7|8|.875|3|23|20|13|4|12|15||26|54|.481|5|15|.333|14|15|.933|6|24|14|6|4|19|15
18|18|2013-01-23|@|Central Florida|L|67|78|24|47|.511|10|23|.435|9|16|.563|3|15|14|5|0|11|24||21|49|.429|9|23|.391|27|35|.771|13|35|13|4|2|11|17
19|19|2013-01-26|@|Tulane|L|66|73|22|50|.440|7|24|.292|15|16|.938|1|18|12|7|0|9|23||22|47|.468|6|20|.300|23|34|.676|10|38|13|7|2|13|15
20|20|2013-01-30||Houston|W|79|69|25|55|.455|8|24|.333|21|24|.875|8|26|12|5|0|4|15||27|56|.482|5|19|.263|10|20|.500|15|36|15|4|3|9|16
21|21|2013-02-02||East Carolina|L|63|79|22|57|.386|5|18|.278|14|23|.609|10|27|12|10|0|14|24||27|47|.574|2|11|.182|23|34|.676|7|33|14|10|5|15|20
22|22|2013-02-06|@|Texas-El Paso|L|53|65|21|51|.412|6|17|.353|5|8|.625|10|29|10|5|0|9|13||24|47|.511|10|19|.526|7|11|.636|6|25|21|4|6|9|8
23|23|2013-02-09||Southern Methodist|L|39|61|10|51|.196|6|25|.240|13|16|.813|9|23|7|7|2|12|15||22|45|.489|6|12|.500|11|15|.733|9|37|12|6|8|14|15
24|24|2013-02-13|@|Marshall|L|70|71|27|56|.482|9|27|.333|7|9|.778|7|22|16|4|0|8|20||23|45|.511|7|21|.333|18|28|.643|11|30|14|3|5|11|11
25|25|2013-02-16|@|Alabama-Birmingham|L|57|80|20|55|.364|3|18|.167|14|18|.778|5|22|8|1|0|8|14||30|60|.500|11|24|.458|9|13|.692|9|38|14|5|7|7|19
26|26|2013-02-23||Tulane|L|64|89|19|44|.432|5|17|.294|21|27|.778|5|22|8|6|0|14|22||28|57|.491|9|17|.529|24|33|.727|16|39|10|10|1|11|22
27|27|2013-02-27|@|Southern Methodist|L|55|67|19|58|.328|9|30|.300|8|13|.615|5|19|12|11|0|4|24||21|37|.568|4|9|.444|21|30|.700|5|38|13|2|7|17|17
28|28|2013-03-02||Texas-El Paso|L|56|67|19|52|.365|7|20|.350|11|14|.786|1|24|9|6|2|8|16||25|53|.472|6|20|.300|11|19|.579|10|42|16|6|1|11|15
29|29|2013-03-06|@|Houston|L|62|84|24|57|.421|6|22|.273|8|11|.727|5|19|13|9|0|13|19||29|58|.500|4|16|.250|22|26|.846|14|43|14|10|4|13|15
30|30|2013-03-09||Tulsa|L|71|77|25|61|.410|12|34|.353|9|15|.600|4|23|21|7|0|8|22||24|46|.522|8|15|.533|21|30|.700|6|37|11|4|2|14|16
31|31|2013-03-13|N|Houston|L|67|72|26|70|.371|7|25|.280|8|10|.800|13|33|12|7|0|9|20||28|54|.519|5|14|.357|11|16|.688|8|39|14|3|7|15|14
