ranker|game_season|date_game|game_location|opp_id|game_result|pts|opp_pts|fg|fga|fg_pct|fg3|fg3a|fg3_pct|ft|fta|ft_pct|orb|trb|ast|stl|blk|tov|pf|x|opp_fg|opp_fga|opp_fg_pct|opp_fg3|opp_fg3a|opp_fg3_pct|opp_ft|opp_fta|opp_ft_pct|opp_orb|opp_trb|opp_ast|opp_stl|opp_blk|opp_tov|opp_pf|
1|1|2012-11-09||Liberty|W|84|42|29|59|.492|10|28|.357|16|25|.640|13|45|13|10|6|13|18||13|50|.260|4|19|.211|12|18|.667|3|26|6|6|1|17|17
2|2|2012-11-13||North Carolina-Wilmington|W|101|58|32|55|.582|14|28|.500|23|28|.821|8|30|26|12|2|8|17||18|56|.321|3|14|.214|19|19|1.000|16|34|11|4|2|18|23
3|3|2012-11-15||Hampton|W|68|58|21|51|.412|6|17|.353|20|27|.741|12|32|12|11|3|17|22||18|43|.419|4|15|.267|18|23|.783|9|30|8|7|3|23|23
4|4|2012-11-18|@|Minnesota|L|57|72|22|66|.333|4|20|.200|9|13|.692|11|20|9|15|2|8|20||26|46|.565|5|10|.500|15|21|.714|9|37|17|5|9|19|13
5|5|2012-11-20||Wofford|W|64|58|19|48|.396|4|18|.222|22|28|.786|8|37|10|6|5|13|14||20|56|.357|8|22|.364|10|16|.625|10|32|11|9|3|10|20
6|6|2012-11-24|@|Ohio|L|48|73|13|37|.351|6|16|.375|16|26|.615|6|22|10|5|5|19|11||27|58|.466|10|20|.500|9|10|.900|10|32|17|11|2|13|21
7|7|2012-11-28||William & Mary|W (2 OT)|86|78|28|56|.500|11|25|.440|19|21|.905|4|28|19|6|5|19|22||29|60|.483|6|13|.462|14|20|.700|7|31|12|7|5|17|20
8|8|2012-12-01||Wake Forest|W|62|60|16|42|.381|6|20|.300|24|28|.857|8|29|12|6|3|14|22||18|42|.429|4|6|.667|20|26|.769|6|27|8|7|5|13|23
9|9|2012-12-04|@|Old Dominion|W|80|53|31|54|.574|9|22|.409|9|12|.750|10|31|17|9|3|12|19||19|60|.317|3|10|.300|12|21|.571|20|34|11|9|3|15|17
10|10|2012-12-08|@|James Madison|W (1 OT)|83|82|26|45|.578|11|17|.647|20|26|.769|5|21|19|7|1|13|25||25|48|.521|8|13|.615|24|33|.727|9|23|12|9|5|15|21
11|11|2012-12-15||Stetson|W|76|57|24|47|.511|9|21|.429|19|23|.826|9|27|14|10|1|13|15||23|52|.442|2|19|.105|9|14|.643|10|27|14|5|1|16|21
12|12|2012-12-18|@|Kansas|L|59|87|19|58|.328|9|32|.281|12|22|.545|10|24|9|6|6|8|17||36|61|.590|6|16|.375|9|13|.692|11|43|17|7|7|12|18
13|13|2012-12-22|N|George Mason|L|64|67|20|44|.455|9|19|.474|15|26|.577|8|26|13|8|1|18|15||26|52|.500|8|13|.615|7|13|.538|10|29|14|12|3|17|20
14|14|2012-12-29||Davidson|L|64|70|23|50|.460|6|17|.353|12|15|.800|3|21|10|10|6|10|19||21|46|.457|5|15|.333|23|25|.920|6|31|15|4|4|18|18
15|15|2013-01-02||Air Force|W|91|68|29|53|.547|16|26|.615|17|25|.680|5|25|20|10|1|12|25||22|51|.431|4|14|.286|20|26|.769|11|35|14|4|1|18|18
16|16|2013-01-09||Rhode Island|W|64|61|21|50|.420|4|18|.222|18|30|.600|9|33|9|3|7|10|18||22|57|.386|5|19|.263|12|19|.632|14|42|7|2|3|8|23
17|17|2013-01-12|@|La Salle|L|59|71|24|59|.407|4|18|.222|7|8|.875|10|28|11|2|7|15|19||28|60|.467|3|15|.200|12|15|.800|10|30|16|8|3|9|15
18|18|2013-01-16|@|Butler|L|47|62|17|52|.327|7|24|.292|6|13|.462|5|18|9|4|5|6|17||21|56|.375|5|19|.263|15|21|.714|17|47|12|4|1|11|17
19|19|2013-01-19||Charlotte|W|81|61|25|51|.490|12|27|.444|19|23|.826|5|26|14|6|4|10|15||22|51|.431|3|15|.200|14|19|.737|10|35|9|6|0|16|22
20|20|2013-01-24||Virginia Commonwealth|W (1 OT)|86|74|28|58|.483|12|27|.444|18|23|.783|11|37|8|6|3|11|24||22|57|.386|3|17|.176|27|37|.730|16|35|5|5|4|13|24
21|21|2013-01-27|@|Massachusetts|L|65|70|20|55|.364|8|24|.333|17|22|.773|8|18|14|9|1|9|23||23|44|.523|3|15|.200|21|27|.778|6|31|16|3|6|13|21
22|22|2013-01-30|@|Temple|L|64|71|21|53|.396|10|27|.370|12|15|.800|6|23|13|8|4|13|17||25|52|.481|5|12|.417|16|25|.640|11|35|12|4|3|15|16
23|23|2013-02-02||Xavier|W|73|71|20|41|.488|8|21|.381|25|31|.806|4|21|13|4|5|9|23||24|40|.600|3|8|.375|20|31|.645|7|25|10|5|1|13|24
24|24|2013-02-09||Saint Louis|L|46|56|10|43|.233|3|15|.200|23|33|.697|4|27|5|8|7|14|23||19|45|.422|3|5|.600|15|24|.625|9|42|8|5|1|19|25
25|25|2013-02-13|@|Saint Joseph's|L|55|61|19|59|.322|6|20|.300|11|18|.611|10|24|7|7|5|6|22||19|45|.422|3|10|.300|20|28|.714|9|36|10|4|8|12|15
26|26|2013-02-16||St. Bonaventure|W (1 OT)|83|80|23|51|.451|12|25|.480|25|35|.714|4|27|16|8|4|18|26||26|56|.464|10|22|.455|18|23|.783|4|32|13|9|1|19|28
27|27|2013-02-23|@|Fordham|W|72|55|24|51|.471|10|28|.357|14|19|.737|8|30|17|9|6|11|21||17|54|.315|4|11|.364|17|23|.739|13|33|7|5|2|14|18
28|28|2013-02-27||George Washington|W|73|64|21|52|.404|8|21|.381|23|32|.719|8|28|11|13|3|15|22||22|41|.537|1|6|.167|19|29|.655|4|30|13|5|2|22|31
29|29|2013-03-02|@|Dayton|L|74|78|26|47|.553|9|18|.500|13|19|.684|7|17|18|5|3|7|19||27|49|.551|4|10|.400|20|24|.833|12|27|14|3|2|13|21
30|30|2013-03-06|@|Virginia Commonwealth|L|82|93|32|59|.542|7|17|.412|11|15|.733|11|31|12|1|2|15|25||30|55|.545|5|11|.455|28|36|.778|8|25|10|10|2|6|19
31|31|2013-03-09||Duquesne|W|79|55|31|60|.517|12|31|.387|5|10|.500|13|39|22|6|6|8|15||21|53|.396|8|21|.381|5|9|.556|7|25|10|2|1|13|12
32|32|2013-03-14|N|Charlotte|L|63|68|17|45|.378|7|21|.333|22|29|.759|7|20|7|4|4|3|18||23|53|.434|0|5|.000|22|28|.786|15|38|9|3|2|10|28
33|33|2013-03-20|@|Bryant|W|76|71|26|52|.500|9|21|.429|15|20|.750|2|25|12|8|5|11|16||25|52|.481|8|19|.421|13|17|.765|3|26|15|5|0|14|17
34|34|2013-03-25|@|Wright State|L|51|57|19|45|.422|4|18|.222|9|16|.563|8|24|5|6|0|16|18||20|44|.455|3|10|.300|14|18|.778|8|26|11|6|1|15|15
