ranker|game_season|date_game|game_location|opp_id|game_result|pts|opp_pts|fg|fga|fg_pct|fg3|fg3a|fg3_pct|ft|fta|ft_pct|orb|trb|ast|stl|blk|tov|pf|x|opp_fg|opp_fga|opp_fg_pct|opp_fg3|opp_fg3a|opp_fg3_pct|opp_ft|opp_fta|opp_ft_pct|opp_orb|opp_trb|opp_ast|opp_stl|opp_blk|opp_tov|opp_pf|
1|1|2012-11-09||Robert Morris|W|79|54|27|53|.509|8|17|.471|17|20|.850|7|32|13|8|5|16|26||13|51|.255|4|20|.200|24|32|.750|12|30|7|7|3|16|24
2|2|2012-11-13||Stony Brook|L|46|54|16|52|.308|6|20|.300|8|14|.571|9|25|8|8|2|15|20||16|37|.432|3|14|.214|19|24|.792|7|34|7|5|3|20|18
3|3|2012-11-17||Monmouth|W|65|62|20|49|.408|8|23|.348|17|26|.654|9|45|9|5|6|27|18||23|70|.329|4|23|.174|12|16|.750|11|33|10|16|2|17|22
4|4|2012-11-19|@|South Carolina|L|76|88|27|53|.509|6|14|.429|16|21|.762|7|21|13|9|2|17|12||32|60|.533|13|27|.481|11|14|.786|10|31|22|5|2|18|20
5|5|2012-11-21|@|Southern Methodist|L|70|83|22|53|.415|9|28|.321|17|24|.708|11|18|10|5|2|15|22||24|42|.571|8|11|.727|27|34|.794|7|31|14|7|3|15|17
6|6|2012-11-23|N|Jacksonville|W|86|71|30|57|.526|9|18|.500|17|26|.654|9|34|16|9|6|16|25||25|61|.410|1|14|.071|20|27|.741|13|37|12|5|4|19|22
7|7|2012-11-25|N|Milwaukee|W|74|58|23|51|.451|5|16|.313|23|37|.622|10|38|12|10|6|13|17||21|56|.375|5|24|.208|11|15|.733|7|29|14|3|2|14|25
8|8|2012-11-29||La Salle|L|52|63|19|48|.396|2|7|.286|12|22|.545|6|30|6|5|3|18|18||22|48|.458|7|21|.333|12|20|.600|5|29|12|9|6|14|17
9|9|2012-12-01|@|Drexel|W|75|66|25|48|.521|5|10|.500|20|26|.769|2|25|11|8|5|12|18||21|53|.396|6|17|.353|18|21|.857|9|32|9|4|1|15|21
10|10|2012-12-07|@|Siena|W|62|56|23|58|.397|7|21|.333|9|16|.563|12|37|9|8|6|14|18||22|53|.415|6|17|.353|6|17|.353|5|29|13|8|2|13|16
11|11|2012-12-09||Fairfield|L|52|65|17|45|.378|2|7|.286|16|27|.593|9|34|4|14|4|30|16||25|58|.431|5|17|.294|10|16|.625|11|36|11|19|3|22|23
12|12|2012-12-20|@|Princeton|L|45|62|16|44|.364|3|10|.300|10|14|.714|4|19|7|7|3|13|13||26|48|.542|2|8|.250|8|11|.727|7|30|15|4|3|12|16
13|13|2012-12-28|@|Rutgers|L|56|68|14|46|.304|6|23|.261|22|23|.957|9|30|11|6|9|16|18||24|56|.429|1|8|.125|19|25|.760|7|28|12|6|2|8|20
14|14|2012-12-31|@|Delaware|L|66|73|24|64|.375|7|23|.304|11|18|.611|12|27|10|8|3|9|19||26|68|.382|3|14|.214|18|20|.900|22|48|13|3|4|15|13
15|15|2013-01-04|@|Loyola (MD)|L|65|71|24|54|.444|7|17|.412|10|19|.526|7|25|12|3|2|10|22||25|54|.463|3|11|.273|18|25|.720|11|37|14|4|1|9|14
16|16|2013-01-06||Siena|W|72|53|31|58|.534|9|18|.500|1|1|1.000|9|36|18|10|7|19|16||15|56|.268|6|24|.250|17|21|.810|14|30|11|10|3|15|7
17|17|2013-01-10|@|Manhattan|W|69|60|21|50|.420|3|12|.250|24|36|.667|15|48|5|2|4|12|21||21|57|.368|9|27|.333|9|19|.474|8|28|11|4|5|9|30
18|18|2013-01-13||Loyola (MD)|W|64|57|21|50|.420|2|12|.167|20|26|.769|10|35|7|5|4|14|20||19|57|.333|3|19|.158|16|22|.727|12|34|8|6|5|13|22
19|19|2013-01-17|@|Saint Peter's|W|66|54|24|47|.511|9|21|.429|9|19|.474|12|29|11|10|2|13|13||19|46|.413|4|14|.286|12|14|.857|6|18|9|8|3|11|15
20|20|2013-01-20||Iona|W|67|62|25|59|.424|9|21|.429|8|15|.533|13|41|14|3|7|16|18||19|56|.339|5|24|.208|19|26|.731|9|28|7|8|3|11|16
21|21|2013-01-25||Canisius|L|50|67|16|50|.320|6|23|.261|12|14|.857|7|22|9|8|2|14|12||27|55|.491|9|24|.375|4|5|.800|13|39|10|7|2|19|16
22|22|2013-01-27||Manhattan|L|51|62|19|48|.396|6|22|.273|7|11|.636|8|20|10|7|5|8|20||20|38|.526|7|11|.636|15|25|.600|6|25|14|5|6|12|18
23|23|2013-02-01|@|Fairfield|L|59|69|19|39|.487|2|8|.250|19|24|.792|4|21|5|8|6|17|23||22|49|.449|3|10|.300|22|25|.880|10|26|13|9|1|11|21
24|24|2013-02-03|@|Marist|W|64|58|24|54|.444|7|17|.412|9|10|.900|9|33|10|5|1|14|19||21|50|.420|5|21|.238|11|20|.550|8|22|12|8|6|9|13
25|25|2013-02-07||Niagara|W|72|69|23|56|.411|6|24|.250|20|32|.625|12|42|12|3|5|8|19||23|62|.371|7|25|.280|16|23|.696|10|35|12|5|1|8|28
26|26|2013-02-09|@|Iona|L|71|78|26|52|.500|9|26|.346|10|17|.588|5|22|14|2|10|11|19||25|50|.500|7|14|.500|21|26|.808|7|27|12|4|1|9|18
27|27|2013-02-14||Saint Peter's|W|72|57|26|44|.591|10|21|.476|10|16|.625|7|30|15|4|7|16|17||22|48|.458|5|12|.417|8|17|.471|8|21|13|8|0|12|17
28|28|2013-02-17||Marist|W|67|63|27|51|.529|8|16|.500|5|7|.714|7|31|11|3|1|14|17||22|51|.431|10|23|.435|9|18|.500|9|28|12|4|1|11|13
29|29|2013-02-23||Charleston Southern|W|61|54|19|49|.388|7|28|.250|16|21|.762|6|38|12|10|4|17|15||19|68|.279|4|19|.211|12|18|.667|17|45|9|8|0|13|17
30|30|2013-02-28|@|Niagara|W|68|59|25|61|.410|7|20|.350|11|19|.579|12|37|10|7|1|14|18||20|56|.357|6|22|.273|13|24|.542|11|34|4|7|3|14|21
31|31|2013-03-02|@|Canisius|W|65|61|25|46|.543|4|15|.267|11|17|.647|5|27|11|5|2|13|18||20|47|.426|7|25|.280|14|20|.700|5|19|11|6|2|9|18
32|32|2013-03-09|N|Fairfield|L|42|43|13|44|.295|0|6|.000|16|26|.615|9|35|0|5|7|21|18||14|47|.298|2|15|.133|13|18|.722|5|26|9|10|4|14|21
33|33|2013-03-19|@|Hartford|W|63|54|21|41|.512|6|11|.545|15|20|.750|7|27|8|8|5|17|12||21|51|.412|2|17|.118|10|12|.833|9|24|9|6|2|15|17
34|34|2013-03-23|@|East Carolina|L|54|75|16|59|.271|7|25|.280|15|19|.789|14|32|11|8|4|18|22||26|62|.419|4|19|.211|19|28|.679|16|43|16|14|6|13|18
