ranker|game_season|date_game|game_location|opp_id|game_result|pts|opp_pts|fg|fga|fg_pct|fg3|fg3a|fg3_pct|ft|fta|ft_pct|orb|trb|ast|stl|blk|tov|pf|x|opp_fg|opp_fga|opp_fg_pct|opp_fg3|opp_fg3a|opp_fg3_pct|opp_ft|opp_fta|opp_ft_pct|opp_orb|opp_trb|opp_ast|opp_stl|opp_blk|opp_tov|opp_pf|
1|1|2012-11-09|@|Rider|L|54|79|13|51|.255|4|20|.200|24|32|.750|12|30|7|7|3|16|24||27|53|.509|8|17|.471|17|20|.850|7|32|13|8|5|16|26
2|2|2012-11-12|N|Lehigh|L|60|89|21|62|.339|4|22|.182|14|18|.778|16|41|12|5|6|21|19||31|60|.517|11|24|.458|16|23|.696|7|31|19|8|5|11|20
3|3|2012-11-13|N|Fordham|W|74|58|20|53|.377|8|28|.286|26|32|.813|10|37|10|7|4|10|17||19|53|.358|9|29|.310|11|20|.550|6|28|14|2|2|11|22
4|4|2012-11-17|@|Xavier|L|59|61|23|56|.411|9|24|.375|4|4|1.000|11|25|17|4|1|12|17||22|42|.524|6|17|.353|11|17|.647|4|24|10|4|3|15|11
5|5|2012-11-19||Bowling Green State|W|71|60|24|52|.462|7|17|.412|16|20|.800|11|28|13|11|3|16|13||24|49|.490|8|21|.381|4|11|.364|8|25|13|7|5|19|19
6|6|2012-11-20||Cleveland State|W|71|62|22|45|.489|4|13|.308|23|27|.852|6|26|14|12|5|17|15||23|50|.460|8|19|.421|8|11|.727|5|20|15|10|2|19|22
7|7|2012-11-26|@|Savannah State|L|52|61|16|56|.286|5|21|.238|15|22|.682|10|28|11|9|3|13|23||18|44|.409|2|9|.222|23|32|.719|9|32|6|6|7|20|21
8|8|2012-12-01||Ohio|W|84|76|22|39|.564|12|18|.667|28|35|.800|3|27|14|1|4|15|19||25|62|.403|13|31|.419|13|19|.684|8|25|20|6|3|8|25
9|9|2012-12-04|@|Campbell|W|61|58|17|48|.354|6|23|.261|21|26|.808|12|22|12|11|2|12|16||24|46|.522|0|6|.000|10|15|.667|10|30|17|5|2|19|22
10|10|2012-12-08|@|Hampton|W|66|54|21|53|.396|10|27|.370|14|20|.700|6|30|15|7|1|17|18||21|57|.368|6|23|.261|6|18|.333|13|41|14|9|3|20|20
11|11|2012-12-15||Duquesne|W|91|69|34|67|.507|13|28|.464|10|15|.667|8|23|23|19|0|10|18||26|54|.481|6|22|.273|11|19|.579|14|38|14|5|2|25|11
12|12|2012-12-18|@|Louisiana-Lafayette|W|66|61|24|58|.414|13|27|.481|5|9|.556|11|31|11|10|3|16|17||25|55|.455|3|19|.158|8|17|.471|11|34|9|6|3|17|14
13|13|2012-12-20|@|Arkansas|L|74|79|20|55|.364|9|26|.346|25|36|.694|7|30|12|9|0|16|22||31|59|.525|4|18|.222|13|26|.500|9|39|17|9|6|14|26
14|14|2013-01-03||Bryant|L|77|84|28|64|.438|10|28|.357|11|14|.786|9|29|13|10|8|13|27||21|50|.420|13|25|.520|29|36|.806|9|36|15|7|1|15|15
15|15|2013-01-05||Central Connecticut State|L|70|77|25|57|.439|9|27|.333|11|20|.550|11|30|12|9|1|16|23||25|52|.481|7|19|.368|20|29|.690|11|32|9|14|0|17|21
16|16|2013-01-10|@|Fairleigh Dickinson|W|88|54|33|59|.559|13|24|.542|9|14|.643|10|33|22|11|3|9|11||19|47|.404|9|24|.375|7|11|.636|3|18|14|5|1|17|12
17|17|2013-01-12|@|Monmouth|W|70|55|22|54|.407|7|24|.292|19|24|.792|11|39|12|7|4|14|22||20|56|.357|4|18|.222|11|18|.611|9|28|12|6|1|11|19
18|18|2013-01-17||Sacred Heart|W|66|62|21|55|.382|4|13|.308|20|26|.769|11|25|12|13|3|11|13||21|44|.477|7|21|.333|13|14|.929|6|28|16|7|1|21|18
19|19|2013-01-19||Quinnipiac|W|87|75|26|49|.531|11|19|.579|24|35|.686|6|16|17|10|0|8|20||27|48|.563|4|8|.500|17|24|.708|8|24|10|2|1|17|23
20|20|2013-01-24|@|Saint Francis (PA)|W|84|70|31|56|.554|13|27|.481|9|13|.692|8|23|21|5|1|5|14||25|45|.556|10|18|.556|10|16|.625|6|23|14|4|2|12|15
21|21|2013-01-26||Mount St. Mary's|W|76|68|26|51|.510|7|17|.412|17|24|.708|6|24|16|6|4|15|22||20|47|.426|5|14|.357|23|32|.719|9|28|10|7|1|14|23
22|22|2013-01-31|@|St. Francis (NY)|L|61|71|23|55|.418|6|21|.286|9|14|.643|9|27|16|5|1|10|22||23|48|.479|6|19|.316|19|26|.731|8|32|13|4|1|10|18
23|23|2013-02-02|@|Long Island University|W|60|57|20|54|.370|10|24|.417|10|13|.769|6|24|9|7|2|8|20||21|48|.438|3|17|.176|12|20|.600|8|29|10|5|3|12|14
24|24|2013-02-06||Saint Francis (PA)|W|60|48|17|44|.386|4|12|.333|22|26|.846|7|26|10|6|4|7|18||15|41|.366|4|14|.286|14|21|.667|5|24|8|4|2|16|23
25|25|2013-02-09||Wagner|W (1 OT)|83|79|25|53|.472|8|19|.421|25|30|.833|8|23|13|11|4|18|29||25|50|.500|4|9|.444|25|36|.694|9|26|9|7|4|23|22
26|26|2013-02-14|@|Quinnipiac|L|61|63|24|54|.444|8|16|.500|5|13|.385|5|22|16|15|1|13|20||22|52|.423|2|7|.286|17|24|.708|18|44|9|4|4|22|14
27|27|2013-02-16|@|Sacred Heart|W|68|63|20|46|.435|5|13|.385|23|27|.852|5|24|11|12|2|17|27||17|46|.370|5|16|.313|24|41|.585|12|30|8|10|3|15|19
28|28|2013-02-21||Monmouth|W|77|65|25|47|.532|13|24|.542|14|16|.875|7|24|16|11|5|18|18||20|41|.488|5|13|.385|20|23|.870|4|16|7|8|1|19|13
29|29|2013-02-23||Fairleigh Dickinson|W|89|46|32|73|.438|11|31|.355|14|18|.778|18|54|22|7|4|13|15||15|52|.288|3|18|.167|13|19|.684|2|24|10|5|4|15|15
30|30|2013-02-28|@|Bryant|W|77|75|28|65|.431|13|37|.351|8|10|.800|8|20|16|8|2|2|21||23|39|.590|5|12|.417|24|31|.774|9|37|11|1|0|16|15
31|31|2013-03-02|@|Central Connecticut State|W|81|61|30|62|.484|12|27|.444|9|15|.600|7|27|19|14|2|14|20||21|59|.356|2|19|.105|17|23|.739|13|34|13|10|2|19|12
32|32|2013-03-06||St. Francis (NY)|W|75|57|28|63|.444|11|31|.355|8|14|.571|15|36|16|12|3|9|16||19|47|.404|2|9|.222|17|25|.680|10|31|7|3|1|16|14
33|33|2013-03-09||Mount St. Mary's|L|60|69|21|61|.344|5|19|.263|13|17|.765|9|28|6|8|1|10|22||21|47|.447|8|17|.471|19|25|.760|5|35|9|6|2|15|18
34|34|2013-03-19||Kentucky|W|59|57|20|44|.455|5|16|.313|14|14|1.000|6|17|10|7|1|9|20||21|40|.525|2|10|.200|13|18|.722|6|21|7|1|3|14|17
35|35|2013-03-25|@|Providence|L|68|77|23|51|.451|11|25|.440|11|15|.733|3|16|15|7|1|13|27||21|49|.429|4|14|.286|31|36|.861|14|40|14|3|1|15|16
