ranker|game_season|date_game|game_location|opp_id|game_result|pts|opp_pts|fg|fga|fg_pct|fg3|fg3a|fg3_pct|ft|fta|ft_pct|orb|trb|ast|stl|blk|tov|pf|x|opp_fg|opp_fga|opp_fg_pct|opp_fg3|opp_fg3a|opp_fg3_pct|opp_ft|opp_fta|opp_ft_pct|opp_orb|opp_trb|opp_ast|opp_stl|opp_blk|opp_tov|opp_pf|
1|1|2012-11-09|@|Rutgers|W|56|52|22|48|.458|5|16|.313|7|14|.500|2|19|14|8|0|9|21||19|53|.358|2|13|.154|12|18|.667|15|40|10|3|1|17|15
2|2|2012-11-12||Central Connecticut State|W|64|61|27|56|.482|4|7|.571|6|15|.400|12|37|16|6|1|19|16||21|55|.382|4|18|.222|15|19|.789|7|26|12|7|6|17|19
3|3|2012-11-16|@|Cornell|W|68|64|27|58|.466|7|18|.389|7|11|.636|5|32|9|4|5|12|16||21|58|.362|7|22|.318|15|18|.833|8|32|12|5|5|9|13
4|4|2012-11-18|@|Binghamton|L|54|62|21|63|.333|3|17|.176|9|16|.563|11|29|9|9|0|8|20||21|49|.429|3|10|.300|17|28|.607|13|42|9|3|3|15|14
5|5|2012-11-25|@|Seton Hall|L|61|76|23|52|.442|7|18|.389|8|13|.615|7|21|14|9|1|13|15||27|53|.509|8|23|.348|14|16|.875|10|33|17|8|6|15|13
6|6|2012-11-28||Fairleigh Dickinson|L|61|66|25|63|.397|5|11|.455|6|19|.316|12|34|11|8|3|9|19||20|44|.455|7|14|.500|19|27|.704|2|31|11|4|3|12|19
7|7|2012-12-01||Boston University|L|66|74|19|47|.404|6|16|.375|22|23|.957|6|27|9|6|4|17|16||26|53|.491|11|22|.500|11|15|.733|7|28|16|10|1|13|16
8|8|2012-12-05||Iona|W|64|62|24|60|.400|5|16|.313|11|15|.733|10|33|13|11|10|17|19||22|56|.393|4|14|.286|14|21|.667|11|34|10|7|2|16|14
9|9|2012-12-08|N|Loyola (MD)|L|55|61|19|49|.388|4|15|.267|13|22|.591|8|23|9|7|6|10|23||20|43|.465|3|8|.375|18|26|.692|10|33|11|3|8|14|16
10|10|2012-12-19||Long Island University|W|80|67|29|53|.547|5|11|.455|17|23|.739|12|32|12|4|8|11|20||22|55|.400|7|18|.389|16|21|.762|13|28|12|6|2|13|21
11|11|2012-12-22||Loyola (IL)|L|49|54|21|54|.389|1|8|.125|6|19|.316|10|32|10|12|3|9|26||15|41|.366|1|10|.100|23|31|.742|3|31|5|4|2|15|14
12|12|2012-12-29|@|Central Connecticut State|W|71|69|26|72|.361|7|19|.368|12|15|.800|22|49|16|5|2|15|17||25|57|.439|7|16|.438|12|17|.706|6|28|14|8|10|12|17
13|13|2013-01-04||Manhattan|L|53|55|20|48|.417|4|8|.500|9|20|.450|6|27|9|8|6|12|20||19|48|.396|9|27|.333|8|13|.615|6|31|13|8|4|16|20
14|14|2013-01-06|@|Loyola (MD)|L|58|74|20|57|.351|1|9|.111|17|28|.607|16|32|9|5|1|11|18||25|51|.490|6|12|.500|18|22|.818|7|31|14|5|8|10|18
15|15|2013-01-11||Niagara|L|58|77|24|55|.436|9|22|.409|1|5|.200|8|28|18|5|4|14|9||30|65|.462|8|24|.333|9|10|.900|14|35|12|9|2|6|5
16|16|2013-01-13|@|Siena|L|53|66|21|53|.396|6|18|.333|5|12|.417|8|24|9|5|2|19|27||17|40|.425|5|14|.357|27|36|.750|5|25|8|12|2|15|17
17|17|2013-01-17||Rider|L|54|66|19|46|.413|4|14|.286|12|14|.857|6|18|9|8|3|11|15||24|47|.511|9|21|.429|9|19|.474|12|29|11|10|2|13|13
18|18|2013-01-19|@|Marist|L|48|59|14|54|.259|2|18|.111|18|27|.667|11|25|6|10|7|13|17||23|48|.479|4|8|.500|9|18|.500|11|43|13|6|4|20|20
19|19|2013-01-25|@|Iona|L|71|90|27|55|.491|7|21|.333|10|20|.500|4|23|18|3|3|9|16||32|55|.582|12|19|.632|14|22|.636|3|25|21|4|3|6|14
20|20|2013-01-27||Fairfield|L|54|61|21|53|.396|2|8|.250|10|14|.714|8|24|10|5|3|8|17||22|55|.400|5|23|.217|12|16|.750|15|39|10|4|3|12|18
21|21|2013-01-31||Marist|W (1 OT)|70|68|28|64|.438|8|15|.533|6|13|.462|9|30|14|8|4|15|21||23|49|.469|5|20|.250|17|20|.850|3|30|12|6|8|20|14
22|22|2013-02-03|@|Manhattan|L|49|57|19|55|.345|4|15|.267|7|9|.778|7|27|12|8|6|10|24||12|37|.324|3|14|.214|30|36|.833|7|32|9|3|7|19|14
23|23|2013-02-07|@|Fairfield|L|44|61|17|53|.321|3|9|.333|7|13|.538|8|26|5|6|3|13|12||23|50|.460|6|17|.353|9|11|.818|7|35|12|7|3|13|13
24|24|2013-02-10||Siena|W|72|62|24|50|.480|7|13|.538|17|23|.739|9|27|17|11|6|15|19||21|53|.396|4|19|.211|16|18|.889|10|27|7|8|2|19|17
25|25|2013-02-14|@|Rider|L|57|72|22|48|.458|5|12|.417|8|17|.471|8|21|13|8|0|12|17||26|44|.591|10|21|.476|10|16|.625|7|30|15|4|7|16|17
26|26|2013-02-16||Canisius|L|59|68|22|57|.386|7|23|.304|8|12|.667|12|35|12|3|1|16|27||22|54|.407|5|21|.238|19|33|.576|14|38|9|9|4|9|13
27|27|2013-02-23|@|Hampton|W|66|59|23|55|.418|5|14|.357|15|22|.682|6|30|7|9|3|10|15||21|52|.404|3|13|.231|14|19|.737|8|36|9|2|4|17|18
28|28|2013-02-28|@|Canisius|L (1 OT)|65|77|27|56|.482|7|20|.350|4|11|.364|13|30|12|7|4|17|23||26|54|.481|9|17|.529|16|23|.696|9|28|11|7|3|11|12
29|29|2013-03-02|@|Niagara|L|61|78|23|52|.442|4|19|.211|11|21|.524|10|28|8|4|3|12|21||27|51|.529|9|21|.429|15|21|.714|7|25|21|4|3|8|20
30|30|2013-03-08|N|Fairfield|L|47|54|20|47|.426|3|8|.375|4|9|.444|4|20|10|7|3|12|20||19|49|.388|4|16|.250|12|22|.545|14|36|10|9|4|13|12
