ranker|game_season|date_game|game_location|opp_id|game_result|pts|opp_pts|fg|fga|fg_pct|fg3|fg3a|fg3_pct|ft|fta|ft_pct|orb|trb|ast|stl|blk|tov|pf|x|opp_fg|opp_fga|opp_fg_pct|opp_fg3|opp_fg3a|opp_fg3_pct|opp_ft|opp_fta|opp_ft_pct|opp_orb|opp_trb|opp_ast|opp_stl|opp_blk|opp_tov|opp_pf|
1|1|2012-11-09|@|Arkansas|L|68|73|28|60|.467|8|23|.348|4|6|.667|10|31|13|3|4|19|25||22|51|.431|3|13|.231|26|32|.813|7|21|16|9|8|9|14
2|2|2012-11-13||Hardin-Simmons|W|82|31|28|64|.438|13|27|.481|13|23|.565|12|45|22|21|2|11|13||14|55|.255|3|16|.188|0|2|.000|6|33|12|6|4|27|17
3|3|2012-11-15|@|Indiana|L|45|99|16|53|.302|5|26|.192|8|12|.667|9|20|5|4|0|18|31||30|53|.566|9|21|.429|30|44|.682|16|41|24|11|3|9|12
4|4|2012-11-19||Southern Mississippi|L|49|61|11|41|.268|6|25|.240|21|26|.808|6|24|11|11|1|13|17||22|44|.500|6|19|.316|11|17|.647|9|29|14|9|2|17|21
5|5|2012-11-20||Liberty|W|64|50|20|50|.400|4|12|.333|20|35|.571|12|43|17|7|5|13|21||16|48|.333|7|21|.333|11|17|.647|5|27|14|7|5|15|24
6|6|2012-11-21||California-Irvine|W (1 OT)|65|63|22|71|.310|8|21|.381|13|25|.520|14|43|18|8|3|7|25||24|56|.429|4|16|.250|11|25|.440|10|50|21|3|7|17|24
7|7|2012-11-27|@|Texas|L|37|65|13|62|.210|6|28|.214|5|11|.455|7|29|8|7|3|14|29||17|43|.395|3|12|.250|28|38|.737|6|44|10|8|6|19|17
8|8|2012-12-01|@|Northern Arizona|L|60|77|22|68|.324|4|25|.160|12|15|.800|15|40|9|5|3|13|18||26|55|.473|7|19|.368|18|22|.818|7|35|19|8|5|11|16
9|9|2012-12-08|@|Houston Baptist|W|69|57|21|57|.368|7|19|.368|20|28|.714|8|38|13|13|4|16|24||17|54|.315|6|19|.316|17|25|.680|9|34|7|4|4|21|24
10|10|2012-12-15|@|Samford|W|73|57|24|50|.480|7|19|.368|18|24|.750|9|28|15|9|1|11|21||19|44|.432|4|13|.308|15|22|.682|10|26|13|3|3|16|24
11|11|2012-12-19||Huston-Tillotson|W|89|53|36|71|.507|8|20|.400|9|18|.500|17|40|30|14|4|13|17||16|46|.348|4|14|.286|17|20|.850|5|26|11|8|2|26|19
12|12|2012-12-29||Howard Payne|W|90|49|34|74|.459|7|23|.304|15|22|.682|16|48|25|17|4|15|18||19|55|.345|2|13|.154|9|14|.643|4|28|12|3|0|23|16
13|13|2013-01-04||Texas A&M-Corpus Christi|W|61|57|18|44|.409|6|18|.333|19|27|.704|5|28|8|3|2|15|17||20|51|.392|5|20|.250|12|14|.857|6|29|9|4|1|15|23
14|14|2013-01-07||Northwestern State|L|64|73|21|55|.382|5|21|.238|17|25|.680|11|38|14|4|1|16|21||27|59|.458|4|20|.200|15|25|.600|13|39|18|8|2|12|18
15|15|2013-01-10|@|Lamar|W|68|57|24|64|.375|3|14|.214|17|20|.850|18|41|8|10|2|15|22||21|50|.420|0|3|.000|15|22|.682|9|28|12|6|8|19|20
16|16|2013-01-12|@|McNeese State|W|72|57|23|59|.390|7|19|.368|19|25|.760|15|37|12|6|2|9|23||16|48|.333|7|14|.500|18|29|.621|14|33|9|2|7|12|19
17|17|2013-01-17||Central Arkansas|W|63|52|20|52|.385|7|17|.412|16|24|.667|15|43|14|4|2|13|18||20|56|.357|3|15|.200|9|15|.600|10|30|16|6|3|10|16
18|18|2013-01-19||Oral Roberts|L (1 OT)|61|65|23|60|.383|6|16|.375|9|19|.474|13|38|20|11|0|14|25||19|42|.452|1|10|.100|26|31|.839|4|28|15|9|4|16|19
19|19|2013-01-24|@|Southeastern Louisiana|L|65|69|19|50|.380|5|17|.294|22|32|.688|11|33|5|3|0|16|30||21|43|.488|7|15|.467|20|32|.625|4|23|13|3|0|13|26
20|20|2013-01-26|@|Nicholls State|L (1 OT)|67|70|22|61|.361|10|28|.357|13|24|.542|14|38|10|4|2|15|24||22|49|.449|7|17|.412|19|26|.731|8|31|11|3|4|16|19
21|21|2013-02-02|@|Texas A&M-Corpus Christi|W|55|51|17|50|.340|3|16|.188|18|21|.857|13|29|7|5|1|10|15||18|48|.375|5|17|.294|10|14|.714|10|28|13|5|2|11|21
22|22|2013-02-07||McNeese State|L (1 OT)|58|59|20|58|.345|8|27|.296|10|15|.667|13|34|18|6|1|15|18||20|54|.370|6|20|.300|13|14|.929|12|36|12|5|4|16|16
23|23|2013-02-09||Lamar|W|78|40|32|59|.542|8|18|.444|6|12|.500|9|37|27|12|2|11|14||13|43|.302|0|1|.000|14|24|.583|5|27|9|5|3|20|11
24|24|2013-02-14|@|Oral Roberts|L|64|74|23|60|.383|7|24|.292|11|20|.550|15|31|6|4|3|11|26||24|46|.522|4|14|.286|22|27|.815|4|28|16|5|5|14|19
25|25|2013-02-16|@|Central Arkansas|W|80|75|21|54|.389|8|19|.421|30|45|.667|13|37|16|1|1|9|25||24|62|.387|3|21|.143|24|36|.667|19|38|9|6|7|11|33
26|26|2013-02-20||Stephen F. Austin|L|44|50|16|48|.333|4|14|.286|8|13|.615|6|31|16|2|4|13|18||18|47|.383|3|9|.333|11|13|.846|4|32|15|2|3|11|18
27|27|2013-02-23|@|Eastern Washington|L|76|81|26|78|.333|7|23|.304|17|22|.773|25|38|16|6|1|6|24||23|38|.605|10|18|.556|25|33|.758|2|29|16|1|16|13|18
28|28|2013-02-28||Nicholls State|L|53|56|18|51|.353|4|15|.267|13|18|.722|11|32|16|5|2|15|24||18|37|.486|6|13|.462|14|27|.519|3|26|15|4|1|18|20
29|29|2013-03-02||Southeastern Louisiana|W|54|45|17|42|.405|7|14|.500|13|19|.684|8|38|17|5|4|17|15||18|50|.360|6|16|.375|3|9|.333|3|24|13|4|3|11|17
30|30|2013-03-07|@|Stephen F. Austin|L|42|57|15|43|.349|4|13|.308|8|14|.571|4|23|6|6|0|13|23||17|40|.425|3|11|.273|20|29|.690|8|35|8|10|5|13|12
31|31|2013-03-09|@|Northwestern State|L|73|84|25|63|.397|10|24|.417|13|19|.684|14|31|14|9|2|11|19||29|57|.509|11|27|.407|15|22|.682|15|40|19|7|4|16|18
32|32|2013-03-13|N|Central Arkansas|W|69|63|25|52|.481|9|19|.474|10|22|.455|12|36|11|5|3|15|18||22|58|.379|4|14|.286|15|19|.789|10|31|10|8|4|12|21
33|33|2013-03-14|N|Oral Roberts|W|58|55|23|46|.500|7|15|.467|5|9|.556|9|28|14|5|4|11|20||17|43|.395|2|12|.167|19|25|.760|7|22|5|6|1|9|14
34|34|2013-03-15|N|Northwestern State|L|52|55|17|48|.354|6|19|.316|12|17|.706|7|29|11|4|4|9|21||18|47|.383|2|15|.133|17|22|.773|7|29|6|5|4|8|11
