ranker|game_season|date_game|game_location|opp_id|game_result|pts|opp_pts|fg|fga|fg_pct|fg3|fg3a|fg3_pct|ft|fta|ft_pct|orb|trb|ast|stl|blk|tov|pf|x|opp_fg|opp_fga|opp_fg_pct|opp_fg3|opp_fg3a|opp_fg3_pct|opp_ft|opp_fta|opp_ft_pct|opp_orb|opp_trb|opp_ast|opp_stl|opp_blk|opp_tov|opp_pf|
1|1|2012-11-09|@|Alabama|L|67|70|25|50|.500|8|21|.381|9|12|.750|6|21|8|3|2|13|14||25|52|.481|6|21|.286|14|14|1.000|8|27|14|8|4|12|16
2|2|2012-11-13||Tennessee State|W|78|71|23|47|.489|7|19|.368|25|32|.781|6|35|17|4|5|16|15||26|70|.371|9|25|.360|10|14|.714|13|33|16|13|2|11|24
3|3|2012-11-16|@|Hofstra|L|63|66|22|52|.423|5|20|.250|14|18|.778|10|27|9|7|9|11|18||26|60|.433|4|16|.250|10|12|.833|14|32|9|3|6|10|13
4|4|2012-11-17|N|Marshall|W|78|77|27|57|.474|11|21|.524|13|20|.650|9|28|19|4|1|4|15||30|63|.476|8|23|.348|9|14|.643|17|39|15|3|3|9|15
5|5|2012-11-18|N|District of Columbia|W|96|48|39|70|.557|7|19|.368|11|15|.733|12|47|27|8|2|8|14||17|59|.288|5|14|.357|9|10|.900|5|26|8|3|3|13|14
6|6|2012-11-21||Southwest State (MN)|W|81|72|29|66|.439|9|24|.375|14|23|.609|15|39|15|3|4|8|10||30|59|.508|8|20|.400|4|5|.800|3|27|19|7|0|10|23
7|7|2012-11-28||North Dakota|W|71|70|20|52|.385|8|20|.400|23|30|.767|9|28|11|8|4|10|14||25|49|.510|7|14|.500|13|16|.813|4|28|15|5|0|14|23
8|8|2012-12-01||Nebraska-Omaha|W|78|63|32|67|.478|8|25|.320|6|8|.750|11|30|17|9|2|12|17||25|52|.481|6|16|.375|7|11|.636|9|31|13|5|5|21|18
9|9|2012-12-04|@|Minnesota|L|64|88|22|57|.386|11|27|.407|9|11|.818|10|22|17|7|1|18|14||33|58|.569|10|22|.455|12|20|.600|11|34|21|13|6|13|14
10|10|2012-12-06||Dakota State|W|83|52|34|56|.607|7|16|.438|8|13|.615|10|38|20|3|4|10|14||18|47|.383|5|14|.357|11|14|.786|2|17|7|9|0|11|16
11|11|2012-12-09||Cal State Bakersfield|W|69|63|22|48|.458|5|15|.333|20|26|.769|6|33|13|1|5|10|9||27|62|.435|6|17|.353|3|3|1.000|4|28|12|7|3|8|20
12|12|2012-12-15|@|Montana|W (2 OT)|68|67|26|69|.377|7|22|.318|9|11|.818|14|46|15|9|1|13|14||25|58|.431|8|25|.320|9|14|.643|2|31|17|7|2|14|15
13|13|2012-12-19|@|Belmont|L|49|76|17|63|.270|3|21|.143|12|18|.667|10|26|8|6|5|7|12||29|52|.558|7|15|.467|11|11|1.000|4|42|16|5|6|12|15
14|14|2012-12-22|@|New Mexico|W|70|65|24|50|.480|9|25|.360|13|15|.867|6|34|13|2|1|18|23||20|54|.370|8|24|.333|17|24|.708|8|27|13|10|1|8|15
15|15|2012-12-29|@|North Dakota State|L|62|65|25|54|.463|4|14|.286|8|11|.727|9|27|9|1|0|8|21||23|43|.535|9|23|.391|10|21|.476|5|26|11|2|4|8|15
16|16|2013-01-03|@|Missouri-Kansas City|W|77|61|29|57|.509|12|27|.444|7|9|.778|7|29|21|5|1|10|9||23|52|.442|8|19|.421|7|9|.778|4|23|10|5|2|11|16
17|17|2013-01-05|@|South Dakota|L|71|74|24|65|.369|10|29|.345|13|16|.813|12|34|12|1|3|5|18||24|54|.444|8|18|.444|18|19|.947|5|33|12|4|3|8|15
18|18|2013-01-10||Oakland|W|81|74|28|55|.509|5|16|.313|20|25|.800|5|30|16|5|2|8|16||25|65|.385|6|24|.250|18|23|.783|13|35|15|4|2|10|23
19|19|2013-01-12||IPFW|W|83|57|30|54|.556|7|13|.538|16|25|.640|11|31|14|10|1|12|16||22|52|.423|3|18|.167|10|18|.556|9|25|10|9|1|18|25
20|20|2013-01-17|@|Western Illinois|W|59|53|22|43|.512|7|15|.467|8|11|.727|5|27|12|5|1|9|13||22|52|.423|5|18|.278|4|13|.308|12|28|14|5|1|6|13
21|21|2013-01-19|@|IUPUI|W|80|65|25|53|.472|7|19|.368|23|30|.767|4|34|16|5|3|8|17||28|66|.424|3|13|.231|6|15|.400|12|39|10|3|3|8|21
22|22|2013-01-26||North Dakota State|W|69|53|23|49|.469|7|16|.438|16|20|.800|6|29|10|5|1|9|10||21|50|.420|8|21|.381|3|5|.600|7|29|11|8|3|12|20
23|23|2013-01-31||South Dakota|W|67|54|23|61|.377|9|22|.409|12|15|.800|14|35|13|10|2|7|15||22|45|.489|5|14|.357|5|10|.500|3|25|10|3|3|15|16
24|24|2013-02-02||Missouri-Kansas City|W|88|57|27|57|.474|10|19|.526|24|29|.828|6|39|19|4|1|7|12||21|62|.339|6|20|.300|9|15|.600|10|36|8|7|1|11|22
25|25|2013-02-07|@|IPFW|W|80|74|26|56|.464|10|19|.526|18|24|.750|7|25|10|6|2|8|16||28|57|.491|9|20|.450|9|15|.600|11|33|14|5|3|13|20
26|26|2013-02-09|@|Oakland|L|83|88|28|59|.475|10|27|.370|17|17|1.000|10|35|12|2|1|12|12||30|61|.492|16|30|.533|12|15|.800|7|22|19|10|1|4|14
27|27|2013-02-14||IUPUI|W|82|45|28|52|.538|11|22|.500|15|19|.789|10|40|17|7|2|10|9||19|53|.358|3|16|.188|4|6|.667|4|18|7|5|2|11|13
28|28|2013-02-16||Western Illinois|W|64|55|23|55|.418|9|18|.500|9|13|.692|9|32|12|6|2|5|11||23|46|.500|6|11|.545|3|11|.273|4|28|13|2|3|9|15
29|29|2013-02-20|@|Cal State Bakersfield|L (2 OT)|78|79|29|58|.500|8|21|.381|12|21|.571|4|39|18|6|2|18|24||24|66|.364|6|22|.273|25|33|.758|8|34|13|5|3|11|19
30|30|2013-02-23|@|Murray State|L|62|73|25|52|.481|9|21|.429|3|3|1.000|5|25|13|5|3|13|8||29|59|.492|11|26|.423|4|5|.800|7|27|14|8|2|9|8
31|31|2013-02-28|@|Nebraska-Omaha|W|100|82|37|64|.578|9|20|.450|17|24|.708|12|49|22|2|3|15|17||32|73|.438|8|23|.348|10|14|.714|5|21|16|8|2|9|23
32|32|2013-03-09|N|IUPUI|W|66|49|26|51|.510|2|9|.222|12|15|.800|10|30|10|6|1|3|11||20|42|.476|4|14|.286|5|8|.625|5|20|5|2|2|9|15
33|33|2013-03-11|N|IPFW|W|72|56|24|39|.615|9|17|.529|15|17|.882|1|28|16|1|0|15|12||22|50|.440|6|20|.300|6|9|.667|3|17|14|11|1|9|21
34|34|2013-03-12|N|North Dakota State|W|73|67|23|48|.479|6|16|.375|21|23|.913|6|27|12|6|1|7|11||25|54|.463|7|20|.350|10|10|1.000|4|23|9|7|3|10|19
35|35|2013-03-21|N|Michigan|L|56|71|23|52|.442|4|19|.211|6|8|.750|5|26|13|3|0|12|10||28|55|.509|9|20|.450|6|9|.667|7|26|12|6|3|9|8
