ranker|game_season|date_game|game_location|opp_id|game_result|pts|opp_pts|fg|fga|fg_pct|fg3|fg3a|fg3_pct|ft|fta|ft_pct|orb|trb|ast|stl|blk|tov|pf|x|opp_fg|opp_fga|opp_fg_pct|opp_fg3|opp_fg3a|opp_fg3_pct|opp_ft|opp_fta|opp_ft_pct|opp_orb|opp_trb|opp_ast|opp_stl|opp_blk|opp_tov|opp_pf|
1|1|2012-11-11||Loyola Marymount|W|73|58|22|56|.393|4|9|.444|25|30|.833|14|34|9|5|2|10|17||15|46|.326|7|24|.292|21|29|.724|7|27|7|5|4|13|22
2|2|2012-11-15|@|Texas Christian|W|64|61|20|45|.444|6|13|.462|18|27|.667|11|29|12|5|4|17|18||25|51|.490|3|11|.273|8|16|.500|9|25|16|4|3|16|20
3|3|2012-11-17|@|Texas State|W|78|75|26|53|.491|2|11|.182|24|28|.857|9|35|6|5|11|17|21||26|65|.400|6|19|.316|17|20|.850|9|23|10|8|1|11|21
4|4|2012-11-19||Malone|W|81|47|30|52|.577|4|13|.308|17|22|.773|9|36|20|10|5|7|13||13|56|.232|9|31|.290|12|15|.800|15|32|10|5|2|13|20
5|5|2012-11-21||Rider|W|83|70|24|42|.571|8|11|.727|27|34|.794|7|31|14|7|3|15|17||22|53|.415|9|28|.321|17|24|.708|11|18|10|5|2|15|22
6|6|2012-11-24|N|Arkansas-Little Rock|L|56|69|18|50|.360|6|16|.375|14|24|.583|9|31|9|4|1|10|20||25|50|.500|8|15|.533|11|19|.579|3|27|17|2|7|7|21
7|7|2012-11-25|N|Missouri State|W|62|61|19|37|.514|1|6|.167|23|37|.622|4|26|11|9|3|16|13||22|52|.423|10|26|.385|7|10|.700|9|26|14|6|0|14|28
8|8|2012-11-28||Utah|W|62|55|19|56|.339|6|11|.545|18|21|.857|12|35|11|8|7|12|14||22|57|.386|9|23|.391|2|3|.667|9|33|15|7|5|17|18
9|9|2012-12-01|@|Hofstra|W|73|47|29|61|.475|6|14|.429|9|13|.692|12|48|15|10|5|18|20||15|58|.259|5|18|.278|12|24|.500|15|36|8|7|4|15|11
10|10|2012-12-15|@|Rhode Island|L|50|72|19|44|.432|3|11|.273|9|13|.692|8|26|12|3|1|22|13||25|51|.490|10|23|.435|12|14|.857|7|22|17|12|4|11|12
11|11|2012-12-18|@|Utah|L|53|62|21|53|.396|4|12|.333|7|10|.700|7|21|9|8|6|9|13||20|49|.408|5|16|.313|17|19|.895|7|30|12|9|6|15|13
12|12|2012-12-21|N|Wagner|L|53|63|18|53|.340|4|8|.500|13|19|.684|13|27|6|11|2|15|24||18|37|.486|4|12|.333|23|31|.742|8|32|11|8|8|17|21
13|13|2012-12-22|N|Alcorn State|W|67|52|22|42|.524|3|9|.333|20|21|.952|5|34|13|7|2|21|12||16|49|.327|7|30|.233|13|21|.619|7|22|7|12|3|16|17
14|14|2012-12-30||Furman|W|72|53|20|46|.435|5|10|.500|27|32|.844|12|35|14|7|3|10|16||16|57|.281|10|35|.286|11|15|.733|12|29|13|4|2|10|22
15|15|2013-01-02||Wyoming|L|56|59|22|47|.468|0|5|.000|12|15|.800|10|30|9|6|2|14|16||20|44|.455|7|19|.368|12|21|.571|8|23|16|8|3|14|17
16|16|2013-01-06||Tulsa|L|47|48|15|44|.341|0|13|.000|17|20|.850|3|26|8|9|6|13|9||19|55|.345|8|28|.286|2|2|1.000|9|33|14|4|2|19|19
17|17|2013-01-09|@|Houston|L|67|78|28|65|.431|5|17|.294|6|10|.600|13|33|10|9|3|14|25||25|56|.446|5|15|.333|23|32|.719|15|38|14|7|5|13|15
18|18|2013-01-12||Tulane|W|59|53|22|47|.468|3|7|.429|12|17|.706|8|24|19|11|8|17|22||14|44|.318|2|16|.125|23|30|.767|12|30|6|10|3|21|19
19|19|2013-01-16||Southern Mississippi|L|70|74|23|49|.469|7|15|.467|17|21|.810|13|30|12|4|5|16|16||28|57|.491|12|26|.462|6|10|.600|14|26|15|10|3|13|21
20|20|2013-01-19|@|Texas-El Paso|L|54|63|18|44|.409|2|8|.250|16|20|.800|7|26|8|4|0|20|24||17|36|.472|8|16|.500|21|33|.636|5|22|13|9|4|15|17
21|21|2013-01-26|@|Central Florida|L|65|74|27|60|.450|2|7|.286|9|12|.750|8|28|12|5|1|10|15||26|56|.464|5|18|.278|17|21|.810|9|31|12|5|6|10|11
22|22|2013-01-30|@|Marshall|W|68|57|25|52|.481|3|6|.500|15|21|.714|9|36|13|9|4|13|19||20|59|.339|7|28|.250|10|23|.435|14|33|11|9|8|11|18
23|23|2013-02-02||Houston|L (1 OT)|80|84|27|59|.458|8|19|.421|18|25|.720|11|25|22|6|6|9|20||27|50|.540|8|17|.471|22|27|.815|9|29|15|7|2|13|19
24|24|2013-02-06||Memphis|L|52|60|19|61|.311|1|12|.083|13|19|.684|13|37|5|8|9|11|22||14|47|.298|7|20|.350|25|34|.735|11|40|9|4|8|15|16
25|25|2013-02-09|@|Rice|W|61|39|22|45|.489|6|12|.500|11|15|.733|9|37|12|6|8|14|15||10|51|.196|6|25|.240|13|16|.813|9|23|7|7|2|12|15
26|26|2013-02-16|@|Tulane|L|67|78|27|48|.563|2|6|.333|11|15|.733|7|24|16|3|2|19|23||23|50|.460|14|30|.467|18|24|.750|8|18|16|10|2|11|21
27|27|2013-02-23||East Carolina|L|69|72|29|64|.453|1|9|.111|10|15|.667|9|31|17|8|3|13|17||21|53|.396|13|30|.433|17|18|.944|6|32|14|8|9|16|19
28|28|2013-02-27||Rice|W|67|55|21|37|.568|4|9|.444|21|30|.700|5|38|13|2|7|17|17||19|58|.328|9|30|.300|8|13|.615|5|19|12|11|0|4|24
29|29|2013-03-02|@|Alabama-Birmingham|L|69|74|30|52|.577|2|9|.222|7|9|.778|6|21|13|6|2|16|21||24|55|.436|5|18|.278|21|28|.750|18|33|12|5|0|12|13
30|30|2013-03-06|@|Tulsa|W|71|65|29|56|.518|0|2|.000|13|17|.765|8|35|15|7|6|14|16||22|58|.379|9|26|.346|12|20|.600|8|28|16|9|5|12|16
31|31|2013-03-09||Texas-El Paso|L|63|76|24|55|.436|1|6|.167|14|23|.609|13|25|9|5|0|9|14||29|49|.592|9|19|.474|9|17|.529|7|26|24|8|4|11|25
32|32|2013-03-13|N|Alabama-Birmingham|L|52|53|14|49|.286|4|12|.333|20|27|.741|13|35|9|13|5|15|17||17|48|.354|6|17|.353|13|18|.722|8|33|10|14|2|17|18
