ranker|game_season|date_game|game_location|opp_id|game_result|pts|opp_pts|fg|fga|fg_pct|fg3|fg3a|fg3_pct|ft|fta|ft_pct|orb|trb|ast|stl|blk|tov|pf|x|opp_fg|opp_fga|opp_fg_pct|opp_fg3|opp_fg3a|opp_fg3_pct|opp_ft|opp_fta|opp_ft_pct|opp_orb|opp_trb|opp_ast|opp_stl|opp_blk|opp_tov|opp_pf|
1|1|2012-11-09|@|Iowa State|L|59|82|20|66|.303|5|25|.200|14|16|.875|5|29|12|9|2|16|26||30|68|.441|7|21|.333|15|28|.536|20|57|12|8|9|21|17
2|2|2012-11-11|@|Nebraska|L|55|66|19|48|.396|7|17|.412|10|17|.588|5|24|8|1|0|12|17||28|54|.519|3|10|.300|7|10|.700|6|31|6|2|1|10|17
3|3|2012-11-14|N|South Dakota|W|83|79|30|63|.476|7|16|.438|16|19|.842|12|36|17|7|1|12|23||27|55|.491|5|19|.263|20|31|.645|6|26|9|5|2|12|16
4|4|2012-11-15|N|North Carolina Central|L|55|59|18|46|.391|5|16|.313|14|20|.700|3|27|6|10|7|21|25||17|53|.321|0|4|.000|25|31|.806|12|36|7|9|1|16|18
5|5|2012-11-16|@|Wyoming|L|60|67|22|47|.468|10|21|.476|6|11|.545|3|24|11|4|4|12|20||20|50|.400|7|26|.269|20|22|.909|6|26|9|6|3|8|16
6|6|2012-11-24|@|Tulane|L|65|68|24|54|.444|5|20|.250|12|17|.706|6|30|12|9|4|12|22||19|49|.388|7|16|.438|23|32|.719|8|32|10|6|3|11|14
7|7|2012-12-01||Champion Baptist|W|90|36|38|59|.644|5|16|.313|9|12|.750|6|41|21|10|5|12|12||14|59|.237|2|25|.080|6|11|.545|6|19|4|5|1|12|12
8|8|2012-12-10||William Carey|W|77|50|25|58|.431|11|29|.379|16|24|.667|7|39|21|13|4|12|17||17|57|.298|6|16|.375|10|15|.667|7|36|6|9|3|20|18
9|9|2012-12-13|@|Louisiana-Monroe|W|68|39|24|54|.444|7|20|.350|13|17|.765|4|33|14|12|7|10|18||12|48|.250|4|14|.286|11|20|.550|8|30|6|2|4|15|12
10|10|2012-12-18|@|Texas Christian|L|57|68|20|50|.400|4|17|.235|13|18|.722|8|25|7|0|2|10|19||24|48|.500|4|8|.500|16|23|.696|8|32|11|5|1|9|16
11|11|2012-12-22|@|Texas A&M|W|53|51|20|53|.377|5|15|.333|8|8|1.000|7|27|14|6|5|12|12||22|46|.478|4|13|.308|3|6|.500|3|25|7|3|4|13|11
12|12|2012-12-28||Spring Hill|W|67|46|23|60|.383|8|23|.348|13|17|.765|10|30|12|13|1|6|15||15|39|.385|4|21|.190|12|15|.800|4|26|7|2|1|20|17
13|13|2013-01-02||Texas Southern|W|63|57|22|59|.373|4|17|.235|15|21|.714|10|29|7|7|6|3|16||20|50|.400|5|20|.250|12|16|.750|12|38|4|0|5|14|17
14|14|2013-01-04||Prairie View|W|50|45|15|50|.300|3|12|.250|17|21|.810|16|33|4|9|7|9|16||18|54|.333|3|13|.231|6|10|.600|16|32|4|5|5|14|20
15|15|2013-01-06|@|Grambling|W|82|43|27|55|.491|12|24|.500|16|26|.615|9|39|10|12|1|11|8||16|50|.320|4|15|.267|7|10|.700|5|23|11|2|2|18|17
16|16|2013-01-08|@|Jackson State|W|80|67|29|50|.580|9|18|.500|13|19|.684|8|31|5|1|5|13|12||26|71|.366|5|21|.238|10|14|.714|13|27|6|7|0|3|14
17|17|2013-01-12||Arkansas-Pine Bluff|W|84|50|33|60|.550|11|27|.407|7|9|.778|6|38|18|10|5|13|20||17|56|.304|6|18|.333|10|21|.476|9|28|8|7|0|12|10
18|18|2013-01-14||Mississippi Valley State|W|88|54|33|54|.611|10|17|.588|12|15|.800|10|32|17|8|5|17|15||18|56|.321|4|19|.211|14|19|.737|14|23|5|8|2|12|17
19|19|2013-01-19|@|Alabama State|W|79|67|28|54|.519|9|19|.474|14|23|.609|7|34|13|7|4|12|16||25|67|.373|5|24|.208|12|17|.706|15|37|13|5|3|11|18
20|20|2013-01-21|@|Alabama A&M|W|82|68|28|58|.483|7|20|.350|19|26|.731|4|33|17|8|7|8|17||25|59|.424|5|14|.357|13|23|.565|8|37|16|4|2|13|18
21|21|2013-01-26|@|Alcorn State|L|57|61|16|48|.333|6|17|.353|19|35|.543|5|21|5|5|1|6|18||20|55|.364|6|13|.462|15|20|.750|13|37|3|5|4|11|22
22|22|2013-02-02||Grambling|W|59|31|23|61|.377|6|21|.286|7|15|.467|13|49|14|4|7|8|8||11|56|.196|2|17|.118|7|10|.700|7|30|5|5|4|9|13
23|23|2013-02-04||Jackson State|W|78|58|27|55|.491|11|24|.458|13|16|.813|4|39|15|3|7|7|17||19|69|.275|4|22|.182|16|24|.667|9|30|5|4|0|8|16
24|24|2013-02-09|@|Arkansas-Pine Bluff|L|52|55|15|49|.306|4|17|.235|18|25|.720|8|25|9|9|1|12|14||20|39|.513|7|15|.467|8|10|.800|3|29|14|8|5|22|16
25|25|2013-02-11|@|Mississippi Valley State|W|78|74|20|45|.444|3|9|.333|35|53|.660|6|32|6|7|3|10|34||19|58|.328|6|19|.316|30|44|.682|15|40|7|4|3|13|33
26|26|2013-02-16||Alabama State|W|58|49|18|50|.360|8|22|.364|14|21|.667|5|33|8|7|3|10|16||21|67|.313|4|22|.182|3|9|.333|16|38|8|6|2|13|20
27|27|2013-02-18||Alabama A&M|W|81|67|26|54|.481|7|17|.412|22|32|.688|6|32|14|6|6|4|16||24|57|.421|7|19|.368|12|17|.706|4|27|15|3|3|10|19
28|28|2013-02-23||Alcorn State|W|61|48|19|50|.380|7|17|.412|16|23|.696|12|29|10|13|2|13|15||16|41|.390|4|13|.308|12|17|.706|7|27|5|8|0|23|18
29|29|2013-02-28|@|Texas Southern|L|66|79|23|56|.411|4|15|.267|16|24|.667|5|26|9|8|3|9|18||23|53|.434|11|21|.524|22|28|.786|7|37|15|5|9|13|18
30|30|2013-03-02|@|Prairie View|W|61|39|22|49|.449|5|18|.278|12|22|.545|6|34|11|7|4|8|16||14|55|.255|4|10|.400|7|14|.500|9|33|5|3|0|15|19
31|31|2013-03-15|N|Alabama A&M|W|72|59|21|51|.412|10|20|.500|20|30|.667|6|30|13|7|3|10|17||21|50|.420|5|17|.294|12|19|.632|8|33|9|7|7|16|21
32|32|2013-03-16|N|Prairie View|W|45|44|15|45|.333|1|10|.100|14|19|.737|8|31|6|8|4|13|15||17|51|.333|3|14|.214|7|13|.538|13|34|10|3|4|14|18
33|33|2013-03-21|N|Gonzaga|L|58|64|18|46|.391|10|23|.435|12|18|.667|1|20|10|4|8|10|12||23|55|.418|8|20|.400|10|15|.667|8|36|14|6|0|10|16
