ranker|game_season|date_game|game_location|opp_id|game_result|pts|opp_pts|fg|fga|fg_pct|fg3|fg3a|fg3_pct|ft|fta|ft_pct|orb|trb|ast|stl|blk|tov|pf|x|opp_fg|opp_fga|opp_fg_pct|opp_fg3|opp_fg3a|opp_fg3_pct|opp_ft|opp_fta|opp_ft_pct|opp_orb|opp_trb|opp_ast|opp_stl|opp_blk|opp_tov|opp_pf|
1|1|2012-11-12|@|New Orleans|W|72|55|28|55|.509|1|8|.125|15|18|.833|10|36|14|13|2|27|25||17|48|.354|1|12|.083|20|33|.606|7|18|8|9|3|27|18
2|2|2012-11-17||Benedictine-Springfield|W|100|62|41|63|.651|5|12|.417|13|20|.650|8|34|22|14|4|9|11||24|57|.421|10|22|.455|4|9|.444|6|17|12|3|0|20|18
3|3|2012-11-20|@|Southern Illinois-Edwardsville|W|71|55|26|54|.481|5|13|.385|14|21|.667|10|32|9|10|4|19|18||20|58|.345|1|13|.077|14|18|.778|14|32|12|10|3|20|19
4|4|2012-11-24|@|Saint Louis|L|51|61|23|63|.365|2|9|.222|3|4|.750|15|31|14|7|1|11|17||22|43|.512|8|18|.444|9|13|.692|4|24|14|3|2|12|11
5|5|2012-11-28||Fresno State|W|57|54|23|47|.489|3|7|.429|8|17|.471|10|29|7|3|4|12|18||18|45|.400|3|10|.300|15|24|.625|9|27|3|7|0|10|18
6|6|2012-12-05|@|Western Kentucky|L|57|58|23|57|.404|5|17|.294|6|13|.462|8|28|7|6|4|10|18||22|46|.478|5|16|.313|9|18|.500|6|34|11|6|2|14|16
7|7|2012-12-15|@|Green Bay|W|72|70|25|53|.472|6|14|.429|16|19|.842|6|25|13|8|3|11|23||19|47|.404|6|13|.462|26|31|.839|6|26|12|4|2|16|18
8|8|2012-12-17||New Orleans|W|74|61|26|57|.456|2|11|.182|20|33|.606|13|29|10|15|1|14|16||22|44|.500|3|10|.300|14|18|.778|7|27|9|11|0|24|27
9|9|2012-12-20|N|California-Davis|L|70|78|23|66|.348|6|20|.300|18|25|.720|13|30|12|11|3|6|16||25|51|.490|7|20|.350|21|24|.875|9|43|16|4|2|16|16
10|10|2012-12-21|N|Nicholls State|W|65|53|24|58|.414|2|14|.143|15|22|.682|15|39|14|6|8|13|18||17|47|.362|5|18|.278|14|19|.737|4|26|16|7|4|13|17
11|11|2012-12-22|@|Utah State|L|58|70|21|49|.429|7|14|.500|9|13|.692|13|23|13|7|1|14|18||24|40|.600|6|9|.667|16|21|.762|7|22|17|8|4|14|16
12|12|2012-12-30|@|Missouri State|L|59|70|22|48|.458|8|19|.421|7|9|.778|7|20|11|3|2|7|21||20|37|.541|10|17|.588|20|23|.870|5|26|14|3|0|8|12
13|13|2013-01-02||Bradley|L|60|66|22|52|.423|3|11|.273|13|23|.565|10|27|10|7|2|13|13||24|48|.500|4|13|.308|14|18|.778|7|30|11|10|1|16|21
14|14|2013-01-05|@|Evansville|L|68|85|26|51|.510|2|11|.182|14|21|.667|8|22|12|6|0|10|16||30|52|.577|9|18|.500|16|18|.889|8|28|22|1|5|12|18
15|15|2013-01-09|@|Wichita State|L|76|82|27|57|.474|8|16|.500|14|16|.875|6|22|9|7|1|10|20||27|52|.519|8|20|.400|20|30|.667|10|33|20|6|11|13|17
16|16|2013-01-12||Indiana State|W|76|71|21|51|.412|2|9|.222|32|42|.762|10|35|6|9|1|15|21||24|55|.436|6|23|.261|17|25|.680|8|31|13|4|1|19|27
17|17|2013-01-15|@|Bradley|L|66|69|28|51|.549|2|12|.167|8|14|.571|11|25|7|8|2|13|16||23|51|.451|8|22|.364|15|19|.789|15|27|12|10|6|16|13
18|18|2013-01-20||Illinois State|L|56|70|23|55|.418|4|12|.333|6|15|.400|11|27|7|8|4|13|14||27|60|.450|9|24|.375|7|9|.778|13|37|16|5|3|15|18
19|19|2013-01-23|@|Northern Iowa|L|45|58|20|46|.435|2|9|.222|3|8|.375|2|19|6|8|0|10|15||20|41|.488|8|15|.533|10|16|.625|4|29|12|3|2|15|10
20|20|2013-01-27||Creighton|L|51|81|20|54|.370|5|16|.313|6|15|.400|6|17|8|12|1|8|13||29|46|.630|12|20|.600|11|15|.733|7|37|20|5|1|17|17
21|21|2013-01-30||Drake|L|56|61|19|52|.365|6|25|.240|12|19|.632|8|26|13|9|2|10|19||19|38|.500|8|15|.533|15|22|.682|4|26|8|6|1|19|22
22|22|2013-02-02|@|Illinois State|L|47|83|18|59|.305|7|26|.269|4|9|.444|10|29|9|5|3|13|22||24|52|.462|7|18|.389|28|35|.800|9|41|16|8|4|7|16
23|23|2013-02-05||Wichita State|W|64|62|21|50|.420|7|16|.438|15|21|.714|3|23|8|5|2|6|14||22|47|.468|8|16|.500|10|13|.769|4|30|10|1|3|13|21
24|24|2013-02-09|@|Indiana State|L|65|66|22|45|.489|6|13|.462|15|26|.577|9|30|12|7|2|14|22||22|47|.468|7|18|.389|15|25|.600|11|27|16|8|7|12|18
25|25|2013-02-13||Evansville|W|65|56|21|45|.467|6|15|.400|17|29|.586|14|35|6|8|1|19|16||22|54|.407|7|18|.389|5|8|.625|9|24|17|10|2|16|24
26|26|2013-02-16||Missouri State|W|62|54|22|43|.512|2|12|.167|16|20|.800|6|23|10|5|1|8|12||20|46|.435|3|16|.188|11|14|.786|9|24|8|3|1|10|17
27|27|2013-02-19|@|Creighton|L|45|59|18|51|.353|3|13|.231|6|10|.600|8|26|9|7|1|12|19||20|39|.513|2|9|.222|17|22|.773|4|30|16|4|0|15|11
28|28|2013-02-23||Miami (OH)|W (1 OT)|74|68|27|61|.443|9|21|.429|11|21|.524|10|32|12|9|5|12|19||25|56|.446|4|11|.364|14|22|.636|9|37|8|5|3|17|19
29|29|2013-02-27||Northern Iowa|W|63|57|23|55|.418|5|14|.357|12|17|.706|9|29|13|11|0|7|11||20|53|.377|8|32|.250|9|11|.818|12|37|13|7|2|16|14
30|30|2013-03-02|@|Drake|W|66|63|28|54|.519|5|16|.313|5|9|.556|7|23|9|10|0|10|19||20|41|.488|9|22|.409|14|21|.667|5|20|13|5|3|16|14
31|31|2013-03-07|N|Missouri State|L|53|61|22|43|.512|3|9|.333|6|10|.600|7|19|9|6|3|16|22||21|43|.488|3|15|.200|16|22|.727|8|23|7|7|1|10|14
