ranker|game_season|date_game|game_location|opp_id|game_result|pts|opp_pts|fg|fga|fg_pct|fg3|fg3a|fg3_pct|ft|fta|ft_pct|orb|trb|ast|stl|blk|tov|pf|x|opp_fg|opp_fga|opp_fg_pct|opp_fg3|opp_fg3a|opp_fg3_pct|opp_ft|opp_fta|opp_ft_pct|opp_orb|opp_trb|opp_ast|opp_stl|opp_blk|opp_tov|opp_pf|
1|1|2012-11-11||Milwaukee|W (1 OT)|82|75|28|63|.444|0|11|.000|26|31|.839|15|40|11|5|7|17|16||26|67|.388|14|33|.424|9|19|.474|12|26|17|7|3|15|24
2|2|2012-11-16||Morgan State|W|87|71|30|57|.526|6|16|.375|21|26|.808|13|33|10|5|2|19|20||28|53|.528|2|13|.154|13|20|.650|5|18|13|11|4|19|20
3|3|2012-11-19||Rider|W|88|76|32|60|.533|13|27|.481|11|14|.786|10|31|22|5|2|18|20||27|53|.509|6|14|.429|16|21|.762|7|21|13|9|2|17|12
4|4|2012-11-21||Elon|L|53|65|18|56|.321|6|19|.316|11|17|.647|17|40|10|7|5|22|16||26|57|.456|8|15|.533|5|11|.455|8|26|13|12|6|14|19
5|5|2012-11-24|N|Missouri State|W (1 OT)|74|67|22|39|.564|8|18|.444|22|28|.786|3|32|13|2|5|24|24||23|59|.390|5|19|.263|16|28|.571|11|26|7|10|0|12|24
6|6|2012-11-25|N|Arkansas-Little Rock|W|74|62|28|50|.560|6|16|.375|12|17|.706|11|35|14|9|5|21|20||23|57|.404|5|16|.313|11|23|.478|13|23|14|11|3|12|18
7|7|2012-11-29|@|St. John's (NY)|L|65|89|24|65|.369|5|23|.217|12|21|.571|20|36|10|2|1|12|17||33|58|.569|7|14|.500|16|24|.667|11|30|19|8|9|7|18
8|8|2012-12-02||Clemson|L|55|64|18|52|.346|4|15|.267|15|22|.682|14|31|10|3|4|19|28||17|39|.436|3|11|.273|27|37|.730|7|28|8|10|8|13|25
9|9|2012-12-07||Jacksonville|W|91|74|31|56|.554|10|16|.625|19|29|.655|8|37|20|3|6|17|25||26|68|.382|3|20|.150|19|28|.679|11|27|11|7|8|7|22
10|10|2012-12-19||Appalachian State|W|74|69|28|61|.459|5|15|.333|13|19|.684|13|37|18|4|8|16|21||23|63|.365|4|14|.286|19|22|.864|14|35|12|6|4|17|24
11|11|2012-12-22|N|Manhattan|W|63|57|20|49|.408|6|20|.300|17|25|.680|11|31|10|6|1|19|19||18|45|.400|8|24|.333|13|24|.542|9|21|16|13|4|11|21
12|12|2012-12-29||Presbyterian|W|76|60|27|56|.482|7|16|.438|15|24|.625|14|30|15|5|4|8|14||23|49|.469|4|13|.308|10|13|.769|5|22|10|5|4|15|18
13|13|2013-01-05||South Carolina State|W|80|69|32|71|.451|4|16|.250|12|21|.571|15|37|16|4|3|9|18||26|61|.426|0|7|.000|17|22|.773|14|39|13|3|4|15|21
14|14|2013-01-09|@|Mississippi State|L|54|56|20|51|.392|8|21|.381|6|11|.545|12|34|10|7|5|24|20||19|49|.388|0|10|.000|18|25|.720|9|26|8|14|8|17|15
15|15|2013-01-12||Auburn|L|71|74|26|57|.456|8|20|.400|11|16|.688|16|29|20|4|3|15|24||24|41|.585|8|18|.444|18|28|.643|7|20|14|9|3|17|23
16|16|2013-01-16|@|Louisiana State|W (1 OT)|82|73|26|58|.448|2|14|.143|28|37|.757|11|33|9|6|2|14|16||26|64|.406|8|27|.296|13|16|.813|15|37|15|9|3|21|26
17|17|2013-01-19||Vanderbilt|L|51|58|14|59|.237|4|21|.190|19|25|.760|11|32|7|9|2|7|24||16|37|.432|6|13|.462|20|33|.606|6|38|15|1|2|18|21
18|18|2013-01-22|@|Missouri|L|65|71|24|65|.369|6|20|.300|11|17|.647|14|38|9|6|2|13|24||19|57|.333|5|27|.185|28|36|.778|13|39|10|10|2|13|19
19|19|2013-01-26||Arkansas|W|75|54|30|52|.577|7|12|.583|8|17|.471|11|36|17|2|5|17|13||21|61|.344|2|16|.125|10|15|.667|12|26|13|10|5|9|19
20|20|2013-01-30|@|Florida|L|36|75|14|45|.311|2|14|.143|6|9|.667|6|23|8|7|0|17|15||28|53|.528|12|21|.571|7|16|.438|11|37|18|13|3|12|9
21|21|2013-02-02||Georgia|L|56|67|19|53|.358|7|20|.350|11|13|.846|7|22|9|6|2|10|19||25|43|.581|6|13|.462|11|16|.688|6|30|14|4|6|13|15
22|22|2013-02-05|@|Kentucky|L|55|77|17|59|.288|5|23|.217|16|24|.667|9|23|5|5|3|7|23||27|44|.614|5|8|.625|18|28|.643|7|41|13|3|9|17|20
23|23|2013-02-10||Tennessee|L|61|66|20|51|.392|3|16|.188|18|25|.720|7|25|8|7|1|13|22||18|41|.439|3|14|.214|27|37|.730|9|29|10|7|6|18|23
24|24|2013-02-14||Louisiana State|L|46|64|18|64|.281|3|19|.158|7|13|.538|12|29|8|7|8|12|16||26|59|.441|3|13|.231|9|16|.563|14|43|16|7|3|17|18
25|25|2013-02-16|@|Alabama|L|58|68|23|51|.451|5|17|.294|7|13|.538|9|32|9|6|0|18|22||22|47|.468|6|19|.316|18|33|.545|10|30|12|12|7|12|16
26|26|2013-02-20||Mississippi|W|63|62|26|65|.400|8|19|.421|3|8|.375|13|37|15|3|8|10|14||24|64|.375|8|24|.333|6|9|.667|9|37|11|8|9|12|13
27|27|2013-02-23|@|Georgia|L (1 OT)|54|62|18|60|.300|6|19|.316|12|24|.500|13|34|8|7|5|13|29||15|48|.313|4|16|.250|28|46|.609|16|45|9|8|6|16|21
28|28|2013-02-28||Missouri|L|68|90|24|56|.429|10|26|.385|10|14|.714|11|18|14|5|2|10|21||32|46|.696|6|9|.667|20|26|.769|6|28|19|6|5|12|18
29|29|2013-03-02|@|Texas A&M|L|56|74|18|47|.383|6|16|.375|14|20|.700|10|27|12|4|1|17|16||29|54|.537|7|15|.467|9|15|.600|9|23|15|8|7|8|19
30|30|2013-03-06||Mississippi State|W|79|72|21|46|.457|9|22|.409|28|35|.800|6|25|18|6|1|13|23||24|47|.511|7|20|.350|17|28|.607|9|27|14|6|2|19|28
31|31|2013-03-09|@|Vanderbilt|L|64|74|23|64|.359|7|20|.350|11|13|.846|16|38|13|3|4|11|22||22|48|.458|7|19|.368|23|28|.821|8|31|12|4|8|9|16
32|32|2013-03-13|N|Mississippi State|L|59|70|24|64|.375|6|31|.194|5|7|.714|11|33|14|4|4|17|19||23|49|.469|7|15|.467|17|27|.630|8|33|14|12|5|14|13
