ranker|game_season|date_game|game_location|opp_id|game_result|pts|opp_pts|fg|fga|fg_pct|fg3|fg3a|fg3_pct|ft|fta|ft_pct|orb|trb|ast|stl|blk|tov|pf|x|opp_fg|opp_fga|opp_fg_pct|opp_fg3|opp_fg3a|opp_fg3_pct|opp_ft|opp_fta|opp_ft_pct|opp_orb|opp_trb|opp_ast|opp_stl|opp_blk|opp_tov|opp_pf|
1|1|2012-11-09|@|Brigham Young|L|66|81|23|68|.338|6|21|.286|14|23|.609|12|37|15|8|4|17|24||30|55|.545|5|14|.357|16|25|.640|2|35|20|4|8|17|19
2|2|2012-11-13|@|South Dakota State|L|71|78|26|70|.371|9|25|.360|10|14|.714|13|33|16|13|2|11|24||23|47|.489|7|19|.368|25|32|.781|6|35|17|4|5|16|15
3|3|2012-11-15|@|Minnesota|L|43|72|14|59|.237|4|22|.182|11|21|.524|13|31|8|11|2|20|18||26|54|.481|6|16|.375|14|23|.609|8|38|22|13|7|17|20
4|4|2012-11-19|N|South Alabama|W|68|57|25|61|.410|5|19|.263|13|19|.684|15|39|14|9|5|15|22||18|49|.367|4|14|.286|17|28|.607|6|27|10|10|4|15|17
5|5|2012-11-20|@|Georgia State|L|57|59|23|59|.390|8|27|.296|3|4|.750|12|31|17|3|5|12|18||21|48|.438|6|17|.353|11|19|.579|5|21|9|6|7|11|11
6|6|2012-11-21|N|Monmouth|L|70|81|26|59|.441|2|18|.111|16|22|.727|14|44|16|7|4|26|23||25|59|.424|9|23|.391|22|29|.759|5|23|18|11|1|13|23
7|7|2012-11-26||Fisk|W|92|53|32|56|.571|6|19|.316|22|27|.815|11|43|18|11|7|21|16||18|62|.290|3|12|.250|14|19|.737|13|26|8|10|1|21|19
8|8|2012-12-01|@|Alabama A&M|W|83|72|26|52|.500|5|11|.455|26|32|.813|5|27|12|9|2|10|21||24|55|.436|5|17|.294|19|26|.731|9|28|11|5|1|13|20
9|9|2012-12-04||Drexel|W|76|66|26|52|.500|4|13|.308|20|24|.833|8|29|12|4|7|10|12||26|67|.388|6|22|.273|8|11|.727|15|35|14|4|1|10|21
10|10|2012-12-08|@|Missouri|L|38|68|15|63|.238|6|24|.250|2|5|.400|9|23|8|7|5|12|15||24|53|.453|5|19|.263|15|19|.789|11|46|15|4|6|18|12
11|11|2012-12-16||Le Moyne Owen|W|79|39|26|54|.481|7|15|.467|20|29|.690|17|44|17|5|3|15|17||16|59|.271|2|22|.091|5|14|.357|15|29|8|4|2|16|22
12|12|2012-12-18|@|Middle Tennessee|L|48|77|14|46|.304|1|13|.077|19|29|.655|14|32|3|6|4|20|16||28|59|.475|6|18|.333|15|20|.750|13|34|20|8|2|12|23
13|13|2012-12-21||South Carolina Upstate|W|67|64|22|46|.478|10|23|.435|13|19|.684|2|19|14|8|5|15|12||25|57|.439|6|20|.300|8|15|.533|15|36|15|9|3|19|19
14|14|2012-12-29||Eastern Illinois|W|67|59|22|40|.550|7|14|.500|16|24|.667|6|30|10|5|3|11|17||19|44|.432|7|21|.333|14|19|.737|3|24|13|6|1|9|20
15|15|2013-01-03|@|Tennessee Tech|W|72|66|22|41|.537|5|12|.417|23|39|.590|9|36|9|2|4|17|22||21|58|.362|9|26|.346|15|24|.625|12|30|10|4|1|10|30
16|16|2013-01-05|@|Jacksonville State|W|66|57|20|47|.426|2|14|.143|24|31|.774|10|44|10|2|4|13|24||17|52|.327|4|14|.286|19|34|.559|8|25|7|7|5|5|24
17|17|2013-01-10||Tennessee-Martin|W|80|48|25|49|.510|10|21|.476|20|23|.870|6|35|14|7|5|15|15||20|61|.328|1|12|.083|7|9|.778|9|29|10|3|0|16|21
18|18|2013-01-12||Southeast Missouri State|W|81|69|27|55|.491|8|19|.421|19|22|.864|8|33|13|3|6|8|13||26|60|.433|11|22|.500|6|16|.375|10|30|13|3|0|8|17
19|19|2013-01-17||Jacksonville State|W|66|60|22|44|.500|8|14|.571|14|17|.824|5|28|10|4|3|12|17||23|45|.511|4|12|.333|10|20|.500|3|20|13|9|2|9|17
20|20|2013-01-19|@|Belmont|L|66|78|26|59|.441|9|23|.391|5|8|.625|11|39|16|2|9|16|17||27|62|.435|11|25|.440|13|19|.684|9|29|17|12|2|6|16
21|21|2013-01-24|@|Eastern Kentucky|L|67|76|19|51|.373|8|26|.308|21|29|.724|15|28|11|13|4|15|20||25|45|.556|8|18|.444|18|22|.818|5|23|13|7|2|17|22
22|22|2013-01-26|@|Morehead State|L|69|78|22|44|.500|2|9|.222|23|32|.719|8|19|10|7|1|17|23||24|50|.480|2|15|.133|28|32|.875|10|27|13|8|2|11|25
23|23|2013-01-31||Tennessee Tech|W|84|65|26|61|.426|3|16|.188|29|36|.806|15|38|12|12|4|14|24||19|58|.328|4|21|.190|23|28|.821|19|38|6|5|10|24|24
24|24|2013-02-07|@|Austin Peay|W (1 OT)|88|82|30|61|.492|6|19|.316|22|26|.846|9|36|16|12|4|16|25||29|67|.433|7|23|.304|17|27|.630|15|39|11|9|2|17|19
25|25|2013-02-09|@|Murray State|L|48|69|17|59|.288|3|15|.200|11|13|.846|19|36|5|7|2|19|24||21|49|.429|5|15|.333|22|29|.759|11|32|12|7|7|12|17
26|26|2013-02-14||Belmont|W|80|69|27|51|.529|5|15|.333|21|24|.875|8|35|12|8|6|18|16||29|65|.446|5|26|.192|6|10|.600|10|27|13|11|0|16|22
27|27|2013-02-20|@|Southern Illinois-Edwardsville|W|83|73|30|52|.577|10|15|.667|13|20|.650|9|30|23|8|5|14|14||29|61|.475|4|13|.308|11|15|.733|13|26|14|5|3|12|16
28|28|2013-02-23||Loyola (MD)|L|67|69|23|53|.434|6|14|.429|15|19|.789|10|32|9|5|2|17|17||27|56|.482|2|14|.143|13|21|.619|8|28|8|7|3|13|18
29|29|2013-02-28||Morehead State|L|100|101|30|65|.462|10|23|.435|30|38|.789|14|24|14|7|4|11|18||37|60|.617|15|25|.600|12|21|.571|12|32|20|7|3|20|29
30|30|2013-03-02||Eastern Kentucky|W (1 OT)|85|81|27|51|.529|6|15|.400|25|32|.781|10|40|18|7|7|19|18||24|68|.353|13|42|.310|20|20|1.000|9|26|15|7|2|10|21
31|31|2013-03-07|N|Morehead State|W|88|75|29|60|.483|8|19|.421|22|27|.815|11|32|17|10|5|12|25||25|59|.424|7|18|.389|18|29|.621|13|34|17|6|3|16|26
32|32|2013-03-08|N|Belmont|L|73|82|29|61|.475|10|26|.385|5|6|.833|13|33|17|6|7|21|25||27|60|.450|7|24|.292|21|30|.700|13|30|15|13|3|10|12
33|33|2013-03-19|@|Evansville|L|72|84|29|73|.397|7|32|.219|7|7|1.000|13|35|16|10|5|17|18||30|63|.476|9|18|.500|15|17|.882|9|35|18|10|2|15|12
