ranker|game_season|date_game|game_location|opp_id|game_result|pts|opp_pts|fg|fga|fg_pct|fg3|fg3a|fg3_pct|ft|fta|ft_pct|orb|trb|ast|stl|blk|tov|pf|x|opp_fg|opp_fga|opp_fg_pct|opp_fg3|opp_fg3a|opp_fg3_pct|opp_ft|opp_fta|opp_ft_pct|opp_orb|opp_trb|opp_ast|opp_stl|opp_blk|opp_tov|opp_pf|
1|1|2012-11-09||Fordham|W|86|76|27|64|.422|7|19|.368|25|35|.714|11|42|17|7|5|18|19||29|66|.439|4|13|.308|14|24|.583|9|38|7|12|3|23|24
2|2|2012-11-13||Texas-Tyler|W|86|66|28|67|.418|6|20|.300|24|31|.774|17|47|20|10|4|11|17||25|64|.391|6|21|.286|10|17|.588|11|34|9|5|0|16|20
3|3|2012-11-17||Southern Methodist|L|75|78|26|65|.400|6|19|.316|17|20|.850|9|23|10|8|1|11|21||26|53|.491|2|11|.182|24|28|.857|9|35|6|5|11|17|21
4|4|2012-11-22|N|Charlotte|L|64|73|23|63|.365|9|26|.346|9|14|.643|8|30|14|9|7|20|21||27|60|.450|6|17|.353|13|28|.464|9|39|21|13|6|22|16
5|5|2012-11-23|N|Loyola Marymount|L|63|78|21|61|.344|5|20|.250|16|22|.727|8|28|12|7|3|14|22||28|64|.438|5|22|.227|17|22|.773|16|46|17|10|3|16|18
6|6|2012-11-24|N|California-Riverside|W|81|69|27|54|.500|8|20|.400|19|28|.679|5|25|19|13|5|14|24||23|51|.451|6|18|.333|17|30|.567|8|33|14|8|5|22|26
7|7|2012-11-30||Utah|L|69|74|24|65|.369|10|31|.323|11|18|.611|18|35|12|8|3|14|18||26|49|.531|5|17|.294|17|23|.739|6|30|17|7|3|14|17
8|8|2012-12-05||Oral Roberts|L|77|86|28|56|.500|5|16|.313|16|22|.727|10|27|14|6|2|14|20||32|67|.478|5|18|.278|17|24|.708|16|35|16|8|5|12|19
9|9|2012-12-08||Texas-Pan American|W|73|58|29|60|.483|3|10|.300|12|18|.667|10|38|16|6|3|17|18||22|63|.349|5|20|.250|9|20|.450|16|38|11|8|2|18|20
10|10|2012-12-15|@|Texas|L|63|75|20|58|.345|5|20|.250|18|30|.600|8|38|10|9|1|18|21||27|68|.397|4|15|.267|17|21|.810|10|42|12|8|4|14|22
11|11|2012-12-17|@|Northwestern|L|68|74|25|56|.446|5|14|.357|13|15|.867|8|34|16|7|5|18|19||24|55|.436|12|27|.444|14|25|.560|5|26|19|11|4|11|16
12|12|2012-12-20|@|Central Michigan|L|80|92|33|65|.508|8|22|.364|6|10|.600|9|30|18|6|2|16|23||29|54|.537|11|24|.458|23|31|.742|6|27|20|7|2|15|16
13|13|2012-12-29||San Jose State|L|55|72|20|62|.323|4|23|.174|11|14|.786|11|26|7|9|2|15|16||29|56|.518|1|13|.077|13|16|.813|9|37|9|8|5|15|15
14|14|2012-12-31||Utah State|L|57|81|22|59|.373|5|22|.227|8|12|.667|11|28|8|7|2|15|14||30|58|.517|11|26|.423|10|16|.625|11|37|21|10|4|14|17
15|15|2013-01-03|@|Denver|L|53|64|17|44|.386|5|16|.313|14|17|.824|4|17|10|5|1|12|14||23|42|.548|9|18|.500|9|15|.600|8|27|20|9|5|12|16
16|16|2013-01-05|@|New Mexico State|L|67|78|24|56|.429|8|21|.381|11|15|.733|6|25|13|3|2|10|21||29|54|.537|5|16|.313|15|17|.882|7|35|17|4|5|14|13
17|17|2013-01-10||Louisiana Tech|L|67|84|27|62|.435|8|19|.421|5|13|.385|5|25|14|8|4|12|12||32|75|.427|9|26|.346|11|13|.846|19|52|14|6|7|13|14
18|18|2013-01-12||Texas-Arlington|L|74|91|27|59|.458|12|29|.414|8|16|.500|10|24|12|3|1|10|20||32|56|.571|12|25|.480|15|21|.714|10|34|20|5|2|6|17
19|19|2013-01-19|@|Texas-San Antonio|W (1 OT)|81|78|25|53|.472|8|19|.421|23|32|.719|8|32|11|8|5|13|20||28|70|.400|6|23|.261|16|20|.800|15|39|10|2|0|12|25
20|20|2013-01-24|@|Idaho|W|78|73|28|60|.467|7|24|.292|15|23|.652|4|27|9|12|2|8|20||24|50|.480|5|17|.294|20|24|.833|5|35|11|4|2|18|18
21|21|2013-01-26|@|Seattle|W|86|83|30|68|.441|10|25|.400|16|23|.696|11|36|11|13|5|13|13||37|81|.457|8|23|.348|1|5|.200|19|45|25|8|5|16|16
22|22|2013-01-31||New Mexico State|L|72|86|24|66|.364|7|20|.350|17|24|.708|12|26|14|9|1|10|24||30|54|.556|6|11|.545|20|28|.714|10|40|15|4|2|13|19
23|23|2013-02-02||Denver|L|64|79|19|49|.388|3|9|.333|23|28|.821|13|29|6|7|2|16|19||26|47|.553|7|15|.467|20|25|.800|4|22|17|9|6|14|20
24|24|2013-02-07|@|Texas-Arlington|L|50|75|12|53|.226|3|25|.120|23|34|.676|10|31|5|9|2|22|19||23|59|.390|9|18|.500|20|26|.769|15|45|15|11|3|21|30
25|25|2013-02-09|@|Louisiana Tech|L|69|84|24|62|.387|8|16|.500|13|25|.520|8|30|13|10|4|17|18||29|65|.446|8|25|.320|18|20|.900|11|43|15|12|5|17|20
26|26|2013-02-16||Texas-San Antonio|L|62|73|22|58|.379|6|28|.214|12|18|.667|10|32|12|5|5|11|22||24|57|.421|7|24|.292|18|24|.750|11|38|13|5|1|10|17
27|27|2013-02-23|@|Lamar|W|74|61|29|68|.426|9|25|.360|7|11|.636|11|39|17|8|8|10|17||22|61|.361|0|3|.000|17|20|.850|8|35|14|3|6|12|12
28|28|2013-02-28||Seattle|W|67|65|22|55|.400|9|27|.333|14|24|.583|4|23|12|6|4|9|13||27|56|.482|9|21|.429|2|3|.667|5|33|17|3|0|19|20
29|29|2013-03-02||Idaho|L|81|90|30|65|.462|10|26|.385|11|13|.846|5|24|8|8|1|15|25||30|54|.556|6|14|.429|24|31|.774|9|36|9|9|5|14|17
30|30|2013-03-07|@|Utah State|L|61|77|19|56|.339|7|23|.304|16|22|.727|9|28|15|10|3|19|25||24|58|.414|5|20|.250|24|30|.800|16|46|19|11|8|19|24
31|31|2013-03-09|@|San Jose State|W|90|67|33|51|.647|11|17|.647|13|17|.765|5|31|19|4|2|12|18||22|62|.355|7|23|.304|16|24|.667|13|26|6|2|1|10|21
32|32|2013-03-12|N|Seattle|W|68|56|22|44|.500|2|11|.182|22|26|.846|3|25|9|11|4|13|15||19|56|.339|5|13|.385|13|16|.813|12|33|5|5|0|19|22
33|33|2013-03-14|N|Denver|W|72|68|23|35|.657|3|6|.500|23|28|.821|2|26|3|1|5|11|13||21|52|.404|10|28|.357|16|18|.889|5|17|10|6|2|4|21
34|34|2013-03-15|N|New Mexico State|L|65|74|19|55|.345|5|17|.294|22|29|.759|8|31|7|3|0|9|25||24|49|.490|4|11|.364|22|37|.595|5|34|10|7|5|7|19
