ranker|game_season|date_game|game_location|opp_id|game_result|pts|opp_pts|fg|fga|fg_pct|fg3|fg3a|fg3_pct|ft|fta|ft_pct|orb|trb|ast|stl|blk|tov|pf|x|opp_fg|opp_fga|opp_fg_pct|opp_fg3|opp_fg3a|opp_fg3_pct|opp_ft|opp_fta|opp_ft_pct|opp_orb|opp_trb|opp_ast|opp_stl|opp_blk|opp_tov|opp_pf|
1|1|2012-11-11|@|Boise State|L|63|81|21|57|.368|9|30|.300|12|18|.667|6|22|11|8|2|14|17||31|59|.525|6|16|.375|13|16|.813|9|40|16|8|3|16|19
2|2|2012-11-13|@|Northwestern|L|49|79|17|58|.293|5|26|.192|10|18|.556|8|33|10|5|3|14|19||29|58|.500|11|25|.440|10|14|.714|6|40|24|6|7|11|16
3|3|2012-11-16||Louisiana-Lafayette|W (1 OT)|74|71|23|60|.383|7|22|.318|21|32|.656|9|40|7|7|9|11|19||27|75|.360|7|23|.304|10|17|.588|13|47|9|3|6|14|25
4|4|2012-11-18|@|Michigan State|L|41|69|12|57|.211|5|31|.161|12|19|.632|12|35|6|8|4|14|15||28|60|.467|2|13|.154|11|15|.733|9|42|11|12|7|12|13
5|5|2012-11-20||Oakland|L|69|71|26|54|.481|12|31|.387|5|13|.385|8|26|21|3|5|11|18||26|55|.473|8|19|.421|11|18|.611|12|32|17|9|1|13|19
6|6|2012-11-24|@|Middle Tennessee|L|52|79|19|48|.396|6|23|.261|8|13|.615|4|20|9|5|3|14|15||31|65|.477|5|13|.385|12|17|.706|17|43|16|6|2|8|17
7|7|2012-11-27|@|Colorado|L (2 OT)|80|85|28|73|.384|12|37|.324|12|20|.600|12|38|7|8|7|13|30||23|59|.390|6|19|.316|33|44|.750|12|43|11|6|8|12|19
8|8|2012-12-03|@|San Diego State|L|62|74|24|62|.387|7|21|.333|7|12|.583|6|29|13|5|7|12|16||27|58|.466|5|10|.500|15|17|.882|7|35|15|2|6|14|11
9|9|2012-12-08|@|Houston|L (1 OT)|75|78|29|69|.420|14|34|.412|3|8|.375|12|33|17|5|2|11|19||29|57|.509|6|11|.545|14|19|.737|9|35|17|4|8|13|14
10|10|2012-12-16||Cal State Fullerton|L|86|93|33|59|.559|11|25|.440|9|12|.750|6|22|23|3|3|13|20||34|56|.607|8|17|.471|17|21|.810|5|24|19|6|0|10|14
11|11|2012-12-18|@|Kansas State|L|69|78|26|57|.456|13|28|.464|4|10|.400|7|23|15|6|2|13|18||31|55|.564|2|13|.154|14|22|.636|11|34|21|5|4|15|11
12|12|2012-12-22||Florida International|L|45|48|16|56|.286|8|33|.242|5|6|.833|12|31|12|4|5|10|15||18|50|.360|4|18|.222|8|12|.667|10|33|11|6|1|11|10
13|13|2012-12-27|@|Akron|L|68|83|24|62|.387|11|29|.379|9|17|.529|12|27|14|5|1|11|19||30|60|.500|6|22|.273|17|22|.773|13|38|18|6|7|11|20
14|14|2013-01-02|@|Southern|L|57|63|20|50|.400|5|20|.250|12|16|.750|12|38|4|0|5|14|17||22|59|.373|4|17|.235|15|21|.714|10|29|7|7|6|3|16
15|15|2013-01-04|@|Alcorn State|W|57|48|19|51|.373|5|26|.192|14|22|.636|6|26|8|1|4|7|14||17|60|.283|4|20|.200|10|18|.556|8|31|6|2|2|7|20
16|16|2013-01-06|@|Prairie View|W|65|60|24|61|.393|6|26|.231|11|16|.688|14|38|12|4|3|11|18||24|63|.381|2|11|.182|10|17|.588|14|37|7|5|4|10|19
17|17|2013-01-12||Jackson State|W|84|57|31|59|.525|11|26|.423|11|13|.846|7|36|20|7|4|13|15||20|58|.345|6|20|.300|11|19|.579|9|27|10|8|6|10|15
18|18|2013-01-14||Grambling|W|95|50|35|65|.538|10|26|.385|15|24|.625|14|40|26|8|6|4|9||19|49|.388|9|19|.474|3|4|.750|3|19|13|4|4|14|19
19|19|2013-01-19|@|Arkansas-Pine Bluff|L|63|66|21|54|.389|9|30|.300|12|18|.667|11|31|16|5|5|15|14||26|57|.456|4|14|.286|10|15|.667|12|34|19|9|2|11|15
20|20|2013-01-21|@|Mississippi Valley State|W|75|48|28|57|.491|11|25|.440|8|15|.533|11|35|12|8|3|11|13||18|55|.327|4|22|.182|8|11|.727|9|30|8|5|1|15|14
21|21|2013-01-26||Alabama A&M|W|89|56|36|57|.632|11|18|.611|6|10|.600|13|33|22|3|4|12|21||19|50|.380|3|13|.231|15|29|.517|11|20|11|5|1|12|15
22|22|2013-01-28||Alabama State|W|97|65|31|60|.517|16|28|.571|19|24|.792|12|40|26|3|4|7|14||24|68|.353|4|20|.200|13|15|.867|12|30|12|5|2|9|15
23|23|2013-02-02||Prairie View|W|84|48|29|52|.558|14|26|.538|12|19|.632|6|31|18|9|7|12|16||18|72|.250|2|9|.222|10|18|.556|21|37|10|3|0|12|14
24|24|2013-02-09|@|Jackson State|W|61|54|21|45|.467|5|16|.313|14|16|.875|4|30|5|6|3|14|13||17|59|.288|7|19|.368|13|16|.813|10|27|5|6|2|11|17
25|25|2013-02-11|@|Grambling|W|80|52|28|52|.538|13|27|.481|11|17|.647|11|36|17|1|2|5|16||20|51|.392|6|18|.333|6|13|.462|7|18|8|3|0|4|16
26|26|2013-02-16||Arkansas-Pine Bluff|W|75|69|27|57|.474|10|24|.417|11|16|.688|12|35|20|3|3|12|17||25|55|.455|8|18|.444|11|18|.611|10|28|16|6|0|13|19
27|27|2013-02-18||Mississippi Valley State|W|73|57|25|51|.490|3|11|.273|20|37|.541|12|34|14|6|8|15|18||19|59|.322|3|11|.273|16|18|.889|15|32|9|6|2|16|27
28|28|2013-02-23|@|Alabama A&M|W|64|62|25|51|.490|3|16|.188|11|24|.458|6|30|8|4|6|9|13||25|58|.431|5|12|.417|7|11|.636|8|33|13|3|3|9|18
29|29|2013-02-25|@|Alabama State|W|70|50|29|65|.446|7|23|.304|5|11|.455|12|40|10|6|6|9|8||21|62|.339|5|12|.417|3|6|.500|9|34|10|2|5|11|13
30|30|2013-02-28||Southern|W|79|66|23|53|.434|11|21|.524|22|28|.786|7|37|15|5|9|13|18||23|56|.411|4|15|.267|16|24|.667|5|26|9|8|3|9|18
31|31|2013-03-02||Alcorn State|W|78|59|26|51|.510|7|19|.368|19|26|.731|6|33|19|8|7|13|14||23|59|.390|4|15|.267|9|14|.643|11|28|9|4|1|18|20
