ranker|game_season|date_game|game_location|opp_id|game_result|pts|opp_pts|fg|fga|fg_pct|fg3|fg3a|fg3_pct|ft|fta|ft_pct|orb|trb|ast|stl|blk|tov|pf|x|opp_fg|opp_fga|opp_fg_pct|opp_fg3|opp_fg3a|opp_fg3_pct|opp_ft|opp_fta|opp_ft_pct|opp_orb|opp_trb|opp_ast|opp_stl|opp_blk|opp_tov|opp_pf|
1|1|2012-11-09|@|Loyola (IL)|L|50|62|20|57|.351|4|17|.235|6|10|.600|7|25|5|6|1|11|16||21|54|.389|6|20|.300|14|15|.933|10|38|13|5|2|15|13
2|2|2012-11-12|@|Minnesota|L|56|82|19|61|.311|3|19|.158|15|23|.652|8|20|13|10|4|13|22||28|57|.491|5|14|.357|21|30|.700|16|43|18|12|9|19|24
3|3|2012-11-14|@|Northern Iowa|L (1 OT)|81|84|31|69|.449|9|26|.346|10|14|.714|7|29|10|9|1|12|27||23|53|.434|6|20|.300|32|39|.821|9|34|11|6|3|15|12
4|4|2012-11-21|N|Samford|W|82|69|22|49|.449|7|16|.438|31|40|.775|13|40|12|10|5|15|19||24|61|.393|11|27|.407|10|17|.588|9|25|9|9|4|13|28
5|5|2012-11-22|@|Florida Gulf Coast|L|66|72|26|59|.441|5|20|.250|9|10|.900|5|24|12|10|0|19|23||26|52|.500|4|18|.222|16|28|.571|10|34|15|11|4|18|15
6|6|2012-11-28||Texas A&M-Corpus Christi|W|80|68|20|48|.417|5|14|.357|35|46|.761|10|31|10|6|2|12|25||20|52|.385|4|21|.190|24|32|.750|12|34|8|7|3|16|34
7|7|2012-12-01|@|Cleveland State|L|73|78|25|48|.521|5|10|.500|18|22|.818|8|21|14|8|3|15|13||27|51|.529|12|24|.500|12|15|.800|10|22|14|7|4|16|21
8|8|2012-12-05|@|Detroit Mercy|L|73|79|26|57|.456|8|19|.421|13|16|.813|7|33|11|5|6|17|12||29|68|.426|12|28|.429|9|13|.692|11|32|19|15|8|12|17
9|9|2012-12-08|@|Eastern Illinois|W|67|59|26|44|.591|6|14|.429|9|18|.500|5|28|12|4|4|12|14||18|50|.360|10|28|.357|13|17|.765|7|26|12|7|1|10|18
10|10|2012-12-29||Illinois-Chicago|W|74|55|25|62|.403|7|20|.350|17|20|.850|13|43|18|6|7|7|10||21|63|.333|10|24|.417|3|9|.333|13|35|16|4|4|10|16
11|11|2012-12-31||Chicago State|L|53|58|15|48|.313|3|17|.176|20|20|1.000|6|27|9|8|2|12|14||18|52|.346|11|27|.407|11|12|.917|9|29|7|8|1|11|15
12|12|2013-01-09|@|Kent State|W|70|58|25|57|.439|4|14|.286|16|18|.889|8|31|12|5|5|10|24||18|56|.321|3|19|.158|19|27|.704|14|35|8|4|4|14|18
13|13|2013-01-12||Central Michigan|W (1 OT)|76|72|29|64|.453|7|23|.304|11|15|.733|8|29|19|8|2|7|14||26|56|.464|10|30|.333|10|13|.769|7|35|20|4|2|14|18
14|14|2013-01-16|@|Western Michigan|L|56|79|21|57|.368|4|12|.333|10|14|.714|6|19|7|5|6|11|10||32|65|.492|8|22|.364|7|8|.875|12|37|15|6|7|15|19
15|15|2013-01-19|@|Ohio|L|67|76|26|55|.473|5|13|.385|10|13|.769|7|29|14|3|2|13|23||27|53|.509|4|17|.235|18|31|.581|8|26|16|6|6|5|14
16|16|2013-01-23||Akron|L|56|71|23|61|.377|2|12|.167|8|10|.800|10|29|11|11|1|10|10||28|63|.444|10|23|.435|5|9|.556|16|43|15|5|9|13|10
17|17|2013-01-26||Bowling Green State|W|75|62|22|47|.468|5|14|.357|26|27|.963|6|35|14|3|4|12|14||25|59|.424|5|20|.250|7|10|.700|5|24|13|5|4|10|23
18|18|2013-01-30|@|Ball State|W|85|78|30|58|.517|7|16|.438|18|21|.857|7|21|17|5|2|4|19||26|57|.456|5|18|.278|21|29|.724|18|41|12|3|1|15|18
19|19|2013-02-02|@|Northern Illinois|W|69|64|19|42|.452|4|15|.267|27|35|.771|5|29|5|6|5|16|22||20|52|.385|7|17|.412|17|26|.654|7|28|6|6|1|13|25
20|20|2013-02-06||Miami (OH)|W|65|64|24|47|.511|7|18|.389|10|13|.769|6|23|15|5|2|9|15||22|49|.449|5|15|.333|15|18|.833|9|27|10|5|3|12|16
21|21|2013-02-09||Eastern Michigan|W|60|52|18|52|.346|4|17|.235|20|31|.645|11|33|13|11|2|11|12||20|59|.339|4|17|.235|8|11|.727|13|38|6|7|8|19|23
22|22|2013-02-13|@|Buffalo|L|60|75|22|67|.328|7|21|.333|9|11|.818|10|33|10|6|4|6|15||27|52|.519|9|18|.500|12|16|.750|3|36|16|4|8|11|10
23|23|2013-02-16|@|Central Michigan|W|73|64|25|55|.455|5|17|.294|18|28|.643|10|34|12|4|2|11|18||19|57|.333|6|31|.194|20|25|.800|10|27|8|8|1|13|20
24|24|2013-02-23||McNeese State|W|79|66|28|57|.491|8|18|.444|15|18|.833|8|32|21|8|5|13|18||24|56|.429|7|19|.368|11|21|.524|12|32|14|8|2|20|16
25|25|2013-02-27||Western Michigan|L|62|65|22|55|.400|8|18|.444|10|16|.625|4|29|13|7|3|11|20||20|55|.364|5|18|.278|20|27|.741|10|36|12|4|1|14|16
26|26|2013-03-02||Ball State|L|72|86|23|60|.383|8|23|.348|18|24|.750|8|21|19|9|3|10|17||29|54|.537|12|24|.500|16|22|.727|12|41|14|6|3|21|22
27|27|2013-03-05||Northern Illinois|W|70|46|22|52|.423|10|28|.357|16|23|.696|8|34|14|11|7|10|20||14|47|.298|3|10|.300|15|21|.714|8|32|3|4|1|17|15
28|28|2013-03-09|@|Eastern Michigan|W|78|67|27|53|.509|9|24|.375|15|22|.682|10|29|23|8|3|12|13||22|53|.415|10|24|.417|13|17|.765|10|27|13|10|3|14|19
