ranker|game_season|date_game|game_location|opp_id|game_result|pts|opp_pts|fg|fga|fg_pct|fg3|fg3a|fg3_pct|ft|fta|ft_pct|orb|trb|ast|stl|blk|tov|pf|x|opp_fg|opp_fga|opp_fg_pct|opp_fg3|opp_fg3a|opp_fg3_pct|opp_ft|opp_fta|opp_ft_pct|opp_orb|opp_trb|opp_ast|opp_stl|opp_blk|opp_tov|opp_pf|
1|1|2012-11-09|@|College of Charleston|L|58|75|21|57|.368|4|12|.333|12|17|.706|14|29|5|7|4|15|23||27|48|.563|4|9|.444|17|29|.586|12|33|11|4|6|17|18
2|2|2012-11-16|N|Radford|W|75|67|28|60|.467|7|20|.350|12|28|.429|18|43|10|10|2|17|22||23|51|.451|4|17|.235|17|27|.630|6|24|10|7|1|15|21
3|3|2012-11-17|@|Eastern Kentucky|L (1 OT)|69|71|22|49|.449|4|15|.267|21|33|.636|15|41|10|5|4|17|19||25|64|.391|7|26|.269|14|19|.737|12|28|15|8|1|9|23
4|4|2012-11-18|N|Kennesaw State|W|69|63|22|44|.500|6|17|.353|19|31|.613|7|31|11|5|6|14|21||18|50|.360|8|17|.471|19|27|.704|7|24|11|8|0|11|22
5|5|2012-11-19|N|Cincinnati Christian|W|79|40|30|53|.566|9|19|.474|10|16|.625|11|45|11|10|10|13|18||13|54|.241|5|25|.200|9|15|.600|8|20|8|6|0|14|17
6|6|2012-11-26|@|Loyola (MD)|L|53|65|17|53|.321|2|12|.167|17|26|.654|14|39|4|4|8|15|18||24|69|.348|6|20|.300|11|16|.688|14|34|15|9|8|7|20
7|7|2012-12-01|@|Maryland-Baltimore County|L|62|66|20|54|.370|7|22|.318|15|26|.577|12|37|11|5|4|17|20||23|55|.418|5|14|.357|15|21|.714|7|31|14|6|3|10|22
8|8|2012-12-05|@|Vermont|W|68|64|26|52|.500|3|10|.300|13|18|.722|8|28|9|13|5|14|24||19|40|.475|8|14|.571|18|33|.545|6|22|13|9|4|18|17
9|9|2012-12-08|@|Georgetown|L|40|46|15|46|.326|4|15|.267|6|8|.750|6|33|9|2|6|19|20||14|48|.292|2|16|.125|16|24|.667|7|28|11|11|5|8|12
10|10|2012-12-12|@|Temple|L|61|72|26|60|.433|1|14|.071|8|9|.889|12|40|4|3|3|18|16||27|71|.380|4|17|.235|14|18|.778|16|37|17|12|3|8|10
11|11|2012-12-15||North Dakota State|L|48|65|19|56|.339|6|18|.333|4|10|.400|9|28|10|2|3|6|13||21|48|.438|6|20|.300|17|19|.895|7|31|13|3|6|8|11
12|12|2012-12-19||Coppin State|L|61|64|22|53|.415|4|17|.235|13|19|.684|14|39|10|3|7|17|19||24|68|.353|10|26|.385|6|7|.857|18|36|10|10|4|11|16
13|13|2012-12-29|@|Oregon State|W (1 OT)|67|66|25|65|.385|4|18|.222|13|22|.591|15|44|7|1|3|8|20||23|66|.348|3|8|.375|17|24|.708|10|39|13|5|7|7|17
14|14|2013-01-02|@|North Carolina-Wilmington|W|79|74|28|67|.418|5|14|.357|18|28|.643|9|35|10|6|9|6|18||26|61|.426|7|17|.412|15|22|.682|8|43|12|5|7|11|21
15|15|2013-01-05|@|Drexel|W|69|66|19|44|.432|4|11|.364|27|38|.711|6|37|9|5|4|18|23||19|56|.339|8|23|.348|20|34|.588|9|31|13|10|3|13|26
16|16|2013-01-09||William & Mary|W (2 OT)|99|86|34|70|.486|4|16|.250|27|33|.818|14|40|14|13|11|17|17||30|76|.395|13|33|.394|13|15|.867|13|36|18|9|1|19|22
17|17|2013-01-12||Northeastern|L|59|70|24|55|.436|6|24|.250|5|9|.556|11|33|13|5|4|19|16||25|54|.463|8|16|.500|12|16|.750|6|23|16|9|5|8|12
18|18|2013-01-16|@|Delaware|W|69|66|25|52|.481|1|9|.111|18|27|.667|15|35|9|5|1|17|21||21|52|.404|0|8|.000|24|27|.889|11|29|7|8|3|10|22
19|19|2013-01-19||James Madison|W|73|47|25|55|.455|8|22|.364|15|23|.652|12|40|15|7|7|13|19||14|55|.255|4|19|.211|15|18|.833|5|26|6|3|9|11|17
20|20|2013-01-21||Georgia State|L|69|71|22|56|.393|9|22|.409|16|22|.727|9|28|10|5|3|6|12||26|56|.464|11|22|.500|8|9|.889|8|31|13|4|5|10|15
21|21|2013-01-23||George Mason|L|67|77|24|64|.375|4|21|.190|15|24|.625|21|41|8|0|7|15|25||26|53|.491|2|11|.182|23|31|.742|8|31|20|9|6|8|22
22|22|2013-01-26|@|William & Mary|L|56|63|23|58|.397|6|26|.231|4|6|.667|7|27|11|5|3|11|22||23|57|.404|5|23|.217|12|24|.500|14|40|16|6|2|8|14
23|23|2013-01-30|@|Old Dominion|W|68|66|24|61|.393|6|17|.353|14|22|.636|19|44|10|3|8|15|17||25|64|.391|4|17|.235|12|15|.800|12|32|16|9|8|10|20
24|24|2013-02-04||North Carolina-Wilmington|W|81|68|30|57|.526|5|17|.294|16|23|.696|16|38|13|8|10|10|17||25|63|.397|6|14|.429|12|19|.632|17|32|11|6|2|9|17
25|25|2013-02-06||Delaware|W|85|65|32|62|.516|7|17|.412|14|19|.737|13|47|14|5|6|13|24||17|59|.288|7|11|.636|24|32|.750|8|25|5|5|3|10|19
26|26|2013-02-09|@|Georgia State|W (1 OT)|90|82|31|55|.564|13|21|.619|15|26|.577|10|33|19|2|3|17|22||26|61|.426|8|24|.333|22|32|.688|13|30|16|11|6|10|22
27|27|2013-02-12|@|James Madison|L|70|75|25|58|.431|5|17|.294|15|20|.750|15|42|7|1|5|15|19||26|56|.464|6|16|.375|17|25|.680|6|25|15|6|2|5|18
28|28|2013-02-16|@|Hofstra|W|57|50|21|41|.512|2|9|.222|13|24|.542|10|38|14|5|5|20|19||20|55|.364|2|10|.200|8|17|.471|7|21|10|15|3|10|20
29|29|2013-02-23||Drexel|W|72|71|23|50|.460|7|14|.500|19|30|.633|12|28|7|5|6|12|16||26|54|.481|2|10|.200|17|21|.810|11|27|10|5|3|11|24
30|30|2013-02-26|@|George Mason|W (1 OT)|85|81|29|59|.492|8|21|.381|19|28|.679|12|38|11|3|5|18|19||29|73|.397|8|18|.444|15|22|.682|15|34|13|10|4|10|23
31|31|2013-03-02||Hofstra|W|67|64|22|51|.431|7|18|.389|16|22|.727|9|30|10|6|7|17|13||24|51|.471|7|20|.350|9|9|1.000|3|22|10|4|1|14|20
