ranker|game_season|date_game|game_location|opp_id|game_result|pts|opp_pts|fg|fga|fg_pct|fg3|fg3a|fg3_pct|ft|fta|ft_pct|orb|trb|ast|stl|blk|tov|pf|x|opp_fg|opp_fga|opp_fg_pct|opp_fg3|opp_fg3a|opp_fg3_pct|opp_ft|opp_fta|opp_ft_pct|opp_orb|opp_trb|opp_ast|opp_stl|opp_blk|opp_tov|opp_pf|
1|1|2012-11-09|@|Georgia Tech|L|61|79|25|59|.424|3|12|.250|8|16|.500|6|21|6|4|1|4|17||32|57|.561|3|14|.214|12|19|.632|15|45|18|3|6|10|17
2|2|2012-11-13||Bethune-Cookman|W|65|55|16|49|.327|5|14|.357|28|35|.800|13|34|11|4|1|13|12||22|57|.386|7|22|.318|4|7|.571|13|32|14|4|7|15|26
3|3|2012-11-16||Nebraska-Omaha|W|76|52|25|55|.455|8|24|.333|18|23|.783|9|39|18|8|0|12|16||16|55|.291|4|16|.250|16|21|.762|9|25|9|6|0|14|21
4|4|2012-11-18||Chicago State|W|79|51|24|52|.462|8|16|.500|23|27|.852|12|44|14|11|3|15|14||19|55|.345|8|22|.364|5|9|.556|2|18|15|10|3|16|19
5|5|2012-11-21|@|Nebraska|L|57|61|19|49|.388|4|12|.333|15|24|.625|11|31|5|4|4|12|18||20|40|.500|10|19|.526|11|19|.579|2|23|15|5|6|11|19
6|6|2012-11-24||Southern|W|68|65|19|49|.388|7|16|.438|23|32|.719|8|32|10|6|3|11|14||24|54|.444|5|20|.250|12|17|.706|6|30|12|9|4|12|22
7|7|2012-11-27||Loyola (LA)|W|69|57|26|67|.388|4|13|.308|13|18|.722|20|45|6|7|4|7|11||23|55|.418|4|15|.267|7|9|.778|7|27|8|1|5|10|16
8|8|2012-12-01||Navy|W|51|41|13|47|.277|4|19|.211|21|29|.724|17|43|7|3|1|15|12||17|47|.362|4|16|.250|3|6|.500|5|24|11|8|2|11|25
9|9|2012-12-04||Nicholls State|W|65|48|23|51|.451|4|11|.364|15|18|.833|9|33|12|8|1|7|11||19|50|.380|7|18|.389|3|7|.429|6|21|15|2|3|12|17
10|10|2012-12-08|@|San Diego|L|72|78|23|50|.460|5|18|.278|21|30|.700|10|30|5|2|1|11|22||26|51|.510|9|22|.409|17|21|.810|7|26|14|5|2|6|24
11|11|2012-12-19||Texas-Pan American|W|76|49|28|56|.500|5|16|.313|15|21|.714|12|39|15|6|3|11|17||18|47|.383|7|18|.389|6|10|.600|2|15|11|5|2|15|20
12|12|2012-12-20||Pepperdine|W|69|54|21|44|.477|5|19|.263|22|27|.815|9|26|12|4|1|12|13||20|40|.500|4|12|.333|10|14|.714|4|19|12|5|1|14|22
13|13|2012-12-22|N|Hofstra|W|83|62|33|67|.493|9|23|.391|8|12|.667|11|35|13|12|6|11|17||22|58|.379|5|17|.294|13|17|.765|8|26|11|3|7|15|14
14|14|2012-12-30|@|Alabama|W|53|50|18|50|.360|7|21|.333|10|16|.625|13|32|10|3|2|13|9||19|48|.396|3|15|.200|9|12|.750|6|25|8|6|5|12|16
15|15|2013-01-04||Wofford|W|62|48|18|47|.383|6|16|.375|20|22|.909|9|27|9|6|3|13|15||17|48|.354|5|19|.263|9|16|.563|10|31|10|7|0|19|22
16|16|2013-01-09||Texas-El Paso|L|57|66|20|60|.333|3|14|.214|14|23|.609|12|31|7|5|0|5|18||24|48|.500|6|13|.462|12|18|.667|7|33|15|3|5|9|18
17|17|2013-01-12|@|Southern Methodist|L|53|59|14|44|.318|2|16|.125|23|30|.767|12|30|6|10|3|21|19||22|47|.468|3|7|.429|12|17|.706|8|24|19|11|8|17|22
18|18|2013-01-19||Tulsa|W|75|72|21|49|.429|10|26|.385|23|29|.793|7|21|14|8|1|12|14||27|57|.474|6|19|.316|12|18|.667|11|34|10|7|5|14|22
19|19|2013-01-22|@|Memphis|L|60|71|22|58|.379|6|17|.353|10|16|.625|14|32|15|9|1|16|16||26|53|.491|6|17|.353|13|17|.765|7|24|20|9|11|13|14
20|20|2013-01-26||Rice|W|73|66|22|47|.468|6|20|.300|23|34|.676|10|38|13|7|2|13|15||22|50|.440|7|24|.292|15|16|.938|1|18|12|7|0|9|23
21|21|2013-01-30||Central Florida|L|50|58|19|54|.352|4|15|.267|8|14|.571|10|35|11|8|9|19|21||20|57|.351|4|15|.267|14|23|.609|11|31|11|11|7|10|14
22|22|2013-02-02|@|Texas-El Paso|L|50|62|19|47|.404|2|12|.167|10|14|.714|8|23|9|4|3|10|16||23|47|.489|6|17|.353|10|14|.714|4|22|18|5|4|7|15
23|23|2013-02-06||Marshall|W|91|75|29|62|.468|11|25|.440|22|34|.647|16|37|17|8|2|9|20||27|58|.466|7|28|.250|14|22|.636|14|35|20|6|2|16|26
24|24|2013-02-09|@|Houston|W|88|85|31|66|.470|5|20|.250|21|35|.600|13|39|12|7|1|9|23||27|56|.482|8|19|.421|23|31|.742|7|32|18|5|5|15|28
25|25|2013-02-13|@|Southern Mississippi|L|60|71|21|47|.447|8|19|.421|10|17|.588|8|22|15|7|1|16|18||25|46|.543|8|21|.381|13|17|.765|6|26|17|8|4|15|17
26|26|2013-02-16||Southern Methodist|W|78|67|23|50|.460|14|30|.467|18|24|.750|8|18|16|10|2|11|21||27|48|.563|2|6|.333|11|15|.733|7|24|16|3|2|19|23
27|27|2013-02-23|@|Rice|W|89|64|28|57|.491|9|17|.529|24|33|.727|16|39|10|10|1|11|22||19|44|.432|5|17|.294|21|27|.778|5|22|8|6|0|14|22
28|28|2013-02-27||Alabama-Birmingham|L|71|76|22|65|.338|10|27|.370|17|22|.773|10|26|15|8|2|6|16||31|53|.585|7|17|.412|7|9|.778|7|40|24|6|4|17|21
29|29|2013-03-02|@|Tulsa|L|66|78|18|60|.300|6|23|.261|24|28|.857|5|27|12|6|2|7|24||22|51|.431|6|18|.333|28|34|.824|7|41|14|2|7|11|23
30|30|2013-03-06|@|East Carolina|L|85|88|30|55|.545|9|13|.692|16|22|.727|10|36|18|5|1|14|20||28|57|.491|14|28|.500|18|22|.818|4|21|24|6|3|8|18
31|31|2013-03-09||Houston|L|94|96|27|55|.491|7|19|.368|33|47|.702|12|31|14|8|0|16|21||35|59|.593|6|12|.500|20|23|.870|6|25|23|7|1|13|30
32|32|2013-03-13|N|Marshall|W|66|64|22|56|.393|8|23|.348|14|19|.737|15|31|11|5|0|13|14||24|51|.471|3|16|.188|13|18|.722|10|29|12|5|4|15|21
33|33|2013-03-14|N|Memphis|L|68|81|24|63|.381|5|19|.263|15|17|.882|12|33|10|6|0|13|12||31|56|.554|9|24|.375|10|15|.667|5|30|20|11|3|14|18
34|34|2013-03-20||South Alabama|W|84|73|26|59|.441|5|13|.385|27|37|.730|13|34|11|8|1|9|18||26|58|.448|6|21|.286|15|21|.714|14|37|19|1|6|15|27
35|35|2013-03-23|@|Bradley|L|72|77|20|50|.400|10|23|.435|22|27|.815|4|27|13|6|0|15|18||30|58|.517|5|20|.250|12|18|.667|6|33|22|7|3|11|20
