ranker|game_season|date_game|game_location|opp_id|game_result|pts|opp_pts|fg|fga|fg_pct|fg3|fg3a|fg3_pct|ft|fta|ft_pct|orb|trb|ast|stl|blk|tov|pf|x|opp_fg|opp_fga|opp_fg_pct|opp_fg3|opp_fg3a|opp_fg3_pct|opp_ft|opp_fta|opp_ft_pct|opp_orb|opp_trb|opp_ast|opp_stl|opp_blk|opp_tov|opp_pf|
1|1|2012-11-09||Indiana State|W|86|59|27|56|.482|4|16|.250|28|41|.683|19|49|17|5|5|16|19||19|60|.317|5|26|.192|16|26|.615|12|28|10|10|2|14|27
2|2|2012-11-13||California-Irvine|W (1 OT)|80|79|28|74|.378|2|12|.167|22|27|.815|8|39|14|11|3|9|17||29|73|.397|10|22|.455|11|21|.524|16|51|17|6|2|18|23
3|3|2012-11-15||James Madison|W|100|70|36|61|.590|9|16|.563|19|24|.792|8|38|27|8|5|13|15||27|63|.429|7|18|.389|9|15|.600|7|25|10|8|5|12|18
4|4|2012-11-19|N|Georgetown|L|70|78|27|66|.409|5|19|.263|11|16|.688|9|32|18|6|4|13|17||30|55|.545|7|14|.500|11|15|.733|5|28|15|10|8|13|11
5|5|2012-11-20|N|Georgia|W|60|56|19|45|.422|2|11|.182|20|30|.667|9|33|5|6|2|10|13||22|59|.373|6|23|.261|6|10|.600|13|33|15|4|2|10|20
6|6|2012-11-25||Cal Poly|L|68|70|24|53|.453|5|13|.385|15|24|.625|7|32|16|4|3|9|16||24|54|.444|9|25|.360|13|20|.650|9|32|14|8|1|8|20
7|7|2012-11-28||Cal State Northridge|W|82|56|34|64|.531|4|12|.333|10|14|.714|9|41|26|11|9|16|9||24|73|.329|5|26|.192|3|5|.600|9|31|13|9|1|16|14
8|8|2012-12-01|N|San Diego State|L|69|78|27|64|.422|8|20|.400|7|11|.636|11|32|16|6|1|14|15||27|54|.500|11|27|.407|13|14|.929|6|25|18|7|4|15|9
9|9|2012-12-08|N|Texas|W|65|63|26|63|.413|2|11|.182|11|17|.647|9|36|11|9|3|10|17||23|62|.371|4|20|.200|13|20|.650|10|39|11|3|7|11|15
10|10|2012-12-15||Prairie View|W|95|53|33|59|.559|9|23|.391|20|24|.833|7|36|25|9|9|14|13||22|64|.344|5|14|.357|4|7|.571|11|29|11|7|1|18|21
11|11|2012-12-18||Long Beach State|W|89|70|33|56|.589|8|16|.500|15|18|.833|7|30|21|10|2|7|7||28|58|.483|8|23|.348|6|8|.750|8|26|13|5|2|12|16
12|12|2012-12-22||Fresno State|W|91|78|36|62|.581|3|7|.429|16|23|.696|14|40|24|8|4|9|19||27|57|.474|10|17|.588|14|23|.609|8|23|9|6|1|10|19
13|13|2012-12-28||Missouri|W (1 OT)|97|94|40|79|.506|4|14|.286|13|16|.813|10|32|21|9|6|6|16||38|80|.475|12|28|.429|6|10|.600|16|42|21|5|5|17|17
14|14|2013-01-03||California|W|79|65|26|58|.448|4|12|.333|23|31|.742|10|36|18|8|5|7|11||30|76|.395|0|13|.000|5|8|.625|19|44|16|2|2|11|19
15|15|2013-01-05||Stanford|W|68|60|21|51|.412|3|8|.375|23|33|.697|8|38|12|12|3|14|16||22|64|.344|7|19|.368|9|16|.563|13|39|8|8|1|14|20
16|16|2013-01-10|@|Utah|W|57|53|22|55|.400|5|15|.333|8|13|.615|9|33|9|6|3|8|10||21|54|.389|4|20|.200|7|11|.636|8|31|15|4|2|11|11
17|17|2013-01-12|@|Colorado|W|78|75|31|60|.517|4|8|.500|12|19|.632|10|30|14|9|2|11|16||25|57|.439|5|17|.294|20|27|.741|9|32|8|5|0|14|16
18|18|2013-01-17||Oregon State|W|74|64|29|62|.468|6|12|.500|10|13|.769|9|35|19|7|7|13|12||25|61|.410|6|20|.300|8|14|.571|8|31|14|7|4|17|12
19|19|2013-01-19||Oregon|L|67|76|27|58|.466|3|11|.273|10|13|.769|7|28|17|8|4|15|19||27|60|.450|6|13|.462|16|22|.727|11|37|17|8|1|15|14
20|20|2013-01-24|@|Arizona|W|84|73|32|67|.478|3|8|.375|17|29|.586|11|38|18|8|1|11|15||28|73|.384|5|24|.208|12|16|.750|18|41|10|7|3|14|21
21|21|2013-01-26|@|Arizona State|L|60|78|25|72|.347|5|24|.208|5|6|.833|6|29|16|7|2|10|18||30|64|.469|5|20|.250|13|19|.684|13|49|19|7|10|14|10
22|22|2013-01-30||Southern California|L (1 OT)|71|75|26|68|.382|2|19|.105|17|25|.680|10|34|17|11|3|7|15||31|65|.477|4|16|.250|9|12|.750|10|42|13|3|5|17|19
23|23|2013-02-07||Washington|W|59|57|22|66|.333|2|9|.222|13|18|.722|14|34|9|13|1|10|13||24|57|.421|2|15|.133|7|12|.583|13|44|11|7|3|19|18
24|24|2013-02-09||Washington State|W|76|62|31|50|.620|6|16|.375|8|11|.727|3|17|22|12|4|13|15||22|54|.407|9|25|.360|9|14|.643|13|27|17|8|1|17|11
25|25|2013-02-14|@|California|L|63|76|23|61|.377|9|19|.474|8|12|.667|9|30|14|3|3|11|18||32|64|.500|2|11|.182|10|17|.588|12|40|21|7|7|9|10
26|26|2013-02-16|@|Stanford|W|88|80|31|57|.544|6|12|.500|20|26|.769|6|36|17|3|4|14|16||30|78|.385|5|23|.217|15|21|.714|16|38|9|5|1|6|17
27|27|2013-02-24|@|Southern California|W|75|59|25|53|.472|6|12|.500|19|28|.679|7|36|18|10|3|15|16||24|68|.353|5|14|.357|6|11|.545|14|37|12|9|4|17|19
28|28|2013-02-27||Arizona State|W (1 OT)|79|74|28|66|.424|8|22|.364|15|18|.833|11|40|21|7|8|13|16||29|72|.403|7|25|.280|9|14|.643|16|44|14|11|6|14|17
29|29|2013-03-02||Arizona|W|74|69|29|62|.468|7|17|.412|9|11|.818|7|27|17|11|1|8|14||24|54|.444|10|22|.455|11|14|.786|9|34|13|4|4|16|11
30|30|2013-03-06|@|Washington State|L|61|73|22|57|.386|8|29|.276|9|12|.750|7|20|10|12|5|12|18||28|57|.491|3|12|.250|14|19|.737|18|43|13|6|3|16|11
31|31|2013-03-09|@|Washington|W|61|54|23|58|.397|1|10|.100|14|18|.778|11|28|10|8|2|10|11||23|56|.411|5|16|.313|3|9|.333|14|34|12|5|6|19|13
32|32|2013-03-14|N|Arizona State|W|80|75|29|68|.426|7|17|.412|15|17|.882|12|36|14|6|1|6|20||26|57|.456|6|17|.353|17|22|.773|7|28|15|4|5|8|17
33|33|2013-03-15|N|Arizona|W|66|64|24|61|.393|1|12|.083|17|21|.810|9|28|8|9|5|5|10||25|56|.446|7|17|.412|7|9|.778|9|35|17|2|3|13|15
34|34|2013-03-16|N|Oregon|L|69|78|25|56|.446|6|10|.600|13|22|.591|8|27|8|6|2|14|14||29|61|.475|7|14|.500|13|17|.765|10|35|13|5|3|15|16
35|35|2013-03-22|N|Minnesota|L|63|83|20|63|.317|4|22|.182|19|25|.760|15|35|10|5|2|14|19||31|61|.508|9|16|.563|12|19|.632|10|35|19|7|3|11|19
