ranker|game_season|date_game|game_location|opp_id|game_result|pts|opp_pts|fg|fga|fg_pct|fg3|fg3a|fg3_pct|ft|fta|ft_pct|orb|trb|ast|stl|blk|tov|pf|x|opp_fg|opp_fga|opp_fg_pct|opp_fg3|opp_fg3a|opp_fg3_pct|opp_ft|opp_fta|opp_ft_pct|opp_orb|opp_trb|opp_ast|opp_stl|opp_blk|opp_tov|opp_pf|
1|1|2012-11-09||Willamette|W|104|47|37|59|.627|8|18|.444|22|32|.688|16|54|21|6|8|19|15||15|68|.221|5|20|.250|12|16|.750|11|23|9|10|1|13|26
2|2|2012-11-16||Sacramento State|L|71|74|28|59|.475|5|21|.238|10|16|.625|7|28|17|7|4|10|17||25|59|.424|10|23|.435|14|19|.737|8|28|15|4|2|12|14
3|3|2012-11-21||Idaho State|W|57|46|20|53|.377|4|15|.267|13|17|.765|10|40|13|5|3|12|18||15|49|.306|2|16|.125|14|19|.737|5|30|8|8|5|11|17
4|4|2012-11-23||Central Michigan|W|67|51|24|49|.490|5|12|.417|14|21|.667|9|38|12|2|3|10|15||17|57|.298|8|31|.258|9|15|.600|9|29|13|5|3|6|18
5|5|2012-11-24||Wright State|W|66|54|20|41|.488|8|19|.421|18|22|.818|6|33|15|4|4|14|8||24|55|.436|5|19|.263|1|2|.500|3|18|15|11|1|7|20
6|6|2012-11-28|@|Southern Methodist|L|55|62|22|57|.386|9|23|.391|2|3|.667|9|33|15|7|5|17|18||19|56|.339|6|11|.545|18|21|.857|12|35|11|8|7|12|14
7|7|2012-11-30|@|Texas State|W|74|69|26|49|.531|5|17|.294|17|23|.739|6|30|17|7|3|14|17||24|65|.369|10|31|.323|11|18|.611|18|35|12|8|3|14|18
8|8|2012-12-05||Boise State|W|76|55|27|40|.675|9|16|.563|13|16|.813|3|28|20|1|3|14|14||21|52|.404|5|12|.417|8|14|.571|4|16|6|6|0|6|18
9|9|2012-12-08|@|Brigham Young|L|58|61|19|52|.365|6|23|.261|14|18|.778|7|35|12|3|4|15|21||19|61|.311|7|26|.269|16|23|.696|13|36|9|10|3|11|16
10|10|2012-12-18||Southern Methodist|W|62|53|20|49|.408|5|16|.313|17|19|.895|7|30|12|9|6|15|13||21|53|.396|4|12|.333|7|10|.700|7|21|9|8|6|9|13
11|11|2012-12-21||Cal State Northridge|L|71|76|24|57|.421|9|21|.429|14|18|.778|12|33|20|6|6|15|14||30|57|.526|6|14|.429|10|14|.714|6|26|16|13|4|9|16
12|12|2012-12-28||College of Idaho|W|72|38|26|53|.491|7|14|.500|13|16|.813|9|43|20|7|3|12|11||15|64|.234|5|23|.217|3|8|.375|13|29|14|6|3|11|16
13|13|2013-01-02|@|Arizona State|L (1 OT)|54|55|20|58|.345|3|11|.273|11|12|.917|8|40|10|5|5|10|13||23|62|.371|4|18|.222|5|10|.500|10|36|11|5|4|8|15
14|14|2013-01-05|@|Arizona|L|57|60|21|49|.429|7|16|.438|8|9|.889|5|22|13|3|3|10|14||21|58|.362|7|22|.318|11|12|.917|15|34|9|5|4|9|13
15|15|2013-01-10||UCLA|L|53|57|21|54|.389|4|20|.200|7|11|.636|8|31|15|4|2|11|11||22|55|.400|5|15|.333|8|13|.615|9|33|9|6|3|8|10
16|16|2013-01-12||Southern California|L|59|76|21|56|.375|4|15|.267|13|21|.619|9|29|9|5|3|6|18||25|50|.500|7|15|.467|19|26|.731|6|35|12|3|5|9|18
17|17|2013-01-16|@|Washington State|L|65|75|23|50|.460|8|17|.471|11|13|.846|4|27|15|9|2|16|17||24|48|.500|11|20|.550|16|24|.667|3|23|10|6|3|11|14
18|18|2013-01-19|@|Washington|W|74|65|29|48|.604|3|10|.300|13|21|.619|3|24|18|7|2|10|11||25|67|.373|9|25|.360|6|10|.600|14|33|12|4|2|9|15
19|19|2013-01-24||California|L|57|62|20|47|.426|5|13|.385|12|13|.923|7|31|12|4|2|17|17||23|56|.411|6|18|.333|10|16|.625|11|31|16|16|4|9|17
20|20|2013-01-27||Stanford|L|56|87|21|55|.382|4|12|.333|10|16|.625|6|27|11|7|6|15|19||30|60|.500|9|15|.600|18|24|.750|11|41|17|10|3|14|13
21|21|2013-02-02||Colorado|W|58|55|22|48|.458|4|13|.308|10|14|.714|6|27|13|3|3|9|16||20|50|.400|5|17|.294|10|18|.556|10|31|6|7|4|14|15
22|22|2013-02-06|@|Oregon State|L|64|82|20|56|.357|7|20|.350|17|22|.773|8|30|11|5|2|11|24||26|57|.456|5|19|.263|25|30|.833|9|38|17|6|7|8|15
23|23|2013-02-09|@|Oregon|L|64|73|24|50|.480|5|13|.385|11|16|.688|4|17|14|3|5|13|26||21|53|.396|4|16|.250|27|35|.771|17|38|11|9|6|17|20
24|24|2013-02-13||Arizona State|W|60|55|19|42|.452|5|15|.333|17|23|.739|4|27|12|8|3|10|12||22|55|.400|7|22|.318|4|10|.400|10|30|10|6|4|11|20
25|25|2013-02-17||Arizona|L|64|68|21|53|.396|7|16|.438|15|18|.833|7|24|16|7|1|15|17||25|53|.472|6|22|.273|12|19|.632|11|33|15|10|4|12|15
26|26|2013-02-21|@|Colorado|L|50|60|19|49|.388|8|20|.400|4|4|1.000|3|26|12|10|2|15|17||21|49|.429|6|24|.250|12|20|.600|10|34|6|12|5|14|8
27|27|2013-02-28|@|California|L|46|64|16|55|.291|3|17|.176|11|17|.647|9|34|10|5|0|10|15||22|55|.400|7|24|.292|13|15|.867|6|37|15|4|6|11|15
28|28|2013-03-03|@|Stanford|L|66|84|24|55|.436|5|14|.357|13|14|.929|6|26|11|6|0|12|11||29|60|.483|11|26|.423|15|16|.938|9|32|20|7|3|9|11
29|29|2013-03-07||Oregon State|W|72|61|27|58|.466|9|21|.429|9|16|.563|11|34|15|5|6|11|12||23|51|.451|9|19|.474|6|14|.429|8|28|13|9|6|15|15
30|30|2013-03-09||Oregon|W|72|62|30|53|.566|4|12|.333|8|10|.800|7|28|15|10|2|15|17||21|49|.429|7|17|.412|13|22|.591|12|26|11|10|3|15|14
31|31|2013-03-13|N|Southern California|W|69|66|22|57|.386|7|16|.438|18|21|.857|6|31|11|3|2|6|10||28|67|.418|3|15|.200|7|9|.778|9|34|11|2|5|7|15
32|32|2013-03-14|N|California|W (1 OT)|79|69|26|55|.473|9|19|.474|18|23|.783|6|28|14|3|3|9|16||25|64|.391|7|20|.350|12|14|.857|12|35|6|3|4|12|20
33|33|2013-03-15|N|Oregon|L|45|64|15|51|.294|5|17|.294|10|12|.833|11|28|7|7|4|17|14||22|54|.407|5|15|.333|15|19|.789|12|36|11|8|4|11|12
