ranker|game_season|date_game|game_location|opp_id|game_result|pts|opp_pts|fg|fga|fg_pct|fg3|fg3a|fg3_pct|ft|fta|ft_pct|orb|trb|ast|stl|blk|tov|pf|x|opp_fg|opp_fga|opp_fg_pct|opp_fg3|opp_fg3a|opp_fg3_pct|opp_ft|opp_fta|opp_ft_pct|opp_orb|opp_trb|opp_ast|opp_stl|opp_blk|opp_tov|opp_pf|
1|1|2012-11-09||Georgia Southern|W|85|54|27|51|.529|13|24|.542|18|21|.857|13|28|19|14|1|13|17||16|39|.410|4|13|.308|18|25|.720|9|22|8|7|2|21|20
2|2|2012-11-13||Northern Illinois|W|69|46|25|48|.521|13|24|.542|6|9|.667|3|31|16|8|7|16|9||19|65|.292|4|18|.222|4|7|.571|13|32|7|10|5|13|12
3|3|2012-11-15|@|Nebraska|L|48|50|16|47|.340|2|15|.133|14|21|.667|4|30|7|3|0|11|15||19|51|.373|5|12|.417|7|11|.636|5|29|12|1|5|12|20
4|4|2012-11-18|@|Kent State|W (1 OT)|88|83|25|43|.581|4|12|.333|34|41|.829|6|22|12|6|6|20|27||24|55|.436|5|10|.500|30|40|.750|13|25|6|10|3|18|32
5|5|2012-11-23||Chicago State|W|67|46|25|63|.397|6|21|.286|11|14|.786|16|43|14|5|2|11|13||18|50|.360|4|13|.308|6|12|.500|5|27|9|8|3|13|18
6|6|2012-11-24|N|Bethune-Cookman|W|77|64|23|42|.548|8|15|.533|23|31|.742|7|30|13|6|1|16|17||24|48|.500|4|11|.364|12|22|.545|4|18|12|8|3|11|22
7|7|2012-12-02|@|Saint Louis|L|49|62|15|46|.326|5|21|.238|14|20|.700|9|24|6|6|0|18|24||20|36|.556|4|9|.444|18|27|.667|3|25|12|8|5|17|16
8|8|2012-12-05||IPFW|W|63|52|20|49|.408|5|17|.294|18|25|.720|9|32|14|6|4|13|16||16|51|.314|5|12|.417|15|20|.750|11|34|9|7|0|16|24
9|9|2012-12-08|@|New Mexico|L|52|65|18|37|.486|8|18|.444|8|13|.615|1|22|12|4|1|22|23||20|47|.426|5|13|.385|20|31|.645|6|23|16|9|2|10|15
10|10|2012-12-15|@|Missouri State|W|62|54|15|37|.405|7|21|.333|25|36|.694|9|32|13|6|4|16|16||22|50|.440|4|6|.667|6|12|.500|4|18|13|6|0|11|28
11|11|2012-12-17|@|Oakland|L|68|70|27|53|.509|7|23|.304|7|10|.700|5|34|12|5|3|19|19||23|60|.383|5|15|.333|19|25|.760|6|27|8|9|5|8|15
12|12|2012-12-20||IUPUI|W|89|69|32|64|.500|4|21|.190|21|26|.808|16|38|18|6|2|8|16||24|53|.453|7|14|.500|14|14|1.000|4|20|9|1|2|13|22
13|13|2012-12-22||Purdue Calumet|W|79|51|28|51|.549|8|20|.400|15|25|.600|9|34|13|16|5|18|14||20|58|.345|5|15|.333|6|12|.500|13|31|12|8|1|22|27
14|14|2012-12-29|@|Murray State|W|66|64|24|54|.444|6|16|.375|12|18|.667|12|38|10|9|2|17|19||22|53|.415|9|23|.391|11|16|.688|6|25|10|5|3|13|18
15|15|2013-01-02||Loyola (IL)|L|54|63|20|56|.357|4|15|.267|10|12|.833|9|30|8|9|4|13|17||22|47|.468|6|15|.400|13|18|.722|8|31|17|8|5|14|14
16|16|2013-01-04||Cleveland State|W|74|50|26|56|.464|10|26|.385|12|19|.632|9|37|15|7|3|18|20||15|50|.300|1|18|.056|19|23|.826|4|25|6|8|3|13|21
17|17|2013-01-09|@|Illinois-Chicago|W|75|70|22|44|.500|6|18|.333|25|30|.833|5|30|11|3|1|15|16||24|56|.429|4|9|.444|18|18|1.000|7|26|11|12|2|8|22
18|18|2013-01-12|@|Milwaukee|W|76|52|29|59|.492|12|31|.387|6|11|.545|10|34|18|7|8|11|19||17|50|.340|2|12|.167|16|21|.762|6|28|4|5|2|13|13
19|19|2013-01-17|@|Detroit Mercy|W|89|88|32|64|.500|7|18|.389|18|22|.818|13|34|22|6|4|15|18||35|66|.530|5|15|.333|13|20|.650|13|28|14|7|5|11|19
20|20|2013-01-19||Wright State|W|69|63|21|44|.477|8|21|.381|19|27|.704|2|25|16|3|4|7|17||21|49|.429|3|11|.273|18|25|.720|4|25|13|6|0|9|21
21|21|2013-01-23||Green Bay|W|73|61|20|49|.408|6|21|.286|27|33|.818|7|28|13|9|5|8|17||20|51|.392|4|17|.235|17|21|.810|9|31|12|6|3|16|26
22|22|2013-01-30|@|Youngstown State|L|68|80|23|56|.411|3|20|.150|19|31|.613|12|30|5|7|1|12|20||26|54|.481|8|19|.421|20|27|.741|10|36|13|7|2|10|19
23|23|2013-02-01||Milwaukee|W|71|40|27|48|.563|11|21|.524|6|13|.462|5|27|19|8|6|10|17||12|44|.273|2|12|.167|14|20|.700|6|24|6|7|0|15|15
24|24|2013-02-05||Illinois-Chicago|W|86|61|30|50|.600|15|26|.577|11|12|.917|10|32|24|2|6|18|19||20|55|.364|2|14|.143|19|24|.792|12|22|8|10|0|13|16
25|25|2013-02-09|@|Cleveland State|W|80|72|27|49|.551|7|18|.389|19|25|.760|5|18|16|10|0|9|16||23|49|.469|7|15|.467|19|24|.792|12|28|10|6|5|17|21
26|26|2013-02-12|@|Wright State|W|68|61|23|47|.489|4|16|.250|18|20|.900|9|30|11|5|4|17|16||23|55|.418|3|13|.231|12|14|.857|9|26|12|8|2|12|17
27|27|2013-02-16||Detroit Mercy|L|74|84|28|56|.500|11|27|.407|7|10|.700|6|25|16|5|6|18|20||32|60|.533|4|8|.500|16|21|.762|9|27|18|10|3|8|15
28|28|2013-02-19|@|Loyola (IL)|W|85|76|29|53|.547|10|20|.500|17|22|.773|6|31|17|5|4|10|22||26|56|.464|6|16|.375|18|29|.621|6|26|12|2|1|9|20
29|29|2013-02-23||Eastern Kentucky|W|82|60|30|44|.682|7|17|.412|15|18|.833|3|32|14|8|3|18|18||20|61|.328|7|26|.269|13|13|1.000|7|21|8|6|0|12|19
30|30|2013-02-26||Youngstown State|W|73|64|23|50|.460|7|21|.333|20|31|.645|11|36|14|3|6|12|15||25|63|.397|5|13|.385|9|12|.750|7|26|9|3|4|5|24
31|31|2013-03-02|@|Green Bay|W|75|56|29|48|.604|10|18|.556|7|10|.700|5|22|14|10|1|10|15||22|48|.458|5|13|.385|7|12|.583|9|24|12|5|1|16|11
32|32|2013-03-09||Green Bay|W|70|69|24|48|.500|8|19|.421|14|22|.636|4|24|16|5|1|8|12||28|53|.528|6|14|.429|7|12|.583|8|29|20|5|3|9|18
33|33|2013-03-12||Wright State|W|62|54|21|39|.538|4|14|.286|16|21|.762|4|25|9|8|4|25|15||21|54|.389|3|11|.273|9|13|.692|6|21|8|14|2|12|23
34|34|2013-03-21|N|Michigan State|L|54|65|19|54|.352|7|25|.280|9|14|.643|6|20|10|12|5|7|12||26|58|.448|6|15|.400|7|11|.636|17|44|16|6|3|17|16
