ranker|game_season|date_game|game_location|opp_id|game_result|pts|opp_pts|fg|fga|fg_pct|fg3|fg3a|fg3_pct|ft|fta|ft_pct|orb|trb|ast|stl|blk|tov|pf|x|opp_fg|opp_fga|opp_fg_pct|opp_fg3|opp_fg3a|opp_fg3_pct|opp_ft|opp_fta|opp_ft_pct|opp_orb|opp_trb|opp_ast|opp_stl|opp_blk|opp_tov|opp_pf|
1|1|2012-11-10||Nicholls State|W|80|65|28|57|.491|12|26|.462|12|18|.667|6|32|17|4|2|10|14||25|58|.431|7|21|.333|8|11|.727|4|25|11|2|3|12|18
2|2|2012-11-16|@|Oregon|L|48|74|16|47|.340|4|21|.190|12|20|.600|7|28|9|4|0|18|17||25|55|.455|6|22|.273|18|22|.818|8|34|16|9|2|13|23
3|3|2012-11-22|N|Davidson|L|62|75|25|56|.446|6|18|.333|6|8|.750|6|26|6|1|3|12|15||29|58|.500|9|21|.429|8|10|.800|9|31|14|4|2|9|11
4|4|2012-11-23|N|Marist|L|33|50|14|61|.230|2|20|.100|3|6|.500|16|41|4|9|3|13|15||18|49|.367|9|23|.391|5|13|.385|8|38|9|6|3|14|10
5|5|2012-11-25|N|Texas-El Paso|W|73|49|25|49|.510|9|19|.474|14|19|.737|7|25|10|15|1|12|18||17|39|.436|4|13|.308|11|15|.733|5|22|11|2|3|19|15
6|6|2012-12-01||Villanova|L|52|62|17|46|.370|9|26|.346|9|14|.643|4|27|12|5|2|13|18||19|46|.413|6|15|.400|18|25|.720|8|33|9|6|3|13|15
7|7|2012-12-06|@|Xavier|W (1 OT)|66|64|22|49|.449|9|27|.333|13|25|.520|10|29|11|8|5|13|19||25|55|.455|5|20|.250|9|17|.529|13|29|14|7|0|11|22
8|8|2012-12-15||Alabama A&M|W|71|46|26|51|.510|10|21|.476|9|19|.474|13|35|17|7|3|9|17||15|46|.326|4|17|.235|12|17|.706|9|25|7|4|0|13|15
9|9|2012-12-17||Cornell|W|66|55|23|45|.511|10|20|.500|10|19|.526|3|34|16|4|8|14|16||18|60|.300|5|28|.179|14|19|.737|10|31|9|4|5|8|17
10|10|2012-12-21|N|Middle Tennessee|L|52|56|18|42|.429|3|12|.250|13|19|.684|6|21|8|10|2|18|17||21|48|.438|3|8|.375|11|16|.688|12|32|10|10|3|19|21
11|11|2012-12-29||Butler|L|49|68|17|51|.333|7|17|.412|8|19|.421|6|24|7|3|3|9|16||24|51|.471|8|20|.400|12|17|.706|10|39|13|5|2|12|18
12|12|2013-01-02||William & Mary|W|64|50|24|53|.453|8|24|.333|8|16|.500|10|30|14|7|10|12|12||16|47|.340|5|18|.278|13|16|.813|9|31|10|5|3|13|14
13|13|2013-01-10||Kentucky|L|58|60|23|70|.329|8|30|.267|4|8|.500|15|37|9|7|2|13|14||24|53|.453|3|17|.176|9|15|.600|7|35|12|7|8|16|15
14|14|2013-01-12|@|Arkansas|L|33|56|10|40|.250|2|15|.133|11|17|.647|8|28|7|6|2|25|12||22|52|.423|3|18|.167|9|10|.900|7|30|9|14|5|16|16
15|15|2013-01-15||Mississippi|L (1 OT)|79|89|26|58|.448|17|40|.425|10|23|.435|9|32|20|5|1|10|18||32|62|.516|6|18|.333|19|27|.704|12|36|9|6|4|10|16
16|16|2013-01-19|@|South Carolina|W|58|51|16|37|.432|6|13|.462|20|33|.606|6|38|15|1|2|18|21||14|59|.237|4|21|.190|19|25|.760|11|32|7|9|2|7|24
17|17|2013-01-23||Auburn|W|73|61|20|49|.408|9|24|.375|24|30|.800|9|33|14|4|2|12|14||22|53|.415|9|24|.375|8|9|.889|5|26|13|7|4|15|26
18|18|2013-01-26|@|Missouri|L|59|81|24|54|.444|8|24|.333|3|10|.300|5|17|13|7|2|10|11||28|51|.549|11|21|.524|14|16|.875|11|39|15|6|3|14|16
19|19|2013-01-29|@|Tennessee|L|57|58|21|49|.429|4|11|.364|11|14|.786|7|26|8|4|3|10|16||21|50|.420|3|10|.300|13|19|.684|11|31|10|3|7|9|12
20|20|2013-02-02||Alabama|L|54|58|19|39|.487|8|15|.533|8|12|.667|4|26|10|3|8|16|12||19|50|.380|7|16|.438|13|18|.722|6|21|8|12|3|9|15
21|21|2013-02-06|@|Louisiana State|L|56|57|17|54|.315|8|27|.296|14|19|.737|9|34|11|5|6|10|19||18|50|.360|9|21|.429|12|19|.632|5|32|13|5|4|11|14
22|22|2013-02-09||Arkansas|W|67|49|21|42|.500|9|22|.409|16|23|.696|6|33|15|6|7|15|17||16|52|.308|6|18|.333|11|17|.647|10|24|7|11|2|11|19
23|23|2013-02-13||Tennessee|L|46|58|20|53|.377|3|14|.214|3|6|.500|8|27|10|3|4|11|12||24|56|.429|4|14|.286|6|8|.750|11|34|11|3|6|7|9
24|24|2013-02-16||Texas A&M|W|63|56|22|48|.458|10|26|.385|9|15|.600|7|29|15|4|5|9|16||23|52|.442|3|12|.250|7|11|.636|9|31|10|2|3|8|16
25|25|2013-02-20|@|Kentucky|L|70|74|23|52|.442|10|22|.455|14|22|.636|9|29|13|2|2|7|18||29|56|.518|4|12|.333|12|21|.571|10|34|14|4|5|7|16
26|26|2013-02-23|@|Mississippi State|W|72|31|28|61|.459|11|31|.355|5|7|.714|18|47|19|1|3|13|18||7|40|.175|2|19|.105|15|18|.833|2|13|4|6|2|11|10
27|27|2013-02-27||Georgia|W|63|62|19|51|.373|8|25|.320|17|18|.944|4|26|10|3|3|4|17||20|49|.408|7|16|.438|15|19|.789|8|34|8|1|2|8|11
28|28|2013-03-02|@|Auburn|W|62|55|16|49|.327|10|26|.385|20|31|.645|5|35|12|2|2|9|20||20|56|.357|3|18|.167|12|19|.632|5|33|10|4|5|8|27
29|29|2013-03-06|@|Florida|L|40|66|14|52|.269|4|24|.167|8|15|.533|10|29|7|2|3|8|13||23|47|.489|9|18|.500|11|13|.846|4|28|13|2|4|8|17
30|30|2013-03-09||South Carolina|W|74|64|22|48|.458|7|19|.368|23|28|.821|8|31|12|4|8|9|16||23|64|.359|7|20|.350|11|13|.846|16|38|13|3|4|11|22
31|31|2013-03-14|N|Arkansas|W|75|72|23|56|.411|12|28|.429|17|30|.567|10|34|14|5|5|12|24||24|55|.436|4|16|.250|20|34|.588|12|37|13|7|6|11|25
32|32|2013-03-15|N|Kentucky|W|64|48|23|46|.500|8|17|.471|10|11|.909|6|28|9|6|5|4|16||18|52|.346|4|14|.286|8|16|.500|12|30|6|2|2|7|16
33|33|2013-03-16|N|Mississippi|L|52|64|19|56|.339|6|30|.200|8|12|.667|6|35|11|3|3|10|22||22|50|.440|4|19|.211|16|32|.500|7|37|8|6|1|7|12
