ranker|game_season|date_game|game_location|opp_id|game_result|pts|opp_pts|fg|fga|fg_pct|fg3|fg3a|fg3_pct|ft|fta|ft_pct|orb|trb|ast|stl|blk|tov|pf|x|opp_fg|opp_fga|opp_fg_pct|opp_fg3|opp_fg3a|opp_fg3_pct|opp_ft|opp_fta|opp_ft_pct|opp_orb|opp_trb|opp_ast|opp_stl|opp_blk|opp_tov|opp_pf|
1|1|2012-11-10||East Tennessee State|W|80|62|27|58|.466|10|25|.400|16|24|.667|6|30|19|5|1|10|20||24|62|.387|3|16|.188|11|25|.440|13|34|12|5|1|12|18
2|2|2012-11-12||Rhode Island|W|69|50|26|57|.456|7|21|.333|10|17|.588|8|39|14|5|9|9|15||20|59|.339|1|21|.048|9|16|.563|8|30|4|3|2|10|18
3|3|2012-11-15||Virginia Military Institute|W|95|80|36|68|.529|11|24|.458|12|15|.800|9|43|16|7|2|13|15||30|73|.411|8|37|.216|12|15|.800|8|26|15|5|6|10|13
4|4|2012-11-19|@|North Carolina-Greensboro|W|96|87|24|53|.453|14|22|.636|34|42|.810|6|37|13|4|8|14|15||32|75|.427|11|35|.314|12|17|.706|11|37|16|5|0|9|25
5|5|2012-11-23||Appalachian State|W|87|76|26|52|.500|5|18|.278|30|39|.769|5|25|16|7|3|13|19||28|60|.467|8|22|.364|12|21|.571|11|32|6|5|2|19|26
6|6|2012-11-27||Iowa|W|95|79|32|61|.525|4|15|.267|27|30|.900|8|32|12|6|4|9|20||31|64|.484|4|22|.182|13|18|.722|8|30|16|2|4|10|23
7|7|2012-12-01||Oklahoma State|W|81|71|24|55|.436|6|16|.375|27|33|.818|10|37|8|5|6|12|16||28|66|.424|4|23|.174|11|15|.733|10|29|13|5|5|8|23
8|8|2012-12-08|@|West Virginia|L|67|68|27|65|.415|5|18|.278|8|10|.800|10|33|15|3|8|6|17||24|68|.353|10|24|.417|10|18|.556|20|46|15|2|5|7|12
9|9|2012-12-10||Mississippi Valley State|W|70|49|23|60|.383|2|12|.167|22|30|.733|15|47|10|4|9|15|19||18|70|.257|4|29|.138|9|14|.643|16|42|6|5|5|14|20
10|10|2012-12-15||Georgia Southern|L|73|78|27|68|.397|6|27|.222|13|17|.765|18|37|7|5|4|13|23||25|57|.439|11|26|.423|17|27|.630|12|35|15|3|3|17|17
11|11|2012-12-22|N|Bradley|W (1 OT)|66|65|23|56|.411|4|16|.250|16|25|.640|11|40|10|6|3|24|16||23|63|.365|8|23|.348|11|18|.611|12|34|13|12|3|20|18
12|12|2012-12-23|N|Colorado State|L|52|88|19|53|.358|6|21|.286|8|16|.500|12|30|4|1|4|15|21||30|63|.476|11|24|.458|17|27|.630|17|42|22|7|2|6|15
13|13|2012-12-29|N|Brigham Young|L|71|97|24|63|.381|2|20|.100|21|38|.553|13|35|11|6|4|15|19||33|71|.465|7|19|.368|24|29|.828|14|41|18|6|0|17|25
14|14|2013-01-05|@|Maryland|L|71|94|25|67|.373|4|19|.211|17|24|.708|16|35|7|5|1|11|19||31|60|.517|10|23|.435|22|28|.786|12|40|18|2|4|11|17
15|15|2013-01-09||Boston College|L|75|86|29|56|.518|7|14|.500|10|15|.667|7|30|14|0|1|17|26||29|60|.483|8|22|.364|20|35|.571|10|32|17|9|3|5|14
16|16|2013-01-12|@|Georgia Tech|W (1 OT)|70|65|24|58|.414|3|16|.188|19|24|.792|8|38|9|4|4|12|16||22|61|.361|8|24|.333|13|21|.619|8|30|13|6|6|9|19
17|17|2013-01-19||Wake Forest|W|66|65|27|60|.450|4|13|.308|8|16|.500|10|36|12|4|6|7|11||25|68|.368|7|19|.368|8|12|.667|15|40|14|4|1|8|15
18|18|2013-01-24||Virginia|L|58|74|19|43|.442|5|15|.333|15|24|.625|7|31|6|3|0|14|17||26|51|.510|11|23|.478|11|18|.611|5|21|21|9|3|6|18
19|19|2013-01-27|@|Clemson|L|70|77|21|60|.350|5|16|.313|23|32|.719|12|29|9|3|2|5|25||22|49|.449|10|21|.476|23|29|.793|11|38|11|2|9|9|22
20|20|2013-01-30||Miami (FL)|L|64|73|24|53|.453|10|20|.500|6|11|.545|7|26|11|4|2|17|18||26|54|.481|9|24|.375|12|16|.750|8|30|12|6|8|12|12
21|21|2013-02-02|@|North Carolina|L (1 OT)|60|72|24|62|.387|4|13|.308|8|10|.800|8|31|10|8|5|13|20||24|64|.375|5|24|.208|19|27|.704|17|41|16|6|3|12|14
22|22|2013-02-07||Maryland|L|55|60|22|65|.338|2|18|.111|9|16|.563|10|29|6|4|8|6|15||21|52|.404|8|21|.381|10|23|.435|15|44|14|4|4|14|17
23|23|2013-02-09||Georgia Tech|L|54|64|19|62|.306|7|20|.350|9|14|.643|5|32|8|1|6|8|17||23|59|.390|6|17|.353|12|22|.545|8|46|13|2|6|10|18
24|24|2013-02-12|@|Virginia|L|55|73|18|52|.346|8|25|.320|11|19|.579|10|32|7|3|2|8|15||22|50|.440|9|19|.474|20|23|.870|5|31|14|2|3|5|13
25|25|2013-02-16|@|North Carolina State|L (1 OT)|86|90|35|80|.438|11|23|.478|5|7|.714|17|37|13|5|3|14|28||26|55|.473|7|18|.389|31|43|.721|10|36|13|8|4|12|12
26|26|2013-02-21||Duke|L|56|88|22|51|.431|1|16|.063|11|14|.786|7|23|8|1|4|12|21||30|56|.536|12|17|.706|16|21|.762|9|32|15|5|4|5|18
27|27|2013-02-24||Florida State|W|80|70|25|50|.500|5|15|.333|25|30|.833|4|28|12|7|1|11|18||25|55|.455|7|20|.350|13|23|.565|8|31|10|5|2|12|21
28|28|2013-02-27|@|Miami (FL)|L|58|76|21|53|.396|3|16|.188|13|19|.684|10|26|8|4|1|10|21||23|46|.500|8|21|.381|22|30|.733|6|25|11|6|5|10|19
29|29|2013-03-02||Clemson|W|69|61|23|42|.548|6|13|.462|17|22|.773|7|32|5|5|6|16|14||23|54|.426|4|16|.250|11|16|.688|6|18|11|11|0|9|16
30|30|2013-03-05|@|Duke|L|57|85|22|57|.386|5|17|.294|8|13|.615|11|29|7|1|2|10|19||30|58|.517|12|23|.522|13|16|.813|11|36|17|3|2|4|13
31|31|2013-03-10|@|Wake Forest|L|79|90|28|57|.491|6|18|.333|17|26|.654|7|27|8|7|3|14|26||29|49|.592|9|16|.563|23|37|.622|5|27|21|8|3|14|21
32|32|2013-03-14|N|North Carolina State|L|63|80|25|60|.417|4|18|.222|9|11|.818|4|21|10|5|3|9|21||28|53|.528|5|16|.313|19|26|.731|8|36|18|5|2|12|12
