ranker|game_season|date_game|game_location|opp_id|game_result|pts|opp_pts|fg|fga|fg_pct|fg3|fg3a|fg3_pct|ft|fta|ft_pct|orb|trb|ast|stl|blk|tov|pf|x|opp_fg|opp_fga|opp_fg_pct|opp_fg3|opp_fg3a|opp_fg3_pct|opp_ft|opp_fta|opp_ft_pct|opp_orb|opp_trb|opp_ast|opp_stl|opp_blk|opp_tov|opp_pf|
1|1|2012-11-09||Radford|W|79|67|28|44|.636|3|11|.273|20|30|.667|5|32|11|8|5|18|19||25|66|.379|7|21|.333|10|20|.500|13|29|11|12|4|12|28
2|2|2012-11-16|N|Connecticut|L|71|77|26|53|.491|7|16|.438|12|22|.545|10|28|13|4|2|17|20||25|53|.472|3|18|.167|24|30|.800|8|26|11|6|4|11|18
3|3|2012-11-17|N|Iona|L|68|94|22|58|.379|5|13|.385|19|28|.679|14|28|10|4|2|18|17||35|67|.522|14|28|.500|10|13|.769|9|32|23|5|3|13|24
4|4|2012-11-19|N|Mercer|W|74|71|21|50|.420|6|13|.462|26|41|.634|14|34|11|9|3|14|15||25|57|.439|9|19|.474|12|16|.750|10|29|14|9|4|15|28
5|5|2012-11-23||William & Mary|W|63|57|20|50|.400|3|19|.158|20|30|.667|9|32|8|6|8|10|19||21|51|.412|4|18|.222|11|19|.579|8|35|11|2|0|13|23
6|6|2012-11-27||Nebraska|L|63|79|24|56|.429|3|16|.188|12|18|.667|8|28|9|6|7|12|18||29|57|.509|4|12|.333|17|24|.708|10|33|12|7|4|8|17
7|7|2012-12-01|@|Richmond|L|60|62|18|42|.429|4|6|.667|20|26|.769|6|27|8|7|5|13|23||16|42|.381|6|20|.300|24|28|.857|8|29|12|6|3|14|22
8|8|2012-12-05||High Point|W|71|60|23|55|.418|8|18|.444|17|21|.810|8|29|15|10|6|13|8||24|63|.381|5|15|.333|7|8|.875|16|41|14|9|7|17|17
9|9|2012-12-08||Seton Hall|L|67|71|23|52|.442|9|20|.450|12|19|.632|4|23|16|13|6|18|15||28|57|.491|2|16|.125|13|19|.684|12|40|10|9|2|23|16
10|10|2012-12-18||Furman|W|79|55|28|52|.538|5|13|.385|18|22|.818|3|32|17|8|3|9|14||19|52|.365|7|24|.292|10|19|.526|8|24|14|5|4|12|15
11|11|2012-12-22|@|North Carolina-Greensboro|W|84|70|27|51|.529|7|16|.438|23|32|.719|4|31|12|10|4|15|19||25|59|.424|8|21|.381|12|15|.800|4|29|15|9|0|16|29
12|12|2013-01-02||Xavier|W|66|59|21|49|.429|8|19|.421|16|29|.552|11|32|10|8|4|16|19||21|49|.429|1|8|.125|16|26|.615|11|35|6|8|2|20|27
13|13|2013-01-05|@|Duke|L|62|80|23|56|.411|4|11|.364|12|18|.667|9|37|8|4|1|19|25||29|63|.460|11|24|.458|11|22|.500|8|29|22|6|4|6|16
14|14|2013-01-09||Virginia|W|55|52|18|44|.409|4|15|.267|15|21|.714|4|23|10|5|9|12|13||20|55|.364|3|11|.273|9|12|.750|16|39|8|6|3|17|19
15|15|2013-01-12||Boston College|W|75|72|29|57|.509|7|18|.389|10|18|.556|8|30|17|12|3|12|25||20|48|.417|7|19|.368|25|33|.758|7|26|11|6|2|17|14
16|16|2013-01-15|@|Clemson|L|44|60|15|61|.246|2|10|.200|12|15|.800|15|39|3|6|2|11|18||22|49|.449|6|14|.429|10|14|.714|6|35|10|6|11|10|17
17|17|2013-01-19|@|Virginia Tech|L|65|66|25|68|.368|7|19|.368|8|12|.667|15|40|14|4|1|8|15||27|60|.450|4|13|.308|8|16|.500|10|36|12|4|6|7|11
18|18|2013-01-22||North Carolina State|W|86|84|31|63|.492|4|10|.400|20|33|.606|16|40|13|8|9|12|21||34|70|.486|2|9|.222|14|25|.560|17|40|19|8|6|13|23
19|19|2013-01-26|@|Georgia Tech|L|62|82|20|57|.351|3|12|.250|19|32|.594|14|34|10|6|7|16|18||32|59|.542|10|20|.500|8|13|.615|9|34|20|9|7|15|24
20|20|2013-01-30||Duke|L|70|75|25|52|.481|3|11|.273|17|21|.810|5|25|14|4|3|17|21||28|54|.519|2|14|.143|17|22|.773|7|27|13|5|4|15|21
21|21|2013-02-02|@|Maryland|L|60|86|22|64|.344|8|24|.333|8|13|.615|7|19|10|7|0|8|13||35|52|.673|11|16|.688|5|9|.556|5|42|21|3|7|19|16
22|22|2013-02-05|@|North Carolina|L|62|87|24|55|.436|2|18|.111|12|17|.706|6|33|14|6|2|21|19||32|62|.516|9|15|.600|14|25|.560|7|34|20|7|0|14|18
23|23|2013-02-09||Florida State|W|71|46|26|53|.491|7|17|.412|12|22|.545|12|44|11|12|5|14|21||14|43|.326|4|13|.308|14|23|.609|4|24|7|5|3|17|20
24|24|2013-02-13|@|Boston College|L|63|66|24|47|.511|6|16|.375|9|11|.818|5|27|9|5|3|16|20||21|48|.438|6|13|.462|18|21|.857|5|23|13|7|4|10|14
25|25|2013-02-16||Georgia Tech|L|56|57|14|48|.292|5|20|.250|23|25|.920|6|30|6|5|8|17|14||22|56|.393|4|11|.364|9|15|.600|8|31|10|5|5|14|18
26|26|2013-02-23||Miami (FL)|W|80|65|26|48|.542|7|12|.583|21|31|.677|5|34|11|7|9|12|15||25|64|.391|8|21|.381|7|13|.538|12|34|7|5|5|13|23
27|27|2013-02-26|@|Florida State|L|62|76|18|55|.327|8|21|.381|18|23|.783|6|17|8|5|2|8|24||23|47|.489|4|14|.286|26|30|.867|12|41|10|4|12|16|19
28|28|2013-03-02||Maryland|L|57|67|16|49|.327|6|21|.286|19|25|.760|6|29|9|9|3|18|17||28|59|.475|3|14|.214|8|13|.615|9|37|10|11|6|19|24
29|29|2013-03-06|@|North Carolina State|L|66|81|28|60|.467|4|18|.222|6|9|.667|9|29|9|5|3|15|14||31|64|.484|7|18|.389|12|16|.750|13|34|17|10|6|14|13
30|30|2013-03-10||Virginia Tech|W|90|79|29|49|.592|9|16|.563|23|37|.622|5|27|21|8|3|14|21||28|57|.491|6|18|.333|17|26|.654|7|27|8|7|3|14|26
31|31|2013-03-14|N|Maryland|L|62|75|23|54|.426|4|18|.222|12|21|.571|4|28|15|9|3|14|21||23|48|.479|7|15|.467|22|29|.759|4|33|13|8|3|12|19
