ranker|game_season|date_game|game_location|opp_id|game_result|pts|opp_pts|fg|fga|fg_pct|fg3|fg3a|fg3_pct|ft|fta|ft_pct|orb|trb|ast|stl|blk|tov|pf|x|opp_fg|opp_fga|opp_fg_pct|opp_fg3|opp_fg3a|opp_fg3_pct|opp_ft|opp_fta|opp_ft_pct|opp_orb|opp_trb|opp_ast|opp_stl|opp_blk|opp_tov|opp_pf|
1|1|2012-11-11||Loyola (MD)|W|85|63|27|50|.540|9|17|.529|22|30|.733|7|34|12|4|8|12|19||23|63|.365|4|16|.250|13|24|.542|16|30|6|3|5|12|22
2|2|2012-11-13||Albany (NY)|L|62|63|22|53|.415|3|12|.250|15|26|.577|15|35|10|4|4|15|19||23|51|.451|7|19|.368|10|16|.625|5|20|14|6|5|13|19
3|3|2012-11-17|N|Seton Hall|W (1 OT)|84|73|28|54|.519|6|17|.353|22|26|.846|8|35|10|4|2|16|18||27|62|.435|12|23|.522|7|15|.467|9|27|14|11|2|14|21
4|4|2012-11-18|N|Ohio State|L|66|77|23|48|.479|9|18|.500|11|17|.647|6|24|10|1|3|13|17||27|57|.474|3|12|.250|20|26|.769|12|30|14|9|3|6|17
5|5|2012-11-24||Colorado State|L|55|73|22|50|.440|3|11|.273|8|15|.533|6|19|7|4|3|10|13||29|67|.433|8|18|.444|7|10|.700|19|40|15|4|2|11|18
6|6|2012-11-28||Saint Louis|W|66|61|24|47|.511|6|10|.600|12|22|.545|7|28|12|2|3|11|10||25|57|.439|9|23|.391|2|3|.667|9|25|16|2|5|13|19
7|7|2012-12-02||Cal State Fullerton|W|74|72|24|60|.400|4|16|.250|22|30|.733|11|35|15|4|5|12|15||30|71|.423|7|22|.318|5|10|.500|13|34|14|8|1|13|21
8|8|2012-12-08||Nevada|L|73|76|27|68|.397|9|22|.409|10|13|.769|16|38|15|4|7|15|18||28|59|.475|6|17|.353|14|19|.737|9|33|11|8|3|13|16
9|9|2012-12-13|@|Seattle|W|87|74|31|57|.544|4|11|.364|21|27|.778|12|39|12|8|6|12|24||25|67|.373|10|26|.385|14|27|.519|15|28|13|9|3|10|23
10|10|2012-12-15||Jackson State|W|75|67|28|55|.509|7|21|.333|12|26|.462|11|39|18|6|10|15|14||24|66|.364|8|23|.348|11|16|.688|11|30|12|9|1|13|23
11|11|2012-12-20||Cal Poly|W|75|62|23|45|.511|5|17|.294|24|32|.750|10|29|13|3|3|13|17||22|50|.440|8|21|.381|10|14|.714|2|16|15|8|0|12|25
12|12|2012-12-22||Northern Illinois|W|67|57|18|57|.316|9|25|.360|22|24|.917|21|41|14|4|4|13|15||22|56|.393|5|12|.417|8|11|.727|8|23|11|5|1|13|20
13|13|2012-12-29|@|Connecticut|L|53|61|19|64|.297|4|17|.235|11|16|.688|13|34|10|8|3|13|20||22|47|.468|2|14|.143|15|25|.600|4|31|13|6|4|17|16
14|14|2013-01-05|@|Washington State|W|68|63|26|48|.542|5|12|.417|11|16|.688|7|29|13|5|5|15|18||21|57|.368|5|20|.250|16|21|.762|10|24|8|6|0|12|15
15|15|2013-01-09|@|California|W|62|47|25|68|.368|2|11|.182|10|13|.769|18|43|10|5|6|6|17||20|53|.377|1|6|.167|6|16|.375|9|28|11|2|4|10|14
16|16|2013-01-12|@|Stanford|W|65|60|24|51|.471|4|10|.400|13|19|.684|8|35|6|6|4|11|14||23|59|.390|3|17|.176|11|14|.786|10|25|7|5|1|10|16
17|17|2013-01-16||Colorado|W|64|54|20|59|.339|6|20|.300|18|23|.783|15|37|9|6|5|9|15||21|58|.362|1|10|.100|11|14|.786|10|32|6|2|5|11|19
18|18|2013-01-19||Utah|L|65|74|25|67|.373|9|25|.360|6|10|.600|14|33|12|4|2|9|15||29|48|.604|3|10|.300|13|21|.619|3|24|18|7|2|10|11
19|19|2013-01-23|@|Oregon State|L|66|74|26|59|.441|7|18|.389|7|14|.500|10|33|11|3|4|15|21||25|53|.472|6|19|.316|18|26|.692|9|34|18|7|7|12|14
20|20|2013-01-26|@|Oregon|L|76|81|27|52|.519|8|12|.667|14|24|.583|8|22|15|9|0|21|27||26|45|.578|2|8|.250|27|37|.730|7|26|12|10|5|23|21
21|21|2013-01-31||Arizona|L|53|57|21|57|.368|1|12|.083|10|17|.588|7|26|10|5|8|17|17||20|57|.351|3|18|.167|14|19|.737|10|31|7|5|6|17|14
22|22|2013-02-02||Arizona State|W|96|92|36|68|.529|3|13|.231|21|22|.955|12|33|16|7|3|14|16||37|58|.638|12|19|.632|6|12|.500|1|17|15|5|1|11|19
23|23|2013-02-07|@|UCLA|L|57|59|24|57|.421|2|15|.133|7|12|.583|13|44|11|7|3|19|18||22|66|.333|2|9|.222|13|18|.722|14|34|9|13|1|10|13
24|24|2013-02-10|@|Southern California|L|60|71|26|59|.441|4|11|.364|4|14|.286|9|33|14|9|1|13|14||25|57|.439|7|16|.438|14|15|.933|5|32|18|7|3|13|12
25|25|2013-02-13||Oregon|L|52|65|21|60|.350|2|13|.154|8|12|.667|15|36|9|4|3|12|20||24|49|.490|4|13|.308|13|23|.565|7|30|10|6|3|9|15
26|26|2013-02-16||Oregon State|W|72|62|27|54|.500|4|15|.267|14|19|.737|11|37|16|5|5|18|20||19|56|.339|5|15|.333|19|27|.704|10|27|11|1|2|12|18
27|27|2013-02-20|@|Arizona|L|52|70|20|65|.308|1|11|.091|11|18|.611|13|30|8|4|1|8|22||24|51|.471|6|15|.400|16|23|.696|9|39|14|4|8|12|16
28|28|2013-02-23|@|Arizona State|W|68|59|26|54|.481|4|12|.333|12|16|.750|13|33|12|5|3|6|16||23|48|.479|5|15|.333|8|15|.533|5|19|13|3|3|8|14
29|29|2013-03-03||Washington State|W|72|68|24|45|.533|7|17|.412|17|27|.630|8|22|11|8|4|13|17||22|43|.512|9|21|.429|15|18|.833|5|22|12|5|0|18|20
30|30|2013-03-06||Southern California|W|65|57|22|61|.361|4|13|.308|17|22|.773|17|43|9|5|3|12|13||21|56|.375|3|8|.375|12|16|.750|7|23|8|7|3|12|14
31|31|2013-03-09||UCLA|L|54|61|23|56|.411|5|16|.313|3|9|.333|14|34|12|5|6|19|13||23|58|.397|1|10|.100|14|18|.778|11|28|10|8|2|10|11
32|32|2013-03-13|N|Washington State|W|64|62|24|50|.480|8|19|.421|8|11|.727|7|23|15|4|3|11|11||23|50|.460|10|27|.370|6|7|.857|2|18|13|6|1|11|13
33|33|2013-03-14|N|Oregon|L (1 OT)|77|80|30|66|.455|9|17|.529|8|14|.571|10|35|10|8|6|15|22||28|66|.424|6|12|.500|18|24|.750|6|28|15|5|4|11|15
34|34|2013-03-19|@|Brigham Young|L|79|90|28|67|.418|8|22|.364|15|17|.882|6|28|18|8|5|10|18||31|66|.470|7|22|.318|21|23|.913|7|37|21|8|5|12|17
