ranker|game_season|date_game|game_location|opp_id|game_result|pts|opp_pts|fg|fga|fg_pct|fg3|fg3a|fg3_pct|ft|fta|ft_pct|orb|trb|ast|stl|blk|tov|pf|x|opp_fg|opp_fga|opp_fg_pct|opp_fg3|opp_fg3a|opp_fg3_pct|opp_ft|opp_fta|opp_ft_pct|opp_orb|opp_trb|opp_ast|opp_stl|opp_blk|opp_tov|opp_pf|
1|1|2012-11-10||St. Andrews|W|80|48|29|58|.500|7|21|.333|15|29|.517|13|41|11|7|3|13|18||17|51|.333|3|16|.188|11|23|.478|3|23|7|8|4|16|22
2|2|2012-11-13|@|Indiana State|L|55|66|19|59|.322|7|26|.269|10|14|.714|13|29|6|7|0|12|22||21|37|.568|5|13|.385|19|27|.704|3|27|13|4|7|14|14
3|3|2012-11-17||Virginia Commonwealth|L|54|90|18|50|.360|6|18|.333|12|17|.706|11|25|7|5|0|21|16||30|55|.545|13|25|.520|17|20|.850|12|29|19|13|5|13|20
4|4|2012-11-20||Lenoir-Rhyne|W|59|35|21|48|.438|5|18|.278|12|16|.750|4|29|11|9|4|11|18||14|52|.269|3|17|.176|4|10|.400|9|29|9|4|3|16|15
5|5|2012-11-28|@|Wofford|L|55|70|19|50|.380|5|21|.238|12|15|.800|8|25|8|7|2|12|14||27|55|.491|7|16|.438|9|12|.750|7|26|17|7|5|10|15
6|6|2012-12-01|@|James Madison|L|61|71|22|52|.423|7|21|.333|10|12|.833|7|27|7|9|2|18|20||23|50|.460|5|19|.263|20|26|.769|8|31|15|12|6|19|12
7|7|2012-12-04||Brevard|W|77|54|30|61|.492|7|18|.389|10|14|.714|7|32|10|5|4|8|20||17|49|.347|4|25|.160|16|25|.640|6|27|9|2|2|13|15
8|8|2012-12-15|@|Ohio|W|50|49|16|48|.333|4|21|.190|14|21|.667|7|27|7|5|4|14|11||18|50|.360|6|16|.375|7|13|.538|9|30|12|6|2|17|12
9|9|2012-12-18|@|Ohio State|L|55|65|19|50|.380|10|26|.385|7|12|.583|5|32|8|3|1|14|21||22|57|.386|6|21|.286|15|20|.750|10|36|14|7|3|5|17
10|10|2012-12-22|@|Auburn|W|74|67|24|49|.490|7|25|.280|19|25|.760|10|28|13|4|2|19|21||23|60|.383|3|23|.130|18|21|.857|18|32|12|6|2|13|21
11|11|2012-12-30||Hampton|W|50|43|19|57|.333|5|19|.263|7|14|.500|13|47|9|1|4|12|10||14|59|.237|7|29|.241|8|11|.727|8|36|12|6|9|7|15
12|12|2013-01-02||North Carolina Central|L|57|64|20|45|.444|2|10|.200|15|23|.652|11|21|11|8|1|10|18||19|38|.500|8|17|.471|18|20|.900|5|21|14|4|3|12|19
13|13|2013-01-05||High Point|L|61|74|21|53|.396|3|14|.214|16|25|.640|5|29|10|3|4|9|20||26|62|.419|8|19|.421|14|23|.609|10|40|11|4|0|7|19
14|14|2013-01-09|@|Charleston Southern|L|63|75|21|48|.438|8|16|.500|13|18|.722|3|25|9|1|1|11|17||25|54|.463|10|30|.333|15|19|.789|6|30|18|2|3|4|14
15|15|2013-01-12|@|Virginia Military Institute|L|54|72|23|56|.411|5|13|.385|3|5|.600|12|29|8|3|0|16|13||26|54|.481|11|22|.500|9|13|.692|9|26|17|10|4|9|12
16|16|2013-01-16||Presbyterian|W|62|51|19|46|.413|7|16|.438|17|26|.654|10|35|10|6|3|9|13||19|50|.380|5|16|.313|8|8|1.000|5|26|10|4|0|11|20
17|17|2013-01-19|@|Campbell|L|59|63|21|53|.396|8|21|.381|9|13|.692|8|25|12|6|0|12|17||24|47|.511|2|7|.286|13|17|.765|7|28|17|8|3|13|14
18|18|2013-01-23||Gardner-Webb|W|61|55|20|45|.444|6|17|.353|15|20|.750|4|25|9|7|3|12|12||21|47|.447|8|18|.444|5|9|.556|2|24|10|6|2|12|16
19|19|2013-01-26|@|Radford|L|57|58|22|45|.489|9|17|.529|4|8|.500|3|22|12|4|3|13|12||23|49|.469|4|15|.267|8|12|.667|7|26|12|7|4|10|11
20|20|2013-01-30||Coastal Carolina|W|61|48|18|49|.367|7|19|.368|18|23|.783|14|37|10|5|0|13|21||18|46|.391|6|14|.429|6|11|.545|6|24|7|4|2|14|21
21|21|2013-02-02||Liberty|W|66|56|26|57|.456|7|16|.438|7|12|.583|7|35|13|5|3|8|16||19|56|.339|3|20|.150|15|16|.938|6|32|6|3|1|7|14
22|22|2013-02-06|@|North Carolina-Asheville|L|56|69|20|54|.370|5|19|.263|11|19|.579|11|30|14|4|3|10|23||18|47|.383|5|16|.313|28|32|.875|12|33|13|7|6|8|15
23|23|2013-02-09||Longwood|L|56|62|20|47|.426|6|24|.250|10|14|.714|4|22|9|7|0|15|15||25|51|.490|6|15|.400|6|8|.750|4|25|12|5|1|13|14
24|24|2013-02-13||Charleston Southern|W|70|65|20|45|.444|7|18|.389|23|28|.821|6|36|9|3|4|19|21||21|65|.323|3|27|.111|20|27|.741|12|32|6|14|2|11|23
25|25|2013-02-16|@|Presbyterian|L|57|64|21|39|.538|3|9|.333|12|14|.857|2|17|6|2|1|11|15||23|43|.535|9|19|.474|9|12|.750|5|20|17|6|1|9|13
26|26|2013-02-19|@|Gardner-Webb|L|52|65|18|42|.429|5|16|.313|11|16|.688|6|17|8|4|1|16|29||16|45|.356|5|14|.357|28|35|.800|16|34|10|6|1|13|18
27|27|2013-02-23||Southeastern Louisiana|W|66|52|18|43|.419|7|15|.467|23|33|.697|7|29|11|5|3|11|15||16|45|.356|6|17|.353|14|18|.778|5|25|4|4|5|16|23
28|28|2013-02-27|@|Coastal Carolina|L|54|73|19|47|.404|4|20|.200|12|22|.545|6|22|10|3|4|10|19||25|57|.439|4|13|.308|19|25|.760|16|41|10|9|1|8|18
29|29|2013-03-02||North Carolina-Asheville|W|70|61|25|50|.500|5|14|.357|15|22|.682|6|36|15|4|4|17|17||21|66|.318|3|17|.176|16|26|.615|15|34|8|13|4|14|17
30|30|2013-03-05|N|Radford|W (1 OT)|60|58|23|59|.390|2|14|.143|12|16|.750|12|35|4|2|1|9|20||17|46|.370|3|14|.214|21|28|.750|3|23|8|5|3|8|15
31|31|2013-03-07|N|Charleston Southern|L|47|54|16|50|.320|4|28|.143|11|14|.786|3|24|7|6|2|7|17||14|50|.280|7|24|.292|19|21|.905|12|40|7|5|2|10|13
