ranker|game_season|date_game|game_location|opp_id|game_result|pts|opp_pts|fg|fga|fg_pct|fg3|fg3a|fg3_pct|ft|fta|ft_pct|orb|trb|ast|stl|blk|tov|pf|x|opp_fg|opp_fga|opp_fg_pct|opp_fg3|opp_fg3a|opp_fg3_pct|opp_ft|opp_fta|opp_ft_pct|opp_orb|opp_trb|opp_ast|opp_stl|opp_blk|opp_tov|opp_pf|
1|1|2013-11-08||Columbus State|W|76|56|31|70|.443|8|26|.308|6|10|.600|16|44|16|8|4|11|15||23|66|.348|4|23|.174|6|11|.545|15|36|10|4|4|15|16
2|2|2013-11-11||Rutgers|W|79|76|27|64|.422|2|14|.143|23|34|.676|21|52|11|1|2|9|20||25|58|.431|7|21|.333|19|26|.731|4|23|14|5|6|3|25
3|3|2013-11-14||Troy|W|81|69|30|60|.500|5|13|.385|16|17|.941|14|48|18|3|4|20|15||29|72|.403|7|23|.304|4|10|.400|7|22|15|11|2|7|14
4|4|2013-11-21|N|New Mexico|L (2 OT)|94|97|30|80|.375|5|14|.357|29|36|.806|21|58|12|2|3|16|30||31|91|.341|8|38|.211|27|38|.711|22|51|19|7|8|9|27
5|5|2013-11-22|N|Nebraska|W|87|74|29|54|.537|5|13|.385|24|33|.727|12|35|16|2|6|12|12||28|65|.431|6|20|.300|12|18|.667|7|22|7|9|1|6|24
6|6|2013-11-24|N|Temple|L|66|87|23|61|.377|6|17|.353|14|20|.700|9|30|7|4|4|14|13||35|66|.530|5|14|.357|12|16|.750|7|34|13|11|9|9|16
7|7|2013-11-27||Florida A&M|W|85|73|26|58|.448|4|14|.286|29|49|.592|17|44|15|4|6|15|14||27|66|.409|8|24|.333|11|14|.786|9|31|13|11|1|11|36
8|8|2013-12-01||North Carolina|W|63|59|19|62|.306|3|12|.250|22|28|.786|17|45|7|4|1|12|14||27|63|.429|1|12|.083|4|11|.364|10|36|10|8|10|8|19
9|9|2013-12-07|@|Northeastern|W|74|69|29|61|.475|6|13|.462|10|18|.556|11|37|10|3|5|11|20||23|59|.390|6|23|.261|17|23|.739|7|23|16|3|5|7|17
10|10|2013-12-15||Georgia Southern|W|84|62|32|66|.485|6|17|.353|14|17|.824|14|44|22|6|7|15|22||22|68|.324|4|21|.190|14|20|.700|14|32|8|9|2|12|15
11|11|2013-12-18||Chattanooga|W|67|52|25|55|.455|6|17|.353|11|16|.688|13|43|14|3|6|14|13||19|62|.306|8|30|.267|6|8|.750|12|26|11|5|1|8|15
12|12|2013-12-21|@|Louisiana State|L|63|86|21|69|.304|1|16|.063|20|26|.769|19|41|7|5|1|15|19||32|66|.485|10|17|.588|12|17|.706|10|35|20|6|7|10|19
13|13|2013-12-29||Alabama A&M|W|69|57|23|67|.343|6|21|.286|17|22|.773|17|44|16|6|4|11|15||23|64|.359|4|19|.211|7|11|.636|13|34|9|8|8|12|23
14|14|2014-01-04||Newberry|W|96|75|35|73|.479|8|25|.320|18|24|.750|18|45|19|14|4|15|15||26|65|.400|11|35|.314|12|15|.800|8|28|10|8|2|19|18
15|15|2014-01-11|@|Middle Tennessee|L (1 OT)|84|89|31|52|.596|5|11|.455|17|26|.654|8|35|9|9|0|22|18||35|67|.522|9|22|.409|10|19|.526|9|29|23|10|2|11|21
16|16|2014-01-16||Texas-San Antonio|W|78|65|28|65|.431|8|21|.381|14|23|.609|13|37|23|7|13|9|19||22|68|.324|7|20|.350|14|18|.778|17|39|10|3|2|15|21
17|17|2014-01-18||Texas-El Paso|L|61|63|22|52|.423|2|14|.143|15|21|.714|9|30|11|5|4|10|15||24|54|.444|6|14|.429|9|11|.818|7|31|15|4|2|10|19
18|18|2014-01-23|@|North Texas|L|65|76|22|72|.306|6|23|.261|15|28|.536|18|43|10|5|2|10|17||29|59|.492|8|16|.500|10|16|.625|6|34|15|5|8|9|17
19|19|2014-01-25|@|Tulsa|W|70|63|23|61|.377|5|12|.417|19|24|.792|15|44|2|4|6|17|22||23|63|.365|4|16|.250|13|21|.619|9|31|8|8|4|6|19
20|20|2014-01-30||Old Dominion|W|75|66|28|57|.491|7|17|.412|12|23|.522|9|41|18|6|4|19|16||24|69|.348|6|20|.300|12|23|.522|17|36|8|14|3|11|18
21|21|2014-02-01||East Carolina|L|67|74|25|61|.410|5|25|.200|12|21|.571|13|40|17|7|7|11|15||26|59|.441|9|22|.409|13|18|.722|9|34|14|4|4|10|17
22|22|2014-02-06|@|Florida International|L|73|78|26|62|.419|3|17|.176|18|23|.783|12|32|14|6|4|14|16||27|55|.491|7|14|.500|17|26|.654|11|34|10|12|11|16|15
23|23|2014-02-08|@|Florida Atlantic|L|71|82|26|69|.377|5|20|.250|14|21|.667|12|31|9|5|0|5|20||27|57|.474|7|16|.438|21|26|.808|7|38|18|2|6|8|17
24|24|2014-02-13||Southern Mississippi|W|84|60|32|60|.533|11|23|.478|9|18|.500|11|33|22|4|5|11|19||21|57|.368|2|16|.125|16|24|.667|14|32|12|3|1|11|19
25|25|2014-02-15||Tulane|L|80|86|25|68|.368|4|18|.222|26|41|.634|19|36|5|10|3|9|24||29|51|.569|8|21|.381|20|29|.690|8|34|12|5|3|16|33
26|26|2014-02-20|@|Marshall|W|68|62|21|61|.344|7|19|.368|19|34|.559|15|45|17|5|4|9|18||23|60|.383|3|20|.150|13|23|.565|12|37|10|6|1|11|22
27|27|2014-02-22|@|Charlotte|W|64|62|22|54|.407|4|13|.308|16|32|.500|11|39|6|5|5|11|19||24|61|.393|6|18|.333|8|15|.533|8|33|12|6|3|11|20
28|28|2014-02-27|@|Rice|W|61|60|21|58|.362|1|8|.125|18|23|.783|17|41|11|7|3|11|13||24|61|.393|6|27|.222|6|9|.667|11|28|16|5|2|9|18
29|29|2014-03-02||Louisiana Tech|L|58|67|22|63|.349|1|13|.077|13|22|.591|13|42|6|7|6|16|17||21|54|.389|10|27|.370|15|20|.750|5|31|14|9|5|15|19
30|30|2014-03-06||Middle Tennessee|L|53|55|20|45|.444|4|13|.308|9|18|.500|7|26|11|6|2|14|15||20|46|.435|5|13|.385|10|15|.667|9|30|12|7|4|15|17
31|31|2014-03-12|N|Charlotte|L|70|80|26|59|.441|9|26|.346|9|24|.375|12|35|11|6|3|13|22||27|55|.491|8|16|.500|18|30|.600|9|38|15|7|0|13|21
