ranker|game_season|date_game|game_location|opp_id|game_result|pts|opp_pts|fg|fga|fg_pct|fg3|fg3a|fg3_pct|ft|fta|ft_pct|orb|trb|ast|stl|blk|tov|pf|x|opp_fg|opp_fga|opp_fg_pct|opp_fg3|opp_fg3a|opp_fg3_pct|opp_ft|opp_fta|opp_ft_pct|opp_orb|opp_trb|opp_ast|opp_stl|opp_blk|opp_tov|opp_pf|
1|1|2013-11-08|@|George Mason|L|60|63|22|49|.449|9|28|.321|7|11|.636|6|23|12|8|5|15|22||20|47|.426|4|14|.286|19|31|.613|9|28|7|10|2|13|16
2|2|2013-11-14||Maryland-Baltimore County|W (1 OT)|63|61|20|55|.364|4|20|.200|19|41|.463|15|44|14|10|4|18|23||24|58|.414|1|9|.111|12|22|.545|11|42|12|9|4|19|29
3|3|2013-11-20|@|Ohio State|L|52|63|21|46|.457|4|12|.333|6|7|.857|5|25|14|6|7|26|19||20|56|.357|3|16|.188|20|29|.690|14|32|10|15|2|14|10
4|4|2013-11-23|@|Mount St. Mary's|L|64|68|26|48|.542|6|15|.400|6|7|.857|6|24|14|1|3|14|21||20|52|.385|6|26|.231|22|32|.688|14|30|7|6|2|5|14
5|5|2013-11-26|@|Columbia|L|47|61|18|44|.409|3|12|.250|8|15|.533|4|20|9|6|3|10|19||19|42|.452|8|20|.400|15|19|.789|6|29|10|3|4|12|17
6|6|2013-11-30|@|Saint Francis (PA)|W|75|43|28|52|.538|8|17|.471|11|13|.846|10|36|17|5|2|11|21||15|48|.313|3|19|.158|10|17|.588|6|19|7|6|4|9|15
7|7|2013-12-04||Howard|W|76|53|31|55|.564|8|23|.348|6|10|.600|8|28|22|10|5|16|20||13|42|.310|3|9|.333|24|34|.706|9|26|7|7|0|18|15
8|8|2013-12-07||Brown|L|67|72|24|49|.490|5|16|.313|14|18|.778|8|25|14|3|1|11|19||27|52|.519|6|13|.462|12|19|.632|9|26|17|6|3|7|18
9|9|2013-12-19|@|Saint Mary's (CA)|L|44|59|18|43|.419|3|12|.250|5|11|.455|3|17|10|10|0|11|18||22|41|.537|5|12|.417|10|21|.476|13|37|10|5|5|18|14
10|10|2013-12-22|@|San Francisco|L|69|77|24|49|.490|11|28|.393|10|15|.667|7|25|16|2|3|10|22||28|46|.609|7|12|.583|14|23|.609|4|21|19|4|2|8|19
11|11|2013-12-29|@|Maryland-Eastern Shore|W|71|58|24|43|.558|8|17|.471|15|19|.789|3|28|13|4|1|16|21||16|51|.314|2|15|.133|24|32|.750|10|26|9|10|0|9|21
12|12|2014-01-02|@|Bucknell|W|67|57|21|39|.538|3|9|.333|22|33|.667|4|32|14|4|6|13|17||18|54|.333|7|18|.389|14|22|.636|9|29|9|8|1|6|24
13|13|2014-01-05|@|Holy Cross|W|69|54|27|52|.519|4|14|.286|11|11|1.000|6|31|21|6|6|12|18||17|56|.304|5|21|.238|15|21|.714|12|29|9|9|4|14|15
14|14|2014-01-08||Loyola (MD)|W|65|51|25|45|.556|4|8|.500|11|18|.611|6|31|21|5|4|16|13||17|53|.321|1|11|.091|16|19|.842|8|24|6|11|5|13|19
15|15|2014-01-11|@|Colgate|W|69|62|25|40|.625|5|11|.455|14|18|.778|7|22|12|5|2|13|16||21|41|.512|9|16|.563|11|16|.688|4|14|12|2|2|10|17
16|16|2014-01-15|@|Lehigh|W|65|63|26|57|.456|8|20|.400|5|10|.500|10|34|21|5|5|9|13||22|55|.400|9|24|.375|10|11|.909|7|30|13|4|4|9|17
17|17|2014-01-18||Lafayette|W|66|61|23|51|.451|6|26|.231|14|19|.737|11|31|18|6|2|13|12||24|47|.511|5|9|.556|8|14|.571|4|21|15|7|0|14|20
18|18|2014-01-22||Boston University|W|86|56|30|42|.714|11|14|.786|15|20|.750|4|30|22|4|2|18|18||16|50|.320|4|16|.250|20|27|.741|8|19|7|11|0|9|21
19|19|2014-01-25|@|Army|W|84|74|28|51|.549|10|20|.500|18|21|.857|8|30|16|5|5|12|22||24|59|.407|5|21|.238|21|28|.750|10|28|6|6|3|7|22
20|20|2014-01-29||Navy|W|74|52|21|39|.538|8|19|.421|24|31|.774|7|33|16|5|6|11|20||17|46|.370|5|12|.417|13|22|.591|5|20|12|7|1|11|29
21|21|2014-02-01||Holy Cross|W|63|57|24|50|.480|2|7|.286|13|16|.813|7|21|14|6|2|7|10||24|40|.600|3|10|.300|6|9|.667|3|21|9|4|4|12|16
22|22|2014-02-05|@|Loyola (MD)|L|58|62|21|41|.512|11|19|.579|5|7|.714|6|24|14|6|3|18|16||19|39|.487|7|10|.700|17|22|.773|3|17|12|11|5|10|14
23|23|2014-02-08||Colgate|L|60|63|22|43|.512|6|17|.353|10|14|.714|2|26|12|5|4|13|17||22|48|.458|8|15|.533|11|16|.688|6|26|9|8|2|10|18
24|24|2014-02-12||Lehigh|W|64|44|22|45|.489|5|13|.385|15|18|.833|4|26|15|14|4|15|14||15|43|.349|3|8|.375|11|15|.733|6|23|7|9|2|21|19
25|25|2014-02-15|@|Lafayette|L|62|74|22|48|.458|10|21|.476|8|15|.533|9|21|14|5|2|11|17||27|45|.600|6|18|.333|14|17|.824|7|25|12|7|1|13|15
26|26|2014-02-19|@|Boston University|L|62|71|23|50|.460|7|17|.412|9|12|.750|5|23|16|5|4|13|21||25|56|.446|5|15|.333|16|25|.640|11|35|14|6|3|10|14
27|27|2014-02-22||Army|W|58|54|21|42|.500|5|12|.417|11|15|.733|4|30|15|11|2|14|25||17|47|.362|5|16|.313|15|26|.577|8|26|9|6|2|14|19
28|28|2014-02-26|@|Navy|W|64|55|21|43|.488|10|24|.417|12|15|.800|6|30|15|5|5|18|13||21|55|.382|4|18|.222|9|10|.900|9|26|8|11|2|13|15
29|29|2014-03-01||Bucknell|L|51|56|19|56|.339|5|25|.200|8|10|.800|7|24|10|8|4|9|16||21|50|.420|2|9|.222|12|17|.706|11|39|9|4|2|16|14
30|30|2014-03-05||Colgate|W|59|50|21|44|.477|3|11|.273|14|20|.700|4|31|17|8|3|11|12||19|48|.396|3|15|.200|9|18|.500|5|25|11|3|4|13|20
31|31|2014-03-08||Holy Cross|W|57|46|20|45|.444|7|15|.467|10|14|.714|5|25|15|7|2|7|6||19|50|.380|6|18|.333|2|5|.400|7|27|11|2|3|11|12
32|32|2014-03-12|@|Boston University|W|55|36|19|34|.559|4|9|.444|13|16|.813|2|30|11|3|3|16|10||16|52|.308|1|17|.059|3|7|.429|7|21|8|8|0|10|16
33|33|2014-03-20|N|Wisconsin|L|35|75|11|37|.297|4|15|.267|9|15|.600|4|23|8|5|0|17|16||26|52|.500|10|23|.435|13|14|.929|5|29|13|9|1|7|15
