ranker|game_season|date_game|game_location|opp_id|game_result|pts|opp_pts|fg|fga|fg_pct|fg3|fg3a|fg3_pct|ft|fta|ft_pct|orb|trb|ast|stl|blk|tov|pf|x|opp_fg|opp_fga|opp_fg_pct|opp_fg3|opp_fg3a|opp_fg3_pct|opp_ft|opp_fta|opp_ft_pct|opp_orb|opp_trb|opp_ast|opp_stl|opp_blk|opp_tov|opp_pf|
1|1|2013-11-08|@|North Carolina State|L|77|98|28|57|.491|6|19|.316|15|22|.682|8|26|11|8|5|14|22||39|63|.619|5|11|.455|15|22|.682|7|29|19|6|1|11|20
2|2|2013-11-12||Campbell|L|66|73|26|62|.419|5|19|.263|9|22|.409|15|37|7|6|3|9|24||24|49|.490|8|23|.348|17|25|.680|8|32|14|3|4|11|19
3|3|2013-11-16|@|Cincinnati|L|49|77|19|65|.292|3|14|.214|8|11|.727|16|29|7|5|4|14|17||31|67|.463|4|9|.444|11|16|.688|20|45|13|7|8|14|14
4|4|2013-11-19||Lees-McRae|W|91|63|39|74|.527|7|20|.350|6|12|.500|10|33|20|9|6|7|19||22|55|.400|5|15|.333|14|23|.609|9|34|10|2|8|16|16
5|5|2013-11-22|@|North Carolina Central|L (1 OT)|70|76|23|62|.371|5|22|.227|19|30|.633|12|32|5|6|2|12|26||24|55|.436|5|19|.263|23|31|.742|12|37|17|8|5|14|22
6|6|2013-11-29|@|Georgia|L|53|71|18|55|.327|4|18|.222|13|17|.765|8|24|8|5|4|14|18||27|49|.551|3|11|.273|14|23|.609|7|34|11|7|8|11|17
7|7|2013-12-04||North Greenville|W|78|70|24|66|.364|5|24|.208|25|36|.694|17|43|12|7|4|7|16||27|63|.429|9|24|.375|7|8|.875|10|35|9|3|2|14|30
8|8|2013-12-08||Charlotte|L|59|77|21|64|.328|4|24|.167|13|22|.591|15|35|8|8|2|11|16||32|63|.508|4|10|.400|9|15|.600|12|39|12|9|4|13|16
9|9|2013-12-15|@|Winthrop|L|72|80|24|57|.421|7|18|.389|17|23|.739|11|36|10|3|3|14|29||23|52|.442|7|18|.389|27|40|.675|10|31|10|6|4|9|22
10|10|2013-12-18|@|Presbyterian|L|69|74|23|62|.371|9|26|.346|14|18|.778|15|33|14|7|3|13|21||24|49|.490|6|13|.462|20|25|.800|9|32|12|7|4|14|15
11|11|2013-12-21||Milligan|W|100|68|37|77|.481|8|24|.333|18|27|.667|15|55|23|10|2|12|19||24|63|.381|10|30|.333|10|20|.500|3|31|13|6|4|17|20
12|12|2013-12-30||Bluefield (WV)|W|97|70|36|57|.632|10|20|.500|15|23|.652|6|34|17|5|4|9|17||26|65|.400|9|23|.391|9|16|.563|10|28|12|6|4|9|18
13|13|2014-01-02|@|Duquesne|L|55|79|20|64|.313|8|23|.348|7|10|.700|9|27|12|8|4|13|20||29|62|.468|6|16|.375|15|25|.600|15|48|22|5|6|12|15
14|14|2014-01-06|@|Elon|L|66|75|22|47|.468|2|10|.200|20|29|.690|5|17|7|8|1|11|19||29|53|.547|3|13|.231|14|18|.778|11|32|17|2|3|15|19
15|15|2014-01-09||North Carolina-Greensboro|L|60|66|20|58|.345|5|17|.294|15|21|.714|8|31|8|11|2|13|21||23|49|.469|4|12|.333|16|25|.640|5|38|10|8|1|21|21
16|16|2014-01-11|@|Davidson|L|66|78|23|51|.451|3|13|.231|17|23|.739|10|30|6|5|0|14|25||28|49|.571|6|11|.545|16|29|.552|5|26|15|4|0|9|21
17|17|2014-01-16||Chattanooga|L|70|80|25|62|.403|3|14|.214|17|25|.680|4|25|11|6|1|8|21||27|56|.482|8|15|.533|18|24|.750|9|37|12|2|10|13|19
18|18|2014-01-18||Georgia Southern|W|81|68|27|56|.482|10|20|.500|17|28|.607|11|39|21|4|1|13|27||18|48|.375|11|25|.440|21|35|.600|6|26|8|7|1|16|26
19|19|2014-01-23|@|Citadel|W|80|67|34|61|.557|7|14|.500|5|8|.625|7|27|15|5|4|7|17||22|46|.478|6|16|.375|17|23|.739|4|24|14|4|4|11|14
20|20|2014-01-30|@|North Carolina-Greensboro|L|61|66|23|67|.343|7|24|.292|8|12|.667|10|43|11|6|0|9|16||24|58|.414|9|20|.450|9|17|.529|5|40|8|5|6|10|17
21|21|2014-02-01||Elon|L|76|83|26|49|.531|9|21|.429|15|24|.625|11|26|16|4|1|11|15||29|52|.558|11|25|.440|14|18|.778|9|25|20|5|2|8|17
22|22|2014-02-06||Citadel|W|54|45|18|47|.383|6|19|.316|12|15|.800|9|31|13|4|3|10|12||18|50|.360|5|15|.333|4|5|.800|4|25|10|5|2|8|14
23|23|2014-02-08|@|Western Carolina|L (1 OT)|75|84|23|57|.404|2|9|.222|27|39|.692|14|33|11|7|2|14|31||24|54|.444|5|14|.357|31|42|.738|11|33|10|6|8|13|29
24|24|2014-02-13||Samford|W|74|68|24|48|.500|5|12|.417|21|37|.568|7|32|13|6|5|13|14||27|57|.474|4|15|.267|10|15|.667|6|26|10|5|4|11|25
25|25|2014-02-15||Wofford|L|58|64|19|37|.514|2|4|.500|18|26|.692|4|21|7|6|2|15|20||24|53|.453|3|8|.375|13|21|.619|10|25|14|6|0|10|20
26|26|2014-02-20||Western Carolina|L|61|74|22|52|.423|1|11|.091|16|33|.485|11|28|7|5|2|13|15||25|51|.490|5|13|.385|19|22|.864|4|30|14|9|5|14|25
27|27|2014-02-22|@|Furman|L|53|68|19|61|.311|3|14|.214|12|21|.571|21|42|5|5|2|15|22||25|50|.500|4|17|.235|14|22|.636|4|28|13|8|7|13|20
28|28|2014-02-27|@|Samford|W|63|57|21|55|.382|2|8|.250|19|33|.576|10|34|8|9|4|15|15||23|53|.434|5|15|.333|6|12|.500|5|33|17|8|4|25|25
29|29|2014-03-01|@|Chattanooga|L|44|63|15|49|.306|1|5|.200|13|29|.448|7|25|7|4|6|7|20||20|53|.377|6|15|.400|17|27|.630|18|48|12|4|8|13|23
30|30|2014-03-07|N|Samford|L|56|70|20|51|.392|2|14|.143|14|21|.667|10|32|7|5|1|15|23||25|57|.439|3|15|.200|17|26|.654|12|32|10|7|3|8|22
