ranker|game_season|date_game|game_location|opp_id|game_result|pts|opp_pts|fg|fga|fg_pct|fg3|fg3a|fg3_pct|ft|fta|ft_pct|orb|trb|ast|stl|blk|tov|pf|x|opp_fg|opp_fga|opp_fg_pct|opp_fg3|opp_fg3a|opp_fg3_pct|opp_ft|opp_fta|opp_ft_pct|opp_orb|opp_trb|opp_ast|opp_stl|opp_blk|opp_tov|opp_pf|
1|1|2013-11-11||North Florida|L|70|72|23|57|.404|6|20|.300|18|21|.857|6|23|13|4|3|7|18||25|58|.431|8|22|.364|14|17|.824|12|37|16|2|3|14|19
2|2|2013-11-16|@|Florida|L|56|86|22|61|.361|2|11|.182|10|12|.833|10|34|6|4|3|18|21||31|60|.517|6|17|.353|18|29|.621|10|37|16|11|6|9|12
3|3|2013-11-18|@|Middle Tennessee|L|59|76|14|47|.298|0|11|.000|31|42|.738|8|31|3|4|0|13|20||24|51|.471|7|22|.318|21|30|.700|6|27|16|11|11|10|27
4|4|2013-11-22|@|Southern|W (1 OT)|85|82|27|68|.397|6|13|.462|25|35|.714|15|41|5|9|6|16|29||26|59|.441|6|25|.240|24|39|.615|4|31|16|6|3|16|27
5|5|2013-11-26||Southern Arkansas|W|90|58|35|61|.574|10|18|.556|10|17|.588|9|34|21|11|8|7|11||22|58|.379|7|19|.368|7|10|.700|10|28|13|3|3|15|16
6|6|2013-11-29|@|Oklahoma|L|81|101|26|65|.400|9|26|.346|20|25|.800|8|38|11|7|1|17|26||33|71|.465|12|28|.429|23|33|.697|10|41|23|10|4|10|19
7|7|2013-12-03||Arkansas-Fort Smith|W|88|74|31|65|.477|9|21|.429|17|24|.708|12|38|19|6|3|13|21||23|54|.426|11|31|.355|17|24|.708|6|25|12|2|0|15|22
8|8|2013-12-10|@|Tulsa|L|64|78|20|55|.364|4|16|.250|20|27|.741|6|30|9|6|3|16|27||22|51|.431|8|21|.381|26|40|.650|10|36|14|10|3|15|24
9|9|2013-12-13|@|Memphis|L|59|73|19|53|.358|7|20|.350|14|21|.667|8|27|9|7|4|16|23||23|59|.390|7|23|.304|20|27|.741|14|40|16|5|3|14|18
10|10|2013-12-20|N|Jacksonville State|W|75|70|26|48|.542|8|12|.667|15|24|.625|9|38|13|6|2|13|22||23|50|.460|8|18|.444|16|30|.533|7|23|14|7|2|10|22
11|11|2013-12-21|N|Southern Mississippi|L|60|74|21|47|.447|6|20|.300|12|21|.571|3|25|16|5|2|15|20||25|53|.472|4|13|.308|20|28|.714|7|32|17|9|1|11|20
12|12|2013-12-30||Grambling|W|88|68|34|57|.596|3|9|.333|17|24|.708|10|41|23|5|2|15|13||25|63|.397|10|28|.357|8|13|.615|8|22|15|9|3|14|15
13|13|2014-01-02|@|Texas State|W|63|59|19|46|.413|5|14|.357|20|25|.800|6|29|6|5|2|12|18||19|43|.442|5|11|.455|16|23|.696|3|20|10|7|2|11|19
14|14|2014-01-04|@|Texas-Arlington|W|72|70|26|59|.441|4|10|.400|16|26|.615|10|32|13|8|9|13|23||23|55|.418|5|12|.417|19|22|.864|11|37|12|6|4|18|21
15|15|2014-01-09||South Alabama|W|65|60|22|52|.423|4|10|.400|17|23|.739|5|33|13|4|4|10|19||18|61|.295|9|34|.265|15|19|.789|12|38|9|2|2|11|21
16|16|2014-01-11||Troy|L|62|75|25|63|.397|4|23|.174|8|13|.615|9|29|10|2|6|6|24||20|53|.377|10|23|.435|25|33|.758|13|42|13|1|1|9|13
17|17|2014-01-16|@|Western Kentucky|W (1 OT)|87|83|32|55|.582|5|9|.556|18|23|.783|5|30|8|11|5|14|20||28|60|.467|13|29|.448|14|21|.667|8|26|18|7|1|13|17
18|18|2014-01-18|@|Georgia State|L|73|99|25|54|.463|2|11|.182|21|23|.913|10|31|13|5|3|20|19||34|64|.531|15|34|.441|16|27|.593|8|24|22|14|3|8|21
19|19|2014-01-23||Texas State|W|69|64|22|47|.468|6|15|.400|19|22|.864|7|23|8|4|5|11|17||23|47|.489|3|15|.200|15|20|.750|7|24|12|4|1|13|18
20|20|2014-01-25|@|Arkansas State|L|49|77|14|58|.241|2|13|.154|19|26|.731|11|32|2|5|7|12|25||23|59|.390|5|21|.238|26|32|.813|12|45|9|10|5|10|24
21|21|2014-01-30||Louisiana-Lafayette|W|80|69|25|53|.472|3|13|.231|27|35|.771|10|34|11|4|6|12|21||20|53|.377|4|20|.200|25|31|.806|10|30|12|7|3|11|23
22|22|2014-02-01|@|South Alabama|W|62|58|20|54|.370|3|11|.273|19|26|.731|17|35|8|11|6|13|19||20|46|.435|9|25|.360|9|17|.529|8|27|15|7|5|18|19
23|23|2014-02-06||Georgia State|L|57|68|21|57|.368|2|14|.143|13|17|.765|8|31|9|4|3|13|23||22|55|.400|5|17|.294|19|24|.792|10|37|12|7|5|13|17
24|24|2014-02-08||Western Kentucky|L|78|79|24|46|.522|7|10|.700|23|32|.719|5|29|14|3|7|15|21||24|57|.421|12|30|.400|19|27|.704|14|35|11|3|1|17|24
25|25|2014-02-13|@|Louisiana-Lafayette|L (2 OT)|87|93|32|77|.416|6|22|.273|17|25|.680|12|35|10|5|3|15|30||26|55|.473|8|26|.308|33|48|.688|8|35|11|9|9|14|22
26|26|2014-02-15|@|Louisiana-Monroe|L|49|65|18|58|.310|3|13|.231|10|21|.476|8|35|12|9|1|15|19||23|52|.442|5|19|.263|14|26|.538|7|36|15|12|12|16|21
27|27|2014-02-22||Texas-Arlington|L|71|75|26|68|.382|7|28|.250|12|16|.750|15|34|9|6|4|12|24||21|47|.447|10|24|.417|23|32|.719|7|31|13|2|3|17|18
28|28|2014-02-27|@|Troy|W|62|55|20|49|.408|5|17|.294|17|22|.773|7|28|18|7|2|18|21||17|44|.386|6|18|.333|15|25|.600|7|28|8|9|3|20|18
29|29|2014-03-01||Arkansas State|W|74|67|26|56|.464|3|12|.250|19|21|.905|9|32|16|6|3|13|20||20|49|.408|7|24|.292|20|25|.800|4|23|7|3|2|12|20
30|30|2014-03-08||Louisiana-Monroe|L|65|66|24|57|.421|9|25|.360|8|12|.667|12|29|18|8|5|6|17||22|46|.478|7|18|.389|15|22|.682|7|30|11|4|2|12|16
31|31|2014-03-13|N|Troy|W|74|61|29|62|.468|6|17|.353|10|13|.769|9|40|16|1|2|8|22||19|63|.302|6|22|.273|17|28|.607|14|37|9|5|5|6|16
32|32|2014-03-14|N|Arkansas State|L (4 OT)|114|116|36|89|.404|8|21|.381|34|40|.850|23|52|14|8|5|14|33||35|79|.443|13|28|.464|33|47|.702|15|38|18|11|8|13|27
