ranker|game_season|date_game|game_location|opp_id|game_result|pts|opp_pts|fg|fga|fg_pct|fg3|fg3a|fg3_pct|ft|fta|ft_pct|orb|trb|ast|stl|blk|tov|pf|x|opp_fg|opp_fga|opp_fg_pct|opp_fg3|opp_fg3a|opp_fg3_pct|opp_ft|opp_fta|opp_ft_pct|opp_orb|opp_trb|opp_ast|opp_stl|opp_blk|opp_tov|opp_pf|
1|1|2013-11-08||Texas-Arlington|W|116|87|41|71|.577|13|26|.500|21|28|.750|14|43|18|6|3|10|18||32|73|.438|12|33|.364|11|15|.733|10|21|16|3|3|12|18
2|2|2013-11-15||Simpson|W|110|53|36|64|.563|15|25|.600|23|36|.639|11|48|18|15|5|14|17||20|65|.308|4|27|.148|9|17|.529|5|24|8|6|1|21|25
3|3|2013-11-19||Seattle|W|86|68|25|59|.424|9|28|.321|27|33|.818|9|30|10|13|1|6|15||27|64|.422|8|28|.286|6|10|.600|9|35|17|1|2|17|26
4|4|2013-11-23|@|New Orleans|W|100|80|33|64|.516|10|22|.455|24|33|.727|9|39|16|11|1|13|27||22|54|.407|8|19|.421|28|40|.700|7|32|18|7|5|15|26
5|5|2013-11-27|N|Idaho|W|98|89|31|56|.554|2|7|.286|34|44|.773|11|34|9|3|0|5|28||31|61|.508|4|15|.267|23|31|.742|6|25|10|1|1|6|30
6|6|2013-11-29||Portland State|W|76|60|25|56|.446|4|16|.250|22|25|.880|12|36|11|8|2|11|19||22|51|.431|8|19|.421|8|15|.533|4|22|10|5|1|15|22
7|7|2013-12-03||Utah|W|69|67|25|54|.463|4|14|.286|15|20|.750|9|31|6|9|0|13|17||26|53|.491|7|29|.241|8|15|.533|6|27|12|6|1|12|15
8|8|2013-12-05||Carroll (MT)|W|80|52|27|61|.443|9|26|.346|17|24|.708|15|39|16|10|1|10|13||20|47|.426|6|13|.462|6|7|.857|2|18|13|4|1|17|18
9|9|2013-12-10|@|Kentucky|L|55|70|22|69|.319|5|17|.294|6|6|1.000|13|23|5|8|1|7|17||27|51|.529|4|17|.235|12|18|.667|10|38|7|4|10|18|12
10|10|2013-12-14||Saint Mary's (CA)|L|74|82|29|60|.483|6|15|.400|10|12|.833|6|23|11|6|5|12|17||28|58|.483|12|23|.522|14|19|.737|9|32|13|6|2|13|16
11|11|2013-12-22|@|Hawaii|W|62|61|23|48|.479|9|18|.500|7|9|.778|4|17|17|6|3|15|17||23|50|.460|6|13|.462|9|13|.692|6|21|9|4|1|16|17
12|12|2013-12-23|N|South Carolina|W|80|54|29|54|.537|9|22|.409|13|19|.684|6|25|16|7|3|9|22||19|51|.373|4|16|.250|12|18|.667|6|22|6|3|4|16|18
13|13|2013-12-25|N|Iowa State|L|66|70|25|55|.455|7|19|.368|9|13|.692|8|30|9|2|2|6|20||21|54|.389|8|24|.333|20|27|.741|11|31|7|1|2|6|15
14|14|2014-01-04||Fresno State|W|86|79|24|56|.429|10|24|.417|28|36|.778|12|37|18|4|3|9|14||26|57|.456|13|31|.419|14|18|.778|6|23|13|4|4|9|25
15|15|2014-01-08|@|San Diego State|L|66|69|24|56|.429|4|17|.235|14|20|.700|12|36|6|3|5|12|25||22|50|.440|4|14|.286|21|32|.656|8|30|9|6|3|8|19
16|16|2014-01-11||Wyoming|L|50|52|16|50|.320|3|17|.176|15|22|.682|11|33|10|4|1|14|19||18|39|.462|3|12|.250|13|17|.765|1|25|9|4|3|17|17
17|17|2014-01-14|@|Nevada|W|74|65|23|53|.434|9|20|.450|19|23|.826|8|38|12|5|2|15|23||19|55|.345|6|25|.240|21|27|.778|5|29|10|2|3|10|23
18|18|2014-01-18||Utah State|W|78|74|25|57|.439|10|28|.357|18|23|.783|12|34|11|3|2|7|17||28|54|.519|9|18|.500|9|12|.750|4|22|19|2|1|8|20
19|19|2014-01-21|@|New Mexico|L|75|84|24|64|.375|8|26|.308|19|22|.864|16|36|11|5|1|11|24||28|49|.571|9|17|.529|19|31|.613|6|26|18|9|7|8|16
20|20|2014-01-25||San Jose State|W|76|55|28|65|.431|9|25|.360|11|20|.550|13|35|11|5|5|4|17||16|45|.356|5|17|.294|18|24|.750|5|27|3|2|3|12|19
21|21|2014-01-29||Air Force|W|69|58|22|49|.449|7|18|.389|18|22|.818|9|29|9|5|1|8|21||21|43|.488|3|6|.500|13|23|.565|4|20|11|4|3|10|18
22|22|2014-02-01|@|Nevada-Las Vegas|L|69|73|28|57|.491|6|15|.400|7|11|.636|10|26|10|5|3|13|26||22|47|.468|5|14|.357|24|32|.750|10|27|9|8|8|11|19
23|23|2014-02-05||San Diego State|L|65|67|26|51|.510|8|18|.444|5|9|.556|5|15|10|9|1|10|15||24|41|.585|5|8|.625|14|20|.700|7|22|6|7|5|15|14
24|24|2014-02-08|@|Utah State|L|70|76|26|56|.464|8|21|.381|10|13|.769|6|29|10|2|0|8|20||29|51|.569|4|9|.444|14|20|.700|4|30|18|6|4|8|11
25|25|2014-02-12||New Mexico|W|71|70|23|58|.397|11|25|.440|14|17|.824|9|30|15|3|0|5|23||22|43|.512|6|11|.545|20|27|.741|2|24|9|2|5|4|18
26|26|2014-02-18|@|Colorado State|W|84|72|29|53|.547|13|22|.591|13|13|1.000|8|29|21|6|0|12|14||27|61|.443|6|19|.316|12|15|.800|15|29|17|6|2|12|14
27|27|2014-02-22||Nevada-Las Vegas|W (1 OT)|91|90|37|74|.500|7|22|.318|10|15|.667|9|32|12|6|3|6|20||34|67|.507|8|19|.421|14|24|.583|11|36|12|6|8|10|16
28|28|2014-02-26|@|Fresno State|L|56|76|19|50|.380|2|18|.111|16|20|.800|10|32|7|1|0|12|15||27|56|.482|11|19|.579|11|12|.917|4|28|14|6|4|4|17
29|29|2014-03-01|@|Wyoming|W|72|63|27|48|.563|8|16|.500|10|13|.769|7|29|9|2|0|10|19||22|46|.478|3|12|.250|16|22|.727|4|17|7|5|0|4|12
30|30|2014-03-05||Nevada|L (2 OT)|81|83|28|69|.406|9|27|.333|16|24|.667|14|39|15|5|1|12|16||28|62|.452|7|17|.412|20|24|.833|4|31|11|7|4|12|22
31|31|2014-03-08|@|Air Force|L (1 OT)|61|64|18|51|.353|9|32|.281|16|27|.593|10|30|9|9|5|8|19||22|52|.423|5|20|.250|15|23|.652|9|36|12|4|2|12|21
32|32|2014-03-12|N|San Jose State|W|83|52|29|56|.518|4|14|.286|21|26|.808|3|24|15|9|7|6|14||17|60|.283|4|27|.148|14|19|.737|15|38|11|4|5|16|19
33|33|2014-03-13|N|Nevada|W|75|62|19|47|.404|9|25|.360|28|35|.800|8|35|14|4|2|14|19||18|56|.321|5|20|.250|21|24|.875|8|28|7|7|3|9|25
34|34|2014-03-14|N|New Mexico|L|67|70|24|61|.393|8|25|.320|11|17|.647|11|31|10|4|2|8|25||21|48|.438|6|18|.333|22|36|.611|10|37|14|4|3|10|16
