ranker|game_season|date_game|game_location|opp_id|game_result|pts|opp_pts|fg|fga|fg_pct|fg3|fg3a|fg3_pct|ft|fta|ft_pct|orb|trb|ast|stl|blk|tov|pf|x|opp_fg|opp_fga|opp_fg_pct|opp_fg3|opp_fg3a|opp_fg3_pct|opp_ft|opp_fta|opp_ft_pct|opp_orb|opp_trb|opp_ast|opp_stl|opp_blk|opp_tov|opp_pf|
1|1|2013-11-08||Jacksonville State|W|72|65|25|54|.463|6|13|.462|16|21|.762|7|30|12|9|3|11|20||24|54|.444|3|16|.188|14|21|.667|9|31|9|5|1|15|20
2|2|2013-11-10||Alabama State|W|85|59|32|54|.593|6|17|.353|15|24|.625|12|41|13|10|2|16|19||23|60|.383|3|24|.125|10|21|.476|10|25|10|11|1|12|19
3|3|2013-11-12||Central Michigan|W|80|70|31|61|.508|4|16|.250|14|17|.824|15|49|12|2|4|18|22||24|68|.353|6|30|.200|16|20|.800|11|26|12|6|0|6|19
4|4|2013-11-15||Chicago State|W|77|64|26|55|.473|6|13|.462|19|24|.792|12|41|13|5|3|22|25||25|64|.391|4|23|.174|10|19|.526|13|32|8|12|2|15|25
5|5|2013-11-17|@|Illinois|L|55|81|21|59|.356|2|13|.154|11|13|.846|9|23|8|6|3|7|20||28|59|.475|10|25|.400|15|21|.714|18|48|19|4|5|12|16
6|6|2013-11-22|@|Arizona State|L|58|70|25|53|.472|4|11|.364|4|12|.333|6|25|11|4|6|10|17||25|52|.481|9|24|.375|11|14|.786|9|32|21|3|7|11|13
7|7|2013-11-30||Texas-Pan American|W|74|54|28|51|.549|4|14|.286|14|21|.667|5|28|10|6|4|13|18||20|59|.339|2|17|.118|12|20|.600|14|30|8|8|3|12|17
8|8|2013-12-04||IUPUI|L|66|72|21|67|.313|3|22|.136|21|31|.677|19|44|8|10|4|11|21||23|50|.460|7|13|.538|19|24|.792|4|33|13|7|4|13|21
9|9|2013-12-07|@|Milwaukee|L|67|73|23|60|.383|2|19|.105|19|23|.826|15|34|5|6|0|9|22||23|47|.489|9|25|.360|18|24|.750|5|25|14|2|2|10|19
10|10|2013-12-10||IPFW|L|61|65|23|57|.404|3|15|.200|12|17|.706|11|30|7|6|4|14|18||22|49|.449|5|15|.333|16|22|.727|9|31|13|6|4|17|21
11|11|2013-12-20|N|Portland|L|53|74|16|45|.356|4|13|.308|17|20|.850|7|20|7|8|1|17|20||25|56|.446|5|18|.278|19|20|.950|12|33|11|9|3|11|18
12|12|2013-12-21|N|Pacific|L|55|71|16|51|.314|6|18|.333|17|26|.654|7|26|8|8|2|11|20||21|46|.457|9|21|.429|20|26|.769|9|36|13|7|4|17|22
13|13|2013-12-28||South Florida|L|57|61|22|52|.423|5|12|.417|8|11|.727|3|23|12|7|5|11|20||23|47|.489|3|15|.200|12|22|.545|7|32|16|5|3|14|13
14|14|2014-01-01|@|Northern Iowa|L|46|80|17|46|.370|3|16|.188|9|19|.474|6|29|5|4|2|13|19||27|56|.482|10|24|.417|16|19|.842|5|32|17|7|0|4|19
15|15|2014-01-04||Drake|W|68|57|25|48|.521|5|14|.357|13|17|.765|10|27|7|10|4|11|17||17|39|.436|7|17|.412|16|20|.800|6|20|8|2|3|15|14
16|16|2014-01-08||Missouri State|L|65|68|21|48|.438|8|19|.421|15|21|.714|8|33|11|8|2|13|19||23|45|.511|10|23|.435|12|19|.632|3|21|16|5|2|11|19
17|17|2014-01-11|@|Indiana State|L|59|62|22|63|.349|4|13|.308|11|16|.688|12|39|9|6|3|9|23||18|46|.391|6|19|.316|20|33|.606|6|35|8|6|2|14|15
18|18|2014-01-14|@|Wichita State|L|50|72|19|54|.352|4|11|.364|8|14|.571|10|27|7|6|2|12|20||21|53|.396|7|21|.333|23|29|.793|10|38|12|7|7|9|11
19|19|2014-01-17||Southern Illinois|W|66|60|24|49|.490|6|11|.545|12|18|.667|12|22|12|7|1|9|21||23|41|.561|4|13|.308|10|19|.526|11|26|10|3|0|14|21
20|20|2014-01-22||Northern Iowa|W|69|65|26|54|.481|4|12|.333|13|19|.684|11|29|9|6|1|11|19||18|49|.367|9|25|.360|20|22|.909|9|28|13|5|1|12|14
21|21|2014-01-26|@|Evansville|L|60|66|22|52|.423|6|16|.375|10|14|.714|10|24|10|4|3|14|21||18|37|.486|3|11|.273|27|33|.818|7|27|13|6|3|12|18
22|22|2014-01-29||Illinois State|W|64|45|21|47|.447|7|17|.412|15|24|.625|6|31|15|11|2|13|16||17|52|.327|4|22|.182|7|15|.467|12|36|10|8|2|19|16
23|23|2014-02-01|@|Missouri State|L|61|74|19|51|.373|7|18|.389|16|20|.800|10|25|13|4|2|9|20||25|44|.568|12|25|.480|12|16|.750|1|20|16|5|6|9|19
24|24|2014-02-06|@|Loyola (IL)|W|63|54|19|53|.358|5|15|.333|20|28|.714|8|32|4|8|2|9|17||19|56|.339|7|21|.333|9|15|.600|13|44|11|4|5|18|19
25|25|2014-02-09||Evansville|W|83|66|30|59|.508|5|20|.250|18|24|.750|10|37|14|5|3|9|17||21|52|.404|5|17|.294|19|24|.792|8|32|16|5|2|12|18
26|26|2014-02-12||Indiana State|L|62|68|24|65|.369|5|17|.294|9|17|.529|15|35|14|11|1|12|26||19|42|.452|5|14|.357|25|32|.781|6|35|11|7|4|18|17
27|27|2014-02-15|@|Illinois State|L|54|70|17|49|.347|7|19|.368|13|23|.565|8|32|9|5|3|12|19||24|50|.480|10|25|.400|12|22|.545|5|31|13|7|5|9|21
28|28|2014-02-18|@|Southern Illinois|L|64|75|22|54|.407|6|17|.353|14|18|.778|7|25|11|6|3|13|27||25|53|.472|5|16|.313|20|32|.625|13|35|11|9|4|10|18
29|29|2014-02-22||Loyola (IL)|W|55|38|19|50|.380|3|8|.375|14|24|.583|9|31|8|14|3|13|18||13|49|.265|1|18|.056|11|16|.688|16|38|6|7|7|23|23
30|30|2014-02-25||Wichita State|L|49|69|16|59|.271|4|14|.286|13|17|.765|14|34|5|5|1|6|19||23|47|.489|10|21|.476|13|17|.765|7|33|15|3|6|9|15
31|31|2014-03-01|@|Drake|L|66|71|24|55|.436|6|18|.333|12|16|.750|5|22|10|11|1|5|18||23|46|.500|8|19|.421|17|19|.895|6|30|15|1|4|11|15
32|32|2014-03-06|N|Loyola (IL)|L|72|74|25|45|.556|4|8|.500|18|19|.947|5|22|7|8|4|13|17||24|46|.522|8|14|.571|18|24|.750|3|18|11|5|5|11|19
