ranker|game_season|date_game|game_location|opp_id|game_result|pts|opp_pts|fg|fga|fg_pct|fg3|fg3a|fg3_pct|ft|fta|ft_pct|orb|trb|ast|stl|blk|tov|pf|x|opp_fg|opp_fga|opp_fg_pct|opp_fg3|opp_fg3a|opp_fg3_pct|opp_ft|opp_fta|opp_ft_pct|opp_orb|opp_trb|opp_ast|opp_stl|opp_blk|opp_tov|opp_pf|
1|1|2013-11-08||Weber State|W|81|72|32|72|.444|3|9|.333|14|20|.700|13|45|18|4|5|7|20||26|66|.394|6|18|.333|14|21|.667|9|35|9|3|7|10|17
2|2|2013-11-11|@|Stanford|W|112|103|38|71|.535|8|15|.533|28|43|.651|12|37|23|8|3|11|24||34|74|.459|9|27|.333|26|34|.765|14|34|14|5|4|16|28
3|3|2013-11-15||Mount St. Mary's|W|108|76|41|68|.603|8|18|.444|18|30|.600|9|48|26|7|5|12|20||26|70|.371|12|40|.300|12|18|.667|7|30|13|10|5|10|28
4|4|2013-11-16||Mesa State|W|84|60|26|62|.419|1|21|.048|31|43|.721|10|41|14|12|3|7|19||17|49|.347|9|23|.391|17|27|.630|5|30|13|4|2|20|28
5|5|2013-11-20||Iowa State|L|88|90|36|84|.429|4|14|.286|12|20|.600|14|42|15|8|3|8|15||36|70|.514|7|24|.292|11|17|.647|7|39|16|6|4|13|20
6|6|2013-11-25|N|Texas|W|86|82|28|62|.452|10|12|.833|20|28|.714|4|36|18|7|2|16|23||28|74|.378|6|24|.250|20|31|.645|15|45|13|12|9|13|22
7|7|2013-11-26|N|Wichita State|L|62|75|18|58|.310|5|20|.250|21|30|.700|8|35|7|5|1|13|21||24|68|.353|6|28|.214|21|25|.840|14|44|13|6|6|11|23
8|8|2013-11-30|N|Utah State|W|85|74|32|69|.464|2|12|.167|19|27|.704|13|37|18|10|3|7|9||31|66|.470|8|22|.364|4|6|.667|9|37|19|4|3|16|17
9|9|2013-12-03||North Texas|W|97|67|38|77|.494|4|12|.333|17|24|.708|12|57|24|7|5|15|15||28|79|.354|6|23|.261|5|14|.357|8|34|13|8|5|12|20
10|10|2013-12-07|N|Massachusetts|L|96|105|33|68|.485|4|13|.308|26|33|.788|9|31|15|3|1|11|24||35|63|.556|9|23|.391|26|31|.839|2|24|29|4|6|14|24
11|11|2013-12-11||Prairie View|W|100|52|35|57|.614|10|14|.714|20|29|.690|9|40|27|13|4|15|13||19|65|.292|4|27|.148|10|14|.714|9|24|8|7|2|20|20
12|12|2013-12-14|@|Utah|L|64|81|21|64|.328|5|19|.263|17|31|.548|12|39|10|8|6|10|19||27|65|.415|9|29|.310|18|23|.783|6|38|18|7|7|9|22
13|13|2013-12-21|@|Oregon|L (1 OT)|96|100|34|72|.472|6|16|.375|22|36|.611|16|47|15|5|4|18|23||33|81|.407|10|32|.313|24|31|.774|14|35|15|12|6|10|22
14|14|2013-12-28|@|Loyola Marymount|L|76|87|28|63|.444|3|10|.300|17|26|.654|9|38|14|4|2|13|21||29|69|.420|8|17|.471|21|27|.778|10|36|19|9|4|6|20
15|15|2013-12-30|@|Pepperdine|L|74|80|27|67|.403|1|11|.091|19|29|.655|18|42|12|10|6|9|18||26|58|.448|13|24|.542|15|23|.652|13|38|14|3|9|14|20
16|16|2014-01-04||San Diego|W|87|53|31|58|.534|8|17|.471|17|24|.708|5|30|25|4|1|9|18||20|58|.345|2|17|.118|11|18|.611|5|19|11|2|3|9|24
17|17|2014-01-09||Pepperdine|W|84|72|27|58|.466|7|17|.412|23|31|.742|15|37|19|4|2|11|22||21|52|.404|7|23|.304|23|30|.767|8|26|11|6|1|10|26
18|18|2014-01-11||Loyola Marymount|W|91|68|29|57|.509|3|11|.273|30|38|.789|13|36|14|10|5|11|16||27|56|.482|6|16|.375|8|14|.571|4|20|13|8|3|16|28
19|19|2014-01-16|@|San Francisco|W|83|76|25|53|.472|5|11|.455|28|37|.757|8|28|5|8|3|10|23||26|60|.433|5|10|.500|19|24|.792|15|38|13|2|4|16|24
20|20|2014-01-18|@|Santa Clara|W|91|81|32|52|.615|7|11|.636|20|29|.690|4|33|22|4|2|12|21||27|61|.443|9|25|.360|18|22|.818|6|27|14|6|5|9|26
21|21|2014-01-23|@|Portland|L (3 OT)|110|114|36|80|.450|9|24|.375|29|43|.674|15|43|17|13|6|14|27||37|78|.474|14|23|.609|26|41|.634|16|45|21|8|6|18|30
22|22|2014-01-25|@|Gonzaga|L|69|84|26|58|.448|2|11|.182|15|21|.714|11|30|8|2|1|10|16||31|54|.574|10|22|.455|12|12|1.000|3|22|21|7|3|6|17
23|23|2014-01-30||Pacific|W|88|78|27|57|.474|8|18|.444|26|36|.722|16|33|19|10|3|12|23||25|47|.532|7|17|.412|21|26|.808|3|18|13|5|2|14|27
24|24|2014-02-01||Saint Mary's (CA)|W|84|71|28|57|.491|4|10|.400|24|32|.750|9|35|8|5|4|9|23||22|55|.400|5|18|.278|22|32|.688|10|30|8|4|2|9|24
25|25|2014-02-06||Santa Clara|W|89|76|27|60|.450|4|10|.400|31|42|.738|15|45|18|6|3|9|16||27|67|.403|9|26|.346|13|19|.684|8|27|12|6|7|7|27
26|26|2014-02-08||San Francisco|W|68|63|25|60|.417|4|14|.286|14|29|.483|18|43|15|6|3|13|16||26|53|.491|5|14|.357|6|11|.545|5|27|15|7|3|13|25
27|27|2014-02-13|@|Pacific|L|82|89|26|59|.441|7|17|.412|23|33|.697|8|28|14|8|2|10|26||29|56|.518|10|21|.476|21|32|.656|13|38|17|5|3|13|27
28|28|2014-02-15|@|Saint Mary's (CA)|W|60|57|24|48|.500|1|8|.125|11|19|.579|9|27|14|7|1|9|17||22|53|.415|4|19|.211|9|15|.600|15|35|12|4|1|13|19
29|29|2014-02-20||Gonzaga|W|73|65|25|57|.439|4|14|.286|19|28|.679|10|35|15|10|4|14|20||22|54|.407|4|18|.222|17|23|.739|9|29|12|9|5|16|20
30|30|2014-02-22||Portland|W|89|72|33|59|.559|10|20|.500|13|22|.591|5|30|21|9|1|7|16||26|66|.394|9|21|.429|11|19|.579|17|38|19|4|4|13|19
31|31|2014-03-01|@|San Diego|W|78|70|27|52|.519|9|16|.563|15|22|.682|10|29|16|8|3|17|15||25|58|.431|10|26|.385|10|13|.769|12|29|15|8|1|15|20
32|32|2014-03-08|N|Loyola Marymount|W|85|74|30|65|.462|0|12|.000|25|36|.694|18|39|9|12|2|9|21||23|62|.371|4|18|.222|24|30|.800|18|40|10|3|4|16|24
33|33|2014-03-10|N|San Francisco|W (1 OT)|79|77|26|62|.419|3|10|.300|24|28|.857|13|39|9|4|2|13|21||28|66|.424|9|23|.391|12|19|.632|11|32|15|7|4|10|18
34|34|2014-03-11|N|Gonzaga|L|64|75|21|59|.356|3|13|.231|19|26|.731|11|37|6|6|2|14|24||25|48|.521|6|13|.462|19|30|.633|3|28|16|8|3|10|22
35|35|2014-03-20|N|Oregon|L|68|87|20|61|.328|5|19|.263|23|30|.767|11|30|14|4|0|8|25||27|54|.500|2|13|.154|31|38|.816|8|33|21|4|4|8|22
