ranker|game_season|date_game|game_location|opp_id|game_result|pts|opp_pts|fg|fga|fg_pct|fg3|fg3a|fg3_pct|ft|fta|ft_pct|orb|trb|ast|stl|blk|tov|pf|x|opp_fg|opp_fga|opp_fg_pct|opp_fg3|opp_fg3a|opp_fg3_pct|opp_ft|opp_fta|opp_ft_pct|opp_orb|opp_trb|opp_ast|opp_stl|opp_blk|opp_tov|opp_pf|
1|1|2013-11-09||Lamar|W|89|58|38|70|.543|4|17|.235|9|19|.474|13|38|12|9|4|5|17||24|56|.429|2|10|.200|8|13|.615|2|23|9|2|1|13|16
2|2|2013-11-16||Princeton|W|70|67|21|50|.420|9|24|.375|19|26|.731|5|29|10|7|1|10|27||18|39|.462|8|20|.400|23|37|.622|4|31|9|6|3|11|21
3|3|2013-11-19||Vanderbilt|W (1 OT)|85|77|30|64|.469|7|19|.368|18|31|.581|11|33|12|6|6|10|23||26|54|.481|5|16|.313|20|30|.667|8|36|12|3|6|19|31
4|4|2013-11-23|@|Ball State|W|59|58|22|62|.355|3|11|.273|12|22|.545|19|37|13|10|2|9|16||21|50|.420|8|20|.400|8|13|.615|13|36|12|5|3|17|20
5|5|2013-11-28|N|Washington State|W|76|69|27|56|.482|6|15|.400|16|21|.762|6|27|9|7|1|6|19||25|50|.500|5|20|.250|14|22|.636|7|27|7|1|1|13|21
6|6|2013-11-29|N|Oklahoma State|L|67|69|23|58|.397|6|21|.286|15|19|.789|10|33|7|7|3|7|15||29|58|.500|4|15|.267|7|12|.583|9|34|11|6|6|9|16
7|7|2013-12-01|N|Louisiana State|L (1 OT)|68|70|22|65|.338|9|23|.391|15|20|.750|13|42|10|6|1|12|14||29|64|.453|5|14|.357|7|12|.583|9|33|12|8|6|10|17
8|8|2013-12-07||North Dakota|W|79|64|29|56|.518|5|12|.417|16|25|.640|7|40|13|3|3|17|17||24|65|.369|5|18|.278|11|17|.647|2|25|12|11|3|7|22
9|9|2013-12-09||Manchester|W|100|41|38|60|.633|12|23|.522|12|14|.857|9|36|17|8|10|8|10||14|53|.264|5|26|.192|8|9|.889|7|20|7|3|2|14|12
10|10|2013-12-14|N|Purdue|W|76|70|26|56|.464|6|14|.429|18|30|.600|10|33|9|11|9|14|19||28|63|.444|4|14|.286|10|15|.667|13|34|9|8|5|18|25
11|11|2013-12-21|@|Evansville|W|68|59|23|61|.377|6|22|.273|16|23|.696|16|48|11|8|4|13|16||22|58|.379|4|12|.333|11|16|.688|6|27|16|7|4|12|20
12|12|2013-12-28||NJIT|W|66|48|25|51|.490|3|13|.231|13|23|.565|12|41|10|3|5|9|15||18|60|.300|5|21|.238|7|11|.636|9|24|11|7|2|7|21
13|13|2013-12-31||Villanova|L (1 OT)|73|76|23|58|.397|10|28|.357|17|19|.895|8|32|14|6|2|15|21||26|52|.500|5|16|.313|19|27|.704|4|27|13|10|7|16|16
14|14|2014-01-04|@|Xavier|L|68|79|23|52|.442|6|17|.353|16|24|.667|9|28|12|3|4|15|21||28|55|.509|3|9|.333|20|24|.833|7|32|16|8|3|8|16
15|15|2014-01-09||DePaul|L (2 OT)|94|99|34|71|.479|6|20|.300|20|32|.625|11|30|12|8|3|11|29||32|55|.582|8|14|.571|27|38|.711|8|35|12|6|7|18|30
16|16|2014-01-11||Georgetown|L (1 OT)|67|70|20|60|.333|2|21|.095|25|33|.758|12|31|9|3|1|7|20||29|64|.453|4|20|.200|8|16|.500|12|40|13|4|5|11|28
17|17|2014-01-14|@|Creighton|L|60|88|24|68|.353|7|22|.318|5|9|.556|11|30|15|2|0|3|10||35|63|.556|7|19|.368|11|14|.786|9|43|19|1|4|4|11
18|18|2014-01-18||Marquette|W (1 OT)|69|57|24|58|.414|6|16|.375|15|29|.517|6|32|11|7|4|11|16||20|65|.308|4|24|.167|13|17|.765|11|38|6|2|4|16|23
19|19|2014-01-21|@|Providence|L|56|65|21|49|.429|4|13|.308|10|15|.667|6|20|11|7|1|7|16||23|50|.460|5|11|.455|14|16|.875|11|34|12|5|3|11|14
20|20|2014-01-25||St. John's (NY)|L|52|69|19|43|.442|1|8|.125|13|20|.650|3|21|7|4|2|9|11||30|57|.526|5|13|.385|4|5|.800|8|32|15|6|6|10|16
21|21|2014-01-29|@|Seton Hall|W|64|57|23|52|.442|7|16|.438|11|15|.733|4|30|14|8|1|11|14||23|57|.404|7|22|.318|4|8|.500|9|34|13|9|8|9|14
22|22|2014-02-04|@|Marquette|L|62|69|22|49|.449|3|15|.200|15|19|.789|5|30|12|3|1|20|17||27|55|.491|6|17|.353|9|17|.529|6|27|18|11|2|10|17
23|23|2014-02-08|@|Georgetown|L|63|71|21|50|.420|4|10|.400|17|21|.810|10|28|8|2|2|11|19||27|55|.491|1|12|.083|16|19|.842|11|28|14|5|3|7|19
24|24|2014-02-11||Xavier|L|50|64|18|53|.340|7|25|.280|7|10|.700|11|24|11|5|2|9|8||27|51|.529|6|13|.462|4|7|.571|9|30|18|4|0|12|10
25|25|2014-02-13||Creighton|L|63|68|22|57|.386|9|20|.450|10|14|.714|10|28|10|6|0|6|17||24|48|.500|8|20|.400|12|15|.800|8|29|17|2|0|9|14
26|26|2014-02-18|@|St. John's (NY)|L|52|77|19|60|.317|4|22|.182|10|21|.476|9|27|8|6|4|9|18||28|58|.483|5|12|.417|16|21|.762|9|43|13|8|4|14|19
27|27|2014-02-23||Providence|L|81|87|29|59|.492|6|18|.333|17|22|.773|10|24|14|6|0|7|19||28|42|.667|13|20|.650|18|23|.783|1|18|20|3|4|11|14
28|28|2014-02-26|@|Villanova|L|48|67|15|49|.306|4|19|.211|14|21|.667|11|29|9|3|0|10|17||23|58|.397|7|29|.241|14|23|.609|17|41|11|4|0|7|20
29|29|2014-03-06|@|DePaul|W|79|46|29|63|.460|8|27|.296|13|22|.591|13|42|12|9|2|8|17||17|52|.327|1|18|.056|11|15|.733|5|28|5|6|5|12|24
30|30|2014-03-08||Seton Hall|W|71|54|24|47|.511|11|18|.611|12|22|.545|4|28|11|8|4|8|13||21|54|.389|3|14|.214|9|11|.818|6|25|7|4|4|12|19
31|31|2014-03-12|N|Seton Hall|L|50|51|21|51|.412|2|18|.111|6|13|.462|8|32|12|5|6|12|12||21|53|.396|5|20|.250|4|8|.500|8|32|11|4|0|13|13
