ranker|game_season|date_game|game_location|opp_id|game_result|pts|opp_pts|fg|fga|fg_pct|fg3|fg3a|fg3_pct|ft|fta|ft_pct|orb|trb|ast|stl|blk|tov|pf|x|opp_fg|opp_fga|opp_fg_pct|opp_fg3|opp_fg3a|opp_fg3_pct|opp_ft|opp_fta|opp_ft_pct|opp_orb|opp_trb|opp_ast|opp_stl|opp_blk|opp_tov|opp_pf|
1|1|2013-11-08||Tampa|W|97|72|37|72|.514|8|23|.348|15|25|.600|11|40|17|6|6|10|19||24|62|.387|10|27|.370|14|23|.609|8|32|13|6|5|14|21
2|2|2013-11-13||Florida State|L|68|80|25|63|.397|7|19|.368|11|21|.524|13|32|10|8|5|20|22||29|58|.500|3|11|.273|19|31|.613|10|35|13|11|10|18|18
3|3|2013-11-17||Bethune-Cookman|W|83|63|29|66|.439|8|22|.364|17|27|.630|18|49|14|4|4|11|14||22|56|.393|7|20|.350|12|16|.750|3|19|11|4|3|9|21
4|4|2013-11-21|@|Miami (FL)|W|63|58|26|59|.441|4|14|.286|7|17|.412|11|37|14|7|1|13|12||23|59|.390|5|22|.227|7|10|.700|6|34|8|8|4|12|16
5|5|2013-11-26|@|Valparaiso|L|70|85|24|59|.407|9|22|.409|13|22|.591|12|26|13|5|2|12|22||26|48|.542|6|20|.300|27|33|.818|7|29|17|5|6|9|21
6|6|2013-12-03|@|Florida Atlantic|L|64|75|25|59|.424|3|19|.158|11|28|.393|10|30|5|7|2|12|23||28|57|.491|4|12|.333|15|31|.484|12|39|10|5|3|13|16
7|7|2013-12-07||Stetson|W|77|58|28|49|.571|5|16|.313|16|29|.552|10|38|18|8|0|18|22||20|49|.408|7|22|.318|11|22|.500|4|19|12|7|2|10|25
8|8|2013-12-11||Howard|W|79|64|26|56|.464|14|31|.452|13|23|.565|11|35|21|12|6|12|19||23|60|.383|4|13|.308|14|25|.560|13|33|15|9|2|14|17
9|9|2013-12-17||Jacksonville|W|104|64|38|63|.603|13|28|.464|15|20|.750|14|41|20|8|4|12|16||27|63|.429|5|17|.294|5|13|.385|12|28|12|8|2|14|17
10|10|2013-12-21||Rio Grande|W|86|58|28|56|.500|13|24|.542|17|28|.607|12|45|20|6|7|17|11||27|74|.365|3|27|.111|1|5|.200|12|30|12|10|1|12|24
11|11|2013-12-22||Valparaiso|W|90|62|31|60|.517|11|19|.579|17|25|.680|8|32|16|12|3|8|14||20|51|.392|9|28|.321|13|17|.765|5|24|10|2|2|17|24
12|12|2013-12-31||Louisville|L|65|90|21|60|.350|3|14|.214|20|27|.741|15|32|7|5|2|15|11||34|62|.548|14|27|.519|8|13|.615|9|31|28|12|9|11|23
13|13|2014-01-04||Temple|W|78|76|30|61|.492|3|13|.231|15|24|.625|14|37|14|8|4|11|14||29|63|.460|5|13|.385|13|17|.765|9|26|9|5|5|11|19
14|14|2014-01-11|@|Connecticut|L|61|84|20|64|.313|5|21|.238|16|25|.640|10|29|7|7|2|10|21||29|63|.460|5|17|.294|21|26|.808|15|44|19|8|14|9|18
15|15|2014-01-15|@|Rutgers|L|75|85|22|61|.361|5|25|.200|26|34|.765|15|43|10|3|3|14|19||31|66|.470|10|22|.455|13|18|.722|9|31|18|7|9|8|25
16|16|2014-01-18||Southern Methodist|L|46|58|15|48|.313|7|27|.259|9|18|.500|11|33|9|11|3|18|15||22|50|.440|2|10|.200|12|15|.800|7|33|14|12|4|16|18
17|17|2014-01-23|@|Cincinnati|L|51|69|20|52|.385|5|18|.278|6|17|.353|9|22|12|6|4|12|18||25|53|.472|6|19|.316|13|20|.650|10|30|17|9|7|11|19
18|18|2014-01-29||Memphis|L|59|69|25|63|.397|5|23|.217|4|7|.571|12|31|10|6|4|11|18||23|45|.511|7|12|.583|16|24|.667|5|29|14|9|4|12|12
19|19|2014-02-01|@|Louisville|L|70|87|21|55|.382|6|19|.316|22|30|.733|15|37|8|3|3|16|23||32|62|.516|7|19|.368|16|25|.640|12|33|15|7|3|9|24
20|20|2014-02-05||South Florida|L (1 OT)|78|79|31|60|.517|7|20|.350|9|18|.500|11|30|14|4|5|9|16||34|67|.507|2|6|.333|9|18|.500|16|35|16|7|3|8|20
21|21|2014-02-09||Connecticut|L|55|75|20|51|.392|7|20|.350|8|16|.500|9|25|12|6|5|18|18||30|63|.476|5|17|.294|10|15|.667|14|36|11|10|4|13|17
22|22|2014-02-12|@|Memphis|L|70|76|29|65|.446|4|17|.235|8|14|.571|17|35|10|10|2|15|21||27|54|.500|4|14|.286|18|27|.667|13|26|18|7|5|12|14
23|23|2014-02-15|@|South Florida|W|75|74|29|57|.509|3|9|.333|14|20|.700|10|26|16|6|9|9|15||26|53|.491|6|17|.353|16|20|.800|8|27|14|5|4|9|13
24|24|2014-02-19||Cincinnati|L|49|77|16|54|.296|7|27|.259|10|15|.667|12|34|11|3|6|15|12||31|64|.484|9|19|.474|6|10|.600|10|31|17|9|8|6|17
25|25|2014-02-22|@|Houston|L|84|88|31|65|.477|8|17|.471|14|20|.700|16|35|15|11|3|16|24||28|48|.583|10|16|.625|22|32|.688|5|25|18|9|4|16|23
26|26|2014-02-26||Rutgers|W|67|65|21|54|.389|6|19|.316|19|30|.633|7|29|11|11|6|12|16||27|61|.443|6|18|.333|5|10|.500|11|37|12|5|2|17|25
27|27|2014-03-01|@|Southern Methodist|L|55|70|21|56|.375|4|19|.211|9|20|.450|12|31|10|8|3|14|24||23|47|.489|4|8|.500|20|30|.667|5|34|16|9|8|11|20
28|28|2014-03-04|@|Temple|L (1 OT)|78|86|25|50|.500|11|23|.478|17|22|.773|8|27|11|4|5|19|23||29|68|.426|6|22|.273|22|26|.846|15|32|15|9|1|7|17
29|29|2014-03-07||Houston|W|104|83|36|66|.545|11|30|.367|21|27|.778|14|39|17|5|9|10|18||30|67|.448|7|23|.304|16|25|.640|13|29|16|7|1|10|22
30|30|2014-03-12|N|Temple|W (2 OT)|94|90|33|74|.446|9|26|.346|19|32|.594|15|42|10|6|14|14|22||34|77|.442|9|18|.500|13|26|.500|11|34|22|9|6|10|23
31|31|2014-03-13|N|Cincinnati|L|58|61|20|53|.377|4|18|.222|14|23|.609|10|30|7|7|5|10|14||22|48|.458|4|12|.333|13|21|.619|7|32|13|6|9|14|17
