ranker|game_season|date_game|game_location|opp_id|game_result|pts|opp_pts|fg|fga|fg_pct|fg3|fg3a|fg3_pct|ft|fta|ft_pct|orb|trb|ast|stl|blk|tov|pf|x|opp_fg|opp_fga|opp_fg_pct|opp_fg3|opp_fg3a|opp_fg3_pct|opp_ft|opp_fta|opp_ft_pct|opp_orb|opp_trb|opp_ast|opp_stl|opp_blk|opp_tov|opp_pf|
1|1|2013-11-09||Iona|W|73|69|28|76|.368|7|19|.368|10|15|.667|17|43|15|10|8|11|17||24|65|.369|6|22|.273|15|21|.714|12|36|12|5|6|14|16
2|2|2013-11-13|@|San Francisco|L|82|91|29|57|.509|8|21|.381|16|21|.762|9|26|12|7|4|15|23||33|58|.569|8|16|.500|17|23|.739|8|29|25|7|1|16|17
3|3|2013-11-15|@|Texas-Arlington|W|83|73|25|52|.481|11|24|.458|22|31|.710|7|31|10|6|3|15|26||21|64|.328|6|28|.214|25|34|.735|17|39|9|7|4|15|22
4|4|2013-11-18|@|Eastern Michigan|L|69|81|20|67|.299|5|27|.185|24|31|.774|20|44|8|6|2|16|34||26|48|.542|5|8|.625|24|39|.615|4|31|17|8|13|12|24
5|5|2013-11-23||Robert Morris|W|87|74|23|45|.511|7|17|.412|34|44|.773|9|27|15|5|3|14|24||23|58|.397|5|18|.278|23|33|.697|14|31|13|5|1|10|28
6|6|2013-11-25|@|Kentucky|L|61|68|21|59|.356|5|15|.333|14|15|.933|12|29|10|7|1|10|28||19|53|.358|3|14|.214|27|35|.771|15|36|10|2|7|11|17
7|7|2013-11-30||Ball State|W|78|55|27|43|.628|7|11|.636|17|26|.654|7|31|11|7|4|12|21||16|45|.356|5|17|.294|18|26|.692|8|22|9|3|2|14|20
8|8|2013-12-04|@|Drexel|L (3 OT)|82|85|29|58|.500|10|21|.476|14|22|.636|5|30|14|2|2|17|29||28|66|.424|5|20|.250|24|33|.727|12|38|16|7|3|11|24
9|9|2013-12-07||Akron|L|61|73|21|48|.438|4|13|.308|15|25|.600|5|25|8|8|3|13|15||25|52|.481|11|22|.500|12|20|.600|5|29|16|6|5|15|18
10|10|2013-12-16||Western Carolina|W|66|55|22|48|.458|4|16|.250|18|24|.750|4|29|10|9|1|15|16||19|52|.365|5|14|.357|12|17|.706|9|29|9|8|3|18|17
11|11|2013-12-18||Notre Dame (OH)|W|97|72|35|57|.614|9|18|.500|18|22|.818|10|33|20|7|4|13|20||27|59|.458|7|22|.318|11|16|.688|11|23|15|8|2|13|18
12|12|2013-12-21|@|Toledo|L|67|71|23|55|.418|10|23|.435|11|14|.786|9|33|14|5|5|15|23||23|63|.365|3|18|.167|22|27|.815|19|40|14|6|5|10|13
13|13|2013-12-23||La Roche|W|89|42|38|64|.594|4|12|.333|9|12|.750|12|35|26|10|5|9|8||19|56|.339|4|21|.190|0|1|.000|9|23|11|2|4|18|10
14|14|2013-12-28|@|Kent State|W|78|70|25|46|.543|7|14|.500|21|24|.875|6|25|16|5|1|14|21||22|54|.407|7|27|.259|19|29|.655|11|26|12|9|1|13|20
15|15|2014-01-02|@|Green Bay|L|55|66|23|58|.397|3|21|.143|6|11|.545|13|33|13|3|2|12|19||22|40|.550|5|12|.417|17|24|.708|3|26|16|8|8|11|14
16|16|2014-01-04|@|Milwaukee|W|77|49|29|50|.580|8|15|.533|11|15|.733|10|34|15|7|2|16|26||12|43|.279|0|16|.000|25|33|.758|8|22|2|7|2|15|14
17|17|2014-01-08||Detroit Mercy|W|73|63|26|57|.456|4|17|.235|17|24|.708|6|26|25|6|4|6|22||19|48|.396|4|14|.286|21|26|.808|8|33|9|2|3|14|21
18|18|2014-01-13|@|Youngstown State|L|66|67|23|45|.511|9|17|.529|11|15|.733|7|27|12|6|4|19|19||23|50|.460|5|16|.313|16|19|.842|5|18|14|6|1|13|12
19|19|2014-01-16||Oakland|W|86|76|30|50|.600|10|20|.500|16|21|.762|6|29|14|1|2|8|22||25|62|.403|8|27|.296|18|27|.667|14|30|14|3|3|2|19
20|20|2014-01-19||Wright State|L|46|49|16|49|.327|5|21|.238|9|10|.900|9|37|7|4|4|12|11||18|54|.333|5|18|.278|8|10|.800|8|31|14|8|4|8|11
21|21|2014-01-22|@|Illinois-Chicago|W|74|64|25|53|.472|10|15|.667|14|21|.667|11|32|20|2|8|13|20||23|55|.418|4|15|.267|14|19|.737|9|28|13|5|3|11|23
22|22|2014-01-25||Valparaiso|W|69|50|25|55|.455|7|17|.412|12|14|.857|8|27|14|5|6|7|13||16|45|.356|8|21|.381|10|15|.667|8|23|10|5|6|16|13
23|23|2014-01-28|@|Eastern Illinois|W|82|68|28|56|.500|9|16|.563|17|18|.944|9|33|18|8|6|12|22||22|49|.449|7|16|.438|17|24|.708|5|22|13|8|6|13|13
24|24|2014-01-31|@|Detroit Mercy|W|86|78|28|47|.596|9|14|.643|21|29|.724|5|24|19|8|1|14|16||31|60|.517|5|16|.313|11|17|.647|11|30|9|7|2|15|22
25|25|2014-02-06|@|Oakland|W|92|85|30|50|.600|14|23|.609|18|24|.750|9|28|19|5|3|15|13||32|59|.542|15|29|.517|6|9|.667|6|20|25|5|2|12|17
26|26|2014-02-08|@|Wright State|W|72|68|24|45|.533|8|15|.533|16|18|.889|5|29|11|4|1|14|17||22|48|.458|8|21|.381|16|21|.762|3|21|15|5|3|8|18
27|27|2014-02-13||Illinois-Chicago|W|73|53|30|60|.500|10|18|.556|3|8|.375|12|36|17|7|5|8|19||17|48|.354|5|17|.294|14|21|.667|7|28|10|1|2|11|12
28|28|2014-02-15||Green Bay|L|54|68|21|68|.309|5|23|.217|7|14|.500|20|35|7|4|4|4|19||21|43|.488|6|11|.545|20|30|.667|6|36|14|3|10|10|13
29|29|2014-02-22||Milwaukee|W|74|50|26|56|.464|8|20|.400|14|17|.824|5|31|16|10|3|10|15||15|47|.319|7|25|.280|13|20|.650|7|30|11|3|2|19|13
30|30|2014-02-25||Youngstown State|W (1 OT)|70|69|23|59|.390|5|16|.313|19|22|.864|12|38|14|3|1|11|15||26|70|.371|11|25|.440|6|9|.667|17|41|16|5|2|10|18
31|31|2014-03-01|@|Valparaiso|W|63|52|22|48|.458|6|18|.333|13|19|.684|5|28|15|10|4|12|17||19|43|.442|4|13|.308|10|16|.625|5|23|11|6|2|18|18
32|32|2014-03-08|N|Wright State|L|63|68|18|45|.400|7|18|.389|20|23|.870|10|26|9|5|5|11|20||22|40|.550|7|14|.500|17|23|.739|4|19|16|4|4|9|20
33|33|2014-03-19|@|Ohio|L|62|64|24|60|.400|5|19|.263|9|10|.900|6|31|15|8|2|11|19||20|48|.417|7|19|.368|17|21|.810|4|27|18|4|1|13|12
