ranker|game_season|date_game|game_location|opp_id|game_result|pts|opp_pts|fg|fga|fg_pct|fg3|fg3a|fg3_pct|ft|fta|ft_pct|orb|trb|ast|stl|blk|tov|pf|x|opp_fg|opp_fga|opp_fg_pct|opp_fg3|opp_fg3a|opp_fg3_pct|opp_ft|opp_fta|opp_ft_pct|opp_orb|opp_trb|opp_ast|opp_stl|opp_blk|opp_tov|opp_pf|
1|1|2013-11-08|@|Wake Forest|L|78|89|26|62|.419|14|34|.412|12|16|.750|7|35|17|2|3|14|24||31|64|.484|3|14|.214|24|36|.667|7|38|13|7|2|5|19
2|2|2013-11-16|@|Syracuse|L|50|69|17|47|.362|11|28|.393|5|10|.500|6|27|11|4|3|17|20||25|68|.368|7|24|.292|12|28|.429|24|48|10|12|4|10|10
3|3|2013-11-20||Cornell|W|81|58|29|53|.547|11|23|.478|12|14|.857|4|26|19|5|3|9|11||24|59|.407|4|20|.200|6|7|.857|7|23|7|4|1|14|15
4|4|2013-11-23||Saint Francis (PA)|W|81|64|32|55|.582|12|21|.571|5|8|.625|5|25|20|7|4|8|9||24|58|.414|11|26|.423|5|7|.714|7|25|15|4|0|13|14
5|5|2013-11-26|@|Tulane|W|98|86|34|52|.654|17|27|.630|13|20|.650|3|25|22|6|2|9|26||25|50|.500|6|15|.400|30|40|.750|9|27|10|5|1|10|19
6|6|2013-12-01|@|Binghamton|W|93|64|34|51|.667|15|24|.625|10|12|.833|1|23|18|8|1|10|20||22|53|.415|8|17|.471|12|21|.571|6|22|12|3|1|12|15
7|7|2013-12-07|@|Georgetown|L|55|61|16|50|.320|5|24|.208|18|23|.783|7|28|8|6|2|9|20||21|56|.375|1|15|.067|18|25|.720|14|41|10|5|4|11|16
8|8|2013-12-10||Fordham|L|73|77|29|57|.509|8|23|.348|7|12|.583|8|26|19|5|0|15|20||25|55|.455|4|13|.308|23|27|.852|10|29|5|7|1|12|14
9|9|2013-12-14|@|Albany (NY)|W|69|60|26|55|.473|13|28|.464|4|5|.800|4|27|14|0|1|8|13||26|60|.433|2|10|.200|6|12|.500|10|33|12|3|2|6|12
10|10|2013-12-22||Ursinus|W|79|51|29|60|.483|9|31|.290|12|20|.600|9|38|23|6|3|9|14||18|50|.360|6|22|.273|9|16|.563|5|28|12|3|0|12|15
11|11|2013-12-30||Columbia|L (2 OT)|70|76|27|61|.443|5|14|.357|11|13|.846|8|38|8|2|2|9|18||26|63|.413|8|27|.296|16|22|.727|10|35|12|6|4|4|13
12|12|2014-01-02||Lehigh|L (2 OT)|81|88|30|67|.448|10|29|.345|11|17|.647|6|36|18|6|2|16|20||30|68|.441|7|22|.318|21|26|.808|4|34|15|11|2|11|15
13|13|2014-01-05|@|Bucknell|L|57|68|21|48|.438|1|12|.083|14|22|.636|4|25|7|2|0|8|19||24|49|.490|7|18|.389|13|17|.765|5|31|14|1|1|11|21
14|14|2014-01-08|@|Holy Cross|L|64|73|24|53|.453|5|16|.313|11|13|.846|7|25|14|4|1|12|25||22|48|.458|7|16|.438|22|31|.710|8|30|12|7|4|8|15
15|15|2014-01-11||American|L|62|69|21|41|.512|9|16|.563|11|16|.688|4|14|12|2|2|10|17||25|40|.625|5|11|.455|14|18|.778|7|22|12|5|2|13|16
16|16|2014-01-15|@|Boston University|L|58|66|25|59|.424|8|28|.286|0|2|.000|10|34|11|5|4|11|14||24|50|.480|8|15|.533|10|14|.714|4|27|9|7|1|11|13
17|17|2014-01-18||Navy|W|63|41|25|47|.532|9|19|.474|4|6|.667|6|31|16|5|1|13|10||17|58|.293|6|31|.194|1|4|.250|16|31|5|4|4|10|9
18|18|2014-01-22||Army|L|63|66|21|50|.420|8|26|.308|13|15|.867|1|23|14|8|3|9|14||23|53|.434|9|23|.391|11|16|.688|9|33|12|5|1|14|14
19|19|2014-01-25|@|Loyola (MD)|L|60|67|23|55|.418|7|21|.333|7|10|.700|9|32|13|5|1|15|18||24|54|.444|3|12|.250|16|18|.889|6|28|10|8|3|8|15
20|20|2014-01-27|@|Lafayette|W|75|68|24|53|.453|4|23|.174|23|27|.852|10|40|9|5|5|12|14||27|61|.443|8|18|.444|6|10|.600|7|29|10|7|1|11|20
21|21|2014-02-01||Bucknell|L|68|79|25|56|.446|5|12|.417|13|18|.722|9|31|8|3|2|7|17||27|53|.509|8|17|.471|17|23|.739|5|29|10|6|3|4|15
22|22|2014-02-04||Holy Cross|L|68|69|28|48|.583|9|17|.529|3|4|.750|5|18|18|6|4|10|11||28|53|.528|7|18|.389|6|7|.857|8|22|11|8|1|9|12
23|23|2014-02-08|@|American|W|63|60|22|48|.458|8|15|.533|11|16|.688|6|26|9|8|2|10|18||22|43|.512|6|17|.353|10|14|.714|2|26|12|5|4|13|17
24|24|2014-02-12||Boston University|L|74|76|27|49|.551|10|22|.455|10|13|.769|4|24|14|1|4|7|12||31|58|.534|10|21|.476|4|7|.571|8|24|17|4|0|5|12
25|25|2014-02-15|@|Navy|L|61|71|19|47|.404|9|24|.375|14|22|.636|11|31|12|2|0|13|20||25|46|.543|7|15|.467|14|19|.737|4|25|19|5|3|6|18
26|26|2014-02-19|@|Army|L|66|74|26|50|.520|6|17|.353|8|14|.571|6|22|12|4|1|14|22||24|42|.571|8|17|.471|18|29|.621|6|24|15|3|4|13|18
27|27|2014-02-22||Loyola (MD)|W|84|60|32|53|.604|12|18|.667|8|11|.727|5|25|22|6|3|13|17||20|47|.426|6|14|.429|14|25|.560|6|22|10|5|3|11|13
28|28|2014-02-26||Lafayette|W|83|66|30|49|.612|6|17|.353|17|22|.773|2|29|16|7|1|8|12||27|58|.466|4|21|.190|8|12|.667|5|20|10|5|1|9|17
29|29|2014-03-01|@|Lehigh|W|74|57|25|52|.481|8|21|.381|16|20|.800|5|29|15|5|2|9|21||19|55|.345|5|20|.250|14|19|.737|13|33|11|3|2|13|17
30|30|2014-03-03||Navy|W|57|51|19|46|.413|3|12|.250|16|20|.800|8|30|10|5|4|13|13||20|57|.351|6|27|.222|5|10|.500|15|33|9|10|5|11|19
31|31|2014-03-05|@|American|L|50|59|19|48|.396|3|15|.200|9|18|.500|5|25|11|3|4|13|20||21|44|.477|3|11|.273|14|20|.700|4|31|17|8|3|11|12
