ranker|game_season|date_game|game_location|opp_id|game_result|pts|opp_pts|fg|fga|fg_pct|fg3|fg3a|fg3_pct|ft|fta|ft_pct|orb|trb|ast|stl|blk|tov|pf|x|opp_fg|opp_fga|opp_fg_pct|opp_fg3|opp_fg3a|opp_fg3_pct|opp_ft|opp_fta|opp_ft_pct|opp_orb|opp_trb|opp_ast|opp_stl|opp_blk|opp_tov|opp_pf|
1|1|2013-11-09||Maryland-Eastern Shore|W|73|54|25|51|.490|10|24|.417|13|15|.867|11|30|17|5|3|11|18||18|51|.353|3|15|.200|15|23|.652|10|26|6|4|2|11|13
2|2|2013-11-12||Manhattan|L|70|71|22|46|.478|4|15|.267|22|35|.629|5|26|10|7|4|10|30||19|39|.487|10|12|.833|23|40|.575|9|30|10|4|5|15|27
3|3|2013-11-15|@|Michigan State|L|53|62|19|46|.413|7|16|.438|8|11|.727|7|30|10|3|2|15|27||20|44|.455|0|7|.000|22|30|.733|5|27|16|5|4|11|14
4|4|2013-11-21|N|North Texas|W|70|66|24|51|.471|12|22|.545|10|14|.714|5|33|12|5|1|16|13||24|66|.364|5|16|.313|13|18|.722|11|32|6|11|4|7|14
5|5|2013-11-22|@|Portland|L|52|69|13|44|.295|4|10|.400|22|32|.688|4|25|4|6|2|11|19||28|57|.491|4|13|.308|9|15|.600|6|33|18|3|7|6|23
6|6|2013-11-23|N|Idaho|W|65|60|19|43|.442|5|13|.385|22|33|.667|8|32|7|4|2|8|16||21|51|.412|6|18|.333|12|14|.857|7|26|9|4|0|9|28
7|7|2013-11-26||American|W|61|47|19|42|.452|8|20|.400|15|19|.789|6|29|10|3|4|12|17||18|44|.409|3|12|.250|8|15|.533|4|20|9|6|3|10|19
8|8|2013-12-01|@|Elon|L (1 OT)|65|68|23|55|.418|9|22|.409|10|16|.625|6|33|8|5|1|17|21||25|56|.446|6|13|.462|12|18|.667|4|33|8|4|7|12|15
9|9|2013-12-04||Army|W|81|64|30|57|.526|13|26|.500|8|9|.889|8|23|20|12|2|12|19||23|45|.511|6|15|.400|12|18|.667|7|18|13|2|5|16|12
10|10|2013-12-07|@|Bucknell|L|52|57|18|46|.391|3|16|.188|13|18|.722|5|31|10|1|5|9|18||17|43|.395|4|10|.400|19|24|.792|3|27|10|4|2|9|17
11|11|2013-12-09||Massachusetts-Lowell|W|78|39|24|42|.571|10|23|.435|20|23|.870|6|36|13|9|2|18|21||15|51|.294|3|15|.200|6|15|.400|9|22|7|6|1|15|17
12|12|2013-12-21||Fairleigh Dickinson|W|82|59|23|46|.500|10|23|.435|26|34|.765|10|34|17|5|7|10|17||18|50|.360|2|11|.182|21|28|.750|8|24|5|6|3|11|25
13|13|2013-12-28|N|St. John's (NY)|L|59|65|19|50|.380|9|18|.500|12|15|.800|5|27|12|2|1|11|18||24|51|.471|3|8|.375|14|26|.538|9|33|9|7|8|8|14
14|14|2013-12-30|@|Colgate|W (2 OT)|76|70|26|63|.413|8|27|.296|16|22|.727|10|35|12|6|4|4|13||27|61|.443|5|14|.357|11|13|.846|8|38|8|2|2|9|18
15|15|2014-01-04||St. Francis (NY)|W|81|61|24|52|.462|10|22|.455|23|28|.821|8|35|15|6|2|12|17||21|67|.313|3|16|.188|16|19|.842|14|32|4|8|8|7|22
16|16|2014-01-08||Stony Brook|W|68|63|20|47|.426|12|30|.400|16|20|.800|12|33|15|2|4|15|14||26|55|.473|3|9|.333|8|13|.615|5|20|9|5|0|10|16
17|17|2014-01-11||Central Pennsylvania College|W|104|78|38|73|.521|18|44|.409|10|12|.833|17|44|21|7|8|14|13||29|70|.414|8|20|.400|12|15|.800|10|27|10|9|1|12|14
18|18|2014-01-18||Cornell|W|71|61|20|42|.476|5|17|.294|26|31|.839|9|29|9|4|5|12|19||21|53|.396|4|14|.286|15|20|.750|8|22|5|1|1|9|25
19|19|2014-01-25|@|Cornell|W|74|58|23|46|.500|2|9|.222|26|30|.867|7|32|12|6|8|10|14||21|56|.375|7|19|.368|9|10|.900|8|23|11|7|2|12|23
20|20|2014-01-31|@|Yale|L|59|69|14|39|.359|4|17|.235|27|33|.818|7|23|7|6|1|15|31||16|38|.421|3|11|.273|34|46|.739|7|28|11|6|4|14|27
21|21|2014-02-01|@|Brown|L|56|64|19|46|.413|6|22|.273|12|19|.632|4|31|6|2|3|14|19||22|56|.393|5|11|.455|15|24|.625|9|37|12|5|1|9|21
22|22|2014-02-07|@|Princeton|W|53|52|19|47|.404|5|16|.313|10|13|.769|6|26|12|7|2|13|14||20|45|.444|6|21|.286|6|9|.667|4|24|8|8|5|9|16
23|23|2014-02-08|@|Pennsylvania|L|60|68|20|49|.408|8|24|.333|12|21|.571|5|22|13|7|1|11|19||26|48|.542|2|8|.250|14|20|.700|6|33|14|6|3|14|16
24|24|2014-02-14||Harvard|L (2 OT)|84|88|28|59|.475|7|22|.318|21|24|.875|7|31|17|5|5|11|28||26|57|.456|7|20|.350|29|39|.744|8|29|13|6|6|8|21
25|25|2014-02-15||Dartmouth|W|69|59|20|42|.476|7|21|.333|22|26|.846|4|27|11|7|3|11|17||20|48|.417|5|11|.455|14|24|.583|8|27|6|5|0|12|22
26|26|2014-02-21||Brown|W|70|68|23|59|.390|9|23|.391|15|19|.789|12|36|14|5|2|9|12||29|59|.492|7|15|.467|3|6|.500|6|28|12|3|7|10|17
27|27|2014-02-23||Yale|W|62|46|20|46|.435|5|21|.238|17|22|.773|5|28|7|6|2|6|17||16|44|.364|5|16|.313|9|22|.409|8|27|5|3|3|14|17
28|28|2014-02-28|@|Dartmouth|W|84|72|25|43|.581|13|24|.542|21|22|.955|4|26|16|4|1|12|15||24|50|.480|8|15|.533|16|19|.842|4|18|12|7|1|8|19
29|29|2014-03-01|@|Harvard|L|47|80|15|44|.341|5|15|.333|12|15|.800|5|18|8|2|0|14|19||27|45|.600|8|13|.615|18|20|.900|2|24|17|6|3|9|14
30|30|2014-03-07||Pennsylvania|W|74|55|21|47|.447|12|25|.480|20|26|.769|6|36|12|4|2|11|26||17|46|.370|2|13|.154|19|30|.633|6|25|5|5|5|11|23
31|31|2014-03-08||Princeton|L|64|74|25|60|.417|6|21|.286|8|12|.667|8|31|14|5|2|8|22||24|52|.462|6|17|.353|20|28|.714|6|31|15|5|3|9|12
32|32|2014-03-18|@|Valparaiso|W|58|56|20|46|.435|7|20|.350|11|12|.917|6|25|14|2|3|8|13||21|54|.389|5|15|.333|9|13|.692|13|28|10|5|4|6|11
33|33|2014-03-22||Eastern Michigan|W|69|56|22|44|.500|10|21|.476|15|18|.833|6|30|18|5|1|12|14||21|52|.404|5|15|.333|9|12|.750|6|21|7|8|4|8|15
34|34|2014-03-26||Yale|L|69|72|22|49|.449|15|28|.536|10|12|.833|3|18|16|8|0|10|16||25|47|.532|6|12|.500|16|20|.800|7|29|13|7|3|15|10
