ranker|game_season|date_game|game_location|opp_id|game_result|pts|opp_pts|fg|fga|fg_pct|fg3|fg3a|fg3_pct|ft|fta|ft_pct|orb|trb|ast|stl|blk|tov|pf|x|opp_fg|opp_fga|opp_fg_pct|opp_fg3|opp_fg3a|opp_fg3_pct|opp_ft|opp_fta|opp_ft_pct|opp_orb|opp_trb|opp_ast|opp_stl|opp_blk|opp_tov|opp_pf|
1|1|2013-11-08|@|Syracuse|L|60|82|22|54|.407|10|32|.313|6|8|.750|6|21|13|4|3|16|16||30|56|.536|10|20|.500|12|18|.667|11|36|19|12|6|14|13
2|2|2013-11-10||Loyola (MD)|L (1 OT)|89|93|34|73|.466|8|21|.381|13|27|.481|12|39|15|3|5|9|22||30|74|.405|9|24|.375|24|34|.706|12|44|14|8|5|6|20
3|3|2013-11-13||Binghamton|L|79|89|30|63|.476|10|27|.370|9|11|.818|11|33|20|3|8|8|22||24|54|.444|14|25|.560|27|34|.794|7|27|15|6|4|6|17
4|4|2013-11-15|@|Louisville|L|54|99|19|65|.292|7|28|.250|9|17|.529|16|37|9|3|1|19|24||36|61|.590|9|21|.429|18|34|.529|12|49|16|12|3|10|19
5|5|2013-11-20|@|Colgate|L|58|81|24|59|.407|4|20|.200|6|7|.857|7|23|7|4|1|14|15||29|53|.547|11|23|.478|12|14|.857|4|26|19|5|3|9|11
6|6|2013-11-22||Siena|L|70|71|24|47|.511|10|23|.435|12|24|.500|7|28|12|3|0|7|29||21|45|.467|5|16|.313|24|39|.615|11|32|12|2|1|8|24
7|7|2013-11-25||Radford|L|71|86|28|64|.438|5|17|.294|10|15|.667|14|34|14|2|4|12|17||32|59|.542|8|17|.471|14|19|.737|5|29|15|8|1|8|18
8|8|2013-11-29|@|Western Michigan|L|70|83|25|63|.397|16|41|.390|4|7|.571|11|27|16|3|1|13|31||27|50|.540|2|10|.200|27|38|.711|11|37|10|7|6|13|11
9|9|2013-12-01|@|Notre Dame|L|67|101|26|59|.441|8|21|.381|7|13|.538|4|25|15|4|4|9|15||38|70|.543|12|25|.480|13|16|.813|7|38|28|6|3|5|12
10|10|2013-12-07||Saint Francis (PA)|L|62|72|26|64|.406|4|21|.190|6|15|.400|9|33|10|3|3|10|21||23|52|.442|6|20|.300|20|32|.625|10|43|12|7|6|11|19
11|11|2013-12-22|@|Stony Brook|L|54|76|20|58|.345|6|31|.194|8|11|.727|9|32|8|6|3|13|26||24|58|.414|6|16|.375|22|30|.733|17|45|15|4|2|11|14
12|12|2013-12-28|@|Saint Peter's|L|59|67|22|55|.400|8|22|.364|7|9|.778|9|33|10|4|2|14|21||18|49|.367|4|16|.250|27|32|.844|6|31|9|11|4|7|12
13|13|2014-01-04|@|St. Bonaventure|L|57|81|22|52|.423|4|17|.235|9|15|.600|1|24|8|3|2|13|16||30|60|.500|10|22|.455|11|15|.733|7|35|21|8|4|7|16
14|14|2014-01-11||Oberlin|W|77|55|30|59|.508|6|12|.500|11|18|.611|13|36|18|4|5|12|21||19|46|.413|4|12|.333|13|20|.650|4|20|9|2|2|15|19
15|15|2014-01-18|@|Columbia|L|61|71|21|53|.396|4|14|.286|15|20|.750|8|22|5|1|1|9|25||20|42|.476|5|17|.294|26|31|.839|9|29|9|4|5|12|19
16|16|2014-01-25||Columbia|L|58|74|21|56|.375|7|19|.368|9|10|.900|8|23|11|7|2|12|23||23|46|.500|2|9|.222|26|30|.867|7|32|12|6|8|10|14
17|17|2014-01-31|@|Brown|L|66|78|24|64|.375|3|22|.136|15|20|.750|10|34|7|5|2|8|20||29|53|.547|8|18|.444|12|20|.600|4|33|15|4|6|11|18
18|18|2014-02-01|@|Yale|L|57|61|19|44|.432|4|13|.308|15|20|.750|3|23|4|4|4|12|21||20|53|.377|8|24|.333|13|24|.542|18|41|13|1|1|14|17
19|19|2014-02-07|@|Pennsylvania|L|83|90|29|63|.460|7|19|.368|18|28|.643|16|36|9|4|2|12|24||33|54|.611|3|12|.250|21|28|.750|3|27|17|5|2|12|24
20|20|2014-02-08|@|Princeton|L|48|69|15|44|.341|5|17|.294|13|20|.650|9|27|6|7|0|16|17||24|49|.490|11|28|.393|10|13|.769|8|33|12|10|5|12|19
21|21|2014-02-14||Dartmouth|W|70|67|22|54|.407|6|19|.316|20|29|.690|10|34|12|9|4|10|17||24|57|.421|6|17|.353|13|21|.619|12|35|9|4|3|12|22
22|22|2014-02-15||Harvard|L|44|67|17|47|.362|7|19|.368|3|5|.600|9|25|11|4|0|16|13||27|45|.600|8|16|.500|5|10|.500|6|26|16|10|1|9|8
23|23|2014-02-21||Yale|L|65|82|25|59|.424|10|30|.333|5|7|.714|9|21|12|4|5|10|26||26|49|.531|5|12|.417|25|34|.735|8|29|14|2|2|9|6
24|24|2014-02-22||Brown|L (1 OT)|75|81|25|65|.385|9|21|.429|16|21|.762|13|37|14|2|3|12|25||27|60|.450|2|11|.182|25|34|.735|13|37|11|2|7|7|20
25|25|2014-02-28|@|Harvard|L|47|72|18|46|.391|5|14|.357|6|10|.600|5|17|8|4|5|11|17||23|45|.511|8|18|.444|18|21|.857|7|26|16|8|3|10|13
26|26|2014-03-01|@|Dartmouth|L|78|87|26|52|.500|5|20|.250|21|26|.808|8|24|8|4|2|9|23||27|54|.500|12|20|.600|21|26|.808|10|32|16|4|1|10|20
27|27|2014-03-07||Princeton|L|51|91|17|51|.333|5|19|.263|12|15|.800|7|22|7|6|1|11|16||34|53|.642|14|23|.609|9|13|.692|3|32|23|5|3|10|16
28|28|2014-03-08||Pennsylvania|L|65|69|21|56|.375|9|24|.375|14|22|.636|9|23|11|7|5|8|18||22|46|.478|6|16|.375|19|21|.905|7|31|15|3|2|15|19
