ranker|game_season|date_game|game_location|opp_id|game_result|pts|opp_pts|fg|fga|fg_pct|fg3|fg3a|fg3_pct|ft|fta|ft_pct|orb|trb|ast|stl|blk|tov|pf|x|opp_fg|opp_fga|opp_fg_pct|opp_fg3|opp_fg3a|opp_fg3_pct|opp_ft|opp_fta|opp_ft_pct|opp_orb|opp_trb|opp_ast|opp_stl|opp_blk|opp_tov|opp_pf|
1|1|2013-11-08|@|South Alabama|L|58|74|22|76|.289|1|14|.071|13|21|.619|24|47|5|5|7|12|22||24|66|.364|9|26|.346|17|25|.680|17|49|11|3|7|14|22
2|2|2013-11-11||Michigan-Dearborn|W|106|51|34|65|.523|10|23|.435|28|34|.824|17|49|23|14|13|14|12||21|63|.333|7|20|.350|2|8|.250|8|22|12|8|0|21|22
3|3|2013-11-14|@|Connecticut|L|55|101|21|69|.304|3|23|.130|10|15|.667|11|30|7|8|3|10|26||35|62|.565|11|19|.579|20|28|.714|10|42|21|4|7|9|14
4|4|2013-11-19|@|James Madison|W|71|67|22|51|.431|9|23|.391|18|27|.667|9|35|14|3|2|14|31||18|45|.400|5|16|.313|26|45|.578|7|30|9|7|1|12|21
5|5|2013-11-22||Florida Atlantic|W|77|44|26|54|.481|7|14|.500|18|20|.900|7|25|14|10|5|12|17||14|44|.318|2|9|.222|14|20|.700|12|30|6|8|5|23|16
6|6|2013-11-23||Toledo|L|78|80|24|53|.453|9|20|.450|21|26|.808|8|33|15|6|6|13|26||30|67|.448|4|17|.235|16|25|.640|12|32|12|4|1|9|20
7|7|2013-11-24||Stony Brook|L (3 OT)|102|104|28|68|.412|9|34|.265|37|43|.860|11|39|13|6|5|10|23||36|80|.450|9|26|.346|23|29|.793|15|41|18|6|0|13|28
8|8|2013-11-30|@|South Florida|W|65|60|19|58|.328|2|11|.182|25|28|.893|13|39|8|8|4|13|20||21|55|.382|3|18|.167|15|23|.652|9|31|12|7|9|13|22
9|9|2013-12-04|@|Toledo|L|75|91|29|68|.426|8|20|.400|9|12|.750|14|36|16|5|4|12|26||29|55|.527|12|21|.571|21|35|.600|8|32|20|4|5|10|14
10|10|2013-12-08||Rhode Island|W|70|68|27|62|.435|1|12|.083|15|22|.682|11|33|12|9|7|10|15||27|58|.466|6|19|.316|8|19|.421|11|34|11|3|6|14|19
11|11|2013-12-14|@|North Carolina State|L|79|82|27|59|.458|6|20|.300|19|28|.679|9|33|11|7|3|13|23||25|50|.500|10|21|.476|22|33|.667|6|29|17|3|3|14|21
12|12|2013-12-18|@|Akron|L|60|79|22|61|.361|7|18|.389|9|15|.600|10|27|7|7|1|7|20||26|54|.481|11|21|.524|16|26|.615|14|42|14|4|7|12|14
13|13|2013-12-22|@|Bowling Green State|L|62|64|20|53|.377|8|22|.364|14|19|.737|9|28|15|11|5|18|24||22|46|.478|2|7|.286|18|31|.581|4|27|11|9|6|16|17
14|14|2013-12-23||Indiana Tech|W|93|50|33|63|.524|13|26|.500|14|22|.636|17|47|17|6|6|10|15||16|60|.267|7|19|.368|11|19|.579|15|29|7|7|0|12|13
15|15|2013-12-30||Bethune-Cookman|W|73|53|24|48|.500|7|20|.350|18|28|.643|6|35|14|9|5|11|24||13|47|.277|7|27|.259|20|30|.667|9|29|9|4|4|11|22
16|16|2014-01-04||Wright State|W|58|53|16|44|.364|6|14|.429|20|31|.645|10|37|9|6|5|16|18||19|53|.358|4|22|.182|11|19|.579|8|31|15|7|2|13|28
17|17|2014-01-08|@|Cleveland State|L|63|73|19|48|.396|4|14|.286|21|26|.808|8|33|9|2|3|14|21||26|57|.456|4|17|.235|17|24|.708|6|26|25|6|4|6|22
18|18|2014-01-11||Oakland|L|69|77|29|57|.509|4|15|.267|7|13|.538|6|29|19|6|6|12|19||25|60|.417|9|25|.360|18|22|.818|11|35|12|5|0|11|16
19|19|2014-01-15||Valparaiso|L|70|78|24|63|.381|7|28|.250|15|20|.750|11|25|12|11|4|11|28||19|39|.487|4|14|.286|36|44|.818|8|34|10|4|2|19|19
20|20|2014-01-18|@|Youngstown State|L|63|77|23|54|.426|2|18|.111|15|21|.714|7|27|6|6|1|9|19||24|44|.545|9|20|.450|20|28|.714|3|23|20|3|2|10|17
21|21|2014-01-24|@|Milwaukee|W|73|54|25|62|.403|4|14|.286|19|25|.760|10|43|9|10|7|13|22||18|58|.310|4|21|.190|14|25|.560|10|35|10|8|8|18|20
22|22|2014-01-26|@|Green Bay|L|52|62|17|54|.315|4|19|.211|14|20|.700|14|36|8|6|4|16|26||13|46|.283|2|14|.143|34|41|.829|13|37|6|5|8|12|17
23|23|2014-01-29||Illinois-Chicago|W|74|68|28|57|.491|8|20|.400|10|18|.556|8|33|15|6|5|9|15||25|59|.424|4|14|.286|14|17|.824|8|32|12|5|3|11|20
24|24|2014-01-31||Cleveland State|L|78|86|31|60|.517|5|16|.313|11|17|.647|11|30|9|7|2|15|22||28|47|.596|9|14|.643|21|29|.724|5|24|19|8|1|14|16
25|25|2014-02-07|@|Valparaiso|W|59|57|19|50|.380|10|20|.500|11|19|.579|9|32|12|6|6|19|24||19|47|.404|5|18|.278|14|23|.609|4|26|11|7|6|15|21
26|26|2014-02-09||Youngstown State|W (1 OT)|83|81|28|64|.438|8|23|.348|19|28|.679|13|40|15|6|3|11|24||25|58|.431|8|23|.348|23|30|.767|7|34|17|7|1|10|19
27|27|2014-02-14|@|Oakland|L (1 OT)|82|83|30|73|.411|9|28|.321|13|20|.650|14|33|14|16|4|10|16||27|60|.450|12|21|.571|17|19|.895|12|38|22|6|6|20|18
28|28|2014-02-18|@|Illinois-Chicago|W|65|59|20|49|.408|3|8|.375|22|29|.759|8|30|6|8|5|13|24||17|47|.362|5|15|.333|20|27|.741|6|28|10|4|3|14|24
29|29|2014-02-21|@|Wright State|L|61|65|22|56|.393|3|14|.214|14|18|.778|16|38|8|5|8|21|20||19|48|.396|8|18|.444|19|25|.760|6|25|13|6|2|15|21
30|30|2014-02-27||Milwaukee|L|62|68|22|59|.373|3|16|.188|15|19|.789|13|26|9|8|2|7|14||26|47|.553|6|14|.429|10|14|.714|9|29|19|6|2|17|21
31|31|2014-03-01||Green Bay|L|66|75|23|58|.397|6|15|.400|14|18|.778|5|28|8|5|4|11|20||26|54|.481|9|17|.529|14|20|.700|6|33|20|7|5|10|18
32|32|2014-03-04|@|Milwaukee|L|73|83|24|47|.511|5|13|.385|20|22|.909|7|24|11|7|1|15|25||25|49|.510|9|25|.360|24|29|.828|10|25|16|10|3|14|19
