ranker|game_season|date_game|game_location|opp_id|game_result|pts|opp_pts|fg|fga|fg_pct|fg3|fg3a|fg3_pct|ft|fta|ft_pct|orb|trb|ast|stl|blk|tov|pf|x|opp_fg|opp_fga|opp_fg_pct|opp_fg3|opp_fg3a|opp_fg3_pct|opp_ft|opp_fta|opp_ft_pct|opp_orb|opp_trb|opp_ast|opp_stl|opp_blk|opp_tov|opp_pf|
1|1|2013-11-09|@|Illinois-Chicago|W|61|59|18|44|.409|5|16|.313|20|23|.870|7|31|7|8|3|18|23||21|53|.396|7|23|.304|10|17|.588|7|22|14|6|0|15|23
2|2|2013-11-12||Iowa Wesleyan|W|104|49|39|61|.639|7|19|.368|19|27|.704|10|40|25|13|3|5|16||16|49|.327|5|16|.313|12|17|.706|6|19|6|4|0|17|20
3|3|2013-11-16|@|Saint Mary's (CA)|L|63|67|20|56|.357|6|15|.400|17|22|.773|10|37|10|5|1|10|17||25|62|.403|6|27|.222|11|17|.647|13|42|13|4|9|8|18
4|4|2013-11-23||Nebraska-Omaha|W|88|80|31|63|.492|9|21|.429|17|25|.680|5|36|18|10|0|9|20||27|61|.443|11|27|.407|15|19|.789|4|35|14|2|5|17|22
5|5|2013-11-29|@|Fresno State|W|84|74|32|57|.561|9|21|.429|11|18|.611|5|32|15|6|2|9|18||25|53|.472|12|26|.462|12|22|.545|5|24|14|6|2|10|20
6|6|2013-11-30|N|Northern Arizona|W|76|56|30|57|.526|11|20|.550|5|11|.455|10|33|20|8|3|12|13||22|56|.393|4|14|.286|8|13|.615|9|27|7|6|3|15|15
7|7|2013-12-01|N|Cal State Bakersfield|W|65|57|22|45|.489|7|22|.318|14|17|.824|6|23|11|8|1|13|15||22|49|.449|7|16|.438|6|9|.667|7|21|11|6|3|12|19
8|8|2013-12-07|N|Iowa|L|66|83|23|58|.397|12|29|.414|8|10|.800|3|25|13|3|1|8|21||29|64|.453|3|18|.167|22|30|.733|17|47|11|5|6|5|15
9|9|2013-12-14||New Mexico State|L (1 OT)|69|81|21|69|.304|3|15|.200|24|29|.828|13|40|5|12|0|12|25||29|64|.453|7|15|.467|16|32|.500|13|43|13|6|5|14|19
10|10|2013-12-18||Western Michigan|W|71|68|26|54|.481|4|14|.286|15|19|.789|7|28|15|3|3|10|21||24|53|.453|5|18|.278|15|24|.625|10|31|9|4|3|11|22
11|11|2013-12-23||Albany (NY)|W|71|63|24|52|.462|10|19|.526|13|19|.684|8|29|11|4|1|12|15||24|51|.471|4|15|.267|11|12|.917|4|26|11|3|4|12|17
12|12|2013-12-29|@|IUPUI|W|75|52|28|68|.412|9|24|.375|10|15|.667|16|46|19|8|1|10|17||19|55|.345|7|17|.412|7|13|.538|6|30|10|6|5|12|13
13|13|2014-01-01||Evansville|W|94|66|33|54|.611|9|16|.563|19|29|.655|8|32|20|5|3|11|22||22|47|.468|2|9|.222|20|32|.625|6|25|8|6|2|17|25
14|14|2014-01-04|@|Bradley|L|57|68|17|39|.436|7|17|.412|16|20|.800|6|20|8|2|3|15|14||25|48|.521|5|14|.357|13|17|.765|10|27|7|10|4|11|17
15|15|2014-01-08||Indiana State|L|73|77|27|59|.458|6|20|.300|13|20|.650|10|32|6|6|4|8|18||26|60|.433|9|28|.321|16|18|.889|10|32|13|4|2|8|18
16|16|2014-01-11|@|Northern Iowa|L|66|76|24|57|.421|8|24|.333|10|16|.625|6|29|12|3|0|8|18||27|54|.500|9|27|.333|13|18|.722|5|33|14|3|3|8|16
17|17|2014-01-15|@|Loyola (IL)|L|60|70|21|49|.429|10|21|.476|8|15|.533|4|26|13|2|0|10|20||24|48|.500|8|22|.364|14|20|.700|4|28|11|5|5|9|17
18|18|2014-01-18||Illinois State|L|63|77|16|46|.348|7|19|.368|24|30|.800|5|21|10|8|0|16|18||26|54|.481|9|20|.450|16|19|.842|11|37|14|10|5|19|25
19|19|2014-01-22|@|Southern Illinois|W|57|54|15|38|.395|8|22|.364|19|23|.826|8|37|11|2|6|15|22||19|55|.345|4|18|.222|12|28|.429|13|30|6|10|2|5|19
20|20|2014-01-25||Wichita State|L|61|78|20|45|.444|10|21|.476|11|17|.647|3|20|13|4|1|13|15||29|55|.527|7|20|.350|13|15|.867|9|32|17|7|4|14|20
21|21|2014-01-29||Missouri State|W|84|74|24|46|.522|14|24|.583|22|28|.786|8|32|18|4|1|7|16||25|50|.500|11|22|.500|13|16|.813|2|16|15|5|0|6|25
22|22|2014-02-01|@|Illinois State|L|57|75|19|55|.345|5|21|.238|14|24|.583|15|40|12|3|2|14|16||24|47|.511|12|23|.522|15|20|.750|1|24|11|9|8|9|22
23|23|2014-02-04||Southern Illinois|L|58|74|18|49|.367|9|27|.333|13|20|.650|9|24|13|9|1|16|21||23|45|.511|7|13|.538|21|27|.778|7|31|11|12|1|13|19
24|24|2014-02-09|@|Indiana State|L|56|60|19|44|.432|8|17|.471|10|15|.667|2|27|11|5|2|9|17||20|49|.408|2|18|.111|18|24|.750|7|31|14|6|7|9|13
25|25|2014-02-12|@|Missouri State|L|63|69|24|46|.522|6|19|.316|9|17|.529|3|25|13|6|4|13|22||20|54|.370|6|21|.286|23|29|.793|11|31|12|7|5|10|19
26|26|2014-02-15||Loyola (IL)|W|70|62|24|47|.511|8|21|.381|14|23|.609|6|32|11|4|2|12|20||20|49|.408|5|17|.294|17|25|.680|7|29|10|8|1|10|23
27|27|2014-02-18||Northern Iowa|W|70|67|23|48|.479|8|18|.444|16|19|.842|6|34|13|4|4|14|18||22|58|.379|9|25|.360|14|18|.778|9|26|12|10|2|7|21
28|28|2014-02-22|@|Wichita State|L|54|83|18|43|.419|3|10|.300|15|19|.789|5|20|5|5|2|20|18||31|59|.525|9|29|.310|12|19|.632|11|28|16|10|8|10|16
29|29|2014-02-25|@|Evansville|L|48|61|18|45|.400|4|16|.250|8|13|.615|5|26|12|4|8|12|19||23|49|.469|6|12|.500|9|16|.563|6|31|15|3|5|11|17
30|30|2014-03-01||Bradley|W|71|66|23|46|.500|8|19|.421|17|19|.895|6|30|15|1|4|11|15||24|55|.436|6|18|.333|12|16|.750|5|22|10|11|1|5|18
31|31|2014-03-06|N|Evansville|L|61|69|23|52|.442|9|16|.563|6|10|.600|4|22|10|6|1|12|21||21|41|.512|2|11|.182|25|32|.781|4|27|7|7|8|11|13
