ranker|game_season|date_game|game_location|opp_id|game_result|pts|opp_pts|fg|fga|fg_pct|fg3|fg3a|fg3_pct|ft|fta|ft_pct|orb|trb|ast|stl|blk|tov|pf|x|opp_fg|opp_fga|opp_fg_pct|opp_fg3|opp_fg3a|opp_fg3_pct|opp_ft|opp_fta|opp_ft_pct|opp_orb|opp_trb|opp_ast|opp_stl|opp_blk|opp_tov|opp_pf|
1|1|2013-11-09||Abilene Christian|W|94|75|30|58|.517|7|19|.368|27|37|.730|10|40|19|4|2|10|22||22|63|.349|7|25|.280|24|32|.750|9|30|9|3|1|10|26
2|2|2013-11-13||New Hampshire|L|81|84|27|64|.422|6|22|.273|21|31|.677|10|28|11|7|1|5|11||33|62|.532|15|27|.556|3|4|.750|8|36|18|1|6|12|22
3|3|2013-11-17|@|West Virginia|L|83|96|30|66|.455|7|21|.333|16|24|.667|16|35|10|4|0|16|26||33|56|.589|10|18|.556|20|34|.588|9|30|15|8|4|8|20
4|4|2013-11-20||Albany (NY)|W|70|59|25|55|.455|8|19|.421|12|15|.800|9|30|16|6|4|13|18||22|51|.431|4|14|.286|11|19|.579|11|32|12|5|4|16|18
5|5|2013-11-30|N|Pittsburgh|L|67|84|20|50|.400|9|18|.500|18|35|.514|6|29|12|1|4|11|19||33|67|.493|3|16|.188|15|21|.714|12|43|23|8|5|7|23
6|6|2013-12-04||Maryland-Baltimore County|W|94|88|31|52|.596|6|15|.400|26|41|.634|5|27|22|7|3|12|19||30|59|.508|11|22|.500|17|20|.850|8|29|23|7|2|16|27
7|7|2013-12-11|N|Penn State|L|59|68|17|63|.270|4|23|.174|21|34|.618|14|38|9|5|4|7|15||26|61|.426|9|25|.360|7|10|.700|9|38|18|3|13|11|25
8|8|2013-12-14||Robert Morris|L|63|67|17|44|.386|6|17|.353|23|35|.657|6|31|12|5|2|13|17||25|54|.463|11|23|.478|6|12|.500|5|30|19|3|1|13|23
9|9|2013-12-17|@|Saint Francis (PA)|W|78|71|26|50|.520|4|13|.308|22|25|.880|6|31|11|0|4|7|16||24|59|.407|11|31|.355|12|14|.857|6|23|17|4|1|1|15
10|10|2013-12-21|@|Massachusetts-Lowell|W|95|77|33|53|.623|13|24|.542|16|19|.842|3|26|27|3|2|5|20||26|62|.419|8|29|.276|17|21|.810|14|30|18|3|2|7|17
11|11|2013-12-29|@|Texas-Pan American|W|88|69|34|68|.500|7|21|.333|13|18|.722|11|39|18|7|3|10|18||27|62|.435|9|25|.360|6|14|.429|7|29|17|6|4|14|19
12|12|2014-01-02||Appalachian State|W|79|55|29|62|.468|6|16|.375|15|25|.600|15|48|22|5|6|12|15||20|64|.313|8|23|.348|7|10|.700|9|27|12|8|4|13|20
13|13|2014-01-08||Fordham|W|87|81|25|58|.431|7|17|.412|30|43|.698|9|41|19|5|4|8|18||26|71|.366|16|41|.390|13|22|.591|16|38|19|4|5|12|26
14|14|2014-01-12||La Salle|L|56|75|19|53|.358|4|16|.250|14|17|.824|8|26|8|11|5|14|14||27|51|.529|10|22|.455|11|15|.733|6|31|17|4|2|17|13
15|15|2014-01-15|@|Saint Joseph's|L|75|84|27|70|.386|13|33|.394|8|10|.800|12|28|18|17|1|10|17||31|48|.646|17|27|.630|5|14|.357|6|37|27|4|4|22|11
16|16|2014-01-18|@|Virginia Commonwealth|L|65|80|20|57|.351|3|18|.167|22|29|.759|8|34|8|10|2|16|21||30|68|.441|12|30|.400|8|18|.444|17|46|16|10|4|17|25
17|17|2014-01-22||Saint Louis|L|72|76|24|48|.500|8|15|.533|16|24|.667|4|29|17|2|5|13|19||26|52|.500|10|19|.526|14|21|.667|3|25|20|5|2|9|18
18|18|2014-01-25||St. Bonaventure|W|83|81|26|47|.553|11|19|.579|20|33|.606|6|25|18|2|1|11|23||27|53|.509|11|21|.524|16|26|.615|8|26|19|1|4|7|25
19|19|2014-01-29|@|NJIT|W|71|64|23|50|.460|3|16|.188|22|35|.629|11|35|10|4|1|9|16||25|52|.481|5|17|.294|9|15|.600|4|24|13|2|2|10|21
20|20|2014-02-01|@|La Salle|L|63|71|23|64|.359|8|20|.400|9|12|.750|13|35|14|8|9|12|16||24|63|.381|7|27|.259|16|21|.762|13|40|17|6|6|13|12
21|21|2014-02-05|@|George Washington|L|57|71|20|59|.339|4|23|.174|13|21|.619|11|35|12|10|2|15|22||26|56|.464|6|19|.316|13|25|.520|9|38|23|9|2|15|14
22|22|2014-02-08||George Mason|L|68|74|23|55|.418|10|24|.417|12|21|.571|9|28|12|7|1|13|17||25|50|.500|4|10|.400|20|28|.714|6|32|10|5|2|13|16
23|23|2014-02-12||Richmond|L|58|75|22|57|.386|6|23|.261|8|16|.500|12|33|15|4|1|9|19||22|48|.458|8|21|.381|23|26|.885|8|31|13|4|5|8|18
24|24|2014-02-15|@|Rhode Island|W|83|71|30|53|.566|8|18|.444|15|21|.714|6|28|15|6|1|13|18||24|45|.533|10|17|.588|13|25|.520|2|21|16|5|4|14|15
25|25|2014-02-19|@|St. Bonaventure|L|67|71|26|58|.448|8|25|.320|7|11|.636|7|27|14|5|0|11|15||28|55|.509|5|12|.417|10|11|.909|7|28|20|6|6|11|13
26|26|2014-02-22||Dayton|L|54|57|19|56|.339|10|25|.400|6|14|.429|7|25|14|6|4|10|14||20|51|.392|8|22|.364|9|13|.692|6|38|15|4|5|14|16
27|27|2014-02-27|@|Saint Louis|W|71|64|24|55|.436|8|15|.533|15|22|.682|11|34|19|12|4|12|16||23|57|.404|4|23|.174|14|18|.778|11|35|14|6|5|16|15
28|28|2014-03-05||Massachusetts|L|74|78|25|55|.455|7|20|.350|17|21|.810|6|31|19|3|4|12|19||27|60|.450|10|25|.400|14|18|.778|7|28|19|6|8|9|18
29|29|2014-03-08|@|George Mason|W|81|69|29|55|.527|11|21|.524|12|20|.600|7|35|21|2|1|8|18||23|58|.397|7|18|.389|16|23|.696|6|25|14|4|4|6|18
30|30|2014-03-13|N|Richmond|L|64|76|27|64|.422|6|24|.250|4|8|.500|11|34|15|7|2|9|21||25|54|.463|8|22|.364|18|26|.692|9|35|15|7|3|11|14
