ranker|game_season|date_game|game_location|opp_id|game_result|pts|opp_pts|fg|fga|fg_pct|fg3|fg3a|fg3_pct|ft|fta|ft_pct|orb|trb|ast|stl|blk|tov|pf|x|opp_fg|opp_fga|opp_fg_pct|opp_fg3|opp_fg3a|opp_fg3_pct|opp_ft|opp_fta|opp_ft_pct|opp_orb|opp_trb|opp_ast|opp_stl|opp_blk|opp_tov|opp_pf|
1|1|2013-11-08||North Carolina Wesleyan|W|97|51|38|67|.567|10|24|.417|11|22|.500|14|47|26|12|5|9|17||18|57|.316|6|14|.429|9|17|.529|10|29|10|5|1|16|18
2|2|2013-11-12|@|North Carolina-Greensboro|W|85|84|27|67|.403|6|21|.286|25|28|.893|12|29|7|11|5|9|25||26|52|.500|6|12|.500|26|35|.743|13|40|14|5|1|19|24
3|3|2013-11-14||Chowan|W|95|45|34|70|.486|11|26|.423|16|23|.696|18|57|22|6|3|8|5||17|64|.266|7|30|.233|4|6|.667|4|23|12|6|3|11|15
4|4|2013-11-18|N|Norfolk State|W|76|74|21|47|.447|10|25|.400|24|38|.632|5|31|12|10|4|17|20||31|67|.463|2|14|.143|10|20|.500|14|39|12|11|4|14|25
5|5|2013-11-19|@|Duke|L|74|83|25|62|.403|5|14|.357|19|20|.950|12|35|12|6|4|15|22||27|57|.474|5|14|.357|24|31|.774|9|33|17|9|8|10|17
6|6|2013-11-25|N|McNeese State|W|91|62|29|56|.518|14|26|.538|19|27|.704|11|38|16|10|0|14|16||23|61|.377|5|19|.263|11|16|.688|9|28|12|8|1|16|21
7|7|2013-11-26|N|North Carolina-Asheville|W|81|70|27|56|.482|7|21|.333|20|27|.741|8|41|9|3|3|13|15||26|70|.371|7|31|.226|11|14|.786|8|30|11|6|1|8|23
8|8|2013-12-01||North Carolina-Wilmington|L|68|70|24|61|.393|8|25|.320|12|15|.800|12|28|9|7|5|5|15||28|58|.483|4|14|.286|10|17|.588|11|34|13|2|4|10|11
9|9|2013-12-03||Fayetteville State|W|96|78|27|54|.500|11|25|.440|31|46|.674|14|40|16|5|6|11|16||28|67|.418|11|23|.478|11|14|.786|13|31|16|8|3|12|31
10|10|2013-12-08||Mount Olive|W|77|75|22|51|.431|2|16|.125|31|46|.674|10|32|14|9|9|8|16||27|61|.443|6|17|.353|15|20|.750|11|37|14|5|6|13|30
11|11|2013-12-14||North Carolina A&T|W|84|71|24|48|.500|9|21|.429|27|37|.730|9|26|17|9|1|14|24||23|58|.397|6|16|.375|19|26|.731|15|32|12|6|3|17|25
12|12|2013-12-19||Virginia Military Institute|W|103|94|30|54|.556|8|20|.400|35|44|.795|7|31|21|2|4|11|17||34|65|.523|11|26|.423|15|16|.938|4|19|18|4|2|9|30
13|13|2013-12-21|@|North Carolina State|L|79|90|30|63|.476|10|27|.370|9|9|1.000|5|23|17|4|1|10|14||39|67|.582|7|19|.368|5|10|.500|8|32|20|5|9|8|9
14|14|2013-12-29||Georgia State|L|82|89|26|58|.448|8|31|.258|22|34|.647|11|38|21|5|1|13|22||34|66|.515|6|18|.333|15|21|.714|9|34|18|8|1|9|25
15|15|2014-01-02|@|Campbell|W|79|71|27|47|.574|13|23|.565|12|19|.632|6|27|17|5|4|11|16||27|66|.409|5|30|.167|12|19|.632|17|34|13|7|3|6|18
16|16|2014-01-11||Old Dominion|L|70|81|22|55|.400|10|29|.345|16|24|.667|10|27|13|5|2|7|18||31|55|.564|5|13|.385|14|18|.778|9|32|15|2|4|10|20
17|17|2014-01-16|@|Florida Atlantic|L|67|78|21|57|.368|8|27|.296|17|22|.773|17|38|5|2|1|12|21||25|61|.410|10|28|.357|18|23|.783|15|33|12|5|6|6|18
18|18|2014-01-18|@|Florida International|L|64|68|22|50|.440|6|19|.316|14|24|.583|7|26|15|7|0|13|24||24|46|.522|4|15|.267|16|26|.615|7|29|13|9|5|10|19
19|19|2014-01-23||Tulane|L|54|59|18|50|.360|4|20|.200|14|17|.824|10|30|13|5|1|14|19||21|49|.429|5|13|.385|12|21|.571|12|31|10|4|5|11|18
20|20|2014-01-25||Southern Mississippi|L|46|60|16|50|.320|12|34|.353|2|5|.400|6|27|14|5|6|18|18||22|51|.431|4|16|.250|12|16|.750|8|35|17|12|2|15|14
21|21|2014-01-30|@|Middle Tennessee|L|67|84|24|58|.414|6|22|.273|13|19|.684|9|26|8|7|4|11|22||30|57|.526|4|10|.400|20|29|.690|10|36|14|8|5|10|18
22|22|2014-02-01|@|Alabama-Birmingham|W|74|67|26|59|.441|9|22|.409|13|18|.722|9|34|14|4|4|10|17||25|61|.410|5|25|.200|12|21|.571|13|40|17|7|7|11|15
23|23|2014-02-06||Texas-El Paso|L|47|58|17|48|.354|9|20|.450|4|8|.500|5|15|11|6|0|4|14||26|50|.520|4|17|.235|2|5|.400|15|41|14|2|2|11|11
24|24|2014-02-08||Texas-San Antonio|W|81|71|23|46|.500|6|17|.353|29|33|.879|9|32|13|6|4|17|19||25|61|.410|6|21|.286|15|25|.600|15|27|19|8|0|13|25
25|25|2014-02-13|@|Tulsa|L|58|76|21|54|.389|9|24|.375|7|11|.636|7|23|12|6|4|12|18||28|58|.483|6|22|.273|14|18|.778|12|35|16|3|3|10|13
26|26|2014-02-15|@|North Texas|L|51|53|20|52|.385|7|23|.304|4|6|.667|6|27|8|7|2|9|11||21|53|.396|5|19|.263|6|8|.750|9|35|11|6|3|13|9
27|27|2014-02-20||Louisiana Tech|W|75|68|24|52|.462|10|24|.417|17|25|.680|8|33|17|6|4|9|17||24|64|.375|7|28|.250|13|18|.722|12|32|15|5|3|8|21
28|28|2014-02-22||Rice|W|67|55|21|44|.477|6|16|.375|19|27|.704|6|32|13|10|3|13|12||22|54|.407|8|29|.276|3|11|.273|7|27|18|6|2|14|20
29|29|2014-02-27||Charlotte|W|75|68|21|49|.429|12|27|.444|21|28|.750|5|29|15|9|5|13|14||28|61|.459|8|23|.348|4|6|.667|6|32|16|6|0|16|24
30|30|2014-03-02|@|Marshall|L|61|64|21|48|.438|8|22|.364|11|14|.786|3|25|14|5|4|11|16||22|59|.373|7|20|.350|13|21|.619|14|39|18|5|6|11|16
31|31|2014-03-06|@|Old Dominion|L|47|68|14|47|.298|5|19|.263|14|23|.609|9|22|7|4|1|10|14||29|49|.592|10|24|.417|0|3|.000|7|30|20|8|8|9|18
32|32|2014-03-11|N|Texas-San Antonio|W|79|76|22|45|.489|14|29|.483|21|30|.700|6|23|11|7|4|14|20||25|52|.481|12|26|.462|14|22|.636|10|29|11|4|1|16|25
33|33|2014-03-12|@|Texas-El Paso|L|68|77|25|58|.431|12|24|.500|6|11|.545|10|26|11|4|2|14|20||29|56|.518|7|19|.368|12|22|.545|9|29|15|6|5|10|13
34|34|2014-03-18||Wright State|L|59|73|20|50|.400|4|23|.174|15|19|.789|9|23|8|6|1|13|14||27|44|.614|9|15|.600|10|14|.714|4|29|20|6|4|15|18
