ranker|game_season|date_game|game_location|opp_id|game_result|pts|opp_pts|fg|fga|fg_pct|fg3|fg3a|fg3_pct|ft|fta|ft_pct|orb|trb|ast|stl|blk|tov|pf|x|opp_fg|opp_fga|opp_fg_pct|opp_fg3|opp_fg3a|opp_fg3_pct|opp_ft|opp_fta|opp_ft_pct|opp_orb|opp_trb|opp_ast|opp_stl|opp_blk|opp_tov|opp_pf|
1|1|2013-11-08||Albion|W|77|45|30|59|.508|7|15|.467|10|18|.556|11|37|17|6|10|8|19||13|52|.250|3|16|.188|16|19|.842|12|31|6|4|4|14|18
2|2|2013-11-12||Concordia (MI)|W|95|50|31|56|.554|7|11|.636|26|41|.634|11|35|18|14|9|12|20||14|49|.286|8|25|.320|14|18|.778|10|33|8|6|4|28|32
3|3|2013-11-14||Robert Morris|W|69|64|20|48|.417|1|10|.100|28|42|.667|12|41|10|8|13|16|17||24|64|.375|7|25|.280|9|14|.643|9|32|14|7|3|11|26
4|4|2013-11-18||Cleveland State|W|81|69|26|48|.542|5|8|.625|24|39|.615|4|31|17|8|13|12|24||20|67|.299|5|27|.185|24|31|.774|20|44|8|6|2|16|34
5|5|2013-11-23||Texas-Arlington|W|74|69|22|53|.415|8|18|.444|22|28|.786|7|25|13|4|5|6|18||21|44|.477|8|19|.421|19|26|.731|6|30|16|3|5|15|25
6|6|2013-11-27|@|Kentucky|L|63|81|24|66|.364|4|19|.211|11|17|.647|8|26|9|9|4|13|31||25|58|.431|3|16|.188|28|40|.700|17|48|11|3|9|20|17
7|7|2013-12-03||Massachusetts|L|57|69|23|58|.397|4|14|.286|7|19|.368|10|32|14|9|11|12|14||25|58|.431|5|17|.294|14|19|.737|12|40|16|6|9|14|21
8|8|2013-12-07|@|Purdue|L|64|69|21|50|.420|7|21|.333|15|21|.714|10|33|9|8|1|19|25||20|50|.400|6|21|.286|23|38|.605|13|28|13|10|5|14|21
9|9|2013-12-10||Green Bay|W|67|58|18|41|.439|3|7|.429|28|39|.718|8|29|9|12|5|11|18||18|51|.353|5|14|.357|17|24|.708|13|33|9|7|4|18|28
10|10|2013-12-21|@|Oakland|W (1 OT)|81|79|31|67|.463|8|28|.286|11|17|.647|10|28|18|6|5|5|14||25|66|.379|14|31|.452|15|17|.882|19|40|19|4|3|11|19
11|11|2013-12-28|@|Duke|L|59|82|21|56|.375|4|18|.222|13|23|.565|10|27|9|11|5|15|20||24|60|.400|10|29|.345|24|32|.750|18|44|19|9|5|13|15
12|12|2013-12-31|@|Syracuse|L|48|70|17|54|.315|7|28|.250|7|11|.636|7|25|14|6|1|18|19||26|51|.510|3|14|.214|15|25|.600|7|36|20|10|7|13|12
13|13|2014-01-04||Rochester (MI)|W|92|54|34|57|.596|3|13|.231|21|29|.724|10|40|12|10|2|14|11||20|59|.339|9|39|.231|5|5|1.000|7|24|14|7|2|18|22
14|14|2014-01-08|@|Bowling Green State|W|56|51|17|49|.347|1|7|.143|21|30|.700|5|34|7|12|4|12|23||16|52|.308|3|16|.188|16|28|.571|8|35|6|5|6|16|24
15|15|2014-01-11|@|Buffalo|L|66|76|24|59|.407|3|17|.176|15|18|.833|14|41|10|5|4|17|18||27|68|.397|8|25|.320|14|20|.700|13|35|22|10|4|8|17
16|16|2014-01-14||Western Michigan|W|56|37|17|47|.362|6|18|.333|16|23|.696|9|27|8|18|6|14|16||12|42|.286|5|20|.250|8|16|.500|11|34|8|8|3|26|20
17|17|2014-01-18|@|Central Michigan|W|72|59|21|48|.438|1|13|.077|29|35|.829|9|35|7|9|2|12|22||19|54|.352|6|26|.231|15|26|.577|11|30|10|7|0|12|25
18|18|2014-01-22||Akron|L|66|78|26|72|.361|5|21|.238|9|15|.600|15|33|8|5|9|9|21||27|58|.466|10|19|.526|14|22|.636|14|37|19|7|14|13|16
19|19|2014-01-25||Ohio|L|56|58|19|55|.345|2|10|.200|16|25|.640|12|41|9|5|5|9|17||20|60|.333|10|28|.357|8|16|.500|11|39|14|8|2|9|21
20|20|2014-01-29||Bowling Green State|W|69|57|24|60|.400|4|14|.286|17|28|.607|14|40|14|10|7|9|16||20|56|.357|8|23|.348|9|14|.643|10|33|13|6|5|17|20
21|21|2014-02-01|@|Miami (OH)|L|61|65|21|55|.382|10|24|.417|9|13|.692|5|26|12|9|5|11|19||22|51|.431|8|16|.500|13|16|.813|8|36|15|5|1|18|16
22|22|2014-02-05|@|Akron|L|48|52|18|45|.400|2|11|.182|10|15|.667|9|34|5|8|1|15|18||17|53|.321|3|23|.130|15|20|.750|11|31|11|7|3|11|12
23|23|2014-02-08||Kent State|W|70|53|21|47|.447|5|12|.417|23|33|.697|5|29|9|5|8|11|16||18|52|.346|4|26|.154|13|18|.722|8|31|8|5|4|15|27
24|24|2014-02-12|@|Ball State|W|73|62|22|48|.458|4|12|.333|25|32|.781|10|26|10|7|8|12|14||22|55|.400|10|22|.455|8|10|.800|15|33|16|5|2|19|21
25|25|2014-02-15||Toledo|W|65|44|23|50|.460|4|11|.364|15|20|.750|8|37|9|8|9|12|15||14|54|.259|7|25|.280|9|14|.643|10|24|9|5|2|15|18
26|26|2014-02-20|@|Northern Illinois|L (2 OT)|59|61|17|63|.270|2|17|.118|23|38|.605|16|37|2|14|8|12|28||18|62|.290|1|13|.077|24|35|.686|23|53|8|5|6|22|29
27|27|2014-02-23|@|Western Michigan|L|67|75|25|63|.397|9|22|.409|8|18|.444|12|26|9|6|4|12|31||18|44|.409|5|16|.313|34|44|.773|11|37|8|5|2|16|24
28|28|2014-02-26||Central Michigan|W|64|42|22|51|.431|6|18|.333|14|20|.700|8|36|14|10|5|12|17||13|53|.245|8|23|.348|8|18|.444|14|34|9|8|1|15|18
29|29|2014-03-01||Northern Illinois|W|56|52|17|52|.327|3|17|.176|19|24|.792|11|31|5|11|8|14|21||16|43|.372|3|14|.214|17|20|.850|6|25|8|8|4|15|20
30|30|2014-03-04||Ball State|W|72|58|26|64|.406|3|11|.273|17|25|.680|12|32|12|8|6|7|16||20|55|.364|3|14|.214|15|24|.625|15|38|5|2|5|18|20
31|31|2014-03-08|@|Toledo|L|66|77|23|55|.418|9|22|.409|11|18|.611|7|30|15|5|4|13|13||27|63|.429|12|25|.480|11|14|.786|11|32|22|7|7|7|17
32|32|2014-03-10||Central Michigan|W|72|60|26|55|.473|12|28|.429|8|11|.727|7|29|18|4|4|10|9||21|53|.396|10|32|.313|8|10|.800|7|28|14|6|0|13|13
33|33|2014-03-12|N|Northern Illinois|W|53|48|13|44|.295|3|16|.188|24|31|.774|9|31|7|13|7|10|17||14|44|.318|5|17|.294|15|20|.750|9|33|9|5|6|16|21
34|34|2014-03-13|N|Buffalo|W|69|64|23|58|.397|8|21|.381|15|21|.714|11|34|10|6|5|6|17||20|57|.351|13|27|.481|11|18|.611|12|38|14|5|8|11|20
35|35|2014-03-14|N|Toledo|L|44|59|17|53|.321|5|21|.238|5|8|.625|9|26|7|1|8|8|18||21|51|.412|4|14|.286|13|21|.619|13|39|12|4|4|6|14
36|36|2014-03-18||Norfolk State|W|58|54|19|46|.413|7|17|.412|13|19|.684|4|18|10|8|6|7|10||20|48|.417|7|18|.389|7|13|.538|12|38|12|4|3|17|16
37|37|2014-03-22|@|Columbia|L|56|69|21|52|.404|5|15|.333|9|12|.750|6|21|7|8|4|8|15||22|44|.500|10|21|.476|15|18|.833|6|30|18|5|1|12|14
