ranker|game_season|date_game|game_location|opp_id|game_result|pts|opp_pts|fg|fga|fg_pct|fg3|fg3a|fg3_pct|ft|fta|ft_pct|orb|trb|ast|stl|blk|tov|pf|x|opp_fg|opp_fga|opp_fg_pct|opp_fg3|opp_fg3a|opp_fg3_pct|opp_ft|opp_fta|opp_ft_pct|opp_orb|opp_trb|opp_ast|opp_stl|opp_blk|opp_tov|opp_pf|
1|1|2013-11-09||Martin Methodist|W|87|69|30|53|.566|6|15|.400|21|30|.700|6|34|22|2|5|13|18||25|65|.385|6|24|.250|13|16|.813|8|27|12|2|3|14|26
2|2|2013-11-12|@|IUPUI|W|84|78|26|49|.531|4|9|.444|28|31|.903|5|27|16|2|3|10|24||29|59|.492|6|20|.300|14|23|.609|10|28|10|2|4|6|23
3|3|2013-11-18||Mercer|W|89|76|27|50|.540|4|10|.400|31|38|.816|7|32|17|3|3|11|23||25|58|.431|7|21|.333|19|25|.760|10|27|14|6|1|12|28
4|4|2013-11-20||Valparaiso|W|100|92|33|54|.611|9|12|.750|25|34|.735|6|21|24|6|4|8|14||35|57|.614|12|25|.480|10|15|.667|4|20|17|4|7|15|28
5|5|2013-11-23||Anderson (SC)|W|91|68|30|52|.577|6|9|.667|25|30|.833|9|29|24|6|3|12|19||25|52|.481|11|25|.440|7|11|.636|8|24|18|3|2|21|23
6|6|2013-11-26|@|Indiana|L|46|77|16|55|.291|3|16|.188|11|22|.500|6|25|7|5|3|15|25||24|59|.407|4|16|.250|25|35|.714|17|56|12|8|7|16|22
7|7|2013-11-30|@|Ohio|L|59|81|20|53|.377|3|14|.214|16|22|.727|7|27|10|6|3|11|16||30|62|.484|10|24|.417|11|14|.786|11|37|16|5|4|10|22
8|8|2013-12-04|@|Murray State|L|63|65|24|51|.471|2|7|.286|13|21|.619|7|27|11|6|2|10|19||23|51|.451|10|22|.455|9|20|.450|9|28|14|3|7|13|17
9|9|2013-12-07||Miami (OH)|W|78|65|23|44|.523|4|9|.444|28|39|.718|7|40|16|2|5|19|20||23|59|.390|3|16|.188|16|23|.696|4|22|14|14|3|13|27
10|10|2013-12-10|@|Xavier|L|60|63|23|49|.469|4|14|.286|10|18|.556|5|37|11|2|7|17|19||21|58|.362|5|16|.313|16|24|.667|11|34|13|12|5|10|15
11|11|2013-12-14||Jackson State|L|51|57|18|53|.340|1|12|.083|14|22|.636|7|25|14|3|2|12|13||24|53|.453|1|9|.111|8|12|.667|12|40|11|3|5|18|21
12|12|2013-12-21||Butler|L|59|68|22|58|.379|4|12|.333|11|16|.688|6|27|16|7|4|12|20||23|61|.377|6|22|.273|16|23|.696|16|48|11|8|4|13|16
13|13|2013-12-28||Grambling|W|96|61|34|57|.596|7|11|.636|21|30|.700|8|33|27|10|6|13|14||25|67|.373|5|23|.217|6|10|.600|13|29|13|8|5|18|22
14|14|2014-01-01|@|Drake|L|66|94|22|47|.468|2|9|.222|20|32|.625|6|25|8|6|2|17|25||33|54|.611|9|16|.563|19|29|.655|8|32|20|5|3|11|22
15|15|2014-01-04||Indiana State|L|62|81|21|46|.457|5|10|.500|15|24|.625|5|23|14|5|1|15|22||27|52|.519|8|16|.500|19|28|.679|9|33|11|7|5|13|18
16|16|2014-01-08||Northern Iowa|L|53|80|19|47|.404|3|7|.429|12|22|.545|5|29|13|3|3|14|14||28|55|.509|14|30|.467|10|16|.625|3|29|20|9|3|7|19
17|17|2014-01-11|@|Southern Illinois|W|75|69|23|54|.426|8|17|.471|21|30|.700|8|34|14|6|2|10|14||24|60|.400|7|25|.280|14|16|.875|6|31|14|6|6|9|21
18|18|2014-01-15|@|Illinois State|L (1 OT)|78|79|28|59|.475|15|30|.500|7|10|.700|8|31|18|3|2|11|11||31|69|.449|10|30|.333|7|12|.583|11|30|16|8|6|8|13
19|19|2014-01-18||Loyola (IL)|W|53|48|18|51|.353|2|7|.286|15|20|.750|11|29|13|10|6|11|13||18|44|.409|3|11|.273|9|13|.692|7|28|10|5|6|16|19
20|20|2014-01-21|@|Missouri State|L|61|64|19|44|.432|4|13|.308|19|25|.760|3|25|12|7|5|12|21||24|63|.381|4|21|.190|12|19|.632|17|41|14|4|1|11|19
21|21|2014-01-26||Bradley|W|66|60|18|37|.486|3|11|.273|27|33|.818|7|27|13|6|3|12|18||22|52|.423|6|16|.375|10|14|.714|10|24|10|4|3|14|21
22|22|2014-01-29|@|Northern Iowa|L|81|95|26|50|.520|4|12|.333|25|32|.781|7|29|9|5|3|10|26||28|58|.483|17|33|.515|22|28|.786|9|27|18|2|4|6|23
23|23|2014-02-01|@|Wichita State|L|67|81|26|54|.481|5|11|.455|10|18|.556|5|22|17|8|3|10|25||25|55|.455|7|19|.368|24|33|.727|15|35|10|7|5|11|15
24|24|2014-02-05||Missouri State|L|54|66|18|51|.353|0|13|.000|18|28|.643|6|28|8|3|6|16|23||21|52|.404|5|16|.313|19|30|.633|8|40|14|9|1|14|24
25|25|2014-02-09|@|Bradley|L|66|83|21|52|.404|5|17|.294|19|24|.792|8|32|16|5|2|12|18||30|59|.508|5|20|.250|18|24|.750|10|37|14|5|3|9|17
26|26|2014-02-12||Illinois State|W (1 OT)|104|98|28|53|.528|4|9|.444|44|56|.786|6|33|17|5|4|18|22||29|68|.426|11|32|.344|29|32|.906|9|31|13|11|8|19|33
27|27|2014-02-16||Wichita State|L|68|84|24|47|.511|5|11|.455|15|16|.938|2|25|20|3|2|17|19||28|57|.491|8|19|.421|20|21|.952|6|25|13|14|4|8|15
28|28|2014-02-19|@|Indiana State|L|54|59|20|50|.400|3|12|.250|11|16|.688|8|28|12|4|4|9|14||20|47|.426|7|21|.333|12|16|.750|6|29|11|4|7|12|14
29|29|2014-02-22||Southern Illinois|L|56|61|23|52|.442|3|16|.188|7|12|.583|9|26|17|7|6|13|22||19|53|.358|4|12|.333|19|25|.760|19|40|7|8|0|16|12
30|30|2014-02-25||Drake|W|61|48|23|49|.469|6|12|.500|9|16|.563|6|31|15|3|5|11|17||18|45|.400|4|16|.250|8|13|.615|5|26|12|4|8|12|19
31|31|2014-03-01|@|Loyola (IL)|W|75|72|30|53|.566|1|4|.250|14|18|.778|4|27|18|6|4|9|22||23|51|.451|4|15|.267|22|29|.759|6|25|13|5|5|11|16
32|32|2014-03-06|N|Drake|W|69|61|21|41|.512|2|11|.182|25|32|.781|4|27|7|7|8|11|13||23|52|.442|9|16|.563|6|10|.600|4|22|10|6|1|12|21
33|33|2014-03-07|N|Wichita State|L|58|80|21|57|.368|7|16|.438|9|13|.692|10|28|9|4|3|12|20||28|55|.509|10|21|.476|14|25|.560|12|33|13|9|11|9|14
