ranker|game_season|date_game|game_location|opp_id|game_result|pts|opp_pts|fg|fga|fg_pct|fg3|fg3a|fg3_pct|ft|fta|ft_pct|orb|trb|ast|stl|blk|tov|pf|x|opp_fg|opp_fga|opp_fg_pct|opp_fg3|opp_fg3a|opp_fg3_pct|opp_ft|opp_fta|opp_ft_pct|opp_orb|opp_trb|opp_ast|opp_stl|opp_blk|opp_tov|opp_pf|
1|1|2013-11-08|@|California-Irvine|W (1 OT)|98|97|33|64|.516|14|30|.467|18|24|.750|4|31|20|9|3|11|19||36|71|.507|11|24|.458|14|29|.483|15|43|21|5|3|15|20
2|2|2013-11-12|@|Pittsburgh|L|54|75|19|51|.373|6|23|.261|10|16|.625|4|22|15|3|5|15|17||30|67|.448|0|11|.000|15|21|.714|17|46|17|7|2|9|13
3|3|2013-11-16||Cal State Northridge|W|80|64|31|56|.554|5|21|.238|13|18|.722|10|34|15|6|5|15|16||25|56|.446|3|12|.250|11|16|.688|7|22|10|4|2|13|17
4|4|2013-11-20||Cal Poly|W|63|46|20|50|.400|5|20|.250|18|22|.818|7|39|8|4|4|11|16||17|53|.321|2|17|.118|10|16|.625|5|27|6|6|2|6|20
5|5|2013-11-23|@|Pacific|L|77|86|25|56|.446|8|21|.381|19|25|.760|5|24|15|7|5|10|25||26|58|.448|6|17|.353|28|34|.824|13|39|19|3|1|14|23
6|6|2013-11-25||San Diego Christian|W|92|59|33|62|.532|4|20|.200|22|27|.815|9|49|11|8|8|17|16||24|70|.343|4|21|.190|7|11|.636|6|27|11|9|1|15|21
7|7|2013-11-29||Drake|L|74|84|25|53|.472|12|26|.462|12|22|.545|5|24|14|6|2|10|20||32|57|.561|9|21|.429|11|18|.611|5|32|15|6|2|9|18
8|8|2013-11-30||Cal State Bakersfield|W (1 OT)|96|86|28|53|.528|6|18|.333|34|47|.723|6|28|18|9|7|9|21||31|71|.437|10|26|.385|14|21|.667|16|38|15|4|0|17|30
9|9|2013-12-01||Northern Arizona|W (1 OT)|71|67|22|54|.407|9|23|.391|18|26|.692|10|37|14|5|2|10|18||25|58|.431|4|18|.222|13|22|.591|10|36|12|5|0|9|19
10|10|2013-12-07|@|Utah|L|77|90|27|53|.509|8|18|.444|15|20|.750|5|24|12|5|3|11|20||34|57|.596|7|17|.412|15|19|.789|5|26|21|5|2|6|13
11|11|2013-12-14|@|California|L|56|67|19|58|.328|4|16|.250|14|23|.609|8|29|6|10|3|10|16||26|61|.426|4|19|.211|11|17|.647|11|42|16|6|6|13|16
12|12|2013-12-21|N|Florida|L|49|66|16|50|.320|4|17|.235|13|19|.684|6|18|6|7|2|6|18||24|57|.421|5|18|.278|13|21|.619|15|41|12|3|3|11|17
13|13|2013-12-28||California-Merced|W|104|43|39|67|.582|7|23|.304|19|28|.679|17|55|21|12|10|10|16||15|59|.254|6|22|.273|7|20|.350|9|18|8|3|1|16|22
14|14|2014-01-01||Nevada-Las Vegas|L|62|75|25|75|.333|4|17|.235|8|12|.667|13|37|10|7|6|9|20||26|62|.419|1|16|.063|22|29|.759|12|47|11|7|5|12|11
15|15|2014-01-04|@|Boise State|L|79|86|26|57|.456|13|31|.419|14|18|.778|6|23|13|4|4|9|25||24|56|.429|10|24|.417|28|36|.778|12|37|18|4|3|9|14
16|16|2014-01-08||Air Force|W|71|65|19|47|.404|9|19|.474|24|32|.750|5|26|10|7|7|9|18||21|49|.429|6|16|.375|17|22|.773|8|32|9|6|1|13|22
17|17|2014-01-11|@|Colorado State|L|57|76|18|52|.346|8|21|.381|13|18|.722|4|23|11|7|3|6|18||25|52|.481|9|17|.529|17|23|.739|10|41|15|5|1|9|15
18|18|2014-01-15|@|San Diego State|L|60|68|21|55|.382|7|22|.318|11|15|.733|5|34|13|3|3|10|25||18|54|.333|6|17|.353|26|41|.634|13|36|6|6|7|4|14
19|19|2014-01-18||New Mexico|L|78|89|22|60|.367|8|25|.320|26|33|.788|13|32|9|7|1|12|27||26|49|.531|8|22|.364|29|41|.707|9|35|14|4|3|14|25
20|20|2014-01-22||Nevada|L (2 OT)|86|96|30|74|.405|11|26|.423|15|23|.652|12|37|18|7|5|12|16||37|76|.487|10|25|.400|12|20|.600|12|40|15|7|12|10|18
21|21|2014-01-25|@|Nevada-Las Vegas|L (1 OT)|73|75|26|70|.371|11|28|.393|10|18|.556|21|46|14|1|4|9|25||26|62|.419|6|22|.273|17|27|.630|12|39|20|7|6|6|12
22|22|2014-01-29||Wyoming|W|67|62|24|45|.533|5|17|.294|14|21|.667|6|29|10|5|5|6|20||23|48|.479|7|15|.467|9|17|.529|6|24|8|2|2|9|19
23|23|2014-02-05|@|Air Force|W|68|51|25|58|.431|8|26|.308|10|15|.667|10|33|10|13|6|11|14||18|47|.383|9|25|.360|6|11|.545|7|30|15|7|3|20|16
24|24|2014-02-08||San Jose State|W|82|56|28|57|.491|13|28|.464|13|15|.867|8|35|15|8|5|10|16||17|56|.304|8|28|.286|14|16|.875|11|30|7|5|1|12|16
25|25|2014-02-12|@|Nevada|W|75|67|22|55|.400|9|25|.360|22|26|.846|12|36|12|3|4|8|20||22|51|.431|7|18|.389|16|27|.593|9|32|10|3|4|11|21
26|26|2014-02-15||Colorado State|W|75|66|26|51|.510|6|20|.300|17|23|.739|4|28|13|9|3|6|19||22|53|.415|7|18|.389|15|24|.625|9|34|9|2|3|13|18
27|27|2014-02-18|@|Wyoming|L|66|72|21|55|.382|3|11|.273|21|25|.840|6|30|2|4|0|7|31||19|44|.432|1|9|.111|33|44|.750|3|30|10|3|7|6|18
28|28|2014-02-22|@|Utah State|W|79|76|29|66|.439|11|23|.478|10|10|1.000|6|30|17|4|4|3|15||30|59|.508|6|21|.286|10|15|.667|7|35|23|2|5|6|13
29|29|2014-02-26||Boise State|W|76|56|27|56|.482|11|19|.579|11|12|.917|4|28|14|6|4|4|17||19|50|.380|2|18|.111|16|20|.800|10|32|7|1|0|12|15
30|30|2014-03-01||San Diego State|L|67|82|24|50|.480|4|12|.333|15|22|.682|7|20|8|8|5|8|17||27|45|.600|9|15|.600|19|30|.633|9|33|12|4|4|11|19
31|31|2014-03-08|@|San Jose State|W|69|56|24|50|.480|7|23|.304|14|23|.609|6|36|8|8|5|11|13||22|62|.355|5|25|.200|7|11|.636|9|31|13|1|0|9|18
32|32|2014-03-12|N|Air Force|W|61|59|18|54|.333|5|19|.263|20|28|.714|10|32|7|6|2|8|19||20|45|.444|4|15|.267|15|26|.577|5|33|13|2|3|11|23
33|33|2014-03-13|N|New Mexico|L|77|93|25|63|.397|8|27|.296|19|28|.679|7|21|17|5|3|8|23||29|51|.569|4|14|.286|31|38|.816|8|38|21|4|6|14|21
34|34|2014-03-19|@|Texas-El Paso|W|61|56|22|54|.407|8|21|.381|9|11|.818|7|27|12|5|6|9|18||18|51|.353|3|11|.273|17|23|.739|11|34|13|4|4|10|13
35|35|2014-03-24||Princeton|W|72|56|28|59|.475|6|13|.462|10|14|.714|6|37|13|8|6|10|13||20|63|.317|8|30|.267|8|10|.800|10|34|12|6|6|13|14
36|36|2014-03-26||Old Dominion|W|71|64|20|38|.526|4|12|.333|27|34|.794|2|26|6|8|5|15|13||25|65|.385|6|23|.261|8|12|.667|12|31|7|10|1|15|27
37|37|2014-03-31||Siena|L|57|61|22|46|.478|5|16|.313|8|13|.615|4|24|12|6|6|16|17||21|63|.333|4|17|.235|15|17|.882|15|35|8|7|3|8|13
38|38|2014-04-02|@|Siena|W|89|75|23|36|.639|8|15|.533|35|43|.814|3|25|13|6|7|15|24||26|56|.464|5|14|.357|18|24|.750|8|17|13|8|2|10|28
39|39|2014-04-05|@|Siena|L|68|81|18|60|.300|7|23|.304|25|35|.714|14|33|8|7|9|9|27||24|53|.453|4|10|.400|29|38|.763|12|41|14|2|6|15|25
