ranker|game_season|date_game|game_location|opp_id|game_result|pts|opp_pts|fg|fga|fg_pct|fg3|fg3a|fg3_pct|ft|fta|ft_pct|orb|trb|ast|stl|blk|tov|pf|x|opp_fg|opp_fga|opp_fg_pct|opp_fg3|opp_fg3a|opp_fg3_pct|opp_ft|opp_fta|opp_ft_pct|opp_orb|opp_trb|opp_ast|opp_stl|opp_blk|opp_tov|opp_pf|
1|1|2013-11-08||Wofford|W|72|52|25|57|.439|2|11|.182|20|29|.690|19|45|10|4|3|8|19||19|50|.380|2|14|.143|12|18|.667|7|24|5|4|1|10|19
2|2|2013-11-15||Georgia Tech|L|71|80|23|60|.383|6|20|.300|19|29|.655|8|38|10|4|7|13|23||26|67|.388|4|14|.286|24|31|.774|13|47|9|8|4|12|21
3|3|2013-11-21|N|Davidson|L|82|94|29|52|.558|5|12|.417|19|24|.792|7|26|8|2|3|16|27||26|58|.448|8|24|.333|34|41|.829|11|27|9|8|2|5|24
4|4|2013-11-22|N|Temple|L|81|83|28|56|.500|3|10|.300|22|26|.846|6|26|8|4|0|9|18||27|56|.482|11|20|.550|18|23|.783|8|28|11|1|1|10|19
5|5|2013-11-24|N|Nebraska|L|65|73|23|54|.426|3|13|.231|16|30|.533|12|32|7|2|4|7|18||23|52|.442|5|12|.417|22|27|.815|9|29|10|6|7|7|25
6|6|2013-11-29||Appalachian State|W|71|53|27|49|.551|3|11|.273|14|23|.609|7|34|11|7|8|11|17||18|55|.327|4|18|.222|13|17|.765|8|24|8|5|4|14|18
7|7|2013-12-02||Chattanooga|W|87|56|34|67|.507|5|18|.278|14|23|.609|14|48|19|7|10|8|16||19|64|.297|7|19|.368|11|18|.611|10|33|7|5|7|13|18
8|8|2013-12-14||Lipscomb|W|84|75|31|54|.574|9|18|.500|13|22|.591|7|32|23|5|6|16|20||22|51|.431|12|29|.414|19|28|.679|7|26|14|10|1|15|20
9|9|2013-12-19||Gardner-Webb|W|58|49|18|47|.383|3|10|.300|19|25|.760|14|44|9|5|7|17|13||17|54|.315|5|19|.263|10|18|.556|6|23|11|11|4|11|23
10|10|2013-12-21||Western Carolina|W|65|63|18|36|.500|5|10|.500|24|38|.632|7|22|9|3|3|10|13||23|52|.442|9|22|.409|8|10|.800|9|24|12|5|4|9|26
11|11|2013-12-28|@|Colorado|L|70|84|28|56|.500|5|8|.625|9|18|.500|10|22|7|9|1|10|24||25|49|.510|8|20|.400|26|26|1.000|12|34|11|6|3|14|16
12|12|2014-01-03|@|George Washington|L|55|73|23|50|.460|1|10|.100|8|15|.533|9|29|4|6|7|20|22||25|57|.439|3|15|.200|20|28|.714|13|33|10|11|5|10|18
13|13|2014-01-08|@|Missouri|W (1 OT)|70|64|26|60|.433|5|16|.313|13|26|.500|13|36|11|4|8|10|16||22|56|.393|6|16|.375|14|21|.667|6|31|10|6|4|11|20
14|14|2014-01-11||Alabama|W|66|58|15|46|.326|5|14|.357|31|44|.705|10|35|6|8|10|14|17||19|52|.365|4|19|.211|16|23|.696|4|25|7|9|4|10|29
15|15|2014-01-14|@|Florida|L|50|72|16|48|.333|3|9|.333|15|21|.714|10|31|6|5|3|15|14||25|54|.463|11|26|.423|11|20|.550|8|28|18|7|3|8|15
16|16|2014-01-18||Arkansas|W (1 OT)|66|61|18|58|.310|2|14|.143|28|39|.718|21|46|7|6|4|18|20||21|66|.318|7|23|.304|12|20|.600|16|32|11|8|4|13|29
17|17|2014-01-22||South Carolina|W|97|76|27|49|.551|10|18|.556|33|50|.660|13|38|21|6|2|14|26||22|48|.458|8|14|.571|24|36|.667|6|24|8|9|4|15|33
18|18|2014-01-25|@|Kentucky|L|54|79|16|49|.327|4|8|.500|18|28|.643|12|29|9|3|2|20|17||29|58|.500|5|12|.417|16|20|.800|9|27|16|9|11|11|19
19|19|2014-01-29||Vanderbilt|L|54|59|15|55|.273|4|23|.174|20|27|.741|12|36|3|8|4|9|23||15|39|.385|8|18|.444|21|32|.656|4|34|10|3|5|12|19
20|20|2014-02-01|@|Auburn|L|67|74|21|50|.420|6|16|.375|19|28|.679|10|25|12|7|3|13|24||20|43|.465|7|16|.438|27|34|.794|7|26|11|6|5|11|20
21|21|2014-02-06||Louisiana State|W|91|78|27|45|.600|5|9|.556|32|46|.696|9|34|13|3|3|13|17||27|64|.422|9|22|.409|15|22|.682|12|26|14|7|4|9|33
22|22|2014-02-08||Texas A&M|W|62|50|22|53|.415|4|11|.364|14|20|.700|11|36|9|5|7|7|13||19|56|.339|1|19|.053|11|14|.786|11|33|3|4|2|6|17
23|23|2014-02-12|@|Mississippi State|W|75|55|25|46|.543|3|12|.250|22|28|.786|5|36|11|5|4|14|16||20|59|.339|3|25|.120|12|23|.522|10|28|8|7|3|11|20
24|24|2014-02-15||Mississippi|W|61|60|17|52|.327|7|23|.304|20|28|.714|15|44|14|1|7|12|18||19|59|.322|6|21|.286|16|26|.615|9|28|10|7|4|3|22
25|25|2014-02-18|@|Tennessee|L|48|67|17|50|.340|6|13|.462|8|11|.727|8|26|8|4|6|12|18||25|53|.472|6|18|.333|11|18|.611|8|31|8|7|7|7|11
26|26|2014-02-22|@|South Carolina|W|73|56|23|52|.442|8|16|.500|19|29|.655|8|31|9|3|7|11|22||15|57|.263|7|20|.350|19|24|.792|13|32|8|8|6|7|20
27|27|2014-02-25||Missouri|W|71|56|25|48|.521|5|17|.294|16|26|.615|5|30|13|6|4|10|19||17|53|.321|3|18|.167|19|24|.792|9|34|7|0|1|13|24
28|28|2014-03-01|@|Arkansas|L|75|87|22|51|.431|7|18|.389|24|31|.774|9|36|13|2|3|16|25||27|56|.482|7|20|.350|26|36|.722|7|27|13|9|5|8|23
29|29|2014-03-05||Mississippi State|W|66|45|25|58|.431|7|19|.368|9|16|.563|9|35|14|7|6|9|13||17|50|.340|0|15|.000|11|14|.786|7|29|4|7|5|12|15
30|30|2014-03-08|@|Louisiana State|W|69|61|23|48|.479|9|15|.600|14|20|.700|10|35|9|4|1|16|18||20|55|.364|5|23|.217|16|23|.696|10|26|7|6|6|11|20
31|31|2014-03-14|N|Mississippi|W|75|73|19|53|.358|6|19|.316|31|42|.738|13|38|9|6|4|11|21||25|60|.417|2|25|.080|21|31|.677|8|35|7|7|3|8|29
32|32|2014-03-15|N|Kentucky|L|58|70|17|38|.447|3|13|.231|21|30|.700|1|16|6|8|2|7|16||26|51|.510|9|16|.563|9|18|.500|9|34|12|2|2|10|22
33|33|2014-03-19||Vermont|W|63|56|18|36|.500|3|12|.250|24|26|.923|8|29|5|7|4|22|16||22|46|.478|6|14|.429|6|15|.400|7|15|9|14|3|12|21
34|34|2014-03-22||Louisiana Tech|L|71|79|26|57|.456|5|12|.417|14|23|.609|13|36|8|7|5|19|20||26|55|.473|9|22|.409|18|26|.692|9|29|11|13|8|14|21
