ranker|game_season|date_game|game_location|opp_id|game_result|pts|opp_pts|fg|fga|fg_pct|fg3|fg3a|fg3_pct|ft|fta|ft_pct|orb|trb|ast|stl|blk|tov|pf|x|opp_fg|opp_fga|opp_fg_pct|opp_fg3|opp_fg3a|opp_fg3_pct|opp_ft|opp_fta|opp_ft_pct|opp_orb|opp_trb|opp_ast|opp_stl|opp_blk|opp_tov|opp_pf|
1|1|2013-11-08||Presbyterian|W|88|57|35|69|.507|5|19|.263|13|20|.650|13|46|18|10|5|6|18||20|59|.339|6|20|.300|11|15|.733|6|27|9|5|2|12|18
2|2|2013-11-11||Delaware State|W|68|50|24|45|.533|2|10|.200|18|20|.900|4|29|19|5|7|12|11||19|56|.339|6|22|.273|6|9|.667|9|26|12|3|1|12|19
3|3|2013-11-15|@|Georgia|W|80|71|26|67|.388|4|14|.286|24|31|.774|13|47|9|8|4|12|21||23|60|.383|6|20|.300|19|29|.655|8|38|10|4|7|13|23
4|4|2013-11-20||Dayton|L|72|82|24|53|.453|3|14|.214|21|27|.778|10|29|14|7|4|19|18||27|57|.474|8|26|.308|20|25|.800|7|27|17|17|3|11|22
5|5|2013-11-24||North Carolina A&T|W|78|71|22|50|.440|5|15|.333|29|46|.630|10|34|15|9|1|10|24||20|50|.400|10|22|.455|21|31|.677|8|30|16|2|3|14|33
6|6|2013-11-26||Mississippi Valley State|W|76|59|31|61|.508|5|14|.357|9|17|.529|11|47|20|6|8|15|14||20|62|.323|11|29|.379|8|14|.571|7|23|12|6|2|11|15
7|7|2013-11-29|N|Mississippi|L|67|77|23|63|.365|7|20|.350|14|22|.636|9|36|14|7|2|12|16||27|62|.435|8|21|.381|15|21|.714|11|37|12|6|10|10|21
8|8|2013-11-30|N|St. John's (NY)|L|58|69|20|54|.370|6|16|.375|12|14|.857|10|33|11|5|3|20|30||19|43|.442|4|12|.333|27|35|.771|2|25|11|10|7|13|15
9|9|2013-12-03||Illinois|W|67|64|23|56|.411|6|19|.316|15|19|.789|10|29|13|2|2|9|12||23|55|.418|7|23|.304|11|15|.733|7|25|13|3|7|9|19
10|10|2013-12-07||East Tennessee State|W|87|57|33|65|.508|10|23|.435|11|14|.786|13|46|26|10|7|17|16||21|67|.313|4|22|.182|11|15|.733|12|31|13|13|1|15|15
11|11|2013-12-16||Kennesaw State|W|74|57|27|59|.458|2|11|.182|18|29|.621|14|44|14|7|6|11|19||21|55|.382|2|16|.125|13|28|.464|8|31|10|7|4|11|25
12|12|2013-12-21|@|Vanderbilt|L|63|76|25|65|.385|4|25|.160|9|16|.563|13|34|11|2|6|11|19||26|52|.500|7|15|.467|17|29|.586|8|31|17|5|3|9|15
13|13|2013-12-29|@|Charlotte|W|58|55|23|51|.451|4|17|.235|8|10|.800|11|37|10|4|7|16|16||20|60|.333|6|18|.333|9|14|.643|13|28|11|9|1|8|13
14|14|2014-01-04|@|Maryland|L|61|77|23|60|.383|5|19|.263|10|15|.667|6|34|7|2|4|10|17||28|60|.467|10|19|.526|11|17|.647|4|31|16|4|3|6|15
15|15|2014-01-07|@|Duke|L|57|79|26|53|.491|5|16|.313|0|6|.000|4|22|11|3|3|11|17||24|51|.471|9|20|.450|22|25|.880|8|32|12|2|3|6|14
16|16|2014-01-11||Notre Dame|W|74|69|27|63|.429|7|21|.333|13|20|.650|11|39|17|6|6|11|13||28|70|.400|6|24|.250|7|9|.778|11|38|17|6|2|8|18
17|17|2014-01-14||Pittsburgh|L|74|81|26|57|.456|8|22|.364|14|19|.737|5|17|15|7|5|12|24||29|51|.569|2|7|.286|21|31|.677|11|32|18|9|1|14|21
18|18|2014-01-18||Miami (FL)|L|42|56|13|44|.295|4|20|.200|12|18|.667|8|23|9|7|3|13|17||20|43|.465|3|14|.214|13|19|.684|7|28|4|3|1|11|17
19|19|2014-01-21|@|Boston College|W|68|60|25|48|.521|8|15|.533|10|13|.769|5|29|10|4|1|10|14||21|52|.404|8|23|.348|10|13|.769|2|17|7|3|4|4|10
20|20|2014-01-26|@|North Carolina State|L (1 OT)|78|80|28|65|.431|6|18|.333|16|23|.696|18|40|14|5|4|14|19||32|60|.533|5|13|.385|11|20|.550|7|26|14|7|3|10|18
21|21|2014-01-29||North Carolina|L|65|78|23|55|.418|4|17|.235|15|26|.577|5|30|10|1|5|10|21||28|63|.444|5|13|.385|17|23|.739|10|40|20|2|3|6|22
22|22|2014-02-01|@|Wake Forest|W|79|70|26|53|.491|6|13|.462|21|26|.808|10|33|14|8|4|19|24||20|49|.408|3|15|.200|27|33|.818|6|23|13|14|5|16|22
23|23|2014-02-04|@|Clemson|L|41|45|16|46|.348|2|7|.286|7|11|.636|10|34|10|3|3|14|17||15|47|.319|2|13|.154|13|19|.684|9|32|8|3|4|13|16
24|24|2014-02-08||Virginia|L|45|64|18|49|.367|6|15|.400|3|13|.231|6|23|10|5|7|11|16||21|53|.396|5|11|.455|17|19|.895|12|43|10|7|2|9|14
25|25|2014-02-13||Boston College|W|74|71|28|52|.538|4|12|.333|14|19|.737|13|31|14|3|3|11|10||27|53|.509|9|17|.529|8|12|.667|5|17|14|8|2|4|16
26|26|2014-02-18||Duke|L|51|68|18|46|.391|3|9|.333|12|18|.667|7|32|8|2|3|12|18||24|53|.453|10|18|.556|10|20|.500|6|26|14|8|4|4|19
27|27|2014-02-22||Clemson|L|55|63|21|48|.438|6|15|.400|7|13|.538|9|29|11|5|3|15|16||23|50|.460|3|16|.188|14|20|.700|11|31|10|8|4|12|13
28|28|2014-02-26|@|Notre Dame|L|62|65|22|59|.373|10|20|.500|8|11|.727|10|32|16|2|3|6|12||27|58|.466|5|20|.250|6|8|.750|8|35|14|3|5|4|10
29|29|2014-03-02|@|Florida State|L|71|81|25|69|.362|5|27|.185|16|19|.842|17|34|9|5|3|8|23||22|42|.524|6|12|.500|31|37|.838|7|35|9|5|8|14|12
30|30|2014-03-04|@|Syracuse|W|67|62|24|51|.471|4|12|.333|15|21|.714|7|35|18|4|8|8|14||25|64|.391|5|17|.294|7|16|.438|7|32|10|6|6|6|15
31|31|2014-03-08||Virginia Tech|W|62|51|24|49|.490|6|19|.316|8|11|.727|7|26|18|8|1|7|15||20|53|.377|6|23|.261|5|9|.556|11|24|10|2|1|10|10
32|32|2014-03-12|N|Boston College|W (1 OT)|73|70|23|57|.404|5|18|.278|22|29|.759|12|40|10|4|3|12|23||21|51|.412|6|19|.316|22|29|.759|4|30|10|9|0|7|20
33|33|2014-03-13|N|Clemson|L (1 OT)|65|69|24|65|.369|6|17|.353|11|20|.550|17|36|9|5|6|9|21||20|54|.370|4|14|.286|25|29|.862|14|37|6|6|9|11|21
