ranker|game_season|date_game|game_location|opp_id|game_result|pts|opp_pts|fg|fga|fg_pct|fg3|fg3a|fg3_pct|ft|fta|ft_pct|orb|trb|ast|stl|blk|tov|pf|x|opp_fg|opp_fga|opp_fg_pct|opp_fg3|opp_fg3a|opp_fg3_pct|opp_ft|opp_fta|opp_ft_pct|opp_orb|opp_trb|opp_ast|opp_stl|opp_blk|opp_tov|opp_pf|
1|1|2013-11-09||Southern Poly|W|97|78|29|66|.439|11|33|.333|28|32|.875|13|40|16|6|10|9|17||27|71|.380|11|29|.379|13|19|.684|17|36|17|5|1|12|22
2|2|2013-11-12|@|Vanderbilt|L|80|86|28|61|.459|6|22|.273|18|25|.720|10|31|12|4|5|7|19||30|54|.556|10|21|.476|16|27|.593|6|28|20|4|3|9|20
3|3|2013-11-18|N|McNeese State|W|96|70|35|63|.556|10|19|.526|16|20|.800|11|41|13|4|5|11|13||26|68|.382|11|38|.289|7|9|.778|11|27|12|6|2|11|16
4|4|2013-11-19|@|Alabama|L|58|75|22|55|.400|5|17|.294|9|14|.643|6|21|11|8|4|13|21||25|52|.481|6|19|.316|19|25|.760|9|37|10|10|6|13|18
5|5|2013-11-25|N|Canisius|L|71|79|27|63|.429|3|20|.150|14|20|.700|14|32|13|9|3|10|13||29|58|.500|13|23|.565|8|11|.727|8|33|13|2|1|15|20
6|6|2013-11-26|@|Elon|L|85|90|32|60|.533|10|17|.588|11|15|.733|8|25|14|6|3|7|20||27|48|.563|15|24|.625|21|26|.808|6|26|18|2|0|11|15
7|7|2013-11-30|@|Florida International|L|60|61|22|58|.379|7|18|.389|9|16|.563|7|26|10|9|6|7|11||25|55|.455|4|15|.267|7|12|.583|13|45|9|6|8|19|16
8|8|2013-12-04||Young Harris|W|71|54|28|45|.622|1|7|.143|14|22|.636|3|29|12|6|8|11|14||20|60|.333|6|27|.222|8|11|.727|10|28|13|8|3|10|20
9|9|2013-12-07|@|Southern Mississippi|L (1 OT)|65|75|23|61|.377|6|21|.286|13|17|.765|8|26|9|9|6|10|26||19|49|.388|6|21|.286|31|44|.705|14|42|12|7|3|15|18
10|10|2013-12-14||Old Dominion|W|79|73|21|46|.457|5|13|.385|32|42|.762|2|19|14|12|5|7|20||25|49|.510|10|22|.455|13|18|.722|8|29|9|3|5|19|28
11|11|2013-12-20||Georgia Southern|W|73|61|25|51|.490|9|22|.409|14|20|.700|6|31|15|6|5|9|15||22|52|.423|11|26|.423|6|14|.429|9|31|13|7|0|11|18
12|12|2013-12-22|@|Texas-San Antonio|W|99|68|30|54|.556|19|32|.594|20|24|.833|6|21|25|10|8|4|14||22|50|.440|11|25|.440|13|16|.813|11|28|16|3|3|17|19
13|13|2013-12-29|@|East Carolina|W|89|82|34|66|.515|6|18|.333|15|21|.714|9|34|18|8|1|9|25||26|58|.448|8|31|.258|22|34|.647|11|38|21|5|1|13|22
14|14|2014-01-02||Troy|W|81|72|30|58|.517|5|14|.357|16|18|.889|4|21|16|13|4|10|19||22|47|.468|9|18|.500|19|24|.792|12|35|8|1|1|22|13
15|15|2014-01-04|@|South Alabama|W|73|63|20|49|.408|9|20|.450|24|26|.923|1|27|10|3|4|5|21||16|51|.314|7|27|.259|24|31|.774|11|37|8|4|4|10|17
16|16|2014-01-09|@|Western Kentucky|W|77|54|26|54|.481|3|16|.188|22|22|1.000|7|35|10|6|7|10|15||18|63|.286|10|32|.313|8|16|.500|20|41|10|4|1|15|21
17|17|2014-01-16||Arkansas State|W|73|72|28|58|.483|7|21|.333|10|11|.909|5|24|14|6|3|6|12||27|63|.429|11|28|.393|7|11|.636|13|36|19|4|2|12|11
18|18|2014-01-18||Arkansas-Little Rock|W|99|73|34|64|.531|15|34|.441|16|27|.593|8|24|22|14|3|8|21||25|54|.463|2|11|.182|21|23|.913|10|31|13|5|3|20|19
19|19|2014-01-23|@|Louisiana-Lafayette|W|77|70|21|52|.404|8|14|.571|27|37|.730|5|29|10|6|9|7|19||28|70|.400|3|19|.158|11|17|.647|15|45|12|4|5|10|25
20|20|2014-01-25|@|Louisiana-Monroe|W|66|58|22|57|.386|5|17|.294|17|21|.810|11|30|9|11|4|6|15||23|48|.479|4|21|.190|8|10|.800|5|29|12|1|6|15|18
21|21|2014-02-01||Texas-Arlington|W (1 OT)|101|91|32|68|.471|8|21|.381|29|34|.853|8|28|13|19|2|10|26||27|51|.529|13|25|.520|24|36|.667|8|33|16|6|2|22|24
22|22|2014-02-03||South Alabama|W|85|65|29|46|.630|10|17|.588|17|19|.895|6|23|17|7|4|10|12||26|54|.481|6|19|.316|7|8|.875|10|19|14|5|0|12|17
23|23|2014-02-06|@|Arkansas-Little Rock|W|68|57|22|55|.400|5|17|.294|19|24|.792|10|37|12|7|5|13|17||21|57|.368|2|14|.143|13|17|.765|8|31|9|4|3|13|23
24|24|2014-02-15|@|Troy|L|81|85|27|57|.474|9|20|.450|18|26|.692|8|29|11|8|2|4|22||25|51|.490|12|27|.444|23|36|.639|10|35|13|1|3|9|20
25|25|2014-02-17||Texas State|W|68|41|24|46|.522|6|15|.400|14|18|.778|3|30|14|7|6|8|12||15|51|.294|4|16|.250|7|12|.583|8|29|6|3|1|13|18
26|26|2014-02-20||Louisiana-Monroe|W|75|60|27|57|.474|7|26|.269|14|18|.778|5|31|16|9|5|6|13||20|53|.377|9|21|.429|11|19|.579|10|36|11|3|0|13|15
27|27|2014-02-22||Louisiana-Lafayette|W|80|77|27|55|.491|8|17|.471|18|24|.750|9|29|14|9|8|11|23||24|55|.436|10|25|.400|19|29|.655|11|30|13|6|4|14|20
28|28|2014-02-27|@|Texas-Arlington|W|77|49|29|56|.518|8|19|.421|11|12|.917|5|31|14|4|4|2|14||20|56|.357|2|15|.133|7|14|.500|8|29|6|0|3|7|11
29|29|2014-03-01|@|Texas State|W|66|55|21|47|.447|6|16|.375|18|25|.720|6|28|11|5|5|9|19||18|53|.340|3|18|.167|16|26|.615|13|34|6|5|2|12|20
30|30|2014-03-04|@|Arkansas State|W (1 OT)|79|76|27|65|.415|10|26|.385|15|19|.789|9|38|13|6|2|11|15||29|68|.426|12|37|.324|6|10|.600|7|35|13|5|1|9|19
31|31|2014-03-08||Western Kentucky|W|73|55|21|53|.396|7|24|.292|24|33|.727|8|34|7|9|5|7|16||20|57|.351|5|23|.217|10|17|.588|10|36|9|6|1|12|25
32|32|2014-03-15|N|Arkansas State|W|72|45|26|52|.500|6|20|.300|14|20|.700|4|32|17|5|6|3|15||17|53|.321|5|24|.208|6|14|.429|9|32|10|0|3|10|18
33|33|2014-03-16|N|Louisiana-Lafayette|L (1 OT)|81|82|28|58|.483|5|19|.263|20|21|.952|4|30|8|5|7|7|15||32|75|.427|11|26|.423|7|14|.500|19|44|15|4|1|8|15
34|34|2014-03-18|@|Clemson|L|66|78|23|67|.343|7|20|.350|13|14|.929|11|29|11|4|3|5|18||28|55|.509|5|17|.294|17|20|.850|7|37|16|5|9|7|14
