ranker|game_season|date_game|game_location|opp_id|game_result|pts|opp_pts|fg|fga|fg_pct|fg3|fg3a|fg3_pct|ft|fta|ft_pct|orb|trb|ast|stl|blk|tov|pf|x|opp_fg|opp_fga|opp_fg_pct|opp_fg3|opp_fg3a|opp_fg3_pct|opp_ft|opp_fta|opp_ft_pct|opp_orb|opp_trb|opp_ast|opp_stl|opp_blk|opp_tov|opp_pf|
1|1|2013-11-08||Radford|W|76|54|24|48|.500|5|9|.556|23|29|.793|9|41|12|9|4|16|21||20|60|.333|5|21|.238|9|21|.429|11|28|11|8|3|13|27
2|2|2013-11-12||Maine|W|108|81|38|70|.543|11|28|.393|21|28|.750|16|47|21|3|9|13|19||32|74|.432|5|19|.263|12|24|.500|15|36|14|11|2|11|24
3|3|2013-11-16|@|Manhattan|W|80|74|25|53|.472|6|15|.400|24|39|.615|12|37|14|8|6|15|21||23|57|.404|9|30|.300|19|26|.731|9|28|14|8|4|12|27
4|4|2013-11-19||Delaware State|W|94|50|35|58|.603|10|17|.588|14|19|.737|11|38|25|11|6|12|20||17|51|.333|4|15|.267|12|20|.600|7|22|13|6|5|15|15
5|5|2013-11-28|N|Miami (FL)|W (1 OT)|71|63|29|61|.475|8|16|.500|5|9|.556|6|30|10|7|5|6|16||21|58|.362|6|17|.353|15|17|.882|10|35|9|5|6|12|15
6|6|2013-11-29|N|Marquette|L|60|76|20|60|.333|4|19|.211|16|26|.615|13|30|10|4|9|7|18||26|58|.448|8|15|.533|16|20|.800|12|40|17|2|4|11|20
7|7|2013-12-01|N|Creighton|W|60|53|24|61|.393|4|9|.444|8|12|.667|10|31|15|6|6|10|11||19|56|.339|7|25|.280|8|10|.800|10|35|9|2|4|13|17
8|8|2013-12-04||Rutgers|W|93|87|30|57|.526|6|12|.500|27|37|.730|12|30|20|7|3|11|17||31|61|.508|13|27|.481|12|14|.857|11|26|15|2|4|15|28
9|9|2013-12-08|N|Maryland|W|77|75|24|54|.444|3|10|.300|26|33|.788|12|37|15|10|3|19|23||25|64|.391|5|19|.263|20|26|.769|16|33|7|11|5|17|24
10|10|2013-12-11||Boston University|W|70|60|21|53|.396|6|13|.462|22|31|.710|11|38|12|7|7|12|11||22|56|.393|11|27|.407|5|8|.625|5|27|11|5|2|16|24
11|11|2013-12-21||Maryland-Baltimore County|W|74|61|28|53|.528|5|19|.263|13|27|.481|10|32|12|10|7|17|17||24|52|.462|5|15|.333|8|11|.727|6|22|14|10|1|19|21
12|12|2013-12-28|@|Hofstra|W|69|58|24|47|.511|8|16|.500|13|22|.591|9|25|13|12|5|9|17||22|52|.423|7|22|.318|7|14|.500|16|30|7|3|2|16|22
13|13|2013-12-31|@|Kansas State|L|55|72|17|50|.340|3|15|.200|18|30|.600|9|32|11|9|3|13|18||28|58|.483|6|18|.333|10|21|.476|10|33|20|10|3|13|25
14|14|2014-01-03||Georgia|W|73|55|25|57|.439|3|15|.200|20|28|.714|13|33|10|11|5|10|18||23|50|.460|1|10|.100|8|15|.533|9|29|4|6|7|20|22
15|15|2014-01-09|@|La Salle|L|72|76|23|60|.383|3|14|.214|23|31|.742|16|35|10|7|2|8|25||22|45|.489|9|20|.450|23|36|.639|5|27|13|2|8|9|20
16|16|2014-01-11||Rhode Island|W|69|56|29|60|.483|1|11|.091|10|19|.526|10|34|13|7|6|7|20||23|54|.426|2|11|.182|8|12|.667|6|28|9|3|8|9|19
17|17|2014-01-14||Virginia Commonwealth|W|76|66|27|48|.563|2|10|.200|20|32|.625|9|43|14|8|8|19|14||25|68|.368|9|28|.321|7|16|.438|10|25|13|11|2|13|23
18|18|2014-01-18|@|St. Bonaventure|W|79|71|24|51|.471|9|19|.474|22|32|.688|11|31|15|11|3|17|22||22|58|.379|7|26|.269|20|23|.870|12|30|8|8|4|18|24
19|19|2014-01-25|@|George Mason|W|75|69|29|53|.547|4|12|.333|13|23|.565|7|30|20|7|3|9|16||27|58|.466|5|15|.333|10|14|.714|8|28|14|5|3|12|21
20|20|2014-01-29||La Salle|W|69|47|22|42|.524|5|12|.417|20|28|.714|9|42|11|7|6|19|18||15|55|.273|5|22|.227|12|20|.600|8|24|6|10|4|13|23
21|21|2014-02-01|@|Dayton|L|65|75|25|58|.431|7|20|.350|8|15|.533|11|34|17|1|4|11|17||24|53|.453|9|21|.429|18|21|.857|8|32|18|5|0|7|16
22|22|2014-02-05||Duquesne|W|71|57|26|56|.464|6|19|.316|13|25|.520|9|38|23|9|2|15|14||20|59|.339|4|23|.174|13|21|.619|11|35|12|10|2|15|22
23|23|2014-02-08||Fordham|W|93|67|32|54|.593|10|25|.400|19|25|.760|10|37|20|3|1|14|20||21|64|.328|7|28|.250|18|20|.900|16|30|8|10|4|14|20
24|24|2014-02-12|@|Virginia Commonwealth|L|75|92|29|55|.527|6|18|.333|11|20|.550|9|33|13|5|2|20|22||29|61|.475|13|25|.520|21|33|.636|11|34|16|14|2|17|21
25|25|2014-02-15||Massachusetts|L|61|67|22|60|.367|4|13|.308|13|21|.619|10|33|12|7|4|13|21||25|51|.490|5|15|.333|12|26|.462|6|32|16|10|4|15|23
26|26|2014-02-18|@|Richmond|W|73|65|23|57|.404|5|14|.357|22|31|.710|13|41|5|4|2|8|16||26|58|.448|7|20|.350|6|14|.429|8|29|10|4|4|7|23
27|27|2014-02-22|@|Saint Louis|L|59|66|20|61|.328|4|17|.235|15|21|.714|15|38|10|5|1|13|21||24|50|.480|3|16|.188|15|25|.600|7|33|14|6|2|14|20
28|28|2014-03-02||George Mason|W|66|58|21|49|.429|8|19|.421|16|29|.552|13|37|12|7|1|16|17||22|58|.379|3|16|.188|11|14|.786|11|33|12|7|2|12|23
29|29|2014-03-05||Saint Joseph's|W|76|71|25|55|.455|9|20|.450|17|27|.630|11|37|15|3|3|11|15||25|56|.446|8|26|.308|13|22|.591|8|29|19|4|3|7|22
30|30|2014-03-08|@|Fordham|W|70|67|23|48|.479|6|12|.500|18|28|.643|5|25|12|4|1|5|17||24|64|.375|3|24|.125|16|17|.941|18|44|12|1|3|7|24
31|31|2014-03-14|N|Massachusetts|W|85|77|30|59|.508|9|21|.429|16|25|.640|10|33|18|10|5|18|20||28|65|.431|7|24|.292|14|18|.778|11|33|12|8|2|17|24
32|32|2014-03-15|N|Virginia Commonwealth|L|55|74|20|48|.417|5|13|.385|10|19|.526|5|25|13|7|1|15|15||26|56|.464|10|23|.435|12|17|.706|10|34|16|9|4|11|18
33|33|2014-03-21|N|Memphis|L|66|71|25|56|.446|2|12|.167|14|24|.583|13|26|8|9|2|10|16||27|55|.491|6|22|.273|11|16|.688|13|33|19|8|4|12|20
