ranker|game_season|date_game|game_location|opp_id|game_result|pts|opp_pts|fg|fga|fg_pct|fg3|fg3a|fg3_pct|ft|fta|ft_pct|orb|trb|ast|stl|blk|tov|pf|x|opp_fg|opp_fga|opp_fg_pct|opp_fg3|opp_fg3a|opp_fg3_pct|opp_ft|opp_fta|opp_ft_pct|opp_orb|opp_trb|opp_ast|opp_stl|opp_blk|opp_tov|opp_pf|
1|1|2013-11-08||American|W|63|60|20|47|.426|4|14|.286|19|31|.613|9|28|7|10|2|13|16||22|49|.449|9|28|.321|7|11|.636|6|23|12|8|5|15|22
2|2|2013-11-12|@|Lamar|W|68|54|27|50|.540|8|17|.471|6|13|.462|8|29|15|9|4|19|19||19|53|.358|2|11|.182|14|16|.875|8|26|9|7|2|15|15
3|3|2013-11-16||Northern Iowa|W|76|70|24|54|.444|5|16|.313|23|27|.852|10|32|9|3|4|16|21||20|50|.400|6|21|.286|24|28|.857|7|24|8|8|4|13|24
4|4|2013-11-19||Saint Francis (PA)|W|58|46|17|45|.378|3|11|.273|21|31|.677|8|38|8|3|3|17|21||15|50|.300|6|24|.250|10|26|.385|11|33|9|7|5|12|25
5|5|2013-11-23|@|Iona|L|73|89|25|62|.403|4|14|.286|19|25|.760|7|31|13|1|2|15|19||31|62|.500|7|24|.292|20|24|.833|6|34|19|9|5|10|23
6|6|2013-11-26|@|Princeton|L|66|71|23|43|.535|3|11|.273|17|25|.680|4|22|9|7|1|14|21||25|41|.610|6|17|.353|15|23|.652|3|23|17|6|0|15|23
7|7|2013-11-30||Rhode Island|W|61|54|21|50|.420|2|11|.182|17|26|.654|11|33|11|6|8|13|18||20|50|.400|2|10|.200|12|17|.706|7|28|4|7|3|15|24
8|8|2013-12-04||South Florida|L|66|68|24|54|.444|7|17|.412|11|19|.579|6|26|7|5|2|13|24||20|48|.417|1|9|.111|27|37|.730|6|34|9|7|3|12|18
9|9|2013-12-08|N|Oklahoma|L|66|81|19|63|.302|7|28|.250|21|28|.750|11|27|11|8|4|15|23||29|60|.483|1|12|.083|22|29|.759|16|49|9|8|2|19|22
10|10|2013-12-22|N|Iowa State|L|67|79|26|58|.448|8|20|.400|7|12|.583|4|26|10|2|5|14|22||26|57|.456|5|21|.238|22|28|.786|4|34|18|5|1|9|14
11|11|2013-12-23|N|Oregon State|L|54|58|21|54|.389|6|18|.333|6|11|.545|11|29|10|3|2|13|19||19|43|.442|3|10|.300|17|26|.654|5|24|8|5|6|12|15
12|12|2013-12-25|N|Saint Mary's (CA)|W|65|63|21|44|.477|3|5|.600|20|26|.769|4|21|4|4|1|13|23||20|48|.417|9|25|.360|14|24|.583|9|25|12|5|2|13|22
13|13|2014-01-02||Pennsylvania|W|80|77|24|53|.453|6|16|.375|26|36|.722|13|35|10|6|5|13|13||28|61|.459|9|19|.474|12|16|.750|7|25|13|10|3|15|24
14|14|2014-01-04|@|Old Dominion|L|66|71|20|51|.392|2|13|.154|24|32|.750|9|36|8|1|1|15|35||20|45|.444|3|9|.333|28|46|.609|9|33|9|5|4|12|23
15|15|2014-01-09|@|Virginia Commonwealth|L|57|71|23|62|.371|2|11|.182|9|16|.563|13|37|7|6|3|18|27||20|59|.339|3|12|.250|28|39|.718|17|41|12|13|5|11|16
16|16|2014-01-11||Saint Joseph's|L|80|84|31|63|.492|11|23|.478|7|10|.700|4|23|13|9|0|11|16||29|49|.592|7|16|.438|19|26|.731|4|29|14|7|4|14|10
17|17|2014-01-15||Massachusetts|L|87|88|30|68|.441|5|13|.385|22|31|.710|15|32|15|5|10|13|15||35|64|.547|6|14|.429|12|19|.632|9|32|10|9|6|13|23
18|18|2014-01-18|@|Rhode Island|L (1 OT)|69|71|24|51|.471|3|8|.375|18|25|.720|9|31|10|6|6|15|24||21|55|.382|6|14|.429|23|30|.767|8|26|8|7|6|11|20
19|19|2014-01-22|@|Fordham|L|70|76|28|60|.467|6|17|.353|8|11|.727|10|34|10|7|5|13|24||25|51|.490|6|17|.353|20|28|.714|6|29|13|6|6|8|16
20|20|2014-01-25||George Washington|L|69|75|27|58|.466|5|15|.333|10|14|.714|8|28|14|5|3|12|21||29|53|.547|4|12|.333|13|23|.565|7|30|20|7|3|9|16
21|21|2014-02-01|@|Saint Louis|L (1 OT)|81|87|35|68|.515|5|8|.625|6|7|.857|14|38|14|4|6|18|25||28|63|.444|8|22|.364|23|25|.920|10|27|16|13|0|11|11
22|22|2014-02-05||Dayton|L|67|84|18|45|.400|6|12|.500|25|36|.694|12|27|7|6|1|15|22||28|51|.549|6|16|.375|22|30|.733|8|24|14|8|2|9|28
23|23|2014-02-08|@|Duquesne|W|74|68|25|50|.500|4|10|.400|20|28|.714|6|32|10|5|2|13|16||23|55|.418|10|24|.417|12|21|.571|9|28|12|7|1|13|17
24|24|2014-02-12|@|Massachusetts|W|91|80|31|66|.470|7|13|.538|22|29|.759|10|35|18|3|7|11|24||27|68|.397|7|25|.280|19|30|.633|15|35|18|5|10|11|19
25|25|2014-02-15||St. Bonaventure|L|73|85|24|52|.462|6|13|.462|19|22|.864|3|24|14|6|0|14|27||24|51|.471|5|14|.357|32|36|.889|7|29|12|7|5|9|16
26|26|2014-02-19||Saint Louis|L (1 OT)|85|89|29|59|.492|4|15|.267|23|28|.821|7|33|12|6|3|14|22||28|54|.519|12|25|.480|21|35|.600|3|26|15|6|1|12|22
27|27|2014-02-26||Richmond|W|69|60|27|48|.563|4|5|.800|11|20|.550|5|28|12|5|5|9|14||23|62|.371|10|30|.333|4|7|.571|11|30|12|4|3|9|19
28|28|2014-03-02|@|George Washington|L|58|66|22|58|.379|3|16|.188|11|14|.786|11|33|12|7|2|12|23||21|49|.429|8|19|.421|16|29|.552|13|37|12|7|1|16|17
29|29|2014-03-06|@|La Salle|W|59|57|22|61|.361|1|11|.091|14|17|.824|14|43|15|8|3|11|13||19|56|.339|7|20|.350|12|13|.923|7|32|9|8|3|11|15
30|30|2014-03-08||Duquesne|L|69|81|23|58|.397|7|18|.389|16|23|.696|6|25|14|4|4|6|18||29|55|.527|11|21|.524|12|20|.600|7|35|21|2|1|8|18
31|31|2014-03-12|N|Fordham|L|67|70|25|64|.391|6|16|.375|11|17|.647|11|35|10|3|4|9|24||23|65|.354|3|20|.150|21|32|.656|22|47|7|3|4|6|16
