ranker|game_season|date_game|game_location|opp_id|game_result|pts|opp_pts|fg|fga|fg_pct|fg3|fg3a|fg3_pct|ft|fta|ft_pct|orb|trb|ast|stl|blk|tov|pf|x|opp_fg|opp_fga|opp_fg_pct|opp_fg3|opp_fg3a|opp_fg3_pct|opp_ft|opp_fta|opp_ft_pct|opp_orb|opp_trb|opp_ast|opp_stl|opp_blk|opp_tov|opp_pf|
1|1|2013-11-08||William & Mary|W|77|69|26|51|.510|6|12|.500|19|28|.679|7|35|17|10|6|14|19||21|50|.420|6|20|.300|21|29|.724|6|28|14|9|0|14|19
2|2|2013-11-12|@|Saint Peter's|W|64|59|19|47|.404|5|13|.385|21|30|.700|5|28|11|2|6|11|23||18|47|.383|2|12|.167|21|32|.656|12|39|7|7|4|15|24
3|3|2013-11-17||Delaware|L|79|90|28|62|.452|5|16|.313|18|28|.643|7|33|17|5|7|15|25||31|64|.484|8|11|.727|20|33|.606|9|37|15|6|4|14|23
4|4|2013-11-20|@|Quinnipiac|L|68|71|24|59|.407|4|14|.286|16|23|.696|6|27|11|8|7|12|28||23|63|.365|7|17|.412|18|30|.600|22|47|15|2|5|13|19
5|5|2013-11-24|@|Missouri State|L|67|81|24|64|.375|8|24|.333|11|15|.733|13|35|8|5|3|17|18||31|59|.525|4|12|.333|15|23|.652|7|31|15|11|3|10|18
6|6|2013-11-26|@|Virginia|L|40|69|17|52|.327|2|14|.143|4|6|.667|3|17|4|7|8|17|18||24|47|.511|8|12|.667|13|23|.565|8|39|17|10|6|18|14
7|7|2013-11-29|N|Liberty|L|53|70|17|51|.333|2|12|.167|17|23|.739|4|19|12|11|8|10|13||29|59|.492|7|14|.500|5|8|.625|13|43|17|4|2|16|15
8|8|2013-11-30|N|Arkansas-Pine Bluff|W|72|65|23|50|.460|9|24|.375|17|24|.708|12|32|16|7|6|16|21||21|47|.447|5|9|.556|18|24|.750|6|21|9|8|3|14|17
9|9|2013-12-07||Florida A&M|W|72|62|26|60|.433|2|13|.154|18|32|.563|10|41|12|8|5|14|18||22|59|.373|5|15|.333|13|27|.481|11|39|7|4|6|21|25
10|10|2013-12-09||Bethune-Cookman|W|85|52|27|52|.519|8|19|.421|23|33|.697|11|32|13|8|9|9|18||16|59|.271|3|18|.167|17|26|.654|19|33|2|4|1|15|24
11|11|2013-12-18|@|Northern Kentucky|L (1 OT)|67|69|25|61|.410|7|22|.318|10|17|.588|11|36|11|4|9|12|20||20|54|.370|7|21|.333|22|31|.710|6|29|7|4|4|11|16
12|12|2013-12-21|N|James Madison|L|49|55|18|57|.316|6|25|.240|7|15|.467|13|29|10|9|3|14|17||18|41|.439|7|17|.412|12|22|.545|6|33|6|8|3|18|16
13|13|2013-12-29||Winthrop|W (2 OT)|101|95|31|67|.463|9|18|.500|30|41|.732|11|36|16|7|10|18|29||25|68|.368|11|29|.379|34|38|.895|15|38|11|2|2|20|31
14|14|2014-01-04||Radford|W|87|60|31|58|.534|5|11|.455|20|38|.526|11|35|11|8|4|10|29||19|57|.333|4|14|.286|18|37|.486|17|40|7|4|6|17|29
15|15|2014-01-07|@|North Carolina Central|L|61|74|17|63|.270|5|22|.227|22|29|.759|12|34|7|9|5|15|21||27|55|.491|6|14|.429|14|22|.636|10|39|19|4|6|22|27
16|16|2014-01-11|@|Delaware State|W|73|60|29|55|.527|4|11|.364|11|16|.688|11|37|18|6|7|16|25||17|61|.279|0|17|.000|26|37|.703|18|31|4|6|3|7|12
17|17|2014-01-18||Coppin State|L|68|71|24|44|.545|6|11|.545|14|27|.519|5|30|16|10|6|22|24||20|58|.345|7|25|.280|24|32|.750|15|31|6|7|2|19|21
18|18|2014-01-20||Morgan State|L|71|80|19|61|.311|6|22|.273|27|37|.730|13|42|7|6|8|16|24||29|64|.453|3|9|.333|19|27|.704|9|38|9|8|6|15|29
19|19|2014-01-25|@|Savannah State|W|80|71|24|60|.400|4|13|.308|28|44|.636|15|39|12|12|3|16|19||27|66|.409|6|22|.273|11|20|.550|11|34|13|11|5|19|29
20|20|2014-01-27|@|South Carolina State|W|67|56|23|57|.404|3|12|.250|18|28|.643|10|38|12|12|11|14|16||19|65|.292|10|23|.435|8|11|.727|15|40|15|6|6|20|22
21|21|2014-02-01|@|Coppin State|W (1 OT)|79|76|27|56|.482|6|21|.286|19|31|.613|13|39|14|8|5|17|31||21|63|.333|10|32|.313|24|35|.686|17|34|14|8|1|15|24
22|22|2014-02-03|@|Morgan State|L (2 OT)|92|94|27|69|.391|5|15|.333|33|55|.600|23|54|8|5|8|16|44||27|65|.415|7|20|.350|33|60|.550|12|36|15|5|6|12|35
23|23|2014-02-08||Howard|W|63|47|18|52|.346|6|18|.333|21|27|.778|16|43|12|13|8|22|22||14|49|.286|3|12|.250|16|23|.696|10|31|2|9|5|22|22
24|24|2014-02-10||Maryland-Eastern Shore|W|71|65|28|64|.438|4|18|.222|11|27|.407|17|38|13|5|6|8|25||16|48|.333|8|14|.571|25|34|.735|10|33|5|2|4|10|21
25|25|2014-02-15|@|Norfolk State|W (1 OT)|79|73|24|58|.414|5|21|.238|26|34|.765|11|33|10|7|4|13|24||24|63|.381|8|23|.348|17|25|.680|14|35|11|7|7|16|27
26|26|2014-02-22|@|Howard|W|81|78|23|54|.426|5|17|.294|30|42|.714|8|35|5|8|2|20|35||20|45|.444|7|14|.500|31|50|.620|2|24|4|2|3|20|29
27|27|2014-02-24|@|Maryland-Eastern Shore|W|104|89|33|66|.500|6|15|.400|32|43|.744|15|44|23|5|4|17|28||28|64|.438|6|23|.261|27|34|.794|8|26|12|11|0|10|25
28|28|2014-03-01||Norfolk State|W|61|53|21|56|.375|5|19|.263|14|23|.609|11|30|8|12|4|16|16||19|44|.432|3|11|.273|12|20|.600|6|31|11|3|2|25|19
29|29|2014-03-06||North Carolina A&T|W|89|71|28|54|.519|10|20|.500|23|40|.575|8|33|17|7|7|11|25||21|52|.404|7|17|.412|22|35|.629|8|33|6|3|1|15|29
30|30|2014-03-12|N|Coppin State|L|77|83|27|75|.360|7|28|.250|16|24|.667|22|43|10|7|1|17|32||23|50|.460|8|20|.400|29|41|.707|5|32|9|8|5|16|20
31|31|2014-03-19|@|Penn State|L|65|69|19|46|.413|6|14|.429|21|29|.724|1|16|6|3|4|7|29||17|42|.405|5|17|.294|30|40|.750|10|39|6|4|5|13|22
