ranker|game_season|date_game|game_location|opp_id|game_result|pts|opp_pts|fg|fga|fg_pct|fg3|fg3a|fg3_pct|ft|fta|ft_pct|orb|trb|ast|stl|blk|tov|pf|x|opp_fg|opp_fga|opp_fg_pct|opp_fg3|opp_fg3a|opp_fg3_pct|opp_ft|opp_fta|opp_ft_pct|opp_orb|opp_trb|opp_ast|opp_stl|opp_blk|opp_tov|opp_pf|
1|1|2013-11-08||Tennessee State|W|85|55|26|57|.456|5|19|.263|28|37|.757|12|47|14|9|6|9|17||21|57|.368|1|15|.067|12|17|.706|5|25|8|3|1|14|22
2|2|2013-11-10||Western Michigan|W|78|68|24|53|.453|7|21|.333|23|29|.793|9|32|11|2|3|13|21||20|47|.426|8|23|.348|20|28|.714|6|21|6|4|2|11|25
3|3|2013-11-12||New Mexico State|L|88|95|30|70|.429|7|20|.350|21|30|.700|8|23|12|9|6|9|26||30|52|.577|6|14|.429|29|40|.725|8|38|13|4|6|18|22
4|4|2013-11-16|N|Missouri|L|80|92|28|67|.418|5|21|.238|19|25|.760|9|25|8|5|2|13|24||34|59|.576|4|12|.333|20|32|.625|11|41|16|7|7|16|21
5|5|2013-11-21||Hawaii-Hilo|W|114|63|47|75|.627|7|18|.389|13|22|.591|13|46|26|7|9|11|16||25|67|.373|5|21|.238|8|12|.667|4|17|13|5|3|14|16
6|6|2013-11-27||New Orleans|W|91|58|31|69|.449|10|20|.500|19|26|.731|21|52|22|6|9|21|26||16|58|.276|4|19|.211|22|28|.786|10|27|4|11|1|15|21
7|7|2013-11-30||Montana|W|72|61|28|49|.571|3|9|.333|13|28|.464|10|33|12|6|4|10|18||20|56|.357|5|27|.185|16|19|.842|7|23|6|6|1|11|22
8|8|2013-12-07|@|Northern Arizona|W|76|66|26|53|.491|6|15|.400|18|22|.818|6|25|14|14|6|12|14||26|56|.464|10|22|.455|4|6|.667|9|28|14|4|4|19|16
9|9|2013-12-14|@|Chaminade|W|94|84|27|52|.519|8|22|.364|32|45|.711|10|39|14|3|9|16|26||26|68|.382|8|27|.296|24|31|.774|12|27|13|1|3|10|33
10|10|2013-12-22||Boise State|L|61|62|23|50|.460|6|13|.462|9|13|.692|6|21|9|4|1|16|17||23|48|.479|9|18|.500|7|9|.778|4|17|17|6|3|15|17
11|11|2013-12-23||Saint Mary's (CA)|W|76|74|25|50|.500|4|13|.308|22|29|.759|9|22|10|8|2|10|18||26|49|.531|10|21|.476|12|17|.706|12|26|16|5|5|16|22
12|12|2013-12-25||Oregon State|W|79|73|28|57|.491|7|12|.583|16|29|.552|12|31|18|4|3|9|20||26|59|.441|6|18|.333|15|16|.938|9|31|12|2|5|17|26
13|13|2013-12-30||Norfolk State|W|77|66|25|49|.510|7|14|.500|20|28|.714|10|27|14|13|5|16|10||24|54|.444|7|17|.412|11|13|.846|11|22|14|10|4|17|20
14|14|2014-01-03||Nebraska-Omaha|W|77|73|25|63|.397|2|16|.125|25|35|.714|14|42|12|6|4|12|22||23|59|.390|5|18|.278|22|27|.815|5|30|9|7|1|11|24
15|15|2014-01-09|@|Cal Poly|L|65|77|26|57|.456|4|19|.211|9|14|.643|10|29|16|6|4|13|15||28|56|.500|8|19|.421|13|16|.813|9|31|18|9|4|12|16
16|16|2014-01-11|@|Cal State Northridge|L|78|79|27|61|.443|7|23|.304|17|21|.810|18|33|17|10|3|13|21||23|48|.479|5|11|.455|28|31|.903|10|29|14|7|3|15|13
17|17|2014-01-18||California-Riverside|W|100|69|34|69|.493|7|20|.350|25|32|.781|14|38|16|8|3|13|27||20|51|.392|3|17|.176|26|39|.667|5|24|7|9|2|18|25
18|18|2014-01-23|@|California-Davis|W|90|73|32|55|.582|7|18|.389|19|23|.826|5|28|14|9|3|9|17||27|53|.509|10|23|.435|9|13|.692|4|20|9|4|2|14|18
19|19|2014-01-25|@|California-Irvine|W (1 OT)|90|86|32|67|.478|6|22|.273|20|26|.769|11|30|18|2|2|12|22||33|60|.550|3|13|.231|17|27|.630|6|28|16|11|9|8|23
20|20|2014-01-30||Long Beach State|L|83|92|30|64|.469|11|27|.407|12|18|.667|12|30|17|6|1|10|23||33|55|.600|4|12|.333|22|30|.733|7|31|6|7|3|11|19
21|21|2014-02-01||Cal State Northridge|W|77|63|29|71|.408|5|24|.208|14|22|.636|19|41|11|2|2|6|17||22|51|.431|4|14|.286|15|27|.556|9|33|7|3|2|8|22
22|22|2014-02-06||California-Santa Barbara|L|64|75|25|68|.368|3|19|.158|11|16|.688|16|35|7|6|2|10|18||25|57|.439|8|22|.364|17|26|.654|15|40|10|4|9|12|16
23|23|2014-02-08||Cal Poly|W|69|60|23|47|.489|2|11|.182|21|27|.778|10|34|12|4|0|11|14||22|57|.386|10|28|.357|6|8|.750|7|19|12|6|4|8|19
24|24|2014-02-13|@|California-Riverside|W|87|76|29|54|.537|7|15|.467|22|29|.759|10|32|19|3|2|11|22||27|64|.422|5|16|.313|17|23|.739|11|28|16|5|8|9|21
25|25|2014-02-15|@|Cal State Fullerton|W|83|80|27|54|.500|5|9|.556|24|26|.923|6|29|17|6|2|13|19||29|65|.446|6|17|.353|16|22|.727|12|27|14|6|4|12|20
26|26|2014-02-20||California-Irvine|L (1 OT)|56|60|16|54|.296|4|17|.235|20|23|.870|11|37|7|5|3|8|17||22|58|.379|6|22|.273|10|20|.500|10|35|12|4|5|10|19
27|27|2014-02-22||California-Davis|W|86|77|32|56|.571|4|11|.364|18|27|.667|8|32|16|5|2|11|19||23|52|.442|9|21|.429|22|31|.710|5|26|12|4|1|11|23
28|28|2014-02-27|@|Long Beach State|L|61|63|24|55|.436|5|13|.385|8|11|.727|8|30|12|2|2|11|13||27|65|.415|7|26|.269|2|4|.500|14|33|12|4|4|10|11
29|29|2014-03-06|@|California-Santa Barbara|L|77|86|32|69|.464|6|14|.429|7|14|.500|12|34|18|7|3|10|25||24|50|.480|10|16|.625|28|41|.683|8|30|18|5|3|13|14
30|30|2014-03-08||Cal State Fullerton|W|81|77|27|55|.491|3|11|.273|24|34|.706|11|32|8|7|4|12|15||28|65|.431|7|24|.292|14|17|.824|13|33|13|5|2|11|26
31|31|2014-03-13|N|Cal State Northridge|L (1 OT)|84|87|28|59|.475|7|22|.318|21|28|.750|8|28|16|6|3|11|23||30|56|.536|4|13|.308|23|27|.852|7|31|14|4|3|15|19
