ranker|game_season|date_game|game_location|opp_id|game_result|pts|opp_pts|fg|fga|fg_pct|fg3|fg3a|fg3_pct|ft|fta|ft_pct|orb|trb|ast|stl|blk|tov|pf|x|opp_fg|opp_fga|opp_fg_pct|opp_fg3|opp_fg3a|opp_fg3_pct|opp_ft|opp_fta|opp_ft_pct|opp_orb|opp_trb|opp_ast|opp_stl|opp_blk|opp_tov|opp_pf|
1|1|2013-11-10|N|Harvard|L|72|82|25|60|.417|5|14|.357|17|21|.810|4|21|8|5|5|9|22||29|63|.460|6|17|.353|18|21|.857|11|37|18|5|6|12|20
2|2|2013-11-13||Sacred Heart|W (2 OT)|122|118|33|70|.471|11|23|.478|45|56|.804|17|42|22|8|3|16|28||38|76|.500|10|26|.385|32|38|.842|11|31|19|7|5|15|37
3|3|2013-11-15|@|North Carolina|L|54|62|15|51|.294|5|22|.227|19|26|.731|6|31|9|3|2|16|21||23|60|.383|3|10|.300|13|18|.722|7|38|15|6|7|9|25
4|4|2013-11-20|@|Fairfield|W|63|49|23|48|.479|5|12|.417|12|20|.600|6|32|12|8|3|10|16||17|51|.333|7|23|.304|8|15|.533|8|31|10|2|2|11|22
5|5|2013-11-23|N|Belmont|L|70|81|21|47|.447|7|17|.412|21|24|.875|5|19|10|8|2|16|18||29|51|.569|9|17|.529|14|21|.667|8|28|15|8|0|15|19
6|6|2013-11-24|N|Hartford|W|80|55|27|46|.587|4|11|.364|22|32|.688|9|31|15|10|2|14|22||15|40|.375|9|23|.391|16|22|.727|3|16|10|7|0|21|25
7|7|2013-11-30|@|New Hampshire|W|63|52|22|53|.415|6|19|.316|13|21|.619|8|31|9|5|2|14|19||16|44|.364|5|18|.278|15|19|.789|4|29|7|6|4|16|19
8|8|2013-12-04||Albany (NY)|W|62|57|22|56|.393|5|14|.357|13|16|.813|11|30|10|5|2|11|15||22|49|.449|3|9|.333|10|11|.909|5|28|12|5|5|15|18
9|9|2013-12-07|@|Hartford|L|78|90|29|47|.617|8|17|.471|12|20|.600|2|17|12|6|3|14|25||31|53|.585|8|19|.421|20|26|.769|8|24|18|5|1|11|19
10|10|2013-12-16||Canisius|L|73|83|23|57|.404|7|24|.292|20|26|.769|10|30|14|4|2|13|22||26|55|.473|8|20|.400|23|28|.821|10|36|13|7|5|13|20
11|11|2013-12-21|@|NJIT|W|74|53|22|53|.415|8|22|.364|22|31|.710|7|39|14|8|9|17|19||18|60|.300|2|14|.143|15|24|.625|12|33|6|12|5|13|23
12|12|2013-12-28|@|Michigan|L|66|88|25|61|.410|10|23|.435|6|10|.600|8|28|13|4|2|8|18||33|59|.559|8|18|.444|14|19|.737|8|35|16|5|3|7|11
13|13|2014-01-02|@|Boston University|L|60|70|22|57|.386|8|23|.348|8|15|.533|6|29|7|7|2|18|18||23|54|.426|6|19|.316|18|20|.900|9|39|15|8|2|16|19
14|14|2014-01-05||American|L|54|69|17|56|.304|5|21|.238|15|21|.714|12|29|9|9|4|14|15||27|52|.519|4|14|.286|11|11|1.000|6|31|21|6|6|12|18
15|15|2014-01-08||Colgate|W|73|64|22|48|.458|7|16|.438|22|31|.710|8|30|12|7|4|8|15||24|53|.453|5|16|.313|11|13|.846|7|25|14|4|1|12|25
16|16|2014-01-11|@|Bucknell|L|57|61|24|62|.387|5|17|.294|4|8|.500|11|28|6|8|5|8|12||22|49|.449|4|14|.286|13|15|.867|5|28|11|3|3|12|13
17|17|2014-01-15|@|Army|W|78|75|24|48|.500|2|8|.250|28|37|.757|10|33|5|3|6|10|17||29|64|.453|8|16|.500|9|15|.600|8|26|13|4|3|6|27
18|18|2014-01-18||Lehigh|W|61|42|24|55|.436|5|20|.250|8|12|.667|4|32|13|4|5|7|17||16|54|.296|3|13|.231|7|11|.636|11|32|7|3|3|12|14
19|19|2014-01-22|@|Lafayette|W|59|58|20|50|.400|7|21|.333|12|16|.750|13|29|9|4|3|10|16||20|45|.444|4|13|.308|14|14|1.000|5|21|5|2|3|7|15
20|20|2014-01-25|@|Navy|W|67|52|19|41|.463|5|18|.278|24|30|.800|10|33|7|5|3|15|20||18|48|.375|7|19|.368|9|17|.529|10|26|11|5|3|14|25
21|21|2014-01-29||Loyola (MD)|W|60|51|20|45|.444|2|10|.200|18|29|.621|8|36|12|5|10|12|15||17|50|.340|7|12|.583|10|19|.526|7|24|9|7|4|12|25
22|22|2014-02-01|@|American|L|57|63|24|40|.600|3|10|.300|6|9|.667|3|21|9|4|4|12|16||24|50|.480|2|7|.286|13|16|.813|7|21|14|6|2|7|10
23|23|2014-02-04|@|Colgate|W|69|68|28|53|.528|7|18|.389|6|7|.857|8|22|11|8|1|9|12||28|48|.583|9|17|.529|3|4|.750|5|18|18|6|4|10|11
24|24|2014-02-09||Bucknell|W|66|50|23|55|.418|6|15|.400|14|21|.667|13|37|11|9|6|9|15||16|49|.327|7|22|.318|11|13|.846|5|24|8|5|2|12|20
25|25|2014-02-12||Army|W|66|63|22|51|.431|10|20|.500|12|14|.857|7|31|19|7|2|13|15||25|57|.439|8|23|.348|5|12|.417|9|31|15|5|1|11|14
26|26|2014-02-15|@|Lehigh|W|72|67|24|57|.421|9|20|.450|15|21|.714|9|27|10|3|8|8|15||26|59|.441|9|18|.500|6|8|.750|6|28|17|2|6|11|22
27|27|2014-02-19||Lafayette|L|64|76|22|58|.379|5|25|.200|15|17|.882|13|28|10|6|3|11|18||27|49|.551|10|19|.526|12|13|.923|3|18|13|6|1|13|17
28|28|2014-02-23||Navy|W|74|57|21|53|.396|7|18|.389|25|31|.806|13|43|12|10|4|11|17||21|51|.412|9|24|.375|6|15|.400|4|21|12|3|2|11|20
29|29|2014-02-26|@|Loyola (MD)|W|65|52|18|49|.367|8|21|.381|21|25|.840|9|34|10|4|2|6|15||20|47|.426|3|7|.429|9|18|.500|8|24|10|2|4|11|20
30|30|2014-03-01||Boston University|L|64|68|21|51|.412|7|20|.350|15|22|.682|3|20|16|5|2|8|14||26|50|.520|8|19|.421|8|12|.667|5|30|13|6|5|12|16
31|31|2014-03-05|N|Lehigh|W|54|48|21|52|.404|6|17|.353|6|11|.545|4|31|14|7|8|12|9||20|62|.323|3|21|.143|5|6|.833|10|36|9|7|4|11|13
32|32|2014-03-08|@|American|L|46|57|19|50|.380|6|18|.333|2|5|.400|7|27|11|2|3|11|12||20|45|.444|7|15|.467|10|14|.714|5|25|15|7|2|7|6
33|33|2014-03-17|@|Brown|W|68|65|27|64|.422|9|19|.474|5|7|.714|6|35|15|7|9|11|12||28|73|.384|6|18|.333|3|3|1.000|13|41|11|5|4|12|13
34|34|2014-03-22||Yale|L|66|71|22|51|.431|7|22|.318|15|16|.938|6|20|11|9|4|10|19||26|47|.553|6|9|.667|13|18|.722|5|26|11|5|5|14|16
