ranker|game_season|date_game|game_location|opp_id|game_result|pts|opp_pts|fg|fga|fg_pct|fg3|fg3a|fg3_pct|ft|fta|ft_pct|orb|trb|ast|stl|blk|tov|pf|x|opp_fg|opp_fga|opp_fg_pct|opp_fg3|opp_fg3a|opp_fg3_pct|opp_ft|opp_fta|opp_ft_pct|opp_orb|opp_trb|opp_ast|opp_stl|opp_blk|opp_tov|opp_pf|
1|1|2013-11-08||Alabama State|W|80|63|27|61|.443|4|20|.200|22|30|.733|16|47|14|4|2|15|17||23|66|.348|9|21|.429|8|13|.615|9|27|8|8|3|7|20
2|2|2013-11-10||Jacksonville State|W|86|62|32|61|.525|4|12|.333|18|28|.643|14|35|14|2|11|5|19||23|70|.329|4|20|.200|12|23|.522|19|38|8|2|2|8|20
3|3|2013-11-13||Valparaiso|W|64|52|21|66|.318|5|18|.278|17|23|.739|14|42|9|3|8|8|17||17|52|.327|7|18|.389|11|20|.550|8|31|7|4|5|12|20
4|4|2013-11-17||Bradley|W|81|55|28|59|.475|10|25|.400|15|21|.714|18|48|19|4|5|12|16||21|59|.356|2|13|.154|11|13|.846|9|23|8|6|3|7|20
5|5|2013-11-22||Chicago State|W|77|53|26|54|.481|9|21|.429|16|22|.727|13|35|11|6|4|10|13||18|45|.400|7|20|.350|10|14|.714|3|17|8|4|2|13|19
6|6|2013-11-26|@|Nevada-Las Vegas|W|61|59|24|67|.358|6|18|.333|7|9|.778|11|35|11|7|3|11|14||21|56|.375|4|14|.286|13|16|.813|10|39|8|4|9|13|10
7|7|2013-11-29||IPFW|W|57|55|20|51|.392|4|21|.190|13|23|.565|9|31|6|7|4|12|16||23|53|.434|7|17|.412|2|13|.154|10|33|9|7|2|18|23
8|8|2013-12-03|@|Georgia Tech|L|64|67|23|55|.418|7|23|.304|11|15|.733|7|25|13|3|7|9|19||23|56|.411|6|19|.316|15|19|.789|10|29|13|2|2|9|12
9|9|2013-12-08|N|Auburn|W|81|62|32|52|.615|12|23|.522|5|5|1.000|5|27|19|6|1|14|19||21|52|.404|6|19|.316|14|18|.778|12|25|14|4|1|13|10
10|10|2013-12-10||Dartmouth|W|72|65|26|50|.520|7|18|.389|13|17|.765|4|26|10|2|5|8|16||25|60|.417|7|20|.350|8|9|.889|7|27|12|2|0|10|17
11|11|2013-12-14|N|Oregon|L|64|71|24|56|.429|5|17|.294|11|13|.846|8|25|8|10|2|12|16||29|52|.558|4|15|.267|9|12|.750|5|28|14|6|2|16|15
12|12|2013-12-21|N|Missouri|W|65|64|23|57|.404|8|22|.364|11|18|.611|9|29|7|7|2|11|16||22|49|.449|8|17|.471|12|18|.667|9|31|13|7|4|14|17
13|13|2013-12-28|N|Illinois-Chicago|W|74|60|25|56|.446|5|19|.263|19|25|.760|7|27|9|6|6|4|14||24|52|.462|7|19|.368|5|9|.556|8|29|11|3|2|12|19
14|14|2013-12-31||Indiana|W (1 OT)|83|80|31|69|.449|2|17|.118|19|26|.731|10|28|7|12|5|10|21||23|56|.411|10|22|.455|24|30|.800|12|41|11|3|6|22|22
15|15|2014-01-04||Penn State|W|75|55|20|56|.357|7|23|.304|28|35|.800|10|41|10|8|3|8|20||17|57|.298|5|19|.263|16|22|.727|9|31|3|5|7|11|26
16|16|2014-01-08|@|Wisconsin|L|70|95|25|79|.316|5|19|.263|15|19|.789|23|46|4|3|0|8|23||32|57|.561|8|19|.421|23|33|.697|5|34|11|5|3|4|14
17|17|2014-01-12|@|Northwestern|L|43|49|18|64|.281|4|19|.211|3|6|.500|12|37|11|8|4|5|16||16|43|.372|7|21|.333|10|17|.588|3|33|13|1|2|11|13
18|18|2014-01-15||Purdue|L|58|66|20|52|.385|7|21|.333|11|18|.611|8|27|7|6|3|12|14||26|62|.419|4|19|.211|10|12|.833|12|36|9|6|4|9|17
19|19|2014-01-18||Michigan State|L|62|78|23|61|.377|7|23|.304|9|10|.900|7|22|8|5|1|9|21||29|52|.558|6|15|.400|14|22|.636|8|37|15|5|7|12|16
20|20|2014-01-23|@|Ohio State|L|55|62|21|51|.412|5|18|.278|8|12|.667|8|26|10|5|4|15|16||20|48|.417|8|19|.421|14|19|.737|8|27|11|10|3|12|13
21|21|2014-01-26|@|Indiana|L|46|56|18|54|.333|5|23|.217|5|6|.833|4|26|5|6|5|13|19||20|49|.408|3|12|.250|13|19|.684|8|40|10|5|3|13|10
22|22|2014-02-01||Iowa|L|74|81|25|56|.446|6|15|.400|18|23|.783|7|26|12|6|6|12|24||26|56|.464|5|16|.313|24|30|.800|15|39|13|10|5|15|22
23|23|2014-02-04||Wisconsin|L|63|75|21|52|.404|4|10|.400|17|21|.810|7|23|7|5|3|9|23||22|46|.478|10|23|.435|21|26|.808|8|29|13|4|2|11|18
24|24|2014-02-09|@|Penn State|W|60|55|19|49|.388|7|22|.318|15|23|.652|7|32|10|5|4|6|15||21|55|.382|5|18|.278|8|11|.727|9|32|9|2|1|6|20
25|25|2014-02-12|@|Nebraska|L|58|67|18|49|.367|4|17|.235|18|26|.692|14|35|9|6|1|13|20||19|43|.442|5|15|.333|24|27|.889|4|23|7|6|4|10|23
26|26|2014-02-15||Ohio State|L|39|48|15|53|.283|5|16|.313|4|4|1.000|8|34|8|3|5|13|15||18|47|.383|3|13|.231|9|15|.600|4|29|6|10|7|11|12
27|27|2014-02-19|@|Minnesota|W|62|49|19|45|.422|8|13|.615|16|20|.800|8|27|13|9|4|11|16||19|51|.373|4|25|.160|7|12|.583|12|28|16|6|4|14|16
28|28|2014-02-26||Nebraska|W|60|49|19|51|.373|9|24|.375|13|19|.684|11|34|12|11|0|9|11||20|45|.444|3|13|.231|6|7|.857|3|28|7|3|4|15|19
29|29|2014-03-01|@|Michigan State|W|53|46|21|44|.477|8|18|.444|3|7|.429|5|26|12|14|4|14|16||18|46|.391|6|18|.333|4|11|.364|12|33|12|8|3|16|13
30|30|2014-03-04||Michigan|L|53|84|20|52|.385|2|18|.111|11|16|.688|5|22|7|4|0|8|14||29|51|.569|16|23|.696|10|14|.714|4|33|15|5|1|9|12
31|31|2014-03-08|@|Iowa|W|66|63|25|54|.463|7|19|.368|9|12|.750|8|30|12|8|3|11|16||24|54|.444|6|17|.353|9|14|.643|10|26|16|7|6|8|13
32|32|2014-03-13|N|Indiana|W|64|54|20|50|.400|6|15|.400|18|22|.818|7|28|10|8|6|9|16||18|51|.353|6|20|.300|12|15|.800|9|28|15|3|4|16|18
33|33|2014-03-14|N|Michigan|L|63|64|24|53|.453|5|17|.294|10|12|.833|7|28|10|4|2|8|14||21|47|.447|10|30|.333|12|15|.800|6|26|11|4|2|8|15
34|34|2014-03-19|@|Boston University|W|66|62|23|46|.500|8|17|.471|12|15|.800|6|32|10|3|2|11|13||23|54|.426|11|25|.440|5|11|.455|3|20|18|4|0|6|13
35|35|2014-03-23|@|Clemson|L|49|50|21|56|.375|3|21|.143|4|5|.800|2|20|7|9|2|5|12||20|41|.488|2|11|.182|8|11|.727|2|30|16|0|9|15|8
