ranker|game_season|date_game|game_location|opp_id|game_result|pts|opp_pts|fg|fga|fg_pct|fg3|fg3a|fg3_pct|ft|fta|ft_pct|orb|trb|ast|stl|blk|tov|pf|x|opp_fg|opp_fga|opp_fg_pct|opp_fg3|opp_fg3a|opp_fg3_pct|opp_ft|opp_fta|opp_ft_pct|opp_orb|opp_trb|opp_ast|opp_stl|opp_blk|opp_tov|opp_pf|
1|1|2013-11-09||Drake|L|59|61|21|53|.396|7|23|.304|10|17|.588|7|22|14|6|0|15|23||18|44|.409|5|16|.313|20|23|.870|7|31|7|8|3|18|23
2|2|2013-11-13||Roosevelt|W|87|65|36|60|.600|4|9|.444|11|17|.647|9|29|14|8|2|11|16||23|50|.460|11|17|.647|8|11|.727|8|21|15|8|1|18|15
3|3|2013-11-16||Eastern Illinois|L|66|86|23|57|.404|6|14|.429|14|20|.700|9|26|13|5|2|11|22||28|49|.571|9|14|.643|21|27|.778|5|29|17|5|9|11|17
4|4|2013-11-20||Northwestern|L|58|93|18|62|.290|7|18|.389|15|26|.577|14|32|9|7|3|11|24||31|51|.608|11|20|.550|20|32|.625|7|42|17|5|2|12|23
5|5|2013-11-25|N|San Diego|W|74|70|22|53|.415|8|21|.381|22|31|.710|11|36|8|6|1|11|21||21|55|.382|8|27|.296|20|28|.714|9|30|7|4|4|9|23
6|6|2013-11-26|N|Louisiana Tech|L|78|103|26|63|.413|9|25|.360|17|19|.895|9|29|10|4|1|18|30||33|63|.524|8|21|.381|29|43|.674|10|35|21|10|3|9|20
7|7|2013-11-27|N|Wagner|W|94|76|27|53|.509|6|17|.353|34|40|.850|3|33|10|2|1|7|18||25|62|.403|2|14|.143|24|28|.857|7|29|11|5|3|5|25
8|8|2013-12-04||Southern Methodist|L|65|73|20|57|.351|8|28|.286|17|21|.810|10|27|9|4|2|8|22||26|48|.542|5|9|.556|16|23|.696|7|32|16|3|2|10|17
9|9|2013-12-07|@|Loyola (IL)|L|70|73|27|53|.509|5|14|.357|11|20|.550|10|24|11|9|2|12|21||27|42|.643|3|9|.333|16|21|.762|4|26|14|1|2|17|20
10|10|2013-12-14|@|Southeast Missouri State|W|75|69|29|65|.446|4|17|.235|13|16|.813|9|35|12|5|2|9|18||24|60|.400|5|21|.238|16|19|.842|7|30|15|4|4|10|16
11|11|2013-12-17||Purdue Calumet|W|88|61|32|58|.552|5|16|.313|19|25|.760|7|32|18|12|2|13|17||20|58|.345|8|26|.308|13|17|.765|11|31|14|8|6|18|24
12|12|2013-12-20|@|California-Riverside|L|56|57|22|56|.393|4|15|.267|8|11|.727|6|29|7|7|2|10|14||23|55|.418|3|11|.273|8|13|.615|7|32|8|5|6|13|15
13|13|2013-12-23|@|Colorado State|L|61|74|23|55|.418|5|14|.357|10|15|.667|5|28|7|5|2|11|23||27|62|.435|3|16|.188|17|24|.708|14|42|15|4|5|6|16
14|14|2013-12-28|N|Illinois|L|60|74|24|52|.462|7|19|.368|5|9|.556|8|29|11|3|2|12|19||25|56|.446|5|19|.263|19|25|.760|7|27|9|6|6|4|14
15|15|2014-01-02|@|Valparaiso|L|72|87|28|55|.509|6|15|.400|10|19|.526|8|27|15|7|0|11|26||27|47|.574|10|18|.556|23|41|.561|7|31|14|6|5|11|18
16|16|2014-01-07||Youngstown State|L|62|75|21|55|.382|2|12|.167|18|26|.692|14|32|10|8|1|16|20||28|48|.583|7|15|.467|12|16|.750|1|22|19|8|2|14|22
17|17|2014-01-12|@|Wright State|L|53|58|16|44|.364|7|17|.412|14|22|.636|10|34|8|2|1|17|22||16|47|.340|4|18|.222|22|25|.880|8|27|11|6|4|11|19
18|18|2014-01-16||Milwaukee|L|63|67|20|49|.408|4|17|.235|19|22|.864|9|33|8|7|4|16|21||21|49|.429|9|24|.375|16|23|.696|6|22|15|6|1|11|20
19|19|2014-01-19||Green Bay|L|64|69|21|49|.429|4|13|.308|18|31|.581|10|28|12|7|1|11|19||23|47|.489|4|13|.308|19|26|.731|7|26|16|7|5|11|20
20|20|2014-01-22||Cleveland State|L|64|74|23|55|.418|4|15|.267|14|19|.737|9|28|13|5|3|11|23||25|53|.472|10|15|.667|14|21|.667|11|32|20|2|8|13|20
21|21|2014-01-25|@|Oakland|L|75|76|28|50|.560|8|16|.500|11|14|.786|4|33|19|3|1|22|18||27|57|.474|7|23|.304|15|23|.652|3|17|15|10|2|6|16
22|22|2014-01-29|@|Detroit Mercy|L|68|74|25|59|.424|4|14|.286|14|17|.824|8|32|12|5|3|11|20||28|57|.491|8|20|.400|10|18|.556|8|33|15|6|5|9|15
23|23|2014-02-01||Valparaiso|L|46|70|15|56|.268|3|13|.231|13|22|.591|13|30|11|5|1|10|21||22|48|.458|10|23|.435|16|22|.727|5|36|13|4|10|10|23
24|24|2014-02-05|@|Green Bay|L|70|81|25|62|.403|6|13|.462|14|20|.700|10|28|10|6|1|11|30||26|51|.510|3|8|.375|26|41|.634|11|39|12|7|11|12|15
25|25|2014-02-13|@|Cleveland State|L|53|73|17|48|.354|5|17|.294|14|21|.667|7|28|10|1|2|11|12||30|60|.500|10|18|.556|3|8|.375|12|36|17|7|5|8|19
26|26|2014-02-15|@|Youngstown State|L|56|59|23|58|.397|7|25|.280|3|4|.750|8|37|11|1|1|7|23||18|50|.360|3|14|.214|20|30|.667|10|38|4|5|1|6|8
27|27|2014-02-18||Detroit Mercy|L|59|65|17|47|.362|5|15|.333|20|27|.741|6|28|10|4|3|14|24||20|49|.408|3|8|.375|22|29|.759|8|30|6|8|5|13|24
28|28|2014-02-21||Oakland|L|71|86|22|59|.373|10|30|.333|17|27|.630|10|30|17|6|1|14|27||27|48|.563|9|18|.500|23|33|.697|6|33|19|8|2|14|23
29|29|2014-02-25|@|Milwaukee|W|80|58|27|52|.519|7|17|.412|19|23|.826|8|36|15|6|5|11|23||18|57|.316|6|20|.300|16|26|.615|15|29|11|4|3|10|20
30|30|2014-03-01||Wright State|L|61|68|17|49|.347|2|12|.167|25|29|.862|6|25|5|7|1|14|26||23|46|.500|7|18|.389|15|26|.577|5|30|17|8|4|17|24
31|31|2014-03-04|@|Valparaiso|L|63|73|19|52|.365|3|14|.214|22|30|.733|12|33|7|8|2|15|29||22|47|.468|5|12|.417|24|38|.632|8|31|12|6|6|14|24
