ranker|game_season|date_game|game_location|opp_id|game_result|pts|opp_pts|fg|fga|fg_pct|fg3|fg3a|fg3_pct|ft|fta|ft_pct|orb|trb|ast|stl|blk|tov|pf|x|opp_fg|opp_fga|opp_fg_pct|opp_fg3|opp_fg3a|opp_fg3_pct|opp_ft|opp_fta|opp_ft_pct|opp_orb|opp_trb|opp_ast|opp_stl|opp_blk|opp_tov|opp_pf|
1|1|2013-11-08|@|Florida State|L|67|91|23|56|.411|6|16|.375|15|27|.556|10|26|11|9|2|25|22||32|60|.533|8|21|.381|19|28|.679|12|38|14|11|5|20|25
2|2|2013-11-12||Florida College|W|101|72|32|69|.464|7|20|.350|30|40|.750|16|50|19|10|4|12|17||28|65|.431|7|21|.333|9|21|.429|9|37|16|5|4|17|29
3|3|2013-11-16|@|Gardner-Webb|L|78|87|28|59|.475|2|10|.200|20|25|.800|11|28|13|4|9|13|26||28|57|.491|5|11|.455|26|36|.722|13|36|18|9|3|11|20
4|4|2013-11-18|@|Wake Forest|L|83|90|30|67|.448|6|16|.375|17|26|.654|11|39|11|10|6|15|26||29|75|.387|8|18|.444|24|37|.649|22|53|17|5|5|13|19
5|5|2013-11-23||Florida A&M|W|76|72|28|63|.444|7|19|.368|13|19|.684|16|39|18|4|4|17|20||26|64|.406|5|17|.294|15|26|.577|15|37|9|9|4|12|19
6|6|2013-11-25||Florida|L|60|86|23|61|.377|5|14|.357|9|17|.529|13|29|11|5|0|12|20||31|52|.596|8|13|.615|16|28|.571|9|36|19|7|4|9|15
7|7|2013-12-03||Trinity Baptist|W|88|75|25|57|.439|10|23|.435|28|33|.848|8|34|17|9|7|17|13||28|76|.368|9|33|.273|10|14|.714|17|40|15|10|4|16|23
8|8|2013-12-07|@|Florida Atlantic|L|63|83|22|58|.379|4|15|.267|15|24|.625|9|28|12|5|3|11|19||29|55|.527|7|19|.368|18|26|.692|8|34|16|4|4|9|18
9|9|2013-12-17|@|Central Florida|L|64|104|27|63|.429|5|17|.294|5|13|.385|12|28|12|8|2|14|17||38|63|.603|13|28|.464|15|20|.750|14|41|20|8|4|12|16
10|10|2013-12-20||Samford|L|58|75|23|60|.383|4|24|.167|8|11|.727|10|28|14|7|5|11|16||32|55|.582|3|9|.333|8|14|.571|9|36|18|9|1|15|14
11|11|2013-12-23||South Carolina State|W|61|47|19|41|.463|5|16|.313|18|31|.581|9|35|12|10|2|16|21||16|50|.320|4|22|.182|11|18|.611|12|33|8|4|2|19|25
12|12|2013-12-30||Mercer|L|49|86|16|59|.271|1|17|.059|16|20|.800|10|25|9|7|3|10|18||31|45|.689|10|16|.625|14|21|.667|4|36|21|6|4|17|19
13|13|2014-01-01||Kennesaw State|W|86|66|28|43|.651|11|18|.611|19|23|.826|8|28|15|7|2|16|13||26|56|.464|7|24|.292|7|11|.636|8|16|14|7|1|13|20
14|14|2014-01-04|@|Northern Kentucky|L|66|73|23|62|.371|5|24|.208|15|21|.714|13|30|8|11|6|12|13||23|51|.451|6|18|.333|21|24|.875|7|35|8|6|5|17|17
15|15|2014-01-06|@|Lipscomb|W|88|85|28|55|.509|4|16|.250|28|35|.800|9|35|11|8|5|14|19||28|65|.431|13|34|.382|16|20|.800|7|27|16|7|0|11|21
16|16|2014-01-09||Stetson|W|88|75|36|69|.522|9|22|.409|7|12|.583|8|29|18|11|5|12|27||22|50|.440|7|19|.368|24|32|.750|8|31|17|5|2|18|12
17|17|2014-01-11||Florida Gulf Coast|W|76|69|22|53|.415|9|16|.563|23|29|.793|12|39|17|3|4|17|19||28|65|.431|4|14|.286|9|17|.529|11|30|12|7|4|12|22
18|18|2014-01-17|@|North Florida|L|82|86|28|61|.459|8|20|.400|18|32|.563|10|38|7|3|5|3|22||33|71|.465|7|17|.412|13|22|.591|17|44|7|2|1|3|18
19|19|2014-01-23|@|South Carolina Upstate|L|69|79|25|64|.391|4|19|.211|15|25|.600|12|26|13|8|0|6|21||25|51|.490|8|21|.381|21|29|.724|13|45|16|5|4|17|22
20|20|2014-01-25|@|East Tennessee State|L|75|76|28|59|.475|6|20|.300|13|17|.765|9|34|13|6|5|14|18||27|59|.458|9|19|.474|13|18|.722|5|24|15|10|3|10|18
21|21|2014-01-30||Lipscomb|L|76|88|24|59|.407|6|20|.300|22|30|.733|16|35|8|11|1|17|18||32|55|.582|12|23|.522|12|16|.750|6|30|21|11|1|17|26
22|22|2014-02-01||Northern Kentucky|W|95|77|28|57|.491|8|16|.500|31|36|.861|10|39|16|10|1|16|22||23|47|.489|9|27|.333|22|31|.710|3|24|12|7|2|15|28
23|23|2014-02-06|@|Florida Gulf Coast|L|71|100|27|73|.370|5|23|.217|12|21|.571|16|30|13|4|4|10|16||40|61|.656|6|12|.500|14|19|.737|9|40|19|5|3|14|19
24|24|2014-02-08|@|Stetson|L|68|73|20|46|.435|5|19|.263|23|34|.676|11|30|14|3|3|9|21||24|52|.462|4|14|.286|21|27|.778|11|33|16|4|3|8|25
25|25|2014-02-14||North Florida|L|74|79|26|62|.419|6|20|.300|16|20|.800|13|28|11|14|1|12|14||30|55|.545|10|25|.400|9|12|.750|9|28|19|8|4|17|17
26|26|2014-02-20||East Tennessee State|W|91|86|29|53|.547|10|19|.526|23|30|.767|10|35|18|4|5|12|17||27|61|.443|14|31|.452|18|18|1.000|8|25|19|9|3|8|22
27|27|2014-02-22||South Carolina Upstate|W|88|82|26|43|.605|8|16|.500|28|33|.848|5|28|17|6|2|18|14||31|68|.456|10|28|.357|10|15|.667|16|31|11|8|1|13|27
28|28|2014-02-27|@|Kennesaw State|W|71|69|22|59|.373|4|14|.286|23|30|.767|13|36|10|14|2|12|16||26|63|.413|5|21|.238|12|18|.667|13|36|9|4|5|18|23
29|29|2014-03-01|@|Mercer|L|55|69|20|50|.400|8|23|.348|7|11|.636|7|28|12|6|2|21|22||25|51|.490|5|15|.333|14|22|.636|9|28|16|4|5|11|12
30|30|2014-03-04|@|Mercer|L|64|85|20|48|.417|10|21|.476|14|24|.583|7|29|13|3|5|14|18||28|56|.500|10|21|.476|19|23|.826|8|34|16|9|4|8|20
