ranker|game_season|date_game|game_location|opp_id|game_result|pts|opp_pts|fg|fga|fg_pct|fg3|fg3a|fg3_pct|ft|fta|ft_pct|orb|trb|ast|stl|blk|tov|pf|x|opp_fg|opp_fga|opp_fg_pct|opp_fg3|opp_fg3a|opp_fg3_pct|opp_ft|opp_fta|opp_ft_pct|opp_orb|opp_trb|opp_ast|opp_stl|opp_blk|opp_tov|opp_pf|
1|1|2013-11-08||North Carolina-Asheville|W|89|57|28|59|.475|3|11|.273|30|48|.625|18|46|12|8|6|7|20||22|57|.386|3|13|.231|10|21|.476|10|29|9|1|3|13|32
2|2|2013-11-10||Northern Kentucky|W|93|63|30|55|.545|7|22|.318|26|38|.684|16|50|12|3|5|12|14||21|64|.328|9|35|.257|12|15|.800|9|21|7|2|0|6|25
3|3|2013-11-12|N|Michigan State|L|74|78|25|55|.455|4|20|.200|20|36|.556|18|44|8|1|6|17|19||30|63|.476|5|12|.417|13|17|.765|7|28|17|13|3|7|27
4|4|2013-11-17||Robert Morris|W|87|49|28|57|.491|7|19|.368|24|34|.706|17|56|20|9|11|15|19||16|69|.232|6|23|.261|11|20|.550|14|28|6|4|1|14|26
5|5|2013-11-19||Texas-Arlington|W|105|76|35|69|.507|8|19|.421|27|39|.692|19|42|18|7|8|8|21||26|63|.413|8|19|.421|16|22|.727|12|30|9|3|0|13|29
6|6|2013-11-25||Cleveland State|W|68|61|19|53|.358|3|14|.214|27|35|.771|15|36|10|2|7|11|17||21|59|.356|5|15|.333|14|15|.933|12|29|10|7|1|10|28
7|7|2013-11-27||Eastern Michigan|W|81|63|25|58|.431|3|16|.188|28|40|.700|17|48|11|3|9|20|17||24|66|.364|4|19|.211|11|17|.647|8|26|9|9|4|13|31
8|8|2013-12-01|N|Providence|W|79|65|27|42|.643|6|8|.750|19|25|.760|5|29|12|3|11|13|22||19|61|.311|10|19|.526|17|23|.739|13|24|8|5|3|6|22
9|9|2013-12-06|N|Baylor|L|62|67|21|50|.420|8|17|.471|12|23|.522|7|22|19|0|5|9|16||26|55|.473|2|11|.182|13|22|.591|14|36|14|4|6|13|18
10|10|2013-12-10||Boise State|W|70|55|27|51|.529|4|17|.235|12|18|.667|10|38|7|4|10|18|12||22|69|.319|5|17|.294|6|6|1.000|13|23|5|8|1|7|17
11|11|2013-12-14|@|North Carolina|L|77|82|22|54|.407|4|12|.333|29|43|.674|17|43|9|7|7|17|30||27|56|.482|2|7|.286|26|45|.578|9|28|10|10|6|9|26
12|12|2013-12-21||Belmont|W|93|80|32|58|.552|3|14|.214|26|36|.722|12|38|14|2|4|7|17||30|64|.469|11|30|.367|9|13|.692|6|24|19|5|1|7|29
13|13|2013-12-28||Louisville|W|73|66|27|62|.435|3|14|.214|16|30|.533|15|40|8|3|4|11|19||23|58|.397|6|26|.231|14|22|.636|10|33|8|6|5|12|25
14|14|2014-01-08||Mississippi State|W|85|63|30|61|.492|4|20|.200|21|33|.636|15|40|18|5|7|12|19||23|57|.404|3|11|.273|14|18|.778|6|23|12|8|0|15|22
15|15|2014-01-11|@|Vanderbilt|W|71|62|26|61|.426|6|22|.273|13|22|.591|17|39|11|7|2|10|12||25|50|.500|6|20|.300|6|10|.600|5|27|18|3|4|16|16
16|16|2014-01-14|@|Arkansas|L (1 OT)|85|87|27|56|.482|5|11|.455|26|40|.650|12|44|11|3|8|16|31||26|69|.377|6|21|.286|29|41|.707|13|29|12|10|5|6|29
17|17|2014-01-18||Tennessee|W|74|66|22|50|.440|7|16|.438|23|24|.958|6|19|11|6|4|8|17||24|58|.414|2|13|.154|16|23|.696|18|35|10|4|1|12|20
18|18|2014-01-21||Texas A&M|W|68|51|22|50|.440|6|21|.286|18|27|.667|12|42|12|6|7|15|20||19|51|.373|2|8|.250|11|21|.524|3|21|6|6|2|11|23
19|19|2014-01-25||Georgia|W|79|54|29|58|.500|5|12|.417|16|20|.800|9|27|16|9|11|11|19||16|49|.327|4|8|.500|18|28|.643|12|29|9|3|2|20|17
20|20|2014-01-28|@|Louisiana State|L|82|87|32|73|.438|9|20|.450|9|13|.692|14|39|8|6|4|13|19||32|63|.508|7|18|.389|16|26|.615|9|34|15|11|11|11|12
21|21|2014-02-01|@|Missouri|W|84|79|30|56|.536|8|14|.571|16|24|.667|8|23|11|5|4|7|23||27|51|.529|6|17|.353|19|29|.655|5|28|9|2|3|8|17
22|22|2014-02-04||Mississippi|W|80|64|26|51|.510|2|13|.154|26|36|.722|14|36|10|3|12|9|13||25|65|.385|6|21|.286|8|10|.800|11|22|9|2|5|8|22
23|23|2014-02-08|@|Mississippi State|W|69|59|27|60|.450|3|18|.167|12|18|.667|11|36|12|7|5|9|21||18|47|.383|1|8|.125|22|28|.786|8|31|7|3|1|13|18
24|24|2014-02-12|@|Auburn|W|64|56|17|55|.309|5|12|.417|25|40|.625|21|46|7|6|3|9|18||18|55|.327|2|16|.125|18|24|.750|14|33|2|3|7|8|28
25|25|2014-02-15||Florida|L|59|69|20|42|.476|5|12|.417|14|23|.609|8|29|11|2|3|13|17||22|50|.440|3|13|.231|22|28|.786|9|27|9|7|1|5|16
26|26|2014-02-18|@|Mississippi|W|84|70|25|48|.521|7|19|.368|27|30|.900|10|38|16|5|4|17|17||24|62|.387|9|27|.333|13|15|.867|9|20|11|8|0|13|21
27|27|2014-02-22||Louisiana State|W (1 OT)|77|76|28|67|.418|1|9|.111|20|27|.741|15|41|5|4|8|9|15||27|67|.403|7|17|.412|15|20|.750|12|35|12|5|3|13|20
28|28|2014-02-27||Arkansas|L (1 OT)|67|71|26|76|.342|3|11|.273|12|22|.545|22|40|7|9|4|18|17||24|58|.414|7|19|.368|16|16|1.000|9|33|12|9|8|20|24
29|29|2014-03-01|@|South Carolina|L|67|72|14|52|.269|6|17|.353|33|42|.786|17|41|10|3|4|9|26||21|53|.396|5|13|.385|25|33|.758|10|23|11|6|6|5|26
30|30|2014-03-04||Alabama|W|55|48|16|49|.327|5|28|.179|18|24|.750|13|39|9|4|7|11|11||19|50|.380|3|13|.231|7|11|.636|4|23|7|2|1|7|19
31|31|2014-03-08|@|Florida|L|65|84|23|51|.451|4|10|.400|15|25|.600|6|26|10|7|1|14|22||28|47|.596|9|15|.600|19|29|.655|2|30|20|6|4|10|19
32|32|2014-03-14|N|Louisiana State|W|85|67|26|55|.473|7|17|.412|26|41|.634|13|46|15|7|11|9|21||24|59|.407|7|19|.368|12|24|.500|9|31|13|4|3|12|26
33|33|2014-03-15|N|Georgia|W|70|58|26|51|.510|9|16|.563|9|18|.500|9|34|12|2|2|10|22||17|38|.447|3|13|.231|21|30|.700|1|16|6|8|2|7|16
34|34|2014-03-16|N|Florida|L|60|61|18|51|.353|3|11|.273|21|26|.808|11|35|9|4|8|12|19||23|53|.434|8|19|.421|7|17|.412|11|34|12|9|3|11|22
35|35|2014-03-21|N|Kansas State|W|56|49|19|50|.380|4|15|.267|14|21|.667|12|38|8|4|7|15|11||19|53|.358|5|21|.238|6|12|.500|6|23|8|7|3|9|20
36|36|2014-03-23|N|Wichita State|W|78|76|27|50|.540|8|18|.444|16|22|.727|7|26|11|6|3|11|15||27|49|.551|10|21|.476|12|18|.667|4|23|14|6|3|8|21
37|37|2014-03-28|N|Louisville|W|74|69|24|55|.436|4|14|.286|22|27|.815|13|32|8|5|2|12|19||26|53|.491|4|15|.267|13|23|.565|10|25|11|6|3|10|24
38|38|2014-03-30|N|Michigan|W|75|72|31|58|.534|7|11|.636|6|11|.545|15|32|8|2|6|10|14||27|57|.474|7|18|.389|11|14|.786|11|20|11|4|1|6|14
39|39|2014-04-05|N|Wisconsin|W|74|73|29|58|.500|2|5|.400|14|21|.667|11|32|9|4|1|4|17||23|50|.460|8|20|.400|19|20|.950|6|27|11|4|3|8|18
40|40|2014-04-07|N|Connecticut|L|54|60|18|46|.391|5|16|.313|13|24|.542|10|32|11|6|5|13|10||22|53|.415|6|19|.316|10|10|1.000|7|33|8|9|4|9|17
