ranker|game_season|date_game|game_location|opp_id|game_result|pts|opp_pts|fg|fga|fg_pct|fg3|fg3a|fg3_pct|ft|fta|ft_pct|orb|trb|ast|stl|blk|tov|pf|x|opp_fg|opp_fga|opp_fg_pct|opp_fg3|opp_fg3a|opp_fg3_pct|opp_ft|opp_fta|opp_ft_pct|opp_orb|opp_trb|opp_ast|opp_stl|opp_blk|opp_tov|opp_pf|
1|1|2013-11-09||Manhattan|L (2 OT)|90|99|27|65|.415|6|19|.316|30|40|.750|7|22|24|5|5|12|20||33|73|.452|12|27|.444|21|29|.724|23|48|26|7|6|19|30
2|2|2013-11-12||Quinnipiac|W|73|67|25|65|.385|3|9|.333|20|29|.690|14|41|14|7|2|4|17||23|60|.383|4|13|.308|17|25|.680|10|38|8|3|5|10|22
3|3|2013-11-16||Siena|W|78|74|24|64|.375|6|23|.261|24|32|.750|15|35|10|5|4|8|10||31|64|.484|7|12|.583|5|8|.625|8|34|18|5|4|11|24
4|4|2013-11-19|@|Penn State|L|72|79|26|60|.433|6|16|.375|14|16|.875|10|31|11|3|6|11|17||29|62|.468|9|22|.409|12|14|.857|10|31|18|3|7|8|14
5|5|2013-11-22|N|Morgan State|W|78|59|28|62|.452|9|28|.321|13|19|.684|12|33|13|6|2|9|14||23|51|.451|2|10|.200|11|17|.647|9|27|12|4|6|12|15
6|6|2013-11-24|N|Providence|L|63|71|27|60|.450|2|7|.286|7|12|.583|12|32|10|5|5|11|14||23|61|.377|5|12|.417|20|21|.952|11|29|12|5|9|11|14
7|7|2013-11-25|N|Northern Iowa|L|50|65|18|57|.316|6|24|.250|8|15|.533|11|35|10|6|1|13|18||23|52|.442|7|22|.318|12|16|.750|5|35|14|5|3|12|13
8|8|2013-12-04||Hartford|W|75|62|23|51|.451|4|13|.308|25|34|.735|8|30|9|7|3|11|20||22|49|.449|6|25|.240|12|16|.750|5|25|11|4|2|18|22
9|9|2013-12-07|N|Stony Brook|W|65|57|18|51|.353|4|17|.235|25|33|.758|6|28|12|11|6|8|10||23|57|.404|4|16|.250|7|9|.778|8|32|15|6|8|15|22
10|10|2013-12-15|@|Villanova|L|52|73|19|49|.388|1|13|.077|13|19|.684|5|27|7|6|0|17|18||25|51|.490|6|24|.250|17|24|.708|6|34|20|12|6|12|18
11|11|2013-12-19||Wagner|W|80|54|29|68|.426|9|21|.429|13|20|.650|16|41|21|2|7|3|9||22|57|.386|4|10|.400|6|8|.750|4|26|11|2|7|5|16
12|12|2013-12-22|@|Miami (FL)|L|58|71|23|60|.383|7|18|.389|5|9|.556|10|27|9|4|2|10|17||28|59|.475|4|16|.250|11|18|.611|12|35|13|7|6|7|12
13|13|2014-01-04|@|Pennsylvania|W|76|57|24|54|.444|8|20|.400|20|30|.667|14|42|9|5|5|18|16||20|53|.377|6|22|.273|11|19|.579|7|27|11|8|7|15|23
14|14|2014-01-09||George Washington|W|76|72|22|45|.489|9|20|.450|23|36|.639|5|27|13|2|8|9|20||23|60|.383|3|14|.214|23|31|.742|16|35|10|7|2|8|25
15|15|2014-01-12|@|Duquesne|W|75|56|27|51|.529|10|22|.455|11|15|.733|6|31|17|4|2|17|13||19|53|.358|4|16|.250|14|17|.824|8|26|8|11|5|14|14
16|16|2014-01-15||Rhode Island|W|72|62|24|52|.462|5|17|.294|19|26|.731|6|31|11|2|3|7|18||24|58|.414|3|11|.273|11|21|.524|10|34|16|3|3|9|24
17|17|2014-01-18|N|Temple|W|74|68|28|53|.528|6|17|.353|12|19|.632|7|29|16|4|2|9|13||28|65|.431|4|12|.333|8|13|.615|15|35|12|3|3|8|14
18|18|2014-01-22|@|St. Bonaventure|L|51|66|15|50|.300|3|17|.176|18|22|.818|8|27|8|7|3|17|17||23|52|.442|2|13|.154|18|24|.750|10|34|14|9|6|13|17
19|19|2014-01-25||Virginia Commonwealth|L (2 OT)|89|97|30|65|.462|4|12|.333|25|33|.758|8|38|15|9|7|15|29||32|71|.451|8|21|.381|25|37|.676|12|40|15|5|3|15|22
20|20|2014-01-29|@|George Washington|L|47|69|15|55|.273|5|22|.227|12|20|.600|8|24|6|10|4|13|23||22|42|.524|5|12|.417|20|28|.714|9|42|11|7|6|19|18
21|21|2014-02-01||Duquesne|W|71|63|24|63|.381|7|27|.259|16|21|.762|13|40|17|6|6|13|12||23|64|.359|8|20|.400|9|12|.750|13|35|14|8|9|12|16
22|22|2014-02-05|@|Massachusetts|L|67|79|25|63|.397|5|15|.333|12|20|.600|12|29|13|7|2|11|10||32|60|.533|7|13|.538|8|10|.800|7|33|21|8|9|12|16
23|23|2014-02-08||Saint Louis|L|63|65|25|56|.446|2|8|.250|11|15|.733|10|32|12|4|3|11|13||25|53|.472|2|13|.154|13|15|.867|5|26|13|7|2|10|14
24|24|2014-02-15||Saint Joseph's|L|64|75|24|63|.381|10|23|.435|6|9|.667|13|36|13|2|2|13|19||25|51|.490|7|17|.412|18|22|.818|4|25|13|6|8|8|12
25|25|2014-02-19|@|Dayton|L|53|65|17|48|.354|3|14|.214|16|21|.762|8|31|12|4|4|17|16||24|58|.414|5|15|.333|12|14|.857|10|34|13|7|5|10|14
26|26|2014-02-22|@|Richmond|L|49|62|18|55|.327|7|20|.350|6|11|.545|10|35|10|3|3|14|15||22|54|.407|7|16|.438|11|17|.647|10|36|10|3|3|8|11
27|27|2014-02-26||St. Bonaventure|W|75|67|26|46|.565|7|13|.538|16|24|.667|4|21|20|6|1|14|16||27|58|.466|5|12|.417|8|10|.800|9|28|17|8|3|14|18
28|28|2014-03-01|@|Fordham|W|64|62|23|55|.418|7|19|.368|11|16|.688|10|31|11|10|1|15|13||24|52|.462|3|10|.300|11|15|.733|5|27|10|5|8|12|12
29|29|2014-03-06||George Mason|L|57|59|19|56|.339|7|20|.350|12|13|.923|7|32|9|8|3|11|15||22|61|.361|1|11|.091|14|17|.824|14|43|15|8|3|11|13
30|30|2014-03-09|@|Saint Joseph's|W|71|63|21|53|.396|4|12|.333|25|31|.806|7|32|12|11|2|5|20||22|55|.400|7|22|.318|12|22|.545|11|37|15|0|3|14|20
31|31|2014-03-13|N|St. Bonaventure|L|72|82|26|48|.542|5|18|.278|15|22|.682|9|23|11|2|2|10|13||30|56|.536|4|7|.571|18|20|.900|12|28|11|6|2|6|18
