ranker|game_season|date_game|game_location|opp_id|game_result|pts|opp_pts|fg|fga|fg_pct|fg3|fg3a|fg3_pct|ft|fta|ft_pct|orb|trb|ast|stl|blk|tov|pf|x|opp_fg|opp_fga|opp_fg_pct|opp_fg3|opp_fg3a|opp_fg3_pct|opp_ft|opp_fta|opp_ft_pct|opp_orb|opp_trb|opp_ast|opp_stl|opp_blk|opp_tov|opp_pf|
1|1|2013-11-09|@|Butler|L|58|89|24|56|.429|2|10|.200|8|13|.615|2|23|9|2|1|13|16||38|70|.543|4|17|.235|9|19|.474|13|38|12|9|4|5|17
2|2|2013-11-12||George Mason|L|54|68|19|53|.358|2|11|.182|14|16|.875|8|26|9|7|2|15|15||27|50|.540|8|17|.471|6|13|.462|8|29|15|9|4|19|19
3|3|2013-11-17|@|Washington State|L|64|84|23|49|.469|4|9|.444|14|20|.700|5|26|14|6|0|15|18||30|65|.462|9|30|.300|15|18|.833|10|34|15|7|3|10|15
4|4|2013-11-21|N|Savannah State|W|75|66|27|59|.458|5|10|.500|16|20|.800|6|28|19|6|5|16|16||27|62|.435|5|14|.357|7|15|.467|11|36|13|6|8|19|21
5|5|2013-11-22|@|Utah|L|57|84|25|61|.410|1|10|.100|6|10|.600|4|25|9|5|2|13|12||34|63|.540|8|24|.333|8|11|.727|8|37|24|7|6|10|8
6|6|2013-11-23|N|Grand Canyon|L|69|78|26|66|.394|4|11|.364|13|14|.929|8|35|15|5|5|10|24||24|57|.421|10|22|.455|20|31|.645|9|39|17|6|2|10|17
7|7|2013-11-27||Texas-Pan American|L|61|66|20|57|.351|7|19|.368|14|25|.560|14|35|13|8|9|17|19||25|54|.463|1|5|.200|15|29|.517|12|37|9|10|3|17|19
8|8|2013-11-30||Arkansas State|L|89|95|35|56|.625|4|9|.444|15|20|.750|3|22|17|3|2|10|23||33|58|.569|13|26|.500|16|28|.571|9|28|26|8|0|11|19
9|9|2013-12-15||Tennessee Tech|L|74|79|22|49|.449|4|11|.364|26|30|.867|5|23|9|4|3|14|19||26|52|.500|5|17|.294|22|28|.786|7|31|9|10|5|21|27
10|10|2013-12-18|@|Long Island University|L|79|82|30|60|.500|5|10|.500|14|18|.778|13|35|14|5|4|14|19||25|59|.424|9|23|.391|23|31|.742|9|25|16|6|4|9|19
11|11|2013-12-21|@|Canisius|L|74|87|27|55|.491|5|17|.294|15|20|.750|8|31|20|5|1|17|24||29|62|.468|10|20|.500|19|26|.731|11|31|20|9|1|10|15
12|12|2013-12-28|@|Colorado State|L|71|86|30|64|.469|6|13|.462|5|11|.455|6|28|10|4|1|9|17||35|68|.515|6|22|.273|10|20|.500|15|44|20|6|5|8|14
13|13|2014-01-02|@|Stephen F. Austin|L|65|85|17|41|.415|3|6|.500|28|32|.875|3|26|13|5|2|18|20||31|66|.470|5|15|.333|18|26|.692|12|33|24|10|7|11|25
14|14|2014-01-04|@|Northwestern State|L|85|99|29|57|.509|8|16|.500|19|27|.704|9|31|13|4|1|22|18||35|73|.479|6|21|.286|23|27|.852|15|35|20|14|7|11|21
15|15|2014-01-09||Nicholls State|L|60|64|19|46|.413|1|4|.250|21|28|.750|7|31|10|6|3|13|15||26|57|.456|5|19|.263|7|14|.500|11|30|12|7|3|12|19
16|16|2014-01-11||McNeese State|L|59|74|19|56|.339|0|8|.000|21|27|.778|13|39|9|0|3|13|15||28|61|.459|8|21|.381|10|21|.476|11|35|16|9|3|8|21
17|17|2014-01-16|@|New Orleans|L|55|77|20|55|.364|1|4|.250|14|20|.700|12|30|5|10|3|19|20||28|54|.519|7|20|.350|14|23|.609|12|35|19|8|5|14|19
18|18|2014-01-18|@|Southeastern Louisiana|L|65|91|25|55|.455|4|8|.500|11|16|.688|7|31|12|1|1|12|19||34|60|.567|16|27|.593|7|14|.500|6|27|19|3|6|8|17
19|19|2014-01-23|@|Abilene Christian|W|65|57|23|48|.479|1|2|.500|18|22|.818|4|24|7|5|4|17|18||18|43|.419|5|14|.357|16|23|.696|7|28|6|9|2|22|22
20|20|2014-01-25|@|Incarnate Word|L|64|75|19|45|.422|4|10|.400|22|26|.846|5|27|14|5|8|14|17||29|61|.475|8|18|.444|9|13|.692|8|30|14|10|2|9|22
21|21|2014-01-30||Houston Baptist|W|59|57|22|54|.407|2|11|.182|13|19|.684|13|32|10|7|6|13|16||20|53|.377|5|15|.333|12|20|.600|14|38|12|5|4|14|18
22|22|2014-02-01||Texas A&M-Corpus Christi|L|35|58|15|50|.300|0|4|.000|5|10|.500|7|15|7|7|1|8|14||23|45|.511|2|6|.333|10|12|.833|10|38|12|4|6|14|16
23|23|2014-02-08|@|Sam Houston State|L|70|84|24|49|.490|2|5|.400|20|27|.741|6|28|15|7|0|15|25||27|56|.482|8|17|.471|22|30|.733|12|34|20|7|0|14|20
24|24|2014-02-13||Stephen F. Austin|L|69|78|23|44|.523|3|9|.333|20|24|.833|7|16|16|7|2|12|19||29|44|.659|5|10|.500|15|21|.714|7|22|18|6|3|12|20
25|25|2014-02-15||Northwestern State|L|67|87|24|63|.381|1|7|.143|18|27|.667|10|33|13|3|5|12|10||37|70|.529|7|15|.467|6|13|.462|13|41|25|8|6|13|15
26|26|2014-02-22||Sam Houston State|L|71|74|21|49|.429|5|15|.333|24|33|.727|6|24|12|10|2|16|25||24|50|.480|4|17|.235|22|33|.667|11|31|10|6|0|20|24
27|27|2014-02-27|@|Oral Roberts|L|67|75|25|56|.446|5|18|.278|12|17|.706|7|30|5|2|5|9|21||29|63|.460|1|5|.200|16|22|.727|10|33|12|7|3|5|12
28|28|2014-03-01|@|Central Arkansas|L|69|76|27|58|.466|1|10|.100|14|22|.636|9|33|12|6|0|19|22||26|53|.491|6|15|.400|18|33|.545|9|33|12|8|7|13|18
29|29|2014-03-06||New Orleans|W|89|72|32|59|.542|3|17|.176|22|27|.815|8|29|18|11|2|11|18||26|53|.491|6|15|.400|14|23|.609|11|29|11|3|5|20|24
30|30|2014-03-08||Southeastern Louisiana|L|62|71|19|58|.328|4|21|.190|20|27|.741|15|34|12|4|3|9|20||22|47|.468|3|8|.375|24|29|.828|6|28|11|5|5|12|19
