ranker|game_season|date_game|game_location|opp_id|game_result|pts|opp_pts|fg|fga|fg_pct|fg3|fg3a|fg3_pct|ft|fta|ft_pct|orb|trb|ast|stl|blk|tov|pf|x|opp_fg|opp_fga|opp_fg_pct|opp_fg3|opp_fg3a|opp_fg3_pct|opp_ft|opp_fta|opp_ft_pct|opp_orb|opp_trb|opp_ast|opp_stl|opp_blk|opp_tov|opp_pf|
1|1|2013-11-09||Louisiana College|W|101|67|41|79|.519|2|11|.182|17|19|.895|23|47|21|7|7|10|21||21|62|.339|5|15|.333|20|29|.690|15|26|8|6|5|13|18
2|2|2013-11-12||McNeese State|W|92|66|35|68|.515|6|17|.353|16|26|.615|12|44|11|14|5|10|16||23|69|.333|11|26|.423|9|12|.750|13|37|9|8|5|17|18
3|3|2013-11-15|@|Arkansas|L|63|76|23|57|.404|2|17|.118|15|24|.625|10|26|9|7|0|19|25||27|53|.509|2|13|.154|20|26|.769|5|27|16|6|6|15|21
4|4|2013-11-17|@|Baylor|L|68|87|23|67|.343|8|25|.320|14|16|.875|15|29|13|5|1|11|28||27|46|.587|5|11|.455|28|36|.778|6|33|18|4|12|14|17
5|5|2013-11-23|N|Oakland|W|84|75|25|53|.472|9|20|.450|25|39|.641|14|37|16|5|5|16|17||28|64|.438|8|23|.348|11|16|.688|10|30|13|6|2|13|29
6|6|2013-11-24|@|Coastal Carolina|W|73|69|26|51|.510|12|26|.462|9|17|.529|7|35|16|7|4|23|20||25|69|.362|4|14|.286|15|26|.577|19|42|8|11|1|16|20
7|7|2013-11-27||Northwestern State|W|105|74|33|62|.532|10|21|.476|29|46|.630|10|44|14|8|5|18|24||25|65|.385|4|25|.160|20|30|.667|6|30|12|8|7|14|28
8|8|2013-12-04|@|Louisiana Tech|W|89|80|31|62|.500|5|12|.417|22|31|.710|11|40|9|7|7|13|19||32|77|.416|4|20|.200|12|21|.571|14|39|11|10|6|10|24
9|9|2013-12-07|@|Louisville|L|74|113|26|62|.419|9|26|.346|13|20|.650|15|29|13|4|0|17|23||38|62|.613|4|18|.222|33|40|.825|16|41|15|9|8|8|19
10|10|2013-12-14||Houston|W (1 OT)|79|76|26|57|.456|7|19|.368|20|33|.606|12|31|14|5|3|15|18||27|51|.529|4|11|.364|18|23|.783|6|27|14|6|10|20|25
11|11|2013-12-17||Centenary (LA)|W|103|69|39|61|.639|9|20|.450|16|23|.696|8|32|21|14|6|12|20||24|57|.421|7|15|.467|14|22|.636|7|21|13|5|3|21|18
12|12|2013-12-19|@|Jackson State|L|70|73|22|58|.379|9|26|.346|17|27|.630|11|34|10|5|2|16|22||28|61|.459|2|8|.250|15|20|.750|13|36|11|6|6|15|21
13|13|2013-12-30||Central Methodist|W|90|58|34|69|.493|7|24|.292|15|22|.682|12|41|16|9|4|11|18||21|57|.368|5|18|.278|11|18|.611|7|29|10|4|1|20|20
14|14|2014-01-04|@|Louisiana-Monroe|L (2 OT)|98|103|32|75|.427|9|24|.375|25|35|.714|9|37|21|10|6|13|31||37|79|.468|5|20|.250|24|43|.558|20|50|14|7|11|13|24
15|15|2014-01-11||Texas-Arlington|W|90|70|25|55|.455|9|22|.409|31|39|.795|10|33|16|12|9|12|22||24|61|.393|5|20|.250|17|22|.773|10|34|9|5|4|15|25
16|16|2014-01-13||Texas State|W|81|58|27|48|.563|8|14|.571|19|29|.655|4|22|16|12|2|9|11||23|46|.500|3|11|.273|9|11|.818|4|24|10|5|6|18|23
17|17|2014-01-16|@|South Alabama|L|73|81|24|62|.387|8|21|.381|17|27|.630|9|25|13|11|1|18|23||29|49|.592|8|23|.348|15|24|.625|5|35|17|5|12|26|23
18|18|2014-01-18|@|Troy|W|72|59|26|48|.542|6|15|.400|14|17|.824|4|30|15|8|4|16|18||23|56|.411|5|17|.294|8|18|.444|14|31|11|10|3|14|14
19|19|2014-01-23||Georgia State|L|70|77|28|70|.400|3|19|.158|11|17|.647|15|45|12|4|5|10|25||21|52|.404|8|14|.571|27|37|.730|5|29|10|6|9|7|19
20|20|2014-01-25||Western Kentucky|L|70|79|23|60|.383|5|15|.333|19|26|.731|14|32|8|11|7|10|20||26|53|.491|3|12|.250|24|27|.889|9|34|7|6|5|15|20
21|21|2014-01-30|@|Arkansas-Little Rock|L|69|80|20|53|.377|4|20|.200|25|31|.806|10|30|12|7|3|11|23||25|53|.472|3|13|.231|27|35|.771|10|34|11|4|6|12|21
22|22|2014-02-01||Louisiana-Monroe|W|66|50|27|53|.509|2|7|.286|10|16|.625|7|30|12|7|4|6|13||19|54|.352|6|14|.429|6|9|.667|7|27|12|4|4|9|15
23|23|2014-02-06|@|Texas-Arlington|W|92|89|32|62|.516|9|21|.429|19|37|.514|13|40|17|4|2|17|25||31|64|.484|8|24|.333|19|31|.613|13|36|13|6|4|15|28
24|24|2014-02-08|@|Texas State|W|67|66|22|59|.373|4|16|.250|19|21|.905|16|32|8|5|0|12|17||24|47|.511|3|10|.300|15|23|.652|9|29|12|5|6|14|19
25|25|2014-02-13||Arkansas-Little Rock|W (2 OT)|93|87|26|55|.473|8|26|.308|33|48|.688|8|35|11|9|9|14|22||32|77|.416|6|22|.273|17|25|.680|12|35|10|5|3|15|30
26|26|2014-02-15||Arkansas State|W|85|67|31|59|.525|7|16|.438|16|24|.667|13|39|15|9|4|18|22||21|51|.412|6|19|.316|19|28|.679|2|16|12|9|1|16|22
27|27|2014-02-20||Troy|W|78|63|31|57|.544|5|14|.357|11|17|.647|12|33|14|5|4|13|19||21|54|.389|7|24|.292|14|26|.538|15|32|7|6|0|13|18
28|28|2014-02-22|@|Georgia State|L|77|80|24|55|.436|10|25|.400|19|29|.655|11|30|13|6|4|14|20||27|55|.491|8|17|.471|18|24|.750|9|29|14|9|8|11|23
29|29|2014-03-02||South Alabama|W|102|76|37|60|.617|8|12|.667|20|35|.571|17|40|17|4|5|14|22||22|58|.379|10|24|.417|22|29|.759|10|25|11|3|7|11|29
30|30|2014-03-06|@|Western Kentucky|L|72|75|25|69|.362|7|21|.333|15|21|.714|23|46|5|3|4|12|23||23|55|.418|5|17|.294|24|33|.727|8|30|11|7|3|8|20
31|31|2014-03-08|@|Arkansas State|W|77|76|28|61|.459|9|24|.375|12|20|.600|14|37|9|5|5|16|26||25|57|.439|9|17|.529|17|25|.680|10|29|11|8|2|11|19
32|32|2014-03-14|N|Texas-Arlington|W|91|85|30|64|.469|12|21|.571|19|30|.633|13|41|18|3|8|8|22||27|59|.458|11|22|.500|20|27|.741|6|30|14|2|7|9|23
33|33|2014-03-15|N|Western Kentucky|W|73|72|29|55|.527|3|11|.273|12|20|.600|12|31|14|11|3|14|24||25|47|.532|7|15|.467|15|27|.556|7|23|12|6|1|16|17
34|34|2014-03-16|N|Georgia State|W (1 OT)|82|81|32|75|.427|11|26|.423|7|14|.500|19|44|15|4|1|8|15||28|58|.483|5|19|.263|20|21|.952|4|30|8|5|7|7|15
35|35|2014-03-21|N|Creighton|L|66|76|25|66|.379|4|16|.250|12|17|.706|13|34|8|3|5|4|18||28|54|.519|9|23|.391|11|21|.524|5|31|18|0|3|6|17
