ranker|game_season|date_game|game_location|opp_id|game_result|pts|opp_pts|fg|fga|fg_pct|fg3|fg3a|fg3_pct|ft|fta|ft_pct|orb|trb|ast|stl|blk|tov|pf|x|opp_fg|opp_fga|opp_fg_pct|opp_fg3|opp_fg3a|opp_fg3_pct|opp_ft|opp_fta|opp_ft_pct|opp_orb|opp_trb|opp_ast|opp_stl|opp_blk|opp_tov|opp_pf|
1|1|2013-11-08|@|Saint Mary's (CA)|L|70|83|24|53|.453|4|17|.235|18|30|.600|9|24|13|9|5|6|23||29|55|.527|7|14|.500|18|24|.750|10|35|15|2|3|12|23
2|2|2013-11-13||Centenary (LA)|W|106|59|38|67|.567|9|28|.321|21|24|.875|12|44|20|10|12|15|20||22|65|.338|5|22|.227|10|21|.476|12|22|14|6|2|14|18
3|3|2013-11-20|@|Central Arkansas|W|94|57|34|75|.453|5|18|.278|21|26|.808|17|47|21|15|7|8|12||21|60|.350|8|20|.400|7|12|.583|8|32|10|6|4|24|21
4|4|2013-11-25|N|North Carolina-Greensboro|W|99|62|36|57|.632|14|25|.560|13|16|.813|5|32|21|12|3|17|18||21|54|.389|7|19|.368|13|20|.650|5|21|10|8|0|19|16
5|5|2013-11-26|N|Illinois-Chicago|W|103|78|33|63|.524|8|21|.381|29|43|.674|10|35|21|10|3|9|20||26|63|.413|9|25|.360|17|19|.895|9|29|10|4|1|18|30
6|6|2013-11-27|N|St. Bonaventure|W|76|72|21|47|.447|8|23|.348|26|37|.703|8|33|10|11|4|17|22||24|60|.400|4|15|.267|20|31|.645|10|30|4|7|1|14|23
7|7|2013-12-01|@|Jackson State|W|72|61|26|56|.464|6|22|.273|14|22|.636|10|35|10|8|5|11|24||19|52|.365|4|15|.267|19|21|.905|8|27|4|5|2|14|20
8|8|2013-12-04||Louisiana-Lafayette|L|80|89|32|77|.416|4|20|.200|12|21|.571|14|39|11|10|6|10|24||31|62|.500|5|12|.417|22|31|.710|11|40|9|7|7|13|19
9|9|2013-12-07||Southern|W|69|50|23|63|.365|4|16|.250|19|31|.613|14|39|8|12|8|9|16||19|58|.328|4|18|.222|8|17|.471|14|39|7|5|4|23|25
10|10|2013-12-11||Northwestern State|W|93|71|38|65|.585|5|15|.333|12|22|.545|9|40|23|11|5|15|26||25|64|.391|3|15|.200|18|29|.621|9|29|12|7|5|19|21
11|11|2013-12-14|N|Oklahoma State|L|55|70|21|64|.328|6|26|.231|7|13|.538|11|35|6|6|6|16|20||26|60|.433|2|12|.167|16|22|.727|9|35|13|9|8|12|14
12|12|2013-12-17||McNeese State|W|64|50|23|60|.383|5|17|.294|13|26|.500|15|41|17|5|8|13|13||18|54|.333|5|17|.294|9|16|.563|11|34|9|5|3|19|20
13|13|2013-12-22|@|Louisiana-Monroe|W|83|61|32|56|.571|9|18|.500|10|14|.714|5|32|20|9|9|14|11||24|62|.387|5|14|.357|8|14|.571|11|32|11|9|2|16|14
14|14|2013-12-30|@|Oklahoma|W (1 OT)|102|98|32|70|.457|10|33|.303|28|35|.800|12|39|13|12|7|18|26||33|76|.434|5|15|.333|27|34|.794|14|35|13|11|3|15|26
15|15|2014-01-04||Longwood|W|126|52|42|76|.553|17|35|.486|25|32|.781|18|55|29|4|6|5|12||21|63|.333|3|17|.176|7|12|.583|6|26|15|0|4|13|23
16|16|2014-01-09||Florida Atlantic|W|84|64|31|72|.431|4|19|.211|18|28|.643|19|43|16|9|9|10|15||27|62|.435|4|17|.235|6|12|.500|12|33|12|3|7|18|16
17|17|2014-01-11||Florida International|W|85|51|28|67|.418|7|24|.292|22|36|.611|19|47|17|12|6|10|18||18|51|.353|2|9|.222|13|22|.591|7|28|5|8|1|18|24
18|18|2014-01-16|@|Tulane|W|73|45|27|76|.355|11|35|.314|8|13|.615|17|46|20|7|5|7|20||10|43|.233|0|14|.000|25|30|.833|4|31|4|4|4|15|14
19|19|2014-01-19|@|Southern Mississippi|L|71|80|24|53|.453|9|28|.321|14|21|.667|5|24|15|5|1|10|24||25|60|.417|2|18|.111|28|38|.737|19|45|14|5|3|9|19
20|20|2014-01-23||Charlotte|W|80|60|31|65|.477|4|19|.211|14|20|.700|9|34|20|12|3|14|19||23|56|.411|4|13|.308|10|20|.500|9|34|15|6|1|23|18
21|21|2014-01-25||Marshall|W|98|77|35|67|.522|9|24|.375|19|24|.792|11|29|18|17|2|10|19||29|57|.509|2|11|.182|17|23|.739|12|34|9|2|5|21|19
22|22|2014-01-30|@|Texas-El Paso|L|79|89|28|66|.424|8|33|.242|15|25|.600|9|29|18|4|3|14|30||28|50|.560|5|11|.455|28|45|.622|8|35|16|7|5|14|24
23|23|2014-02-01|@|Texas-San Antonio|W|87|72|31|59|.525|9|19|.474|16|25|.640|9|31|12|12|4|11|20||22|54|.407|5|13|.385|23|30|.767|11|32|5|7|3|16|23
24|24|2014-02-06||Tulsa|W|66|61|20|51|.392|4|17|.235|22|40|.550|7|30|15|10|6|11|22||20|54|.370|3|18|.167|18|26|.692|8|37|10|6|3|14|30
25|25|2014-02-08||North Texas|W|90|75|24|53|.453|10|23|.435|32|42|.762|9|26|18|6|4|9|14||28|56|.500|7|16|.438|12|19|.632|8|30|14|7|4|12|27
26|26|2014-02-15||Rice|W|85|46|28|58|.483|8|25|.320|21|28|.750|13|40|18|11|5|11|13||18|47|.383|5|19|.263|5|11|.455|4|20|12|5|2|23|17
27|27|2014-02-20|@|East Carolina|L|68|75|24|64|.375|7|28|.250|13|18|.722|12|32|15|5|3|8|21||24|52|.462|10|24|.417|17|25|.680|8|33|17|6|4|9|17
28|28|2014-02-22|@|Old Dominion|W|71|66|19|54|.352|5|23|.217|28|34|.824|10|32|11|10|2|6|19||23|49|.469|8|14|.571|12|19|.632|7|31|11|2|5|14|26
29|29|2014-02-27||Middle Tennessee|W|55|39|21|45|.467|4|20|.200|9|15|.600|7|28|13|12|8|18|13||17|48|.354|2|12|.167|3|5|.600|6|23|7|8|1|19|18
30|30|2014-03-02|@|Alabama-Birmingham|W|67|58|21|54|.389|10|27|.370|15|20|.750|5|31|14|9|5|15|19||22|63|.349|1|13|.077|13|22|.591|13|42|6|7|6|16|17
31|31|2014-03-06|@|Rice|W|70|48|25|53|.472|9|24|.375|11|19|.579|12|34|16|9|3|9|13||19|43|.442|7|16|.438|3|11|.273|5|26|15|5|0|12|15
32|32|2014-03-13|N|Charlotte|W|86|65|31|63|.492|7|23|.304|17|29|.586|9|40|17|4|4|10|20||22|58|.379|8|24|.333|13|25|.520|9|35|5|0|3|16|23
33|33|2014-03-14|N|Southern Mississippi|W|88|70|27|58|.466|12|25|.480|22|36|.611|17|33|17|8|3|13|17||30|56|.536|4|13|.308|6|8|.750|11|30|6|3|4|21|28
34|34|2014-03-15|N|Tulsa|L|60|69|17|52|.327|11|25|.440|15|23|.652|8|32|7|3|1|13|22||23|53|.434|5|9|.556|18|25|.720|9|38|4|6|3|11|19
35|35|2014-03-19||Iona|W|89|88|35|77|.455|8|26|.308|11|16|.688|13|39|22|8|6|9|17||32|64|.500|8|19|.421|16|19|.842|7|34|20|7|4|11|18
36|36|2014-03-22|@|Georgia|W|79|71|26|55|.473|9|22|.409|18|26|.692|9|29|11|13|8|14|21||26|57|.456|5|12|.417|14|23|.609|13|36|8|7|5|19|20
37|37|2014-03-26|@|Florida State|L|75|78|26|73|.356|7|25|.280|16|18|.889|12|32|9|9|3|7|22||26|58|.448|7|12|.583|19|26|.731|12|39|8|3|5|15|15
