ranker|game_season|date_game|game_location|opp_id|game_result|pts|opp_pts|fg|fga|fg_pct|fg3|fg3a|fg3_pct|ft|fta|ft_pct|orb|trb|ast|stl|blk|tov|pf|x|opp_fg|opp_fga|opp_fg_pct|opp_fg3|opp_fg3a|opp_fg3_pct|opp_ft|opp_fta|opp_ft_pct|opp_orb|opp_trb|opp_ast|opp_stl|opp_blk|opp_tov|opp_pf|
1|1|2013-11-12|@|Massachusetts|L|90|92|34|76|.447|7|22|.318|15|25|.600|14|40|19|7|8|13|29||29|61|.475|6|13|.462|28|40|.700|10|38|17|5|5|13|25
2|2|2013-11-16||Northwestern State|W|88|74|32|78|.410|8|25|.320|16|26|.615|27|61|15|10|8|22|14||31|77|.403|6|22|.273|6|14|.429|12|39|14|9|4|13|20
3|3|2013-11-19||New Orleans|W|81|54|29|74|.392|5|23|.217|18|26|.692|19|50|17|10|9|13|16||21|67|.313|5|16|.313|7|9|.778|8|32|8|2|2|19|19
4|4|2013-11-22||Southeastern Louisiana|W|89|66|32|61|.525|5|18|.278|20|27|.741|14|40|18|12|8|17|16||25|65|.385|9|22|.409|7|9|.778|9|22|13|6|4|17|21
5|5|2013-11-28|N|Saint Joseph's|W|82|65|30|57|.526|10|22|.455|12|15|.800|7|33|17|9|2|16|21||25|56|.446|3|16|.188|12|26|.462|10|26|6|8|4|12|15
6|6|2013-11-29|N|Memphis|L|69|76|30|53|.566|5|20|.250|4|9|.444|7|32|8|4|4|24|19||29|64|.453|3|10|.300|15|19|.789|8|21|12|9|1|10|16
7|7|2013-12-01|N|Butler|W (1 OT)|70|68|29|64|.453|5|14|.357|7|12|.583|9|33|12|8|6|10|17||22|65|.338|9|23|.391|15|20|.750|13|42|10|6|1|12|14
8|8|2013-12-14||Louisiana-Monroe|W|61|54|23|53|.434|5|18|.278|10|19|.526|10|36|12|8|8|14|14||20|56|.357|2|12|.167|12|15|.800|9|32|12|10|3|12|16
9|9|2013-12-18|@|Texas Tech|W|71|69|25|48|.521|9|19|.474|12|18|.667|8|24|15|6|3|16|27||16|44|.364|6|10|.600|31|39|.795|12|27|8|8|4|12|18
10|10|2013-12-21||Alabama-Birmingham|W|86|63|32|66|.485|10|17|.588|12|17|.706|10|35|20|6|7|10|19||21|69|.304|1|16|.063|20|26|.769|19|41|7|5|1|15|19
11|11|2013-12-28||McNeese State|W|79|52|24|62|.387|8|25|.320|23|28|.821|14|47|18|11|5|15|17||14|62|.226|3|21|.143|21|26|.808|14|34|5|8|6|11|19
12|12|2014-01-04||Rhode Island|L|70|74|27|64|.422|4|14|.286|12|19|.632|11|28|11|19|8|12|20||26|58|.448|7|16|.438|15|25|.600|15|39|16|6|4|21|19
13|13|2014-01-07||Tennessee|L|50|68|22|60|.367|2|14|.143|4|7|.571|8|25|11|9|9|9|15||24|52|.462|8|15|.533|12|15|.800|12|37|12|6|2|16|9
14|14|2014-01-11|@|South Carolina|W|71|68|22|56|.393|5|18|.278|22|35|.629|14|37|13|14|4|19|24||20|48|.417|4|11|.364|24|34|.706|5|28|10|9|4|19|28
15|15|2014-01-15|@|Mississippi|L (1 OT)|74|88|24|65|.369|8|26|.308|18|30|.600|11|36|15|10|9|15|22||28|65|.431|10|22|.455|22|27|.815|10|38|22|7|5|14|19
16|16|2014-01-18||Vanderbilt|W|81|58|29|60|.483|5|14|.357|18|24|.750|18|43|11|7|2|12|17||19|53|.358|5|20|.250|15|20|.750|11|24|8|6|5|10|20
17|17|2014-01-21||Missouri|W|77|71|26|59|.441|7|22|.318|18|26|.692|13|36|12|7|9|12|17||26|66|.394|8|18|.444|11|16|.688|13|37|7|7|1|10|20
18|18|2014-01-25|@|Alabama|L|80|82|29|62|.468|7|16|.438|15|20|.750|10|31|11|8|8|13|21||27|52|.519|8|16|.500|20|26|.769|6|27|18|7|4|14|18
19|19|2014-01-28||Kentucky|W|87|82|32|63|.508|7|18|.389|16|26|.615|9|34|15|11|11|11|12||32|73|.438|9|20|.450|9|13|.692|14|39|8|6|4|13|19
20|20|2014-02-01||Arkansas|W|88|74|35|64|.547|7|16|.438|11|16|.688|10|38|22|7|9|14|18||21|64|.328|7|26|.269|25|27|.926|11|29|7|8|6|10|15
21|21|2014-02-06|@|Georgia|L|78|91|27|64|.422|9|22|.409|15|22|.682|12|26|14|7|4|9|33||27|45|.600|5|9|.556|32|46|.696|9|34|13|3|3|13|17
22|22|2014-02-08||Auburn|W|87|80|26|57|.456|8|21|.381|27|38|.711|12|43|18|5|7|15|17||29|72|.403|6|23|.261|16|23|.696|13|30|6|9|4|8|26
23|23|2014-02-12|@|Texas A&M|L|73|83|26|58|.448|6|24|.250|15|22|.682|9|31|12|6|4|11|18||28|58|.483|10|23|.435|17|26|.654|12|37|16|5|2|11|16
24|24|2014-02-15|@|Arkansas|L|70|81|28|71|.394|6|24|.250|8|14|.571|15|43|13|3|4|17|21||27|59|.458|10|17|.588|17|25|.680|6|35|17|9|5|11|15
25|25|2014-02-19||Mississippi State|W|92|81|30|59|.508|9|21|.429|23|29|.793|11|30|17|8|4|16|25||26|52|.500|3|8|.375|26|36|.722|8|27|8|9|2|16|22
26|26|2014-02-22|@|Kentucky|L (1 OT)|76|77|27|67|.403|7|17|.412|15|20|.750|12|35|12|5|3|13|20||28|67|.418|1|9|.111|20|27|.741|15|41|5|4|8|9|15
27|27|2014-02-26||Texas A&M|W|68|49|26|53|.491|9|20|.450|7|14|.500|7|36|18|4|7|12|15||16|52|.308|4|17|.235|13|21|.619|8|29|7|11|3|8|13
28|28|2014-03-01|@|Florida|L|61|79|23|60|.383|7|21|.333|8|10|.800|11|33|12|6|3|15|8||31|54|.574|13|23|.565|4|7|.571|2|27|18|9|3|13|14
29|29|2014-03-06|@|Vanderbilt|W|57|51|18|54|.333|2|15|.133|19|24|.792|7|40|6|4|4|9|13||18|59|.305|7|29|.241|8|12|.667|8|35|11|5|6|10|19
30|30|2014-03-08||Georgia|L|61|69|20|55|.364|5|23|.217|16|23|.696|10|26|7|6|6|11|20||23|48|.479|9|15|.600|14|20|.700|10|35|9|4|1|16|18
31|31|2014-03-13|N|Alabama|W|68|56|27|54|.500|11|22|.500|3|9|.333|10|38|19|6|4|11|19||18|50|.360|6|21|.286|14|26|.538|8|25|8|8|1|8|11
32|32|2014-03-14|N|Kentucky|L|67|85|24|59|.407|7|19|.368|12|24|.500|9|31|13|4|3|12|26||26|55|.473|7|17|.412|26|41|.634|13|46|15|7|11|9|21
33|33|2014-03-19|@|San Francisco|W|71|63|25|54|.463|8|22|.364|13|19|.684|7|32|11|6|5|10|12||27|65|.415|3|23|.130|6|10|.600|14|34|14|5|2|8|16
34|34|2014-03-24|@|Southern Methodist|L|67|80|25|57|.439|8|23|.348|9|14|.643|8|30|15|8|4|13|13||33|57|.579|9|14|.643|5|12|.417|6|30|22|9|5|10|13
