ranker|game_season|date_game|game_location|opp_id|game_result|pts|opp_pts|fg|fga|fg_pct|fg3|fg3a|fg3_pct|ft|fta|ft_pct|orb|trb|ast|stl|blk|tov|pf|x|opp_fg|opp_fga|opp_fg_pct|opp_fg3|opp_fg3a|opp_fg3_pct|opp_ft|opp_fta|opp_ft_pct|opp_orb|opp_trb|opp_ast|opp_stl|opp_blk|opp_tov|opp_pf|
1|1|2013-11-09||College of Charleston|W|70|48|26|68|.382|4|18|.222|14|23|.609|20|41|13|12|6|3|14||20|48|.417|4|14|.286|4|10|.400|6|32|8|0|4|21|22
2|2|2013-11-12||Hofstra|W|97|69|35|68|.515|12|31|.387|15|24|.625|13|33|19|10|3|5|15||25|55|.455|14|25|.560|5|7|.714|7|33|10|1|1|22|22
3|3|2013-11-15||Cornell|W|99|54|36|61|.590|9|21|.429|18|34|.529|12|49|16|12|3|10|19||19|65|.292|7|28|.250|9|17|.529|16|37|9|3|1|19|24
4|4|2013-11-19||Hartford|W|87|48|31|62|.500|7|18|.389|18|26|.692|15|35|17|16|3|7|18||18|43|.419|4|17|.235|8|14|.571|8|29|7|5|1|25|21
5|5|2013-11-23|N|Fairfield|W|71|57|23|60|.383|2|14|.143|23|31|.742|13|43|9|11|7|14|26||16|47|.340|5|15|.333|20|30|.667|6|28|6|7|4|18|27
6|6|2013-11-24|N|North Carolina|L|84|93|26|67|.388|11|31|.355|21|25|.840|15|33|8|5|4|14|29||32|59|.542|3|6|.500|26|38|.684|10|35|18|4|2|13|21
7|7|2013-11-29||Southern Mississippi|W|69|38|23|55|.418|12|31|.387|11|22|.500|15|38|16|9|6|12|15||13|45|.289|2|11|.182|10|13|.769|9|31|7|7|1|21|20
8|8|2013-12-04||Missouri-Kansas City|W|90|62|33|77|.429|10|31|.323|14|20|.700|22|48|19|14|3|9|16||23|50|.460|5|17|.294|11|17|.647|4|29|8|5|0|20|16
9|9|2013-12-07||Louisiana-Lafayette|W|113|74|38|62|.613|4|18|.222|33|40|.825|16|41|15|9|8|8|19||26|62|.419|9|26|.346|13|20|.650|15|29|13|4|0|17|23
10|10|2013-12-14||Western Kentucky|W|79|61|30|59|.508|9|20|.450|10|18|.556|14|38|19|5|3|7|18||20|55|.364|7|21|.333|14|22|.636|14|33|10|0|2|11|13
11|11|2013-12-17||Missouri State|W|90|60|34|66|.515|6|19|.316|16|30|.533|20|51|14|5|7|11|18||22|58|.379|4|15|.267|12|20|.600|8|28|6|5|4|12|24
12|12|2013-12-21|@|Florida International|W|85|56|26|54|.481|13|24|.542|20|32|.625|9|31|20|9|6|9|21||18|54|.333|5|17|.294|15|22|.682|13|33|6|2|3|19|21
13|13|2013-12-28|@|Kentucky|L|66|73|23|58|.397|6|26|.231|14|22|.636|10|33|8|6|5|12|25||27|62|.435|3|14|.214|16|30|.533|15|40|8|3|4|11|19
14|14|2013-12-31|@|Central Florida|W|90|65|34|62|.548|14|27|.519|8|13|.615|9|31|28|12|9|11|23||21|60|.350|3|14|.214|20|27|.741|15|32|7|5|2|15|11
15|15|2014-01-04|@|Rutgers|W|83|76|20|46|.435|2|10|.200|41|46|.891|9|29|7|15|4|17|30||24|58|.414|4|18|.222|24|32|.750|13|28|13|9|4|18|32
16|16|2014-01-09||Memphis|L|67|73|25|64|.391|6|19|.316|11|16|.688|14|35|13|12|3|14|17||28|55|.509|4|11|.364|13|21|.619|9|36|14|8|1|15|15
17|17|2014-01-12||Southern Methodist|W|71|63|25|53|.472|10|23|.435|11|21|.524|6|35|16|10|6|15|21||24|65|.369|2|11|.182|13|25|.520|18|46|12|7|2|16|24
18|18|2014-01-16||Houston|W|91|52|34|66|.515|15|28|.536|8|17|.471|11|39|23|9|3|9|22||16|52|.308|5|20|.250|15|24|.625|10|36|14|3|2|15|18
19|19|2014-01-18|@|Connecticut|W|76|64|26|57|.456|3|13|.231|21|33|.636|14|40|10|5|7|13|19||19|54|.352|8|23|.348|18|21|.857|7|24|7|7|5|10|22
20|20|2014-01-22|@|South Florida|W|86|47|30|59|.508|12|23|.522|14|18|.778|11|28|17|13|5|10|19||16|44|.364|1|8|.125|14|19|.737|11|31|12|3|3|22|16
21|21|2014-01-30||Cincinnati|L|66|69|26|59|.441|6|21|.286|8|12|.667|10|24|13|3|6|13|18||23|47|.489|6|16|.375|17|18|.944|11|34|12|4|2|20|14
22|22|2014-02-01||Central Florida|W|87|70|32|62|.516|7|19|.368|16|25|.640|12|33|15|7|3|9|24||21|55|.382|6|19|.316|22|30|.733|15|37|8|3|3|16|23
23|23|2014-02-05|@|Houston|W|77|62|25|45|.556|7|17|.412|20|32|.625|5|26|16|11|4|9|19||22|48|.458|5|16|.313|13|23|.565|8|28|14|4|1|14|24
24|24|2014-02-14|@|Temple|W|82|58|32|62|.516|7|22|.318|11|24|.458|13|38|16|8|6|7|16||22|59|.373|5|17|.294|9|11|.818|8|28|11|5|3|11|20
25|25|2014-02-16||Rutgers|W|102|54|34|61|.557|16|30|.533|18|25|.720|12|38|23|11|5|9|21||17|48|.354|5|20|.250|15|23|.652|8|23|10|4|1|18|20
26|26|2014-02-18||South Florida|W|80|54|34|71|.479|3|18|.167|9|13|.692|15|34|14|10|2|8|16||22|45|.489|1|10|.100|9|14|.643|6|30|13|2|2|20|17
27|27|2014-02-22|@|Cincinnati|W|58|57|22|55|.400|3|11|.273|11|22|.500|12|34|13|9|6|9|22||16|56|.286|5|20|.250|20|25|.800|17|41|8|3|3|13|16
28|28|2014-02-27||Temple|W|88|66|32|60|.533|8|20|.400|16|23|.696|7|32|17|13|5|9|14||24|57|.421|4|19|.211|14|16|.875|9|33|9|7|3|17|18
29|29|2014-03-01|@|Memphis|L|66|72|25|63|.397|4|23|.174|12|20|.600|13|35|14|9|4|14|24||24|49|.490|6|9|.667|18|26|.692|7|33|17|7|6|16|19
30|30|2014-03-05|@|Southern Methodist|W|84|71|26|56|.464|13|23|.565|19|27|.704|11|29|16|17|3|13|24||24|47|.511|4|9|.444|19|22|.864|6|28|19|6|6|23|22
31|31|2014-03-08||Connecticut|W|81|48|26|58|.448|10|22|.455|19|31|.613|15|36|20|12|3|12|16||15|51|.294|3|22|.136|15|23|.652|16|39|8|2|6|21|26
32|32|2014-03-13|N|Rutgers|W|92|31|32|70|.457|8|27|.296|20|30|.667|15|47|16|19|3|10|13||12|50|.240|3|16|.188|4|8|.500|6|29|6|5|4|26|19
33|33|2014-03-14|N|Houston|W|94|65|34|68|.500|10|24|.417|16|21|.762|12|34|22|8|3|6|17||25|67|.373|7|20|.350|8|16|.500|17|40|14|4|5|15|19
34|34|2014-03-15|N|Connecticut|W|71|61|25|61|.410|5|16|.313|16|22|.727|12|34|11|8|3|8|15||24|54|.444|4|16|.250|9|13|.692|9|31|14|3|5|12|20
35|35|2014-03-20|N|Manhattan|W|71|64|20|55|.364|4|13|.308|27|35|.771|15|40|10|11|8|12|18||23|51|.451|3|5|.600|15|21|.714|6|26|11|8|5|15|27
36|36|2014-03-22|N|Saint Louis|W|66|51|22|49|.449|6|17|.353|16|24|.667|8|33|14|9|5|18|18||21|53|.396|0|15|.000|9|16|.563|8|27|10|9|0|18|19
37|37|2014-03-28|N|Kentucky|L|69|74|26|53|.491|4|15|.267|13|23|.565|10|25|11|6|3|10|24||24|55|.436|4|14|.286|22|27|.815|13|32|8|5|2|12|19
