ranker|game_season|date_game|game_location|opp_id|game_result|pts|opp_pts|fg|fga|fg_pct|fg3|fg3a|fg3_pct|ft|fta|ft_pct|orb|trb|ast|stl|blk|tov|pf|x|opp_fg|opp_fga|opp_fg_pct|opp_fg3|opp_fg3a|opp_fg3_pct|opp_ft|opp_fta|opp_ft_pct|opp_orb|opp_trb|opp_ast|opp_stl|opp_blk|opp_tov|opp_pf|
1|1|2013-11-08|@|Binghamton|W|79|74|26|52|.500|7|16|.438|20|29|.690|13|33|11|8|7|17|19||25|64|.391|9|20|.450|15|16|.938|16|28|8|3|4|14|23
2|2|2013-11-10|@|Cornell|W (1 OT)|93|89|30|74|.405|9|24|.375|24|34|.706|12|44|14|8|5|6|20||34|73|.466|8|21|.381|13|27|.481|12|39|15|3|5|9|22
3|3|2013-11-16||Fairfield|W|59|52|15|44|.341|5|15|.333|24|32|.750|4|21|10|6|1|7|19||21|53|.396|5|20|.250|5|15|.333|16|46|13|4|3|20|27
4|4|2013-11-20|@|Maryland-Baltimore County|W (1 OT)|89|83|28|56|.500|8|16|.500|25|34|.735|7|30|17|12|7|14|23||28|69|.406|3|17|.176|24|31|.774|20|43|9|11|5|20|25
5|5|2013-11-26|@|Connecticut|L|66|76|25|70|.357|7|20|.350|9|16|.563|16|35|16|11|2|10|17||28|55|.509|6|14|.429|14|20|.700|8|37|17|5|11|14|16
6|6|2013-12-02|@|West Virginia|L|47|96|19|56|.339|4|17|.235|5|12|.417|6|20|11|5|3|11|18||32|74|.432|13|22|.591|19|22|.864|25|58|19|6|2|9|10
7|7|2013-12-04||Catholic|W|87|75|35|66|.530|5|17|.294|12|19|.632|13|32|14|3|6|6|23||26|57|.456|3|10|.300|20|26|.769|9|25|16|2|1|8|18
8|8|2013-12-07|@|Mount St. Mary's|L|58|70|21|62|.339|2|13|.154|14|19|.737|12|28|6|13|1|12|24||21|46|.457|5|12|.417|23|28|.821|7|37|10|8|3|18|20
9|9|2013-12-19||Stony Brook|L|69|76|19|48|.396|4|13|.308|27|35|.771|5|19|9|13|6|13|29||23|45|.511|5|11|.455|25|32|.781|6|30|13|4|4|17|22
10|10|2013-12-21||Saint Joseph's|L|77|88|27|58|.466|6|24|.250|17|26|.654|9|28|14|6|2|11|26||24|52|.462|8|21|.381|32|40|.800|9|32|19|3|3|14|18
11|11|2013-12-30|@|Miami (FL)|L|48|71|18|53|.340|6|18|.333|6|14|.429|11|26|8|8|1|10|15||26|48|.542|7|15|.467|12|20|.600|10|36|17|8|4|12|14
12|12|2014-01-02||Navy|W (1 OT)|63|57|18|42|.429|5|21|.238|22|32|.688|2|23|8|15|8|18|22||21|56|.375|3|16|.188|12|20|.600|9|33|12|8|1|21|28
13|13|2014-01-05|@|Army|L|82|91|30|67|.448|8|23|.348|14|24|.583|16|33|12|12|2|15|23||31|55|.564|5|15|.333|24|28|.857|7|32|16|8|1|15|20
14|14|2014-01-08|@|American|L|51|65|17|53|.321|1|11|.091|16|19|.842|8|24|6|11|5|13|19||25|45|.556|4|8|.500|11|18|.611|6|31|21|5|4|16|13
15|15|2014-01-11||Lehigh|W|72|68|26|52|.500|4|11|.364|16|24|.667|12|33|14|5|6|11|14||27|62|.435|6|14|.429|8|11|.727|12|28|14|3|3|11|19
16|16|2014-01-13||Lafayette|W|77|63|28|51|.549|4|16|.250|17|27|.630|9|34|17|6|3|12|18||20|49|.408|9|16|.563|14|22|.636|5|19|14|6|3|11|18
17|17|2014-01-20|@|Boston University|L|58|72|19|51|.373|5|14|.357|15|20|.750|8|26|8|10|2|13|15||27|53|.509|7|22|.318|11|13|.846|5|24|14|6|4|10|14
18|18|2014-01-22|@|Bucknell|L|60|70|24|60|.400|4|18|.222|8|16|.500|13|29|12|6|4|9|24||19|44|.432|5|18|.278|27|34|.794|9|30|10|3|6|10|16
19|19|2014-01-25||Colgate|W|67|60|24|54|.444|3|12|.250|16|18|.889|6|28|10|8|3|8|15||23|55|.418|7|21|.333|7|10|.700|9|32|13|5|1|15|18
20|20|2014-01-29|@|Holy Cross|L|51|60|17|50|.340|7|12|.583|10|19|.526|7|24|9|7|4|12|25||20|45|.444|2|10|.200|18|29|.621|8|36|12|5|10|12|15
21|21|2014-02-01||Army|L|71|77|28|70|.400|4|14|.286|11|23|.478|19|41|13|7|5|13|22||22|59|.373|6|20|.300|27|33|.818|11|32|14|8|6|13|18
22|22|2014-02-05||American|W|62|58|19|39|.487|7|10|.700|17|22|.773|3|17|12|11|5|10|14||21|41|.512|11|19|.579|5|7|.714|6|24|14|6|3|18|16
23|23|2014-02-08|@|Lehigh|L|52|66|19|57|.333|3|15|.200|11|16|.688|12|27|9|5|7|11|23||17|51|.333|6|16|.375|26|30|.867|10|36|12|4|3|14|14
24|24|2014-02-12|@|Lafayette|L|44|61|16|48|.333|1|14|.071|11|19|.579|12|30|5|7|5|16|13||25|50|.500|6|15|.400|5|5|1.000|6|23|17|5|9|12|17
25|25|2014-02-15||Boston University|L|72|87|26|50|.520|3|6|.500|17|23|.739|8|34|12|5|5|22|23||25|54|.463|14|23|.609|23|29|.793|5|22|14|13|2|12|19
26|26|2014-02-19||Bucknell|L|53|55|18|56|.321|3|10|.300|14|21|.667|5|23|9|10|7|5|8||24|51|.471|5|14|.357|2|5|.400|5|33|7|3|3|15|19
27|27|2014-02-22|@|Colgate|L|60|84|20|47|.426|6|14|.429|14|25|.560|6|22|10|5|3|11|13||32|53|.604|12|18|.667|8|11|.727|5|25|22|6|3|13|17
28|28|2014-02-26||Holy Cross|L|52|65|20|47|.426|3|7|.429|9|18|.500|8|24|10|2|4|11|20||18|49|.367|8|21|.381|21|25|.840|9|34|10|4|2|6|15
29|29|2014-03-01|@|Navy|W|67|65|23|47|.489|6|14|.429|15|19|.789|6|24|12|7|5|13|17||24|55|.436|7|16|.438|10|19|.526|13|29|16|5|5|13|18
30|30|2014-03-03||Lafayette|L|71|84|25|62|.403|5|17|.294|16|23|.696|14|33|18|4|4|6|23||28|44|.636|8|17|.471|20|28|.714|1|25|12|1|2|11|20
