ranker|game_season|date_game|game_location|opp_id|game_result|pts|opp_pts|fg|fga|fg_pct|fg3|fg3a|fg3_pct|ft|fta|ft_pct|orb|trb|ast|stl|blk|tov|pf|x|opp_fg|opp_fga|opp_fg_pct|opp_fg3|opp_fg3a|opp_fg3_pct|opp_ft|opp_fta|opp_ft_pct|opp_orb|opp_trb|opp_ast|opp_stl|opp_blk|opp_tov|opp_pf|
1|1|2013-11-08|N|Grand Canyon|W|78|75|28|62|.452|5|15|.333|17|23|.739|10|30|12|8|4|15|20||25|54|.463|5|18|.278|20|24|.833|5|28|10|2|5|19|22
2|2|2013-11-09|N|South Dakota State|W|98|89|34|59|.576|5|16|.313|25|31|.806|9|28|16|12|4|18|37||23|55|.418|6|18|.333|37|50|.740|17|33|9|9|2|21|25
3|3|2013-11-14|@|Long Beach State|W|74|73|23|61|.377|2|21|.095|26|34|.765|17|41|7|7|0|14|21||27|52|.519|3|16|.188|16|23|.696|5|28|12|10|5|15|26
4|4|2013-11-17||Northern Arizona|W|90|78|36|65|.554|5|16|.313|13|14|.929|12|35|26|9|4|12|19||29|62|.468|3|12|.250|17|24|.708|10|25|17|7|3|13|15
5|5|2013-11-22|N|Northern Iowa|L|81|90|30|72|.417|6|15|.400|15|21|.714|15|35|9|5|4|9|27||25|49|.510|12|21|.571|28|39|.718|4|31|16|4|3|12|19
6|6|2013-11-23|N|Marist|W|76|70|28|56|.500|5|13|.385|15|23|.652|10|35|13|7|1|11|22||21|55|.382|6|18|.333|22|28|.786|10|31|10|3|7|10|18
7|7|2013-11-25|N|Vanderbilt|L|68|77|25|62|.403|4|18|.222|14|21|.667|10|28|7|7|2|9|23||25|52|.481|3|10|.300|24|32|.750|9|35|13|3|1|13|19
8|8|2013-12-02|@|California-Riverside|W|73|69|24|63|.381|4|14|.286|21|29|.724|19|43|12|5|6|13|14||29|70|.414|2|11|.182|9|14|.643|15|38|13|8|6|15|23
9|9|2013-12-06|@|Pittsburgh|L|68|85|26|67|.388|3|12|.250|13|15|.867|15|32|10|4|2|11|20||35|60|.583|1|8|.125|14|23|.609|8|31|23|5|6|10|15
10|10|2013-12-14|@|Valparaiso|L|73|80|26|59|.441|2|10|.200|19|28|.679|15|32|14|5|6|13|26||21|55|.382|6|17|.353|32|41|.780|17|32|13|7|5|13|20
11|11|2013-12-17||Cal Poly|W|79|59|26|53|.491|4|17|.235|23|26|.885|9|33|19|9|2|13|9||23|60|.383|4|20|.200|9|9|1.000|8|26|8|11|2|15|16
12|12|2013-12-21||La Sierra|W|100|83|39|75|.520|3|16|.188|19|23|.826|20|50|30|10|5|14|18||29|65|.446|10|22|.455|15|20|.750|7|23|21|8|2|13|18
13|13|2013-12-28||Brigham Young|W|87|76|29|69|.420|8|17|.471|21|27|.778|10|36|19|9|4|6|20||28|63|.444|3|10|.300|17|26|.654|9|38|14|4|2|13|21
14|14|2013-12-30||San Diego|W|65|62|25|54|.463|4|14|.286|11|14|.786|6|24|19|9|3|9|11||24|52|.462|10|21|.476|4|7|.571|6|30|15|6|3|14|15
15|15|2014-01-02|@|San Francisco|L|61|75|18|48|.375|3|13|.231|22|26|.846|7|25|6|7|3|13|23||25|52|.481|8|18|.444|17|28|.607|13|37|11|4|1|13|22
16|16|2014-01-04|@|Santa Clara|L (1 OT)|81|86|34|69|.493|0|7|.000|13|19|.684|11|39|17|4|5|10|23||26|63|.413|10|25|.400|24|27|.889|11|35|18|8|4|10|17
17|17|2014-01-09|@|San Diego|L|67|74|25|52|.481|6|15|.400|11|15|.733|7|20|8|3|6|13|21||24|54|.444|3|3|1.000|23|29|.793|10|30|8|4|7|15|19
18|18|2014-01-11|@|Brigham Young|L|68|91|27|56|.482|6|16|.375|8|14|.571|4|20|13|8|3|16|28||29|57|.509|3|11|.273|30|38|.789|13|36|14|10|5|11|16
19|19|2014-01-16||Portland|L|57|71|21|66|.318|3|19|.158|12|18|.667|17|36|9|10|5|13|21||24|51|.471|6|12|.500|17|25|.680|8|36|12|8|3|17|17
20|20|2014-01-18||Gonzaga|L|72|82|28|66|.424|6|15|.400|10|13|.769|13|26|13|9|2|12|16||33|62|.532|5|13|.385|11|14|.786|13|36|18|8|7|15|15
21|21|2014-01-23|@|Pacific|W|92|81|27|57|.474|7|14|.500|31|37|.838|7|32|13|8|11|6|18||27|68|.397|10|27|.370|17|21|.810|16|42|19|2|4|11|26
22|22|2014-01-25|@|Saint Mary's (CA)|L|61|89|22|56|.393|2|6|.333|15|20|.750|6|24|9|9|6|19|20||29|58|.500|8|18|.444|23|26|.885|10|37|16|9|6|15|19
23|23|2014-02-01|@|Pepperdine|L|69|80|22|53|.415|7|16|.438|18|23|.783|6|27|11|5|6|11|14||31|66|.470|7|21|.333|11|17|.647|12|35|19|4|2|10|16
24|24|2014-02-06||Saint Mary's (CA)|L|58|77|25|58|.431|2|10|.200|6|11|.545|9|24|14|8|4|16|14||31|53|.585|6|13|.462|9|14|.643|5|31|15|7|2|17|12
25|25|2014-02-08||Pacific|L|72|82|25|55|.455|9|21|.429|13|16|.813|6|17|13|5|2|13|21||25|50|.500|11|26|.423|21|26|.808|8|31|19|7|3|11|19
26|26|2014-02-13|@|Portland|L|64|71|21|56|.375|3|16|.188|19|26|.731|9|28|9|7|6|11|17||28|57|.491|8|18|.444|7|12|.583|9|34|18|6|4|12|21
27|27|2014-02-15|@|Gonzaga|L|67|86|23|52|.442|4|13|.308|17|19|.895|5|22|6|7|2|8|22||29|62|.468|8|25|.320|20|25|.800|14|35|15|4|3|9|17
28|28|2014-02-20||Pepperdine|L|69|72|27|66|.409|7|22|.318|8|13|.615|11|27|12|7|2|6|15||27|54|.500|10|24|.417|8|10|.800|6|31|19|3|5|12|16
29|29|2014-02-27||Santa Clara|W|75|71|25|55|.455|2|9|.222|23|28|.821|10|30|6|7|2|15|21||21|49|.429|7|19|.368|22|30|.733|6|28|10|7|2|20|25
30|30|2014-03-01||San Francisco|L|61|65|24|56|.429|6|20|.300|7|12|.583|6|27|12|7|1|7|19||24|49|.490|6|14|.429|11|22|.500|13|42|14|2|2|14|11
31|31|2014-03-06|N|Portland|W|67|64|22|62|.355|4|16|.250|19|24|.792|11|30|12|8|3|6|19||23|50|.460|7|14|.500|11|19|.579|8|36|13|3|2|20|22
32|32|2014-03-08|N|Brigham Young|L|74|85|23|62|.371|4|18|.222|24|30|.800|18|40|10|3|4|16|24||30|65|.462|0|12|.000|25|36|.694|18|39|9|12|2|9|21
