ranker|game_season|date_game|game_location|opp_id|game_result|pts|opp_pts|fg|fga|fg_pct|fg3|fg3a|fg3_pct|ft|fta|ft_pct|orb|trb|ast|stl|blk|tov|pf|x|opp_fg|opp_fga|opp_fg_pct|opp_fg3|opp_fg3a|opp_fg3_pct|opp_ft|opp_fta|opp_ft_pct|opp_orb|opp_trb|opp_ast|opp_stl|opp_blk|opp_tov|opp_pf|
1|1|2013-11-08|@|Stony Brook|L|55|71|16|53|.302|6|27|.222|17|22|.773|7|30|10|6|4|15|16||29|62|.468|6|17|.353|7|13|.538|11|41|16|9|1|12|16
2|2|2013-11-10||Elon|L|48|75|15|48|.313|0|14|.000|18|26|.692|7|35|1|6|0|18|15||30|60|.500|10|27|.370|5|9|.556|5|30|17|8|4|11|21
3|3|2013-11-13|@|Saint Joseph's|L|62|81|22|56|.393|6|25|.240|12|18|.667|5|23|13|5|3|9|18||30|61|.492|7|16|.438|14|21|.667|14|45|18|5|3|12|17
4|4|2013-11-16|@|Providence|L|48|93|17|53|.321|4|11|.364|10|20|.500|9|21|7|8|3|17|16||32|64|.500|8|23|.348|21|25|.840|18|47|19|14|3|13|17
5|5|2013-11-22|N|Maryland|L|43|68|13|50|.260|3|12|.250|14|22|.636|13|32|7|7|7|19|18||24|55|.436|7|15|.467|13|25|.520|10|38|13|8|4|14|22
6|6|2013-11-23|N|Loyola Marymount|L|70|76|21|55|.382|6|18|.333|22|28|.786|10|31|10|3|7|10|18||28|56|.500|5|13|.385|15|23|.652|10|35|13|7|1|11|22
7|7|2013-11-25|N|Morgan State|L (1 OT)|67|74|24|66|.364|8|20|.400|11|18|.611|16|36|13|3|5|14|16||28|62|.452|5|13|.385|13|19|.684|11|36|11|6|9|12|14
8|8|2013-12-04|@|Iona|L|74|83|28|62|.452|5|17|.294|13|19|.684|8|32|12|7|3|9|13||30|54|.556|17|30|.567|6|14|.429|6|32|26|5|3|15|16
9|9|2013-12-06||Manhattan|L|59|70|21|58|.362|2|13|.154|15|18|.833|9|28|7|10|9|17|26||21|49|.429|3|8|.375|25|33|.758|10|34|13|10|7|15|23
10|10|2013-12-15|@|College of Charleston|W|69|62|25|52|.481|8|17|.471|11|23|.478|5|27|14|6|4|10|16||23|58|.397|4|18|.222|12|17|.706|12|35|9|6|4|15|20
11|11|2013-12-20||Bucknell|W|69|51|27|59|.458|6|12|.500|9|10|.900|9|36|13|7|5|12|18||15|52|.288|6|18|.333|15|20|.750|10|28|7|6|0|13|11
12|12|2013-12-22||Pennsylvania|W|76|62|27|62|.435|8|19|.421|14|21|.667|14|41|17|3|7|15|16||23|59|.390|7|19|.368|9|17|.529|7|31|12|8|1|13|22
13|13|2014-01-02||Fairfield|W|75|56|19|46|.413|5|13|.385|32|40|.800|11|34|16|8|1|11|21||19|47|.404|7|20|.350|11|17|.647|5|23|13|5|4|16|27
14|14|2014-01-06||Canisius|W|65|62|23|49|.469|8|20|.400|11|17|.647|6|29|13|7|4|13|13||24|62|.387|9|24|.375|5|9|.556|13|31|8|6|4|9|15
15|15|2014-01-10|@|Siena|L|58|67|18|51|.353|6|20|.300|16|20|.800|8|31|7|6|2|14|25||17|44|.386|4|11|.364|29|37|.784|10|33|12|10|3|12|18
16|16|2014-01-12|@|Manhattan|L (1 OT)|79|86|26|54|.481|6|16|.375|21|29|.724|6|28|9|5|3|16|28||31|53|.585|7|10|.700|17|34|.500|7|28|12|8|4|15|25
17|17|2014-01-18||Rider|L|56|66|16|50|.320|3|18|.167|21|26|.808|5|21|4|9|3|10|18||20|39|.513|7|14|.500|19|23|.826|4|33|12|6|2|24|19
18|18|2014-01-20||Saint Peter's|W|70|63|19|48|.396|5|16|.313|27|36|.750|5|28|12|8|2|12|18||23|57|.404|5|20|.250|12|18|.667|11|39|13|10|2|16|21
19|19|2014-01-24|@|Niagara|L|74|80|28|53|.528|7|17|.412|11|22|.500|9|27|11|8|2|16|23||24|50|.480|9|17|.529|23|33|.697|8|25|11|7|1|12|19
20|20|2014-01-26|@|Canisius|L|65|78|26|58|.448|2|13|.154|11|16|.688|10|27|10|11|3|17|23||24|51|.471|6|20|.300|24|28|.857|7|27|8|9|1|17|16
21|21|2014-01-30||Monmouth|W|75|73|22|49|.449|11|26|.423|20|25|.800|7|29|11|6|6|17|21||25|61|.410|7|22|.318|16|27|.593|15|37|14|8|4|15|19
22|22|2014-02-01||Niagara|W|78|64|29|55|.527|9|21|.429|11|16|.688|8|29|17|4|4|11|16||24|62|.387|4|15|.267|12|13|.923|15|31|8|6|1|14|19
23|23|2014-02-06|@|Rider|W|68|61|22|58|.379|6|16|.375|18|22|.818|15|40|11|4|3|12|15||24|57|.421|5|22|.227|8|10|.800|3|20|12|6|4|8|21
24|24|2014-02-10|@|Quinnipiac|L|78|83|28|71|.394|12|22|.545|10|16|.625|8|33|16|6|5|8|18||29|60|.483|9|21|.429|16|19|.842|7|42|17|3|9|15|19
25|25|2014-02-14||Siena|W|65|64|19|61|.311|7|17|.412|20|23|.870|11|34|9|7|5|9|21||20|63|.317|4|17|.235|20|24|.833|16|45|8|1|5|10|19
26|26|2014-02-16|@|Monmouth|W (2 OT)|96|92|30|66|.455|15|34|.441|21|29|.724|12|35|15|7|4|10|18||35|69|.507|7|20|.350|15|18|.833|7|32|16|4|1|12|22
27|27|2014-02-20|@|Saint Peter's|L|57|58|21|51|.412|7|17|.412|8|18|.444|10|23|10|8|3|7|12||22|50|.440|9|19|.474|5|8|.625|12|36|10|4|4|13|16
28|28|2014-02-23||Iona|L|67|86|24|58|.414|3|22|.136|16|19|.842|7|25|8|2|1|7|15||33|62|.532|7|21|.333|13|20|.650|10|34|11|5|1|10|17
29|29|2014-02-28|@|Fairfield|L|74|78|24|58|.414|5|12|.417|21|31|.677|9|38|8|7|6|10|23||25|66|.379|12|25|.480|16|26|.615|14|40|15|7|6|9|22
30|30|2014-03-02||Quinnipiac|W|103|72|37|69|.536|15|32|.469|14|16|.875|9|33|21|7|5|5|23||21|60|.350|7|13|.538|23|34|.676|14|37|11|1|2|11|17
31|31|2014-03-06|N|Niagara|L|76|78|22|57|.386|7|23|.304|25|34|.735|8|28|10|11|3|11|24||27|45|.600|1|5|.200|23|37|.622|4|33|7|5|1|18|23
