ranker|game_season|date_game|game_location|opp_id|game_result|pts|opp_pts|fg|fga|fg_pct|fg3|fg3a|fg3_pct|ft|fta|ft_pct|orb|trb|ast|stl|blk|tov|pf|x|opp_fg|opp_fga|opp_fg_pct|opp_fg3|opp_fg3a|opp_fg3_pct|opp_ft|opp_fta|opp_ft_pct|opp_orb|opp_trb|opp_ast|opp_stl|opp_blk|opp_tov|opp_pf|
1|1|2013-11-08||Southern|W|63|56|13|36|.361|4|13|.308|33|53|.623|4|34|10|7|2|14|19||21|59|.356|8|23|.348|6|16|.375|10|35|14|5|2|17|34
2|2|2013-11-12||Grambling|W|114|71|45|82|.549|5|18|.278|19|31|.613|21|53|33|5|3|7|24||20|70|.286|9|30|.300|22|31|.710|18|39|12|3|5|14|28
3|3|2013-11-16||Ohio State|L|35|52|10|53|.189|1|18|.056|14|21|.667|14|46|4|6|2|18|18||22|52|.423|3|18|.167|5|15|.333|5|32|16|10|8|11|19
4|4|2013-11-21||New Hampshire|W|58|53|17|52|.327|3|22|.136|21|34|.618|12|29|11|10|4|11|15||17|50|.340|8|22|.364|11|17|.647|10|32|13|5|0|19|27
5|5|2013-11-25|@|Arizona State|L|77|79|28|69|.406|8|23|.348|13|19|.684|15|37|18|3|1|4|14||29|54|.537|10|22|.455|11|16|.688|6|32|16|2|9|8|14
6|6|2013-11-28|@|Cal State Fullerton|W|86|66|34|61|.557|7|16|.438|11|17|.647|15|40|19|6|3|13|19||23|50|.460|8|19|.421|12|17|.706|3|17|11|5|2|15|16
7|7|2013-11-29|N|George Washington|W|76|60|26|58|.448|8|15|.533|16|20|.800|12|40|17|2|4|11|20||20|60|.333|4|19|.211|16|26|.615|13|30|10|4|9|7|18
8|8|2013-12-01|N|San Diego State|L|59|67|21|50|.420|1|11|.091|16|26|.615|11|32|5|7|4|15|20||22|56|.393|6|12|.500|17|23|.739|14|34|6|5|3|13|22
9|9|2013-12-07|@|Wisconsin|L|64|70|25|58|.431|3|8|.375|11|14|.786|11|33|7|2|3|9|25||22|55|.400|7|26|.269|19|23|.826|13|31|14|2|4|5|16
10|10|2013-12-14||IUPUI|W|86|50|37|57|.649|6|9|.667|6|13|.462|10|44|28|10|7|16|14||18|61|.295|5|17|.294|9|13|.692|9|22|8|8|1|11|10
11|11|2013-12-17||Ball State|W|91|53|33|61|.541|3|9|.333|22|28|.786|9|33|19|17|7|10|18||19|50|.380|9|23|.391|6|21|.286|7|26|14|4|1|23|23
12|12|2013-12-21|N|New Mexico|L|68|75|26|57|.456|7|19|.368|9|14|.643|7|26|8|8|1|11|20||24|55|.436|9|24|.375|18|24|.750|11|34|16|6|3|12|13
13|13|2013-12-28||Samford|W|71|48|23|47|.489|4|12|.333|21|31|.677|7|34|19|12|5|14|19||20|48|.417|1|12|.083|7|17|.412|4|25|14|9|0|16|26
14|14|2013-12-31|@|Creighton|L|49|67|19|53|.358|2|12|.167|9|16|.563|10|34|9|6|4|15|12||25|62|.403|13|35|.371|4|4|1.000|11|36|19|3|4|13|18
15|15|2014-01-04||DePaul|W|66|56|20|39|.513|3|8|.375|23|31|.742|10|31|15|9|7|17|16||22|57|.386|10|23|.435|2|4|.500|10|20|17|5|1|15|28
16|16|2014-01-09|@|Xavier|L|79|86|29|62|.468|11|27|.407|10|13|.769|6|19|21|5|4|6|28||24|46|.522|6|13|.462|32|41|.780|10|36|14|3|1|11|16
17|17|2014-01-11||Seton Hall|W|67|66|23|49|.469|3|15|.200|18|23|.783|6|33|14|3|4|12|17||24|58|.414|9|20|.450|9|14|.643|6|26|15|5|0|8|21
18|18|2014-01-18|@|Butler|L (1 OT)|57|69|20|65|.308|4|24|.167|13|17|.765|11|38|6|2|4|16|23||24|58|.414|6|16|.375|15|29|.517|6|32|11|7|4|11|16
19|19|2014-01-20|@|Georgetown|W (1 OT)|80|72|26|59|.441|7|17|.412|21|25|.840|10|31|15|4|5|11|21||23|61|.377|8|20|.400|18|24|.750|12|34|11|9|9|11|21
20|20|2014-01-25||Villanova|L (1 OT)|85|94|31|62|.500|2|11|.182|21|31|.677|12|32|19|1|1|9|24||31|64|.484|10|28|.357|22|32|.688|12|35|18|2|1|7|23
21|21|2014-01-30||Providence|W|61|50|20|51|.392|3|13|.231|18|27|.667|11|33|14|7|2|11|17||19|58|.328|2|17|.118|10|17|.588|15|37|9|7|5|14|17
22|22|2014-02-01|@|St. John's (NY)|L|59|74|23|66|.348|3|14|.214|10|17|.588|18|36|8|4|1|15|22||26|56|.464|8|20|.400|14|20|.700|7|33|14|8|12|13|17
23|23|2014-02-04||Butler|W|69|62|27|55|.491|6|17|.353|9|17|.529|6|27|18|11|2|10|17||22|49|.449|3|15|.200|15|19|.789|5|30|12|3|1|20|17
24|24|2014-02-11|@|Seton Hall|W|77|66|21|49|.429|5|14|.357|30|34|.882|12|32|9|7|3|13|15||24|45|.533|10|21|.476|8|14|.571|1|17|16|7|2|17|25
25|25|2014-02-15||Xavier|W|81|72|24|52|.462|9|18|.500|24|27|.889|9|18|17|10|0|5|19||26|48|.542|5|12|.417|15|21|.714|14|29|16|3|1|19|22
26|26|2014-02-19||Creighton|L|70|85|24|52|.462|2|11|.182|20|36|.556|12|29|13|3|1|9|22||28|45|.622|12|23|.522|17|22|.773|1|27|21|2|4|10|30
27|27|2014-02-22|@|DePaul|W (1 OT)|96|94|32|60|.533|4|12|.333|28|39|.718|9|34|16|7|2|13|23||29|63|.460|14|29|.483|22|32|.688|12|38|15|7|6|13|34
28|28|2014-02-27||Georgetown|W|75|73|23|52|.442|6|11|.545|23|34|.676|10|32|20|5|4|7|25||20|51|.392|6|20|.300|27|30|.900|7|31|14|4|4|9|26
29|29|2014-03-02|@|Villanova|L|56|73|18|45|.400|4|15|.267|16|25|.640|5|31|11|8|2|14|14||23|53|.434|12|29|.414|15|22|.682|8|32|17|9|4|14|20
30|30|2014-03-04|@|Providence|L (2 OT)|80|81|26|75|.347|7|17|.412|21|27|.778|17|50|14|6|3|13|26||25|62|.403|8|24|.333|23|29|.793|7|38|17|5|13|12|19
31|31|2014-03-08||St. John's (NY)|L (2 OT)|90|91|30|68|.441|8|20|.400|22|32|.688|8|34|22|6|2|14|24||34|67|.507|7|13|.538|16|30|.533|9|38|22|12|4|14|25
32|32|2014-03-13|N|Xavier|L|65|68|26|45|.578|5|11|.455|8|14|.571|3|24|15|3|3|14|20||23|49|.469|5|15|.333|17|23|.739|7|19|11|6|2|10|16
