ranker|game_season|date_game|game_location|opp_id|game_result|pts|opp_pts|fg|fga|fg_pct|fg3|fg3a|fg3_pct|ft|fta|ft_pct|orb|trb|ast|stl|blk|tov|pf|x|opp_fg|opp_fga|opp_fg_pct|opp_fg3|opp_fg3a|opp_fg3_pct|opp_ft|opp_fta|opp_ft_pct|opp_orb|opp_trb|opp_ast|opp_stl|opp_blk|opp_tov|opp_pf|
1|1|2013-11-08|@|Notre Dame|L|62|74|21|48|.438|6|22|.273|14|19|.737|7|28|15|3|1|12|12||26|52|.500|10|21|.476|12|15|.800|5|26|21|9|1|7|17
2|2|2013-11-12|@|Arizona State|L|54|90|19|58|.328|4|20|.200|12|14|.857|4|26|9|8|4|10|16||35|63|.556|16|31|.516|4|13|.308|9|46|26|5|7|13|14
3|3|2013-11-20|@|Xavier|L|51|77|20|53|.377|5|23|.217|6|10|.600|6|21|15|6|6|9|12||30|59|.508|9|21|.429|8|12|.667|13|41|20|4|6|9|15
4|4|2013-11-23||Wilmington (OH)|L|63|65|23|70|.329|3|20|.150|14|19|.737|23|49|10|12|5|12|14||24|59|.407|14|27|.519|3|6|.500|11|33|18|5|8|15|14
5|5|2013-12-03||IPFW|W|94|87|33|60|.550|8|19|.421|20|25|.800|8|28|13|11|3|11|20||32|63|.508|15|28|.536|8|16|.500|11|31|20|6|2|16|21
6|6|2013-12-07|@|Evansville|L|65|78|23|59|.390|3|16|.188|16|23|.696|4|22|14|14|3|13|27||23|44|.523|4|9|.444|28|39|.718|7|40|16|2|5|19|20
7|7|2013-12-15||Wright State|W|59|56|19|39|.487|1|5|.200|20|31|.645|4|27|5|9|1|21|16||21|46|.457|7|21|.333|7|9|.778|3|22|14|13|2|19|24
8|8|2013-12-18|@|Missouri-Kansas City|L|55|69|20|49|.408|3|13|.231|12|18|.667|9|34|9|5|5|24|16||26|57|.456|8|27|.296|9|13|.692|4|30|17|8|3|15|18
9|9|2013-12-21|@|Tennessee State|W|79|64|26|46|.565|5|15|.333|22|28|.786|4|31|16|3|5|9|21||23|60|.383|5|20|.250|13|20|.650|10|28|11|3|3|6|24
10|10|2013-12-29||Southern Illinois|W|67|65|24|49|.490|7|18|.389|12|19|.632|4|26|14|5|3|16|13||28|62|.452|3|17|.176|6|8|.750|7|30|12|8|1|14|18
11|11|2014-01-04|@|Massachusetts|L|65|73|30|62|.484|1|14|.071|4|6|.667|12|28|21|10|1|15|18||25|49|.510|7|16|.438|16|23|.696|5|26|21|9|7|15|10
12|12|2014-01-08|@|Central Michigan|W|77|70|27|56|.482|6|14|.429|17|21|.810|7|29|11|12|0|13|20||23|57|.404|9|29|.310|15|22|.682|10|33|14|6|1|17|16
13|13|2014-01-11||Western Michigan|L (1 OT)|77|78|27|62|.435|6|19|.316|17|18|.944|10|26|16|12|2|6|21||23|41|.561|8|18|.444|24|27|.889|2|26|13|1|3|16|15
14|14|2014-01-15|@|Akron|L|52|59|19|54|.352|4|10|.400|10|13|.769|8|28|10|7|0|11|18||21|48|.438|6|24|.250|11|17|.647|9|35|13|8|5|16|10
15|15|2014-01-18|@|Ball State|W|64|52|27|52|.519|2|12|.167|8|14|.571|7|23|13|13|0|9|24||13|39|.333|7|23|.304|19|24|.792|10|25|9|4|3|22|14
16|16|2014-01-22||Central Michigan|W|86|80|32|54|.593|7|14|.500|15|19|.789|5|29|18|7|2|11|13||27|58|.466|13|31|.419|13|21|.619|8|26|13|4|1|9|19
17|17|2014-01-25|@|Bowling Green State|W|70|65|21|45|.467|6|16|.375|22|26|.846|4|26|10|6|1|12|16||23|55|.418|10|23|.435|9|17|.529|10|31|16|7|2|14|21
18|18|2014-01-29||Toledo|L|70|83|27|65|.415|1|17|.059|15|17|.882|10|25|7|13|2|15|18||33|60|.550|6|18|.333|11|17|.647|13|40|17|6|6|21|15
19|19|2014-02-01||Eastern Michigan|W|65|61|22|51|.431|8|16|.500|13|16|.813|8|36|15|5|1|18|16||21|55|.382|10|24|.417|9|13|.692|5|26|12|9|5|11|19
20|20|2014-02-04|@|Northern Illinois|L|41|53|15|50|.300|1|15|.067|10|16|.625|11|34|5|8|1|15|13||21|51|.412|7|17|.412|4|15|.267|8|34|7|9|10|15|13
21|21|2014-02-08|@|Ohio|L|75|82|25|53|.472|8|18|.444|17|19|.895|9|30|18|9|2|13|21||29|55|.527|11|29|.379|13|18|.722|2|19|21|3|2|10|18
22|22|2014-02-12||Buffalo|L|62|75|24|57|.421|8|20|.400|6|6|1.000|3|22|14|7|1|15|15||28|57|.491|7|22|.318|12|16|.750|10|37|18|11|3|15|11
23|23|2014-02-15|@|Western Michigan|L|57|68|21|56|.375|6|21|.286|9|11|.818|3|20|11|13|2|18|25||19|43|.442|2|17|.118|28|37|.757|8|38|9|7|7|17|10
24|24|2014-02-19||Kent State|L|63|75|20|42|.476|3|9|.333|20|28|.714|4|20|8|6|2|14|15||28|54|.519|15|26|.577|4|7|.571|6|25|17|3|5|16|21
25|25|2014-02-23||Bowling Green State|W|55|52|20|50|.400|4|14|.286|11|20|.550|5|31|16|9|5|12|13||23|58|.397|2|13|.154|4|11|.364|10|36|10|3|3|13|18
26|26|2014-02-26||Akron|W|65|61|20|53|.377|7|19|.368|18|21|.857|5|31|12|11|3|10|15||21|56|.375|7|20|.350|12|18|.667|9|37|14|3|7|11|18
27|27|2014-03-01|@|Buffalo|L|55|78|21|54|.389|4|14|.286|9|15|.600|10|26|11|10|4|17|18||27|50|.540|11|21|.524|13|18|.722|9|31|19|6|5|16|12
28|28|2014-03-04|@|Kent State|W|73|61|26|50|.520|7|11|.636|14|17|.824|4|26|17|9|2|12|15||22|53|.415|5|20|.250|12|15|.800|7|27|7|7|4|15|15
29|29|2014-03-08||Ohio|L (1 OT)|76|82|29|61|.475|4|21|.190|14|18|.778|5|32|15|11|1|14|19||30|61|.492|10|23|.435|12|19|.632|9|36|20|7|3|19|17
30|30|2014-03-10||Kent State|W|71|64|22|49|.449|3|11|.273|24|31|.774|4|24|9|11|3|13|16||22|49|.449|6|17|.353|14|17|.824|6|24|8|7|5|17|20
31|31|2014-03-12|N|Ohio|L|55|63|19|57|.333|5|20|.250|12|16|.750|12|35|10|2|2|10|19||20|52|.385|8|28|.286|15|18|.833|9|35|16|7|3|9|17
