ranker|game_season|date_game|game_location|opp_id|game_result|pts|opp_pts|fg|fga|fg_pct|fg3|fg3a|fg3_pct|ft|fta|ft_pct|orb|trb|ast|stl|blk|tov|pf|x|opp_fg|opp_fga|opp_fg_pct|opp_fg3|opp_fg3a|opp_fg3_pct|opp_ft|opp_fta|opp_ft_pct|opp_orb|opp_trb|opp_ast|opp_stl|opp_blk|opp_tov|opp_pf|
1|1|2013-11-08||Massachusetts-Lowell|W|69|42|20|53|.377|5|18|.278|24|32|.750|12|37|13|10|2|7|11||14|49|.286|4|17|.235|10|12|.833|10|33|7|5|0|15|24
2|2|2013-11-12||South Carolina State|W|93|59|31|61|.508|15|28|.536|16|19|.842|8|41|19|6|5|9|15||21|59|.356|6|14|.429|11|19|.579|5|25|11|6|4|9|13
3|3|2013-11-17|@|Iowa State|L|70|77|29|69|.420|8|29|.276|4|9|.444|8|32|14|8|0|12|20||29|61|.475|6|20|.300|13|19|.684|7|36|16|4|1|12|12
4|4|2013-11-21|N|Long Beach State|W|85|61|31|58|.534|14|30|.467|9|15|.600|4|29|18|5|2|10|14||23|51|.451|8|22|.364|7|13|.538|6|29|12|6|3|16|18
5|5|2013-11-22|N|Florida State|W (1 OT)|82|80|28|65|.431|9|24|.375|17|27|.630|13|37|19|6|3|7|14||31|59|.525|6|12|.500|12|16|.750|7|34|14|6|4|13|20
6|6|2013-11-24|N|Charlotte|L|61|63|19|61|.311|5|23|.217|18|24|.750|14|40|8|12|2|13|17||26|66|.394|6|13|.462|5|8|.625|15|45|11|6|0|17|20
7|7|2013-11-29||Coppin State|W|87|45|32|62|.516|10|29|.345|13|14|.929|16|43|19|2|6|7|17||16|46|.348|2|17|.118|11|17|.647|4|17|6|3|3|9|14
8|8|2013-12-03|@|Duke|L|69|79|25|56|.446|3|13|.231|16|19|.842|7|29|12|1|0|11|17||28|56|.500|8|23|.348|15|18|.833|7|30|15|4|3|7|18
9|9|2013-12-07||Houston Baptist|W|107|53|36|56|.643|16|26|.615|19|25|.760|6|28|26|8|4|7|9||23|59|.390|4|17|.235|3|4|.750|11|24|10|3|2|15|20
10|10|2013-12-14||Arizona|L|70|72|24|48|.500|8|17|.471|14|17|.824|5|21|9|3|6|11|17||27|61|.443|4|10|.400|14|15|.933|13|33|14|5|2|8|18
11|11|2013-12-21|N|Stanford|W|68|65|21|52|.404|8|27|.296|18|26|.692|7|27|16|6|1|8|22||22|48|.458|4|10|.400|17|20|.850|5|28|9|2|4|12|19
12|12|2013-12-28||Holy Cross|W|88|66|33|59|.559|8|18|.444|14|19|.737|8|35|16|5|3|7|11||25|61|.410|10|23|.435|6|10|.600|8|28|13|4|2|8|18
13|13|2014-01-02|@|Minnesota|W|63|60|20|44|.455|7|17|.412|16|22|.727|5|23|16|8|6|10|17||21|53|.396|5|19|.263|13|19|.684|13|36|16|9|4|15|18
14|14|2014-01-05||Northwestern|W|74|51|25|48|.521|6|18|.333|18|22|.818|6|30|15|6|1|9|13||19|49|.388|6|23|.261|7|8|.875|4|20|12|3|3|11|16
15|15|2014-01-09|@|Nebraska|W|71|70|31|50|.620|6|17|.353|3|9|.333|2|16|16|4|1|9|13||26|49|.531|7|20|.350|11|12|.917|8|25|10|5|2|13|12
16|16|2014-01-14||Penn State|W|80|67|28|52|.538|9|24|.375|15|19|.789|7|26|18|3|1|6|10||26|53|.491|5|19|.263|10|13|.769|7|24|8|2|2|9|17
17|17|2014-01-18|@|Wisconsin|W|77|70|29|53|.547|7|13|.538|12|14|.857|2|29|12|6|7|11|14||26|60|.433|7|18|.389|11|14|.786|7|29|11|4|2|9|15
18|18|2014-01-22||Iowa|W|75|67|27|58|.466|8|27|.296|13|16|.813|10|31|15|9|2|10|16||25|53|.472|2|10|.200|15|21|.714|9|32|14|6|2|14|17
19|19|2014-01-25|@|Michigan State|W|80|75|22|49|.449|11|19|.579|25|30|.833|7|31|14|1|3|11|16||26|56|.464|7|17|.412|16|23|.696|10|28|18|8|5|5|22
20|20|2014-01-30||Purdue|W|75|66|28|46|.609|7|13|.538|12|17|.706|5|28|10|7|6|16|14||28|65|.431|2|14|.143|8|15|.533|15|31|12|8|1|11|19
21|21|2014-02-02|@|Indiana|L|52|63|18|45|.400|3|13|.231|13|18|.722|8|22|8|4|2|10|15||23|43|.535|8|13|.615|9|15|.600|9|30|6|5|2|12|15
22|22|2014-02-05||Nebraska|W|79|50|26|52|.500|13|31|.419|14|14|1.000|6|30|21|5|1|13|10||19|54|.352|5|21|.238|7|11|.636|7|24|7|7|1|11|14
23|23|2014-02-08|@|Iowa|L|67|85|22|52|.423|9|25|.360|14|18|.778|6|26|13|3|4|10|13||29|61|.475|10|17|.588|17|22|.773|15|38|22|9|7|7|14
24|24|2014-02-11|@|Ohio State|W|70|60|22|53|.415|8|17|.471|18|22|.818|14|38|8|2|0|8|14||23|52|.442|3|20|.150|11|16|.688|8|26|7|4|2|8|17
25|25|2014-02-16||Wisconsin|L|62|75|20|50|.400|6|16|.375|16|18|.889|6|28|5|0|0|9|16||26|58|.448|7|17|.412|16|21|.762|10|34|10|5|2|2|16
26|26|2014-02-23||Michigan State|W|79|70|27|54|.500|8|19|.421|17|25|.680|4|21|15|5|0|2|18||26|48|.542|9|23|.391|9|15|.600|7|28|13|1|2|13|23
27|27|2014-02-26|@|Purdue|W (1 OT)|77|76|27|65|.415|6|23|.261|17|25|.680|12|33|19|6|2|7|14||26|63|.413|7|24|.292|17|18|.944|12|34|15|3|4|11|17
28|28|2014-03-01||Minnesota|W|66|56|25|50|.500|9|23|.391|7|9|.778|5|28|14|2|1|9|14||22|48|.458|5|18|.278|7|11|.636|3|22|10|5|1|11|15
29|29|2014-03-04|@|Illinois|W|84|53|29|51|.569|16|23|.696|10|14|.714|4|33|15|5|1|9|12||20|52|.385|2|18|.111|11|16|.688|5|22|7|4|0|8|14
30|30|2014-03-08||Indiana|W|84|80|27|56|.482|4|15|.267|26|29|.897|10|24|13|7|3|4|15||29|49|.592|7|18|.389|15|17|.882|6|25|17|3|3|15|23
31|31|2014-03-14|N|Illinois|W|64|63|21|47|.447|10|30|.333|12|15|.800|6|26|11|4|2|8|15||24|53|.453|5|17|.294|10|12|.833|7|28|10|4|2|8|14
32|32|2014-03-15|N|Ohio State|W|72|69|25|47|.532|12|23|.522|10|19|.526|3|23|15|7|3|12|11||27|56|.482|7|19|.368|8|12|.667|9|31|17|10|2|11|18
33|33|2014-03-16|N|Michigan State|L|55|69|17|54|.315|6|23|.261|15|16|.938|10|23|7|3|3|9|14||27|54|.500|2|17|.118|13|16|.813|13|37|14|7|6|10|19
34|34|2014-03-20|N|Wofford|W|57|40|22|46|.478|7|17|.412|6|9|.667|6|31|15|8|1|11|8||18|53|.340|1|19|.053|3|4|.750|5|22|10|3|0|9|14
35|35|2014-03-22|N|Texas|W|79|65|24|54|.444|14|28|.500|17|21|.810|10|25|16|5|2|4|12||23|62|.371|4|11|.364|15|16|.938|19|38|14|3|3|9|16
36|36|2014-03-28|N|Tennessee|W|73|71|27|49|.551|11|20|.550|8|10|.800|4|23|14|5|1|12|13||30|57|.526|3|11|.273|8|14|.571|10|27|11|7|8|7|13
37|37|2014-03-30|N|Kentucky|L|72|75|27|57|.474|7|18|.389|11|14|.786|11|20|11|4|1|6|14||31|58|.534|7|11|.636|6|11|.545|15|32|8|2|6|10|14
