ranker|game_season|date_game|game_location|opp_id|game_result|pts|opp_pts|fg|fga|fg_pct|fg3|fg3a|fg3_pct|ft|fta|ft_pct|orb|trb|ast|stl|blk|tov|pf|x|opp_fg|opp_fga|opp_fg_pct|opp_fg3|opp_fg3a|opp_fg3_pct|opp_ft|opp_fta|opp_ft_pct|opp_orb|opp_trb|opp_ast|opp_stl|opp_blk|opp_tov|opp_pf|
1|1|2013-11-08||McNeese State|W|98|56|42|81|.519|10|26|.385|4|5|.800|16|64|32|4|4|15|12||20|73|.274|9|34|.265|7|11|.636|7|25|10|10|3|8|9
2|2|2013-11-12|N|Kentucky|W|78|74|30|63|.476|5|12|.417|13|17|.765|7|28|17|13|3|7|27||25|55|.455|4|20|.200|20|36|.556|18|44|8|1|6|17|19
3|3|2013-11-15||Columbia|W|62|53|20|44|.455|0|7|.000|22|30|.733|5|27|16|5|4|11|14||19|46|.413|7|16|.438|8|11|.727|7|30|10|3|2|15|27
4|4|2013-11-18||Portland|W|82|67|29|67|.433|13|30|.433|11|13|.846|12|35|21|7|2|10|15||23|55|.418|5|15|.333|16|22|.727|7|30|13|7|3|13|14
5|5|2013-11-22|N|Virginia Tech|W|96|77|36|71|.507|14|35|.400|10|13|.769|9|33|26|13|6|6|16||25|61|.410|13|27|.481|14|15|.933|9|32|13|4|1|17|16
6|6|2013-11-23|N|Oklahoma|W|87|76|29|58|.500|6|19|.316|23|36|.639|8|39|14|4|6|13|23||25|58|.431|4|17|.235|22|30|.733|6|28|14|8|2|14|25
7|7|2013-11-29||Mount St. Mary's|W|98|65|41|65|.631|9|18|.500|7|9|.778|4|39|28|6|3|9|9||22|67|.328|12|34|.353|9|10|.900|10|30|11|6|4|10|14
8|8|2013-12-04||North Carolina|L|65|79|23|64|.359|7|24|.292|12|18|.667|12|36|12|6|7|14|19||29|65|.446|2|11|.182|19|27|.704|14|45|14|7|5|12|20
9|9|2013-12-14|N|Oakland|W|67|63|24|57|.421|6|16|.375|13|19|.684|12|37|14|11|5|17|14||23|60|.383|8|27|.296|9|10|.900|8|27|12|8|0|12|17
10|10|2013-12-17||North Florida|W|78|48|27|51|.529|4|12|.333|20|38|.526|9|36|15|10|3|10|19||16|54|.296|4|25|.160|12|19|.632|8|29|10|5|2|15|25
11|11|2013-12-21|@|Texas|W|92|78|29|58|.500|7|22|.318|27|33|.818|11|41|14|4|3|13|25||24|61|.393|6|17|.353|24|32|.750|9|28|11|4|4|12|26
12|12|2013-12-28||New Orleans|W|101|48|36|66|.545|13|25|.520|16|24|.667|18|50|25|9|6|10|15||19|64|.297|7|26|.269|3|10|.300|14|30|9|4|2|15|23
13|13|2013-12-31|@|Penn State|W|79|63|29|66|.439|10|20|.500|11|13|.846|12|40|16|5|6|11|17||20|52|.385|9|21|.429|14|22|.636|6|25|8|6|7|12|14
14|14|2014-01-04|@|Indiana|W|73|56|28|59|.475|10|24|.417|7|11|.636|9|32|14|12|9|11|21||19|48|.396|5|10|.500|13|20|.650|9|31|8|6|1|15|12
15|15|2014-01-07||Ohio State|W (1 OT)|72|68|26|57|.456|11|19|.579|9|14|.643|7|28|16|9|5|15|18||24|58|.414|4|18|.222|16|24|.667|11|38|14|8|5|19|16
16|16|2014-01-11||Minnesota|W (1 OT)|87|75|24|59|.407|7|21|.333|32|40|.800|12|41|16|10|10|7|17||23|57|.404|10|26|.385|19|24|.792|5|30|13|4|4|12|26
17|17|2014-01-15|@|Northwestern|W|54|40|20|52|.385|2|16|.125|12|20|.600|12|37|13|7|5|6|16||13|46|.283|5|23|.217|9|12|.750|7|25|7|2|7|12|15
18|18|2014-01-18|@|Illinois|W|78|62|29|52|.558|6|15|.400|14|22|.636|8|37|15|5|7|12|16||23|61|.377|7|23|.304|9|10|.900|7|22|8|5|1|9|21
19|19|2014-01-21||Indiana|W|71|66|23|51|.451|6|18|.333|19|28|.679|7|25|14|12|6|13|22||20|46|.435|4|10|.400|22|26|.846|7|29|9|9|3|17|23
20|20|2014-01-25||Michigan|L|75|80|26|56|.464|7|17|.412|16|23|.696|10|28|18|8|5|5|22||22|49|.449|11|19|.579|25|30|.833|7|31|14|1|3|11|16
21|21|2014-01-28|@|Iowa|W (1 OT)|71|69|25|59|.424|10|29|.345|11|20|.550|10|36|12|5|5|9|29||18|48|.375|3|12|.250|30|43|.698|7|35|7|4|5|10|19
22|22|2014-02-01|N|Georgetown|L|60|64|21|53|.396|9|29|.310|9|16|.563|9|24|13|7|4|15|21||22|49|.449|2|12|.167|18|24|.750|12|32|9|8|6|16|14
23|23|2014-02-06||Penn State|W|82|67|28|60|.467|12|23|.522|14|18|.778|12|39|22|7|6|10|22||21|57|.368|5|22|.227|20|23|.870|7|27|10|5|2|7|15
24|24|2014-02-09|@|Wisconsin|L|58|60|24|60|.400|5|19|.263|5|9|.556|8|29|9|6|2|11|17||19|42|.452|9|23|.391|13|20|.650|3|28|10|5|3|14|13
25|25|2014-02-13||Northwestern|W|85|70|32|60|.533|11|21|.524|10|14|.714|13|37|22|5|1|5|18||24|52|.462|9|24|.375|13|16|.813|5|23|13|2|2|9|15
26|26|2014-02-16||Nebraska|L|51|60|17|50|.340|5|24|.208|12|14|.857|8|37|12|2|2|11|19||19|53|.358|9|30|.300|13|21|.619|9|34|10|7|2|5|18
27|27|2014-02-20|@|Purdue|W|94|79|30|52|.577|17|32|.531|17|22|.773|6|26|26|8|5|11|29||24|49|.490|7|14|.500|24|40|.600|9|24|12|8|1|10|18
28|28|2014-02-23|@|Michigan|L|70|79|26|48|.542|9|23|.391|9|15|.600|7|28|13|1|2|13|23||27|54|.500|8|19|.421|17|25|.680|4|21|15|5|0|2|18
29|29|2014-03-01||Illinois|L|46|53|18|46|.391|6|18|.333|4|11|.364|12|33|12|8|3|16|13||21|44|.477|8|18|.444|3|7|.429|5|26|12|14|4|14|16
30|30|2014-03-06||Iowa|W|86|76|28|48|.583|10|17|.588|20|26|.769|6|26|20|9|7|15|20||28|60|.467|7|20|.350|13|15|.867|7|18|15|10|1|13|20
31|31|2014-03-09|@|Ohio State|L|67|69|24|55|.436|10|20|.500|9|10|.900|8|28|17|1|4|15|22||23|49|.469|4|10|.400|19|31|.613|7|25|12|10|2|10|12
32|32|2014-03-14|N|Northwestern|W|67|51|27|60|.450|8|19|.421|5|10|.500|16|39|15|4|8|10|11||19|47|.404|7|19|.368|6|8|.750|4|21|11|3|1|11|14
33|33|2014-03-15|N|Wisconsin|W|83|75|29|51|.569|7|13|.538|18|28|.643|9|27|15|6|4|8|22||22|50|.440|7|18|.389|24|31|.774|5|23|13|2|2|6|18
34|34|2014-03-16|N|Michigan|W|69|55|27|54|.500|2|17|.118|13|16|.813|13|37|14|7|6|10|19||17|54|.315|6|23|.261|15|16|.938|10|23|7|3|3|9|14
35|35|2014-03-20|N|Delaware|W|93|78|30|56|.536|10|19|.526|23|25|.920|9|38|16|4|2|14|27||20|55|.364|8|20|.400|30|39|.769|6|20|7|4|1|8|19
36|36|2014-03-22|N|Harvard|W|80|73|28|57|.491|7|21|.333|17|22|.773|9|30|17|9|1|11|20||22|53|.415|6|17|.353|23|30|.767|8|31|8|4|3|11|17
37|37|2014-03-28|N|Virginia|W|61|59|21|47|.447|5|14|.357|14|18|.778|6|29|13|5|4|9|16||20|57|.351|6|18|.333|13|17|.765|8|29|10|5|4|6|16
38|38|2014-03-30|N|Connecticut|L|54|60|18|46|.391|11|29|.379|7|8|.875|4|28|13|5|3|16|16||17|49|.347|5|22|.227|21|22|.955|4|25|8|7|3|6|12
