ranker|game_season|date_game|game_location|opp_id|game_result|pts|opp_pts|fg|fga|fg_pct|fg3|fg3a|fg3_pct|ft|fta|ft_pct|orb|trb|ast|stl|blk|tov|pf|x|opp_fg|opp_fga|opp_fg_pct|opp_fg3|opp_fg3a|opp_fg3_pct|opp_ft|opp_fta|opp_ft_pct|opp_orb|opp_trb|opp_ast|opp_stl|opp_blk|opp_tov|opp_pf|
1|1|2013-11-10||Southern|W|78|75|18|47|.383|6|15|.400|36|55|.655|12|33|9|8|0|10|20||25|51|.490|10|22|.455|15|23|.652|6|23|16|4|1|15|36
2|2|2013-11-13||North Florida|W|77|70|27|53|.509|5|15|.333|18|27|.667|4|32|13|7|6|10|19||25|58|.431|6|17|.353|14|23|.609|9|33|13|4|2|14|20
3|3|2013-11-16||Akron|W|80|73|27|48|.563|6|11|.545|20|31|.645|8|30|15|13|3|18|17||27|57|.474|7|23|.304|12|18|.667|10|26|8|11|3|17|22
4|4|2013-11-18||Arkansas-Little Rock|W|76|59|24|51|.471|7|22|.318|21|30|.700|6|27|16|11|11|10|27||14|47|.298|0|11|.000|31|42|.738|8|31|3|4|0|13|20
5|5|2013-11-21|@|Florida|L|59|79|20|47|.426|6|19|.316|13|18|.722|6|24|8|6|4|15|25||25|50|.500|4|12|.333|25|30|.833|9|28|10|9|0|12|18
6|6|2013-11-26|@|Murray State|W|80|62|32|59|.542|5|10|.500|11|19|.579|14|41|16|6|3|11|27||21|49|.429|5|12|.417|15|26|.577|5|21|11|2|3|13|19
7|7|2013-11-30||South Alabama|W|65|55|20|51|.392|2|7|.286|23|29|.793|15|41|8|3|5|14|18||16|59|.271|6|21|.286|17|24|.708|16|36|8|12|4|10|24
8|8|2013-12-03||Belmont|L|58|70|21|55|.382|2|18|.111|14|23|.609|14|35|7|6|6|14|27||19|49|.388|7|20|.350|25|32|.781|6|30|11|4|1|11|23
9|9|2013-12-09||Fisk|W|115|65|42|68|.618|7|22|.318|24|37|.649|14|51|31|8|9|16|24||20|66|.303|3|19|.158|22|36|.611|11|27|4|11|2|18|31
10|10|2013-12-14|@|Mississippi|L|63|72|24|60|.400|4|18|.222|11|21|.524|16|41|15|3|3|14|21||23|51|.451|7|18|.389|19|29|.655|6|26|13|10|5|8|18
11|11|2013-12-17||Tennessee Temple|W|102|52|36|71|.507|7|19|.368|23|28|.821|16|43|12|6|2|7|15||20|51|.392|3|11|.273|9|19|.474|7|26|12|3|2|19|20
12|12|2013-12-21|@|Cincinnati|L|48|69|12|45|.267|6|16|.375|18|27|.667|8|24|10|7|2|17|20||23|51|.451|7|18|.389|16|23|.696|9|35|16|8|5|17|24
13|13|2013-12-29|N|Maine|L (1 OT)|85|89|32|75|.427|5|25|.200|16|29|.552|19|49|19|5|11|13|22||32|66|.485|14|22|.636|11|18|.611|7|32|17|9|1|14|23
14|14|2013-12-30|N|Grand Canyon|W|79|56|31|64|.484|4|14|.286|13|22|.591|10|29|18|5|6|4|25||13|42|.310|2|7|.286|28|34|.824|9|32|8|1|0|13|18
15|15|2014-01-07|@|Tennessee State|W|74|66|23|65|.354|4|14|.286|24|34|.706|16|34|9|9|2|3|18||20|49|.408|6|18|.333|20|25|.800|8|37|8|2|8|16|23
16|16|2014-01-11||Alabama-Birmingham|W (1 OT)|89|84|35|67|.522|9|22|.409|10|19|.526|9|29|23|10|2|11|21||31|52|.596|5|11|.455|17|26|.654|8|35|9|9|0|22|18
17|17|2014-01-16||Texas-El Paso|L|54|63|19|59|.322|4|20|.200|12|20|.600|11|29|9|9|2|12|14||23|50|.460|5|14|.357|12|19|.632|9|34|10|8|12|17|15
18|18|2014-01-18||Texas-San Antonio|W|80|58|27|57|.474|8|24|.333|18|26|.692|15|36|16|10|2|11|25||16|48|.333|5|22|.227|21|27|.778|7|22|10|2|0|14|22
19|19|2014-01-23|@|Tulsa|L|53|58|20|51|.392|2|12|.167|11|19|.579|5|28|10|11|6|11|19||18|45|.400|5|18|.278|17|25|.680|6|33|9|8|3|15|15
20|20|2014-01-25|@|North Texas|W|70|63|25|49|.510|5|11|.455|15|23|.652|8|34|6|7|6|14|19||22|51|.431|6|17|.353|13|17|.765|2|22|8|8|2|14|18
21|21|2014-01-30||East Carolina|W|84|67|30|57|.526|4|10|.400|20|29|.690|10|36|14|8|5|10|18||24|58|.414|6|22|.273|13|19|.684|9|26|8|7|4|11|22
22|22|2014-02-01||Old Dominion|W|64|48|22|43|.512|5|13|.385|15|25|.600|7|30|12|6|6|12|19||16|48|.333|3|8|.375|13|22|.591|10|26|7|6|0|14|23
23|23|2014-02-06|@|Florida Atlantic|W|67|63|28|53|.528|3|8|.375|8|13|.615|7|29|15|9|4|13|17||20|52|.385|10|25|.400|13|17|.765|7|27|10|6|6|13|15
24|24|2014-02-08|@|Florida International|W|70|68|28|57|.491|2|12|.167|12|16|.750|12|33|15|5|4|14|18||26|51|.510|5|12|.417|11|18|.611|5|19|14|5|4|13|12
25|25|2014-02-13||Tulane|W|71|44|21|55|.382|7|16|.438|22|26|.846|12|43|11|7|8|7|18||15|50|.300|6|18|.333|8|17|.471|6|26|6|2|3|12|21
26|26|2014-02-15||Southern Mississippi|W|81|64|22|41|.537|11|21|.524|26|37|.703|11|27|19|6|5|12|20||23|47|.489|5|12|.417|13|19|.684|6|22|11|6|0|17|29
27|27|2014-02-20|@|Charlotte|W|71|49|27|58|.466|7|14|.500|10|16|.625|8|29|17|10|7|6|16||22|51|.431|2|11|.182|3|10|.300|9|29|13|3|5|20|14
28|28|2014-02-22|@|Marshall|W|56|53|21|49|.429|10|23|.435|4|5|.800|8|29|17|6|8|18|14||21|55|.382|4|14|.286|7|10|.700|7|25|9|10|5|12|11
29|29|2014-02-27|@|Louisiana Tech|L|39|55|17|48|.354|2|12|.167|3|5|.600|6|23|7|8|1|19|18||21|45|.467|4|20|.200|9|15|.600|7|28|13|12|8|18|13
30|30|2014-03-01||Rice|W|65|41|19|48|.396|6|14|.429|21|29|.724|8|36|8|6|3|10|21||14|44|.318|1|13|.077|12|19|.632|4|28|4|3|1|13|20
31|31|2014-03-06|@|Alabama-Birmingham|W|55|53|20|46|.435|5|13|.385|10|15|.667|9|30|12|7|4|15|17||20|45|.444|4|13|.308|9|18|.500|7|26|11|6|2|14|15
32|32|2014-03-13|N|Old Dominion|W|62|48|25|46|.543|4|10|.400|8|16|.500|7|32|8|3|8|13|12||18|56|.321|4|15|.267|8|9|.889|9|25|5|4|2|8|18
33|33|2014-03-14|N|Tulsa|L|69|76|21|52|.404|8|20|.400|19|27|.704|13|34|8|3|4|21|31||23|50|.460|3|11|.273|27|39|.692|9|26|6|9|1|11|20
