ranker|game_season|date_game|game_location|opp_id|game_result|pts|opp_pts|fg|fga|fg_pct|fg3|fg3a|fg3_pct|ft|fta|ft_pct|orb|trb|ast|stl|blk|tov|pf|x|opp_fg|opp_fga|opp_fg_pct|opp_fg3|opp_fg3a|opp_fg3_pct|opp_ft|opp_fta|opp_ft_pct|opp_orb|opp_trb|opp_ast|opp_stl|opp_blk|opp_tov|opp_pf|
1|1|2013-11-08|@|Loyola (IL)|L|72|76|24|51|.471|8|22|.364|16|17|.941|6|27|15|6|4|18|24||24|48|.500|7|14|.500|21|33|.636|6|25|10|9|1|11|21
2|2|2013-11-11|@|Davidson|W|81|77|23|53|.434|3|17|.176|32|40|.800|8|32|10|7|3|14|19||29|66|.439|8|21|.381|11|15|.733|9|30|13|7|2|14|26
3|3|2013-11-15|N|San Jose State|W|64|61|19|51|.373|7|21|.333|19|30|.633|8|29|9|6|1|11|15||21|54|.389|8|21|.381|11|17|.647|11|34|9|2|4|18|23
4|4|2013-11-16|N|James Madison|W|77|66|25|55|.455|11|24|.458|16|27|.593|10|29|15|4|0|8|14||26|54|.481|4|17|.235|10|17|.588|8|33|8|2|1|11|23
5|5|2013-11-17|@|Northern Illinois|W|82|69|26|57|.456|11|31|.355|19|26|.731|6|27|15|7|5|8|19||24|55|.436|4|13|.308|17|28|.607|10|35|8|3|2|17|25
6|6|2013-11-19||DePaul|L|71|80|22|54|.407|7|25|.280|20|23|.870|5|25|13|3|6|9|14||30|61|.492|9|18|.500|11|15|.733|9|31|13|6|4|7|18
7|7|2013-11-23|@|Tennessee Tech|W|70|63|21|50|.420|5|16|.313|23|30|.767|12|33|13|7|3|17|23||19|61|.311|2|17|.118|23|29|.793|19|40|7|6|7|16|24
8|8|2013-11-26||Judson|W|89|56|38|73|.521|4|17|.235|9|11|.818|6|41|26|10|3|7|12||22|70|.314|10|32|.313|2|5|.400|7|33|12|3|2|16|15
9|9|2013-11-30|@|Missouri-Kansas City|W|84|79|26|40|.650|8|15|.533|24|34|.706|4|23|15|6|1|19|23||31|55|.564|1|10|.100|16|27|.593|7|20|9|12|1|13|30
10|10|2013-12-03||Northern Iowa|W|83|72|27|60|.450|10|27|.370|19|25|.760|8|35|11|5|0|10|16||26|64|.406|5|24|.208|15|20|.750|9|32|12|8|5|8|22
11|11|2013-12-07||Bradley|W|73|67|23|47|.489|9|25|.360|18|24|.750|5|25|14|2|2|10|19||23|60|.383|2|19|.105|19|23|.826|15|34|5|6|0|9|22
12|12|2013-12-11|@|Wisconsin|L|52|78|20|47|.426|6|17|.353|6|9|.667|2|23|8|2|1|18|13||31|61|.508|10|26|.385|6|9|.667|7|33|16|12|3|8|16
13|13|2013-12-21|N|Northeastern|L|59|62|25|58|.431|5|20|.250|4|6|.667|6|24|19|6|2|16|17||24|54|.444|5|21|.238|9|13|.692|9|36|18|7|5|19|12
14|14|2013-12-22|N|Alabama State|W|67|54|22|54|.407|7|21|.333|16|20|.800|10|36|18|3|1|13|15||20|57|.351|5|17|.294|9|13|.692|7|27|13|5|4|12|19
15|15|2014-01-02||Youngstown State|W|82|76|24|52|.462|9|21|.429|25|31|.806|10|36|11|6|2|16|18||27|63|.429|8|26|.308|14|20|.700|10|27|10|11|5|10|22
16|16|2014-01-04||Cleveland State|L|49|77|12|43|.279|0|16|.000|25|33|.758|8|22|2|7|2|15|14||29|50|.580|8|15|.533|11|15|.733|10|34|15|7|2|16|26
17|17|2014-01-08|@|Oakland|W|84|75|27|54|.500|9|24|.375|21|33|.636|7|43|22|4|4|16|26||22|68|.324|3|25|.120|28|33|.848|11|35|10|10|3|9|26
18|18|2014-01-12||Green Bay|L (1 OT)|86|93|32|69|.464|10|24|.417|12|15|.800|11|31|14|3|1|12|15||37|78|.474|8|20|.400|11|17|.647|22|43|16|7|7|11|18
19|19|2014-01-16|@|Illinois-Chicago|W|67|63|21|49|.429|9|24|.375|16|23|.696|6|22|15|6|1|11|20||20|49|.408|4|17|.235|19|22|.864|9|33|8|7|4|16|21
20|20|2014-01-18|@|Valparaiso|L|62|75|20|62|.323|6|31|.194|16|23|.696|6|24|14|7|0|7|18||23|53|.434|8|22|.364|21|25|.840|10|46|12|4|5|14|23
21|21|2014-01-21|@|Wright State|L|57|73|20|48|.417|3|14|.214|14|24|.583|5|25|10|5|2|15|21||23|51|.451|5|12|.417|22|25|.880|6|29|11|10|5|11|20
22|22|2014-01-24||Detroit Mercy|L|54|73|18|58|.310|4|21|.190|14|25|.560|10|35|10|8|8|18|20||25|62|.403|4|14|.286|19|25|.760|10|43|9|10|7|13|22
23|23|2014-01-30||Wright State|W|68|64|23|47|.489|3|15|.200|19|28|.679|6|35|17|9|2|17|16||23|56|.411|7|18|.389|11|17|.647|9|29|14|9|2|16|22
24|24|2014-02-02||Oakland|W|86|64|30|53|.566|13|25|.520|13|17|.765|8|40|18|7|7|16|17||21|56|.375|10|21|.476|12|17|.706|5|22|15|11|0|12|19
25|25|2014-02-08|@|Green Bay|W|73|63|24|53|.453|8|19|.421|17|21|.810|5|25|13|8|3|12|19||23|54|.426|5|18|.278|12|20|.600|7|27|10|7|6|14|20
26|26|2014-02-15||Valparaiso|L|62|77|19|60|.317|3|29|.103|21|31|.677|14|31|7|6|3|11|23||25|49|.510|5|16|.313|22|27|.815|7|37|10|6|6|14|26
27|27|2014-02-20|@|Youngstown State|L (1 OT)|83|88|27|58|.466|11|26|.423|18|24|.750|6|25|21|9|1|14|19||32|60|.533|8|25|.320|16|25|.640|8|34|20|6|4|14|19
28|28|2014-02-22|@|Cleveland State|L|50|74|15|47|.319|7|25|.280|13|20|.650|7|30|11|3|2|19|13||26|56|.464|8|20|.400|14|17|.824|5|31|16|10|3|10|15
29|29|2014-02-25||Illinois-Chicago|L|58|80|18|57|.316|6|20|.300|16|26|.615|15|29|11|4|3|10|20||27|52|.519|7|17|.412|19|23|.826|8|36|15|6|5|11|23
30|30|2014-02-27|@|Detroit Mercy|W|68|62|26|47|.553|6|14|.429|10|14|.714|9|29|19|6|2|17|21||22|59|.373|3|16|.188|15|19|.789|13|26|9|8|2|7|14
31|31|2014-03-04||Detroit Mercy|W|83|73|25|49|.510|9|25|.360|24|29|.828|10|25|16|10|3|14|19||24|47|.511|5|13|.385|20|22|.909|7|24|11|7|1|15|25
32|32|2014-03-07|N|Valparaiso|W|74|57|20|54|.370|6|18|.333|28|33|.848|14|34|11|7|2|9|16||19|39|.487|6|18|.333|13|17|.765|0|17|10|3|3|14|28
33|33|2014-03-08|@|Green Bay|W (1 OT)|73|66|26|58|.448|7|23|.304|14|18|.778|4|32|8|6|2|11|18||21|60|.350|3|14|.214|21|24|.875|10|39|13|3|5|12|17
34|34|2014-03-11|@|Wright State|W|69|63|22|57|.386|9|18|.500|16|18|.889|11|32|12|1|1|10|19||22|47|.468|5|17|.294|14|17|.824|4|26|15|2|6|12|17
35|35|2014-03-20|N|Villanova|L|53|73|18|63|.286|6|24|.250|11|15|.733|11|33|13|4|2|12|14||28|62|.452|4|23|.174|13|16|.813|11|42|13|8|10|11|17
