ranker|game_season|date_game|game_location|opp_id|game_result|pts|opp_pts|fg|fga|fg_pct|fg3|fg3a|fg3_pct|ft|fta|ft_pct|orb|trb|ast|stl|blk|tov|pf|x|opp_fg|opp_fga|opp_fg_pct|opp_fg3|opp_fg3a|opp_fg3_pct|opp_ft|opp_fta|opp_ft_pct|opp_orb|opp_trb|opp_ast|opp_stl|opp_blk|opp_tov|opp_pf|
1|1|2013-11-08|@|Oklahoma State|L|62|117|18|54|.333|4|19|.211|22|38|.579|10|31|5|8|1|22|31||38|62|.613|12|21|.571|29|41|.707|11|41|22|12|3|13|29
2|2|2013-11-11|@|Texas A&M|L|67|91|19|62|.306|5|17|.294|24|31|.774|7|23|9|7|0|10|21||35|58|.603|5|17|.294|16|24|.667|7|39|15|6|12|12|24
3|3|2013-11-15||Champion Baptist|W|108|48|44|75|.587|11|26|.423|9|17|.529|10|46|22|17|1|10|20||16|50|.320|2|10|.200|14|20|.700|3|22|5|6|0|28|17
4|4|2013-11-19|@|Mississippi State|L|72|94|28|59|.475|4|12|.333|12|14|.857|6|25|12|7|1|17|21||35|67|.522|5|14|.357|19|27|.704|14|37|17|10|3|11|17
5|5|2013-11-22|@|Mississippi|L|82|111|30|69|.435|12|24|.500|10|15|.667|10|33|14|4|3|15|27||36|71|.507|9|19|.474|30|38|.789|16|44|17|10|8|11|13
6|6|2013-11-26|@|Georgia Tech|L|59|76|20|62|.323|11|29|.379|8|14|.571|7|23|12|6|2|11|15||31|61|.508|5|14|.357|9|17|.529|11|47|20|6|8|15|14
7|7|2013-11-29|@|Monmouth|L|79|81|31|68|.456|11|27|.407|6|10|.600|11|35|15|5|1|11|25||26|52|.500|8|14|.571|21|35|.600|7|32|12|3|6|7|14
8|8|2013-11-30|N|Longwood|W|90|89|34|73|.466|10|25|.400|12|15|.800|10|27|17|11|1|11|24||30|51|.588|2|7|.286|27|32|.844|7|31|11|3|2|21|16
9|9|2013-12-07||Tougaloo|W|89|81|31|52|.596|5|17|.294|22|32|.688|5|22|15|4|0|14|22||31|54|.574|3|10|.300|16|26|.615|7|27|5|5|0|13|25
10|10|2013-12-16|@|Northwestern|L|64|86|21|58|.362|7|17|.412|15|19|.789|7|27|11|4|2|10|25||29|54|.537|5|16|.313|23|31|.742|8|37|14|4|7|7|18
11|11|2013-12-27|@|Washington|L|80|95|30|68|.441|8|25|.320|12|24|.500|5|25|12|7|4|11|29||33|61|.541|2|10|.200|27|41|.659|13|48|17|7|1|16|19
12|12|2013-12-28|@|Washington State|L|48|85|17|62|.274|5|19|.263|9|14|.643|13|23|6|11|0|19|18||33|55|.600|6|17|.353|13|22|.591|10|41|17|11|7|16|14
13|13|2013-12-31|N|Selma University|W|99|87|36|68|.529|4|14|.286|23|30|.767|9|27|12|11|4|12|19||33|62|.532|6|16|.375|15|24|.625|14|39|7|6|2|23|22
14|14|2014-01-04||Arkansas-Pine Bluff|L|73|78|24|54|.444|4|21|.190|21|30|.700|13|30|11|13|2|25|24||26|45|.578|4|13|.308|22|31|.710|5|20|6|6|1|20|22
15|15|2014-01-11|@|Alabama State|L|62|93|24|71|.338|3|20|.150|11|20|.550|10|31|6|12|2|17|26||31|63|.492|7|18|.389|24|32|.750|10|46|17|9|8|15|21
16|16|2014-01-13|@|Alabama A&M|L|59|68|21|57|.368|5|13|.385|12|18|.667|10|32|9|6|2|10|25||25|55|.455|3|11|.273|15|31|.484|11|40|15|5|9|7|14
17|17|2014-01-18|@|Alcorn State|L|53|65|18|50|.360|2|10|.200|15|25|.600|10|36|5|1|0|12|18||22|48|.458|5|14|.357|16|22|.727|2|26|10|2|4|6|20
18|18|2014-01-22||Southern|W|72|64|23|52|.442|6|20|.300|20|23|.870|6|28|11|8|3|15|16||26|56|.464|6|17|.353|6|13|.462|6|27|14|9|5|15|19
19|19|2014-01-25|@|Texas Southern|L|56|94|20|65|.308|1|14|.071|15|23|.652|9|26|7|9|0|12|28||29|54|.537|8|18|.444|28|37|.757|9|46|19|3|7|16|21
20|20|2014-01-27|@|Prairie View|W|81|72|27|56|.482|7|17|.412|20|34|.588|7|35|11|7|4|14|21||28|64|.438|9|24|.375|7|15|.467|11|31|13|8|5|15|21
21|21|2014-02-01||Jackson State|W|69|66|23|53|.434|6|18|.333|17|27|.630|12|33|9|8|1|13|17||26|53|.491|3|8|.375|11|17|.647|7|26|7|6|0|11|21
22|22|2014-02-03||Grambling|W|75|67|29|57|.509|4|17|.235|13|21|.619|9|40|15|8|3|20|22||24|59|.407|5|20|.250|14|22|.636|6|24|9|8|4|15|16
23|23|2014-02-08||Alabama State|L|70|75|23|50|.460|8|21|.381|16|19|.842|3|28|13|7|2|17|17||28|66|.424|5|14|.357|14|18|.778|11|31|11|8|2|11|15
24|24|2014-02-10||Alabama A&M|L|82|91|21|55|.382|4|16|.250|36|56|.643|10|27|9|8|1|9|34||27|49|.551|5|16|.313|32|49|.653|9|43|10|5|1|21|38
25|25|2014-02-15|N|Alcorn State|L|63|67|24|53|.453|6|22|.273|9|13|.692|8|31|13|9|0|24|20||24|47|.511|3|10|.300|16|25|.640|3|23|6|14|1|16|13
26|26|2014-02-17|@|Southern|L|74|83|25|61|.410|5|19|.263|19|23|.826|8|24|5|7|4|10|20||30|58|.517|5|15|.333|18|23|.783|10|37|12|4|5|15|19
27|27|2014-02-22||Texas Southern|L|65|73|24|58|.414|7|17|.412|10|13|.769|9|32|12|5|4|12|21||24|54|.444|7|18|.389|18|25|.720|7|30|5|8|5|7|15
28|28|2014-02-24||Prairie View|W|75|69|28|65|.431|8|26|.308|11|19|.579|16|44|16|8|5|17|21||25|63|.397|5|14|.357|14|20|.700|12|35|5|13|0|19|19
29|29|2014-03-01|@|Jackson State|L|64|82|25|61|.410|4|24|.167|10|15|.667|8|28|9|5|0|10|18||32|70|.457|4|9|.444|14|18|.778|14|40|7|3|1|7|17
30|30|2014-03-03|@|Grambling|L|70|72|24|54|.444|9|25|.360|13|20|.650|15|35|9|7|2|18|21||22|53|.415|3|14|.214|25|41|.610|14|32|10|7|1|11|18
31|31|2014-03-08|@|Arkansas-Pine Bluff|L|68|83|24|66|.364|9|27|.333|11|17|.647|11|33|11|9|3|19|19||28|57|.491|12|25|.480|15|23|.652|11|38|13|15|2|18|17
32|32|2014-03-11|N|Prairie View|L|63|79|22|66|.333|8|28|.286|11|18|.611|16|34|14|6|1|15|33||22|46|.478|3|6|.500|32|44|.727|10|38|11|7|6|14|19
