ranker|game_season|date_game|game_location|opp_id|game_result|pts|opp_pts|fg|fga|fg_pct|fg3|fg3a|fg3_pct|ft|fta|ft_pct|orb|trb|ast|stl|blk|tov|pf|x|opp_fg|opp_fga|opp_fg_pct|opp_fg3|opp_fg3a|opp_fg3_pct|opp_ft|opp_fta|opp_ft_pct|opp_orb|opp_trb|opp_ast|opp_stl|opp_blk|opp_tov|opp_pf|
1|1|2013-11-12|@|Minnesota|L|58|84|20|50|.400|6|22|.273|12|22|.545|3|24|10|3|4|13|26||27|61|.443|11|25|.440|19|28|.679|11|40|14|9|7|7|21
2|2|2013-11-14|@|South Dakota State|W|77|69|26|46|.565|11|23|.478|14|20|.700|1|27|15|3|0|7|23||25|58|.431|6|20|.300|13|21|.619|11|34|9|2|3|7|19
3|3|2013-11-22||San Francisco|L|74|75|28|52|.538|12|28|.429|6|14|.429|7|24|14|5|5|16|18||30|55|.545|5|10|.500|10|22|.455|12|33|12|9|2|13|15
4|4|2013-11-26|@|Washington|L|79|83|31|52|.596|11|23|.478|6|13|.462|1|14|15|3|4|6|22||25|49|.510|9|19|.474|24|31|.774|10|32|15|4|4|9|13
5|5|2013-11-30|@|Hawaii|L|61|72|20|56|.357|5|27|.185|16|19|.842|7|23|6|6|1|11|22||28|49|.571|3|9|.333|13|28|.464|10|33|12|6|4|10|18
6|6|2013-12-11||Idaho|W|69|58|21|48|.438|9|18|.500|18|24|.750|5|31|13|4|5|10|21||22|59|.373|7|16|.438|7|18|.389|12|35|7|2|2|8|21
7|7|2013-12-15||Saint Martin's|W|73|57|18|32|.563|6|11|.545|31|39|.795|1|18|8|7|1|11|18||19|44|.432|7|21|.333|12|14|.857|4|18|8|2|1|15|29
8|8|2013-12-20||Montana Western|W|91|74|25|47|.532|9|23|.391|32|42|.762|6|19|14|11|2|9|20||25|49|.510|7|14|.500|17|24|.708|8|25|11|2|1|17|31
9|9|2013-12-28|@|Idaho|W|72|71|20|46|.435|6|20|.300|26|32|.813|3|21|8|8|3|6|21||25|52|.481|3|14|.214|18|33|.545|16|41|8|2|2|16|25
10|10|2014-01-02||Northern Arizona|L|65|73|22|55|.400|10|26|.385|11|14|.786|7|23|11|3|1|8|19||27|46|.587|7|11|.636|12|17|.706|7|32|9|3|6|12|15
11|11|2014-01-04||Sacramento State|W|82|70|29|50|.580|5|16|.313|19|23|.826|4|23|12|8|2|8|18||26|52|.500|7|23|.304|11|18|.611|10|27|10|4|1|12|18
12|12|2014-01-09|@|Eastern Washington|L|62|69|22|50|.440|5|12|.417|13|19|.684|6|28|9|4|4|13|24||27|60|.450|4|18|.222|11|22|.500|14|35|16|6|7|8|20
13|13|2014-01-11|@|Portland State|L (3 OT)|78|81|27|62|.435|7|20|.350|17|22|.773|7|27|18|9|4|14|27||23|50|.460|12|27|.444|23|28|.821|4|29|15|5|4|18|22
14|14|2014-01-16||North Dakota|W|84|71|23|44|.523|6|13|.462|32|41|.780|5|28|12|4|1|6|22||22|41|.537|7|16|.438|20|30|.667|3|24|12|4|1|11|31
15|15|2014-01-18||Northern Colorado|L|73|84|25|47|.532|5|21|.238|18|24|.750|1|11|7|5|4|10|20||29|50|.580|5|10|.500|21|28|.750|9|27|9|2|1|15|23
16|16|2014-01-23|@|Idaho State|W|59|54|21|51|.412|12|26|.462|5|6|.833|10|30|16|7|3|14|14||20|50|.400|6|16|.375|8|10|.800|12|31|8|9|3|15|14
17|17|2014-01-25|@|Weber State|L|63|68|22|52|.423|9|18|.500|10|15|.667|7|26|13|7|0|12|21||23|49|.469|7|22|.318|15|22|.682|10|35|15|7|3|13|17
18|18|2014-01-30|@|Southern Utah|W|69|61|20|42|.476|7|16|.438|22|33|.667|5|20|10|7|4|9|19||21|46|.457|2|8|.250|17|21|.810|7|29|12|5|3|14|24
19|19|2014-02-03|@|Montana State|W|70|66|20|45|.444|7|22|.318|23|29|.793|4|30|8|3|1|10|21||22|55|.400|4|16|.250|18|24|.750|7|29|6|5|2|6|22
20|20|2014-02-06||Portland State|W (1 OT)|82|76|27|52|.519|8|16|.500|20|28|.714|7|25|11|4|5|10|24||26|53|.491|4|11|.364|20|31|.645|12|31|10|5|3|12|24
21|21|2014-02-08||Eastern Washington|W|82|77|26|58|.448|10|24|.417|20|28|.714|12|35|12|4|4|6|22||24|62|.387|5|22|.227|24|30|.800|12|35|8|1|4|7|24
22|22|2014-02-13|@|Northern Colorado|L (1 OT)|86|89|27|58|.466|10|29|.345|22|24|.917|10|27|12|6|1|12|21||33|55|.600|5|10|.500|18|25|.720|11|29|15|7|5|15|21
23|23|2014-02-15|@|North Dakota|L|69|74|24|48|.500|5|14|.357|16|19|.842|5|24|10|5|2|17|20||27|53|.509|2|10|.200|18|26|.692|10|27|12|12|3|11|19
24|24|2014-02-20||Weber State|W|68|57|27|47|.574|3|11|.273|11|15|.733|4|19|10|2|1|3|15||22|42|.524|5|12|.417|8|12|.667|7|22|7|0|1|8|14
25|25|2014-02-22||Idaho State|W|62|61|21|47|.447|7|20|.350|13|18|.722|5|22|11|1|3|6|19||19|41|.463|6|14|.429|17|24|.708|4|25|12|3|1|8|20
26|26|2014-03-01||Southern Utah|W|82|54|30|54|.556|11|23|.478|11|18|.611|10|31|16|4|3|9|21||18|54|.333|4|10|.400|14|21|.667|13|29|3|4|3|13|19
27|27|2014-03-03||Montana State|W|53|50|20|47|.426|7|24|.292|6|9|.667|10|24|10|4|1|11|18||19|39|.487|0|7|.000|12|19|.632|9|28|6|5|0|11|16
28|28|2014-03-06|@|Sacramento State|W|70|55|25|46|.543|8|20|.400|12|17|.706|5|23|14|5|2|9|18||20|43|.465|5|16|.313|10|15|.667|7|25|9|4|1|15|18
29|29|2014-03-08|@|Northern Arizona|L|47|67|11|38|.289|4|17|.235|21|26|.808|1|18|4|5|2|9|17||27|54|.500|4|15|.267|9|15|.600|14|38|12|5|4|11|20
30|30|2014-03-13|N|Portland State|L|63|70|25|53|.472|1|10|.100|12|17|.706|10|33|11|5|3|11|29||20|46|.435|4|10|.400|26|30|.867|6|27|9|3|2|8|19
