ranker|game_season|date_game|game_location|opp_id|game_result|pts|opp_pts|fg|fga|fg_pct|fg3|fg3a|fg3_pct|ft|fta|ft_pct|orb|trb|ast|stl|blk|tov|pf|x|opp_fg|opp_fga|opp_fg_pct|opp_fg3|opp_fg3a|opp_fg3_pct|opp_ft|opp_fta|opp_ft_pct|opp_orb|opp_trb|opp_ast|opp_stl|opp_blk|opp_tov|opp_pf|
1|1|2013-11-09||Mid-Continent|W|107|60|43|86|.500|6|29|.207|15|24|.625|22|43|29|13|7|10|15||21|52|.404|8|22|.364|10|15|.667|7|25|13|8|7|25|20
2|2|2013-11-12|@|East Tennessee State|W|71|63|22|60|.367|9|25|.360|18|26|.692|16|39|10|10|1|15|24||20|48|.417|4|19|.211|19|28|.679|5|28|14|6|4|13|20
3|3|2013-11-15|@|Xavier|L|56|79|14|48|.292|4|18|.222|24|38|.632|11|32|7|6|1|16|27||28|53|.528|2|9|.222|21|30|.700|5|32|20|7|6|14|29
4|4|2013-11-17||Marshall|W (1 OT)|102|94|28|62|.452|6|20|.300|40|65|.615|15|37|17|14|2|14|31||29|56|.518|7|23|.304|29|43|.674|7|38|16|6|6|26|44
5|5|2013-11-19|@|Northern Kentucky|W|74|61|22|51|.431|7|23|.304|23|39|.590|15|37|13|7|0|17|24||18|47|.383|5|21|.238|20|25|.800|9|30|7|5|4|21|29
6|6|2013-11-22|@|UCLA|L|70|81|23|62|.371|10|28|.357|14|21|.667|12|33|15|6|2|13|16||30|61|.492|6|18|.333|15|19|.789|11|36|23|9|6|9|18
7|7|2013-11-24|@|Nevada|W|63|58|21|52|.404|6|19|.316|15|22|.682|12|35|9|7|4|18|22||17|50|.340|5|17|.294|19|25|.760|10|31|9|7|4|16|20
8|8|2013-11-28|N|Chattanooga|W|88|75|34|47|.723|2|5|.400|18|25|.720|5|27|10|9|2|17|20||27|53|.509|8|23|.348|13|21|.619|7|15|11|6|0|16|20
9|9|2013-11-29|N|Gardner-Webb|L (1 OT)|82|86|29|58|.500|5|18|.278|19|26|.731|12|33|12|9|2|21|32||23|55|.418|7|19|.368|33|44|.750|12|30|11|8|3|17|24
10|10|2013-12-02||Wright State|W|74|69|25|54|.463|1|16|.063|23|32|.719|11|36|13|7|2|16|21||27|56|.482|8|21|.381|7|15|.467|7|26|18|5|6|18|27
11|11|2013-12-04|@|Southern Mississippi|L|60|74|20|43|.465|6|15|.400|14|29|.483|13|35|15|5|2|24|25||25|54|.463|3|12|.250|21|31|.677|9|24|14|10|1|9|24
12|12|2013-12-15||Bowling Green State|L|61|67|22|72|.306|6|25|.240|11|18|.611|18|41|16|5|4|17|23||23|47|.489|5|8|.625|16|23|.696|6|31|12|13|14|19|19
13|13|2013-12-19||South Dakota|W|120|83|44|80|.550|17|32|.531|15|20|.750|15|42|32|14|5|11|22||26|58|.448|9|21|.429|22|28|.786|6|28|17|6|7|18|17
14|14|2013-12-23|@|Tennessee|L|67|82|25|61|.410|4|13|.308|13|20|.650|5|23|5|9|0|9|24||32|61|.525|6|12|.500|12|23|.522|17|47|20|3|11|15|19
15|15|2013-12-30||Asbury|W|102|68|39|83|.470|7|25|.280|17|33|.515|27|63|24|16|4|14|20||21|61|.344|10|29|.345|16|24|.667|4|29|13|6|1|21|24
16|16|2014-01-02|@|Southern Illinois-Edwardsville|W|70|63|23|55|.418|5|23|.217|19|25|.760|11|40|8|5|4|20|30||16|50|.320|6|20|.300|25|37|.676|10|33|13|7|5|19|24
17|17|2014-01-04|@|Eastern Illinois|W|85|77|25|59|.424|1|12|.083|34|47|.723|15|42|6|12|5|13|20||28|65|.431|4|18|.222|17|25|.680|10|32|13|6|8|19|27
18|18|2014-01-11||Eastern Kentucky|L|65|76|18|41|.439|4|12|.333|25|27|.926|7|31|10|5|7|20|24||24|54|.444|9|27|.333|19|23|.826|6|19|16|10|3|9|19
19|19|2014-01-16||Southeast Missouri State|W|80|67|23|55|.418|8|24|.333|26|29|.897|7|36|19|8|1|12|19||25|56|.446|6|18|.333|11|21|.524|4|28|18|5|3|13|19
20|20|2014-01-18||Tennessee-Martin|W|82|75|27|62|.435|2|14|.143|26|37|.703|16|36|17|12|3|17|23||21|54|.389|8|26|.308|25|27|.926|8|27|9|12|3|18|28
21|21|2014-01-23|@|Belmont|L|66|80|23|50|.460|7|17|.412|13|19|.684|14|25|14|6|10|16|25||25|50|.500|6|11|.545|24|30|.800|8|21|10|7|6|9|19
22|22|2014-01-25|@|Tennessee State|W (1 OT)|80|74|22|47|.468|4|11|.364|32|39|.821|12|33|5|4|2|13|22||25|54|.463|7|20|.350|17|25|.680|11|27|10|4|1|13|34
23|23|2014-01-29||Belmont|L|73|76|25|53|.472|9|21|.429|14|24|.583|14|38|14|3|3|16|27||23|50|.460|7|19|.368|23|33|.697|5|23|11|10|2|7|22
24|24|2014-02-01||Jacksonville State|W|65|54|23|48|.479|3|7|.429|16|22|.727|11|37|13|6|2|16|21||19|49|.388|6|22|.273|10|15|.667|4|20|13|6|7|13|18
25|25|2014-02-08|@|Eastern Kentucky|W|86|79|28|48|.583|5|12|.417|25|31|.806|7|33|13|5|3|16|23||25|54|.463|7|16|.438|22|32|.688|6|20|12|8|0|8|26
26|26|2014-02-13|@|Jacksonville State|W|69|67|20|46|.435|3|10|.300|26|33|.788|10|34|11|8|1|19|21||23|54|.426|5|12|.417|16|21|.762|8|24|12|9|5|11|22
27|27|2014-02-15|@|Tennessee Tech|W|79|53|27|49|.551|4|12|.333|21|29|.724|6|31|13|7|5|12|25||18|52|.346|3|10|.300|14|24|.583|7|23|9|5|6|14|25
28|28|2014-02-19||Austin Peay|W (2 OT)|90|88|27|64|.422|10|29|.345|26|35|.743|14|34|21|8|5|19|28||29|57|.509|5|13|.385|25|35|.714|10|32|11|9|10|21|26
29|29|2014-02-22|@|Murray State|L|58|69|25|59|.424|4|21|.190|4|5|.800|10|27|10|8|1|11|18||24|47|.511|6|19|.316|15|18|.833|8|29|6|8|4|12|12
30|30|2014-02-27||Tennessee State|L|68|70|19|45|.422|4|19|.211|26|33|.788|11|36|10|3|6|15|27||22|50|.440|4|10|.400|22|32|.688|7|20|10|8|2|7|25
31|31|2014-03-01||Tennessee Tech|L|84|91|28|62|.452|6|23|.261|22|31|.710|10|29|12|7|1|10|25||29|49|.592|4|12|.333|29|39|.744|4|26|17|4|8|11|23
32|32|2014-03-06|N|Tennessee Tech|W|76|61|24|54|.444|2|13|.154|26|38|.684|11|31|12|14|2|13|25||19|46|.413|6|18|.333|17|28|.607|7|29|9|5|9|22|30
33|33|2014-03-07|N|Belmont|L|63|86|20|51|.392|3|17|.176|20|29|.690|10|30|10|6|1|13|21||27|51|.529|11|24|.458|21|25|.840|7|25|22|4|2|10|23
34|34|2014-03-19|@|Illinois State|L|67|77|23|60|.383|8|21|.381|13|21|.619|14|37|11|7|4|12|26||20|52|.385|8|20|.400|29|40|.725|10|33|10|5|5|11|19
