ranker|game_season|date_game|game_location|opp_id|game_result|pts|opp_pts|fg|fga|fg_pct|fg3|fg3a|fg3_pct|ft|fta|ft_pct|orb|trb|ast|stl|blk|tov|pf|x|opp_fg|opp_fga|opp_fg_pct|opp_fg3|opp_fg3a|opp_fg3_pct|opp_ft|opp_fta|opp_ft_pct|opp_orb|opp_trb|opp_ast|opp_stl|opp_blk|opp_tov|opp_pf|
1|1|2013-11-08|@|Towson|L|45|72|19|61|.311|3|19|.158|4|10|.400|9|28|13|6|3|8|23||25|53|.472|8|19|.421|14|23|.609|12|41|12|4|8|14|18
2|2|2013-11-11|@|Saint Francis (PA)|L|57|60|22|50|.440|3|14|.214|10|13|.769|10|34|8|3|4|16|23||20|46|.435|5|14|.357|15|26|.577|4|22|13|10|0|7|21
3|3|2013-11-13||Goucher|W|98|47|40|82|.488|8|26|.308|10|12|.833|21|54|26|8|6|8|14||15|53|.283|3|12|.250|14|18|.778|4|17|11|4|1|15|15
4|4|2013-11-16|@|Binghamton|W|68|50|22|52|.423|4|13|.308|20|28|.714|6|35|9|9|1|15|24||13|46|.283|2|19|.105|22|31|.710|5|28|3|6|1|18|20
5|5|2013-11-19|@|Virginia|L|42|67|16|48|.333|7|23|.304|3|6|.500|0|16|10|5|1|13|9||30|53|.566|3|15|.200|4|11|.364|9|39|16|8|3|11|10
6|6|2013-11-23||Maryland-Baltimore County|W|73|58|21|48|.438|4|15|.267|27|38|.711|14|43|12|5|6|17|21||18|58|.310|3|19|.158|19|27|.704|14|29|6|11|2|12|26
7|7|2013-11-26||Maryland-Eastern Shore|W|67|59|24|53|.453|6|15|.400|13|20|.650|13|36|17|7|1|14|16||19|57|.333|8|20|.400|13|17|.765|15|33|12|9|1|12|18
8|8|2013-12-04||Citadel|W|79|74|25|56|.446|7|19|.368|22|30|.733|11|38|16|6|2|12|20||25|56|.446|8|21|.381|16|24|.667|8|33|17|3|2|15|22
9|9|2013-12-14|@|Bryant|L (1 OT)|80|90|28|66|.424|13|30|.433|11|22|.500|11|31|16|10|6|17|28||28|55|.509|7|20|.350|27|38|.711|6|36|16|10|4|19|19
10|10|2013-12-21|@|Northern Kentucky|L|65|72|23|47|.489|7|13|.538|12|16|.750|3|22|13|4|2|10|19||25|49|.510|9|19|.474|13|22|.591|6|27|15|7|1|8|13
11|11|2013-12-30|@|Maryland-Baltimore County|L|48|63|18|59|.305|12|31|.387|0|1|.000|8|29|13|8|1|8|17||22|46|.478|10|22|.455|9|15|.600|6|38|10|2|4|15|12
12|12|2014-01-02|@|Loyola (MD)|L (1 OT)|57|63|21|56|.375|3|16|.188|12|20|.600|9|33|12|8|1|21|28||18|42|.429|5|21|.238|22|32|.688|2|23|8|15|8|18|22
13|13|2014-01-05||Lafayette|W|79|71|24|47|.511|11|14|.786|20|32|.625|4|29|12|6|2|8|25||20|49|.408|6|17|.353|25|35|.714|7|29|13|5|1|11|26
14|14|2014-01-07|@|Boston University|L|32|55|11|53|.208|4|27|.148|6|13|.462|14|34|6|2|5|12|13||20|52|.385|8|26|.308|7|8|.875|8|34|11|3|5|10|20
15|15|2014-01-11||Army|L|55|60|19|54|.352|5|20|.250|12|17|.706|9|27|12|5|4|12|21||22|49|.449|2|11|.182|14|23|.609|4|27|11|7|5|9|16
16|16|2014-01-15||Bucknell|W|62|61|27|60|.450|2|12|.167|6|9|.667|5|30|12|9|5|12|10||24|55|.436|9|26|.346|4|9|.444|7|31|15|7|3|18|13
17|17|2014-01-18|@|Colgate|L|41|63|17|58|.293|6|31|.194|1|4|.250|16|31|5|4|4|10|9||25|47|.532|9|19|.474|4|6|.667|6|31|16|5|1|13|10
18|18|2014-01-22||Lehigh|L (1 OT)|66|68|22|68|.324|10|26|.385|12|15|.800|13|30|15|13|3|7|20||23|46|.500|5|13|.385|17|22|.773|5|34|12|1|6|16|15
19|19|2014-01-25||Holy Cross|L|52|67|18|48|.375|7|19|.368|9|17|.529|10|26|11|5|3|14|25||19|41|.463|5|18|.278|24|30|.800|10|33|7|5|3|15|20
20|20|2014-01-29|@|American|L|52|74|17|46|.370|5|12|.417|13|22|.591|5|20|12|7|1|11|29||21|39|.538|8|19|.421|24|31|.774|7|33|16|5|6|11|20
21|21|2014-02-01|@|Lafayette|L|54|72|18|53|.340|9|34|.265|9|13|.692|8|19|8|7|2|13|18||23|40|.575|8|15|.533|18|18|1.000|3|29|12|4|2|17|18
22|22|2014-02-05||Boston University|L|48|61|17|58|.293|7|27|.259|7|9|.778|8|29|11|7|1|10|17||20|54|.370|9|25|.360|12|18|.667|13|40|14|6|4|13|13
23|23|2014-02-08|@|Army|W|79|57|30|57|.526|11|20|.550|8|11|.727|10|32|23|9|4|13|19||18|47|.383|5|16|.313|16|21|.762|6|23|8|8|3|16|12
24|24|2014-02-12|@|Bucknell|L|57|78|22|50|.440|11|24|.458|2|8|.250|5|22|13|5|8|18|12||30|65|.462|8|14|.571|10|13|.769|15|37|16|14|2|8|10
25|25|2014-02-15||Colgate|W|71|61|25|46|.543|7|15|.467|14|19|.737|4|25|19|5|3|6|18||19|47|.404|9|24|.375|14|22|.636|11|31|12|2|0|13|20
26|26|2014-02-19|@|Lehigh|L|65|72|28|51|.549|3|12|.250|6|12|.500|5|28|12|3|6|12|16||26|53|.491|9|24|.375|11|13|.846|3|21|16|4|1|6|16
27|27|2014-02-23|@|Holy Cross|L|57|74|21|51|.412|9|24|.375|6|15|.400|4|21|12|3|2|11|20||21|53|.396|7|18|.389|25|31|.806|13|43|12|10|4|11|17
28|28|2014-02-26||American|L|55|64|21|55|.382|4|18|.222|9|10|.900|9|26|8|11|2|13|15||21|43|.488|10|24|.417|12|15|.800|6|30|15|5|5|18|13
29|29|2014-03-01||Loyola (MD)|L|65|67|24|55|.436|7|16|.438|10|19|.526|13|29|16|5|5|13|18||23|47|.489|6|14|.429|15|19|.789|6|24|12|7|5|13|17
30|30|2014-03-03|@|Colgate|L|51|57|20|57|.351|6|27|.222|5|10|.500|15|33|9|10|5|11|19||19|46|.413|3|12|.250|16|20|.800|8|30|10|5|4|13|13
