ranker|game_season|date_game|game_location|opp_id|game_result|pts|opp_pts|fg|fga|fg_pct|fg3|fg3a|fg3_pct|ft|fta|ft_pct|orb|trb|ast|stl|blk|tov|pf|x|opp_fg|opp_fga|opp_fg_pct|opp_fg3|opp_fg3a|opp_fg3_pct|opp_ft|opp_fta|opp_ft_pct|opp_orb|opp_trb|opp_ast|opp_stl|opp_blk|opp_tov|opp_pf|
1|1|2013-11-08||Pacific|L|78|80|24|58|.414|6|22|.273|24|28|.857|10|25|10|11|3|12|16||31|58|.534|8|11|.727|10|14|.714|7|27|14|3|0|17|19
2|2|2013-11-12|@|Cal Poly|W|60|58|21|56|.375|6|16|.375|12|17|.706|10|29|5|9|2|9|15||22|50|.440|5|21|.238|9|12|.750|7|32|13|5|3|17|17
3|3|2013-11-15|@|San Francisco|W|92|90|33|58|.569|8|19|.421|18|28|.643|12|37|8|5|7|11|24||30|63|.476|7|19|.368|23|35|.657|10|25|12|4|2|8|27
4|4|2013-11-18|@|Cal State Bakersfield|L|66|74|20|45|.444|5|13|.385|21|28|.750|6|23|9|6|2|11|31||21|43|.488|4|12|.333|28|40|.700|8|26|14|5|6|11|25
5|5|2013-11-22||Chattanooga|W|83|81|31|60|.517|4|9|.444|17|28|.607|14|32|9|3|2|14|22||28|56|.500|7|23|.304|18|29|.621|9|30|12|7|2|11|24
6|6|2013-11-24||Morehead State|L|58|63|17|50|.340|5|17|.294|19|25|.760|10|31|9|7|4|16|20||21|52|.404|6|19|.316|15|22|.682|12|35|9|7|4|18|22
7|7|2013-11-28|N|UCLA|L|84|105|27|60|.450|11|24|.458|19|25|.760|12|25|14|6|1|16|21||34|56|.607|10|20|.500|27|29|.931|8|31|21|10|3|13|23
8|8|2013-11-29|N|Missouri|L|70|83|20|58|.345|6|21|.286|24|29|.828|7|26|5|5|6|8|23||23|49|.469|6|20|.300|31|33|.939|5|37|8|3|3|9|20
9|9|2013-12-07|@|California-Davis|W (1 OT)|87|81|29|61|.475|9|25|.360|20|26|.769|9|39|13|5|1|13|20||29|57|.509|8|23|.348|15|22|.682|4|22|11|7|4|10|20
10|10|2013-12-10|@|California|L|84|92|32|58|.552|8|17|.471|12|17|.706|10|31|11|2|1|13|17||33|59|.559|8|22|.364|18|22|.818|7|21|19|6|3|7|17
11|11|2013-12-14||Nebraska-Omaha|L|80|82|26|58|.448|8|22|.364|20|26|.769|9|28|18|5|0|6|18||25|49|.510|11|25|.440|21|30|.700|6|28|18|3|1|11|19
12|12|2013-12-22||Iona|W|80|72|31|61|.508|8|22|.364|10|15|.667|9|38|18|4|6|9|12||27|62|.435|12|34|.353|6|12|.500|6|28|17|5|3|8|17
13|13|2013-12-28||Long Beach State|L (1 OT)|77|80|22|53|.415|5|23|.217|28|35|.800|10|42|12|5|8|18|21||27|73|.370|8|22|.364|18|23|.783|14|32|16|10|1|9|24
14|14|2014-01-01|@|San Jose State|W|62|50|23|54|.426|1|12|.083|15|19|.789|12|36|6|4|6|7|15||17|49|.347|5|20|.250|11|16|.688|9|27|12|3|1|10|17
15|15|2014-01-04||Wyoming|W|61|58|23|50|.460|6|15|.400|9|13|.692|10|29|11|1|2|11|15||20|49|.408|6|17|.353|12|16|.750|6|22|15|6|2|7|15
16|16|2014-01-08|@|Nevada-Las Vegas|W|74|71|29|65|.446|6|19|.316|10|15|.667|11|38|13|4|10|5|20||22|63|.349|3|15|.200|24|30|.800|16|43|10|3|6|7|12
17|17|2014-01-11||Utah State|W|62|54|23|55|.418|5|18|.278|11|18|.611|8|31|8|5|5|5|13||21|67|.313|2|16|.125|10|14|.714|14|37|12|3|2|9|15
18|18|2014-01-14||Boise State|L|65|74|19|55|.345|6|25|.240|21|27|.778|5|29|10|2|3|10|23||23|53|.434|9|20|.450|19|23|.826|8|38|12|5|2|15|23
19|19|2014-01-22|@|Fresno State|W (2 OT)|96|86|37|76|.487|10|25|.400|12|20|.600|12|40|15|7|12|10|18||30|74|.405|11|26|.423|15|23|.652|12|37|18|7|5|12|16
20|20|2014-01-25|@|Wyoming|L (1 OT)|62|64|22|53|.415|10|23|.435|8|14|.571|6|24|6|6|6|10|21||24|48|.500|4|12|.333|12|18|.667|4|26|12|3|4|11|16
21|21|2014-01-29||Colorado State|W|76|67|23|52|.442|5|17|.294|25|33|.758|8|29|12|5|6|10|21||22|60|.367|3|18|.167|20|25|.800|13|34|6|4|5|10|25
22|22|2014-02-01||Air Force|W (1 OT)|69|56|22|56|.393|7|32|.219|18|26|.692|10|46|13|6|8|12|15||18|63|.286|6|35|.171|14|21|.667|10|37|13|7|2|11|18
23|23|2014-02-05|@|Utah State|L|75|83|28|66|.424|5|20|.250|14|19|.737|10|28|9|6|4|6|22||26|53|.491|6|14|.429|25|31|.806|10|39|17|2|4|11|18
24|24|2014-02-08|@|San Diego State|L|58|73|21|49|.429|7|20|.350|9|13|.692|7|23|12|2|5|12|15||25|48|.521|3|13|.231|20|26|.769|8|26|12|7|4|4|11
25|25|2014-02-12||Fresno State|L|67|75|22|51|.431|7|18|.389|16|27|.593|9|32|10|3|4|11|21||22|55|.400|9|25|.360|22|26|.846|12|36|12|3|4|8|20
26|26|2014-02-15|@|New Mexico|L|72|90|27|63|.429|11|21|.524|7|12|.583|12|29|14|4|2|13|16||32|58|.552|7|16|.438|19|21|.905|7|29|27|6|5|7|12
27|27|2014-02-18||San Jose State|L|64|66|20|59|.339|5|21|.238|19|27|.704|13|30|7|4|4|5|15||21|48|.438|9|25|.360|15|20|.750|7|34|9|2|6|15|21
28|28|2014-02-22|@|Air Force|W|75|56|27|52|.519|8|20|.400|13|16|.813|8|36|11|5|5|9|15||22|60|.367|5|25|.200|7|15|.467|12|27|14|5|3|8|14
29|29|2014-03-02||New Mexico|L|58|72|22|63|.349|6|20|.300|8|14|.571|11|32|13|4|5|5|15||27|55|.491|6|20|.300|12|14|.857|6|33|21|4|6|7|14
30|30|2014-03-05|@|Boise State|W (2 OT)|83|81|28|62|.452|7|17|.412|20|24|.833|4|31|11|7|4|12|22||28|69|.406|9|27|.333|16|24|.667|14|39|15|5|1|12|16
31|31|2014-03-08||Nevada-Las Vegas|W|76|72|29|62|.468|8|21|.381|10|11|.909|6|30|18|5|7|6|16||26|68|.382|11|26|.423|9|13|.692|17|42|14|2|6|11|15
32|32|2014-03-13|N|Boise State|L|62|75|18|56|.321|5|20|.250|21|24|.875|8|28|7|7|3|9|25||19|47|.404|9|25|.360|28|35|.800|8|35|14|4|2|14|19
