ranker|game_season|date_game|game_location|opp_id|game_result|pts|opp_pts|fg|fga|fg_pct|fg3|fg3a|fg3_pct|ft|fta|ft_pct|orb|trb|ast|stl|blk|tov|pf|x|opp_fg|opp_fga|opp_fg_pct|opp_fg3|opp_fg3a|opp_fg3_pct|opp_ft|opp_fta|opp_ft_pct|opp_orb|opp_trb|opp_ast|opp_stl|opp_blk|opp_tov|opp_pf|
1|1|2013-11-08||Portland State|W|67|48|23|53|.434|8|19|.421|13|28|.464|11|40|18|10|5|18|19||19|61|.311|0|7|.000|10|15|.667|12|37|4|11|0|20|24
2|2|2013-11-12||California-Santa Barbara|L|65|86|23|63|.365|8|24|.333|11|20|.550|11|30|14|3|3|9|20||29|52|.558|9|14|.643|19|26|.731|5|37|14|3|4|9|20
3|3|2013-11-15||Nebraska-Omaha|W|73|70|29|66|.439|4|11|.364|11|22|.500|18|51|14|2|12|21|20||24|73|.329|4|17|.235|18|25|.720|12|31|12|10|2|9|21
4|4|2013-11-19||Arizona State|L|80|86|31|75|.413|3|15|.200|15|29|.517|17|51|17|4|10|8|18||35|79|.443|5|20|.250|11|20|.550|11|44|18|3|9|7|23
5|5|2013-11-26||Illinois|L|59|61|21|56|.375|4|14|.286|13|16|.813|10|39|8|4|9|13|10||24|67|.358|6|18|.333|7|9|.778|11|35|11|7|3|11|14
6|6|2013-11-30||Tennessee-Martin|W|85|55|30|54|.556|6|14|.429|19|29|.655|10|42|18|6|7|15|11||25|71|.352|4|13|.308|1|6|.167|12|26|10|6|1|11|24
7|7|2013-12-07|@|Arizona|L|58|63|23|50|.460|4|14|.286|8|10|.800|4|23|7|4|2|16|13||28|67|.418|3|16|.188|4|8|.500|17|40|16|7|1|14|12
8|8|2013-12-14|@|Southern Utah|W|73|51|22|49|.449|5|15|.333|24|37|.649|12|40|12|11|10|12|18||18|57|.316|2|15|.133|13|18|.722|7|24|8|4|4|15|28
9|9|2013-12-18||Radford|W|81|62|31|59|.525|6|17|.353|13|19|.684|15|39|16|3|8|10|14||28|65|.431|2|14|.143|4|8|.500|15|32|12|8|4|7|16
10|10|2013-12-20||Sacred Heart|W|82|50|28|63|.444|4|21|.190|22|33|.667|15|52|20|9|12|12|13||23|64|.359|3|17|.176|1|6|.167|6|32|10|2|2|18|23
11|11|2013-12-22|N|Santa Clara|W|92|71|34|56|.607|7|14|.500|17|25|.680|9|32|17|5|5|12|19||23|59|.390|7|20|.350|18|23|.783|10|21|8|6|2|12|21
12|12|2013-12-23|N|Mississippi State|W|82|66|26|59|.441|11|26|.423|19|24|.792|9|33|16|3|5|19|17||28|59|.475|1|11|.091|9|12|.750|7|25|9|9|2|14|22
13|13|2013-12-28||Cal State Fullerton|W|83|64|30|62|.484|7|14|.500|16|34|.471|15|44|17|4|7|12|18||22|63|.349|3|15|.200|17|23|.739|11|37|10|7|2|9|25
14|14|2014-01-01|@|Fresno State|W|75|62|26|62|.419|1|16|.063|22|29|.759|12|47|11|7|5|12|11||25|75|.333|4|17|.235|8|12|.667|13|37|10|7|6|9|20
15|15|2014-01-04||Air Force|L|68|75|24|53|.453|6|21|.286|14|23|.609|8|28|16|7|7|11|18||27|52|.519|8|18|.444|13|19|.684|5|27|14|4|1|10|17
16|16|2014-01-08||Nevada|L|71|74|22|63|.349|3|15|.200|24|30|.800|16|43|10|3|6|7|12||29|65|.446|6|19|.316|10|15|.667|11|38|13|4|10|5|20
17|17|2014-01-15|@|New Mexico|W|76|73|24|48|.500|7|13|.538|21|27|.778|4|25|8|4|2|6|19||24|54|.444|6|22|.273|19|22|.864|7|30|20|4|5|7|21
18|18|2014-01-18|@|San Diego State|L|52|63|21|70|.300|2|18|.111|8|11|.727|12|29|5|7|6|9|22||20|59|.339|2|11|.182|21|27|.778|15|44|8|4|10|14|16
19|19|2014-01-22||Utah State|W|62|42|21|55|.382|7|22|.318|13|17|.765|12|39|12|3|9|7|11||16|52|.308|2|17|.118|8|10|.800|6|26|4|3|2|9|14
20|20|2014-01-25||Fresno State|W (1 OT)|75|73|26|62|.419|6|22|.273|17|27|.630|12|39|20|7|6|6|12||26|70|.371|11|28|.393|10|18|.556|21|46|14|1|4|9|25
21|21|2014-01-29|@|San Jose State|W|70|46|21|47|.447|8|18|.444|20|27|.741|7|37|11|3|6|8|9||17|59|.288|3|21|.143|9|11|.818|7|26|8|3|1|5|21
22|22|2014-02-01||Boise State|W|73|69|22|47|.468|5|14|.357|24|32|.750|10|27|9|8|8|11|19||28|57|.491|6|15|.400|7|11|.636|10|26|10|5|3|13|26
23|23|2014-02-05|@|Colorado State|L|57|75|21|59|.356|7|22|.318|8|16|.500|17|34|12|3|2|9|20||25|50|.500|7|15|.467|18|28|.643|9|33|18|5|2|5|18
24|24|2014-02-08||Wyoming|W|48|46|21|49|.429|3|13|.231|3|4|.750|5|20|11|8|3|7|12||19|41|.463|4|12|.333|4|5|.800|5|24|10|4|5|14|11
25|25|2014-02-15|@|Utah State|W|73|62|30|53|.566|5|18|.278|8|13|.615|6|30|16|2|11|6|11||23|68|.338|6|18|.333|10|12|.833|18|37|13|3|3|7|14
26|26|2014-02-19||New Mexico|L|56|68|19|60|.317|3|21|.143|15|26|.577|11|34|6|3|6|5|17||27|59|.458|6|15|.400|8|15|.533|9|37|11|3|7|8|23
27|27|2014-02-22|@|Boise State|L (1 OT)|90|91|34|67|.507|8|19|.421|14|24|.583|11|36|12|6|8|10|16||37|74|.500|7|22|.318|10|15|.667|9|32|12|6|3|6|20
28|28|2014-02-26||Colorado State|W|78|70|27|67|.403|7|28|.250|17|27|.630|18|45|10|4|5|8|19||23|56|.411|8|18|.444|16|22|.727|8|35|12|2|1|10|25
29|29|2014-03-01|@|Air Force|W|93|67|34|55|.618|12|18|.667|13|19|.684|10|45|21|3|7|15|19||23|64|.359|9|29|.310|12|20|.600|10|23|14|7|2|8|20
30|30|2014-03-05||San Diego State|L|64|73|20|52|.385|6|19|.316|18|23|.783|6|31|16|5|7|16|15||27|63|.429|6|14|.429|13|19|.684|11|34|11|7|3|10|19
31|31|2014-03-08|@|Nevada|L|72|76|26|68|.382|11|26|.423|9|13|.692|17|42|14|2|6|11|15||29|62|.468|8|21|.381|10|11|.909|6|30|18|5|7|6|16
32|32|2014-03-13||Wyoming|W|71|67|25|57|.439|6|17|.353|15|25|.600|10|35|14|2|2|8|15||26|56|.464|8|23|.348|7|14|.500|6|30|10|5|4|8|17
33|33|2014-03-14|N|San Diego State|L|51|59|19|46|.413|5|14|.357|8|13|.615|3|25|9|5|6|13|18||20|55|.364|5|14|.357|14|17|.824|10|30|8|7|5|9|14
