ranker|game_season|date_game|game_location|opp_id|game_result|pts|opp_pts|fg|fga|fg_pct|fg3|fg3a|fg3_pct|ft|fta|ft_pct|orb|trb|ast|stl|blk|tov|pf|x|opp_fg|opp_fga|opp_fg_pct|opp_fg3|opp_fg3a|opp_fg3_pct|opp_ft|opp_fta|opp_ft_pct|opp_orb|opp_trb|opp_ast|opp_stl|opp_blk|opp_tov|opp_pf|
1|1|2013-11-09||Alabama A&M|W|88|52|31|53|.585|4|13|.308|22|39|.564|13|45|19|4|8|9|18||15|56|.268|8|32|.250|14|20|.700|8|23|7|4|2|8|28
2|2|2013-11-17||Charleston Southern|W|109|93|34|57|.596|9|18|.500|32|43|.744|10|36|25|8|6|12|20||28|59|.475|15|34|.441|22|24|.917|2|18|19|7|3|12|28
3|3|2013-11-21|N|Alabama-Birmingham|W (2 OT)|97|94|31|91|.341|8|38|.211|27|38|.711|22|51|19|7|8|9|27||30|80|.375|5|14|.357|29|36|.806|21|58|12|2|3|16|30
4|4|2013-11-22|N|Massachusetts|L|65|81|25|64|.391|5|18|.278|10|14|.714|13|33|13|6|12|18|16||32|74|.432|7|17|.412|10|14|.714|15|39|13|8|8|13|15
5|5|2013-11-24|N|Davidson|W|79|58|28|58|.483|7|18|.389|16|19|.842|9|44|15|4|6|13|20||21|59|.356|8|29|.276|8|17|.471|7|25|11|9|0|10|17
6|6|2013-11-30||San Diego|W|73|66|21|49|.429|5|20|.250|26|29|.897|10|38|15|2|6|12|14||25|62|.403|9|24|.375|7|8|.875|3|21|15|9|0|7|23
7|7|2013-12-04|@|New Mexico State|W|79|70|22|51|.431|6|12|.500|29|37|.784|10|34|13|3|6|13|15||24|62|.387|4|19|.211|18|20|.900|14|36|5|2|3|14|21
8|8|2013-12-07||Cincinnati|W|63|54|22|44|.500|3|9|.333|16|25|.640|10|36|10|5|3|15|15||18|61|.295|4|16|.250|14|15|.933|13|29|5|8|5|7|23
9|9|2013-12-14|N|Kansas|L|63|80|18|54|.333|2|14|.143|25|29|.862|11|28|8|4|2|10|21||28|54|.519|5|14|.357|19|26|.731|10|35|19|7|7|9|23
10|10|2013-12-17||New Mexico State|L|61|67|18|52|.346|0|7|.000|25|29|.862|12|30|6|6|4|11|17||21|56|.375|7|17|.412|18|21|.857|13|31|10|6|8|9|19
11|11|2013-12-21|N|Marquette|W|75|68|24|55|.436|9|24|.375|18|24|.750|11|34|16|6|3|12|13||26|57|.456|7|19|.368|9|14|.643|7|26|8|8|1|11|20
12|12|2013-12-23||Grand Canyon|W|80|68|25|48|.521|6|12|.500|24|32|.750|7|32|20|8|8|11|13||25|58|.431|10|23|.435|8|14|.571|5|19|19|6|3|12|23
13|13|2014-01-04||Colorado State|W|80|73|27|63|.429|5|18|.278|21|30|.700|15|46|15|1|6|8|19||25|67|.373|8|20|.400|15|20|.750|10|36|7|2|2|5|24
14|14|2014-01-08|@|Wyoming|W (1 OT)|72|69|27|62|.435|7|18|.389|11|19|.579|10|33|13|8|5|8|18||24|49|.490|6|15|.400|15|21|.714|5|27|11|5|7|12|18
15|15|2014-01-11|@|San Jose State|W|69|65|23|59|.390|8|20|.400|15|27|.556|7|34|17|9|2|7|10||24|62|.387|11|32|.344|6|9|.667|7|37|16|5|1|12|19
16|16|2014-01-15||Nevada-Las Vegas|L|73|76|24|54|.444|6|22|.273|19|22|.864|7|30|20|4|5|7|21||24|48|.500|7|13|.538|21|27|.778|4|25|8|4|2|6|19
17|17|2014-01-18|@|Fresno State|W|89|78|26|49|.531|8|22|.364|29|41|.707|9|35|14|4|3|14|25||22|60|.367|8|25|.320|26|33|.788|13|32|9|7|1|12|27
18|18|2014-01-21||Boise State|W|84|75|28|49|.571|9|17|.529|19|31|.613|6|26|18|9|7|8|16||24|64|.375|8|26|.308|19|22|.864|16|36|11|5|1|11|24
19|19|2014-01-25|@|Colorado State|W|68|66|23|49|.469|7|20|.350|15|18|.833|2|28|14|2|2|11|26||18|56|.321|6|19|.316|24|33|.727|12|36|12|6|0|6|17
20|20|2014-01-28|@|Utah State|W|78|65|27|59|.458|8|19|.421|16|19|.842|12|32|11|5|4|6|16||23|54|.426|6|12|.500|13|15|.867|9|28|18|1|5|9|20
21|21|2014-02-01||San Jose State|W|72|47|27|58|.466|7|19|.368|11|20|.550|11|38|20|7|2|3|12||15|44|.341|10|28|.357|7|10|.700|2|24|13|0|2|12|20
22|22|2014-02-05||Wyoming|W (1 OT)|66|61|23|54|.426|1|10|.100|19|26|.731|14|41|10|4|2|13|14||24|54|.444|7|19|.368|6|9|.667|3|21|16|8|5|12|21
23|23|2014-02-12|@|Boise State|L|70|71|22|43|.512|6|11|.545|20|27|.741|2|24|9|2|5|4|18||23|58|.397|11|25|.440|14|17|.824|9|30|15|3|0|5|23
24|24|2014-02-15||Nevada|W|90|72|32|58|.552|7|16|.438|19|21|.905|7|29|27|6|5|7|12||27|63|.429|11|21|.524|7|12|.583|12|29|14|4|2|13|16
25|25|2014-02-19|@|Nevada-Las Vegas|W|68|56|27|59|.458|6|15|.400|8|15|.533|9|37|11|3|7|8|23||19|60|.317|3|21|.143|15|26|.577|11|34|6|3|6|5|17
26|26|2014-02-22||San Diego State|W|58|44|25|50|.500|4|13|.308|4|6|.667|5|32|15|5|7|13|11||21|65|.323|2|10|.200|0|3|.000|14|30|4|8|3|9|10
27|27|2014-02-25||Utah State|W|67|58|25|57|.439|6|16|.375|11|21|.524|12|45|16|2|6|10|12||22|58|.379|8|18|.444|6|12|.500|6|30|14|5|0|6|22
28|28|2014-03-02|@|Nevada|W|72|58|27|55|.491|6|20|.300|12|14|.857|6|33|21|4|6|7|14||22|63|.349|6|20|.300|8|14|.571|11|32|13|4|5|5|15
29|29|2014-03-05||Air Force|W|80|52|29|60|.483|10|27|.370|12|16|.750|7|37|21|10|7|12|9||19|55|.345|7|27|.259|7|9|.778|3|23|10|7|2|16|14
30|30|2014-03-08|@|San Diego State|L|48|51|19|42|.452|2|14|.143|8|12|.667|5|29|13|2|4|16|19||19|48|.396|0|9|.000|13|20|.650|9|26|6|14|2|9|15
31|31|2014-03-13|N|Fresno State|W|93|77|29|51|.569|4|14|.286|31|38|.816|8|38|21|4|6|14|21||25|63|.397|8|27|.296|19|28|.679|7|21|17|5|3|8|23
32|32|2014-03-14|N|Boise State|W|70|67|21|48|.438|6|18|.333|22|36|.611|10|37|14|4|3|10|16||24|61|.393|8|25|.320|11|17|.647|11|31|10|4|2|8|25
33|33|2014-03-15|N|San Diego State|W|64|58|18|44|.409|6|20|.300|22|27|.815|11|35|11|2|4|14|18||20|56|.357|5|14|.357|13|22|.591|15|30|5|11|0|7|23
34|34|2014-03-21|N|Stanford|L|53|58|19|52|.365|4|21|.190|11|19|.579|6|32|12|2|2|10|18||19|49|.388|8|15|.533|12|17|.706|4|32|10|6|5|10|20
