ranker|game_season|date_game|game_location|opp_id|game_result|pts|opp_pts|fg|fga|fg_pct|fg3|fg3a|fg3_pct|ft|fta|ft_pct|orb|trb|ast|stl|blk|tov|pf|x|opp_fg|opp_fga|opp_fg_pct|opp_fg3|opp_fg3a|opp_fg3_pct|opp_ft|opp_fta|opp_ft_pct|opp_orb|opp_trb|opp_ast|opp_stl|opp_blk|opp_tov|opp_pf|
1|1|2013-11-08|N|Western Michigan|L|64|70|19|55|.345|1|11|.091|25|40|.625|21|45|9|4|3|9|17||22|53|.415|10|25|.400|16|20|.800|8|28|8|2|4|9|26
2|2|2013-11-09|N|Tennessee State|W|70|55|22|47|.468|4|14|.286|22|28|.786|10|38|11|3|7|16|15||21|55|.382|3|7|.429|10|19|.526|4|16|7|7|4|8|19
3|3|2013-11-12|@|Hawaii|W|95|88|30|52|.577|6|14|.429|29|40|.725|8|38|13|4|6|18|22||30|70|.429|7|20|.350|21|30|.700|8|23|12|9|6|9|26
4|4|2013-11-15||Texas-El Paso|W|86|73|25|44|.568|4|11|.364|32|47|.681|12|34|10|5|5|17|23||23|50|.460|4|10|.400|23|34|.676|10|22|11|7|0|14|30
5|5|2013-11-20||Northern Colorado|W|67|63|26|54|.481|1|11|.091|14|25|.560|9|38|11|5|8|12|13||25|66|.379|6|18|.333|7|10|.700|10|35|7|2|1|10|23
6|6|2013-11-23|@|Texas-El Paso|W|77|68|21|45|.467|6|11|.545|29|43|.674|7|25|16|8|3|12|26||22|51|.431|3|10|.300|21|30|.700|7|27|14|3|4|14|30
7|7|2013-11-25||Bethune-Cookman|W|79|56|28|50|.560|6|14|.429|17|22|.773|14|33|18|3|3|11|9||24|53|.453|5|10|.500|3|4|.750|9|20|7|4|0|11|19
8|8|2013-11-27||Prairie View|W|91|60|28|57|.491|4|17|.235|31|44|.705|11|43|13|8|14|7|11||21|70|.300|4|14|.286|14|18|.778|15|39|6|1|0|15|30
9|9|2013-11-30|@|Colorado State|L|83|85|30|58|.517|10|17|.588|13|21|.619|8|34|17|3|8|21|24||30|73|.411|4|14|.286|21|29|.724|16|41|13|13|5|9|22
10|10|2013-12-04||New Mexico|L|70|79|24|62|.387|4|19|.211|18|20|.900|14|36|5|2|3|14|21||22|51|.431|6|12|.500|29|37|.784|10|34|13|3|6|13|15
11|11|2013-12-07|@|Gonzaga|L|68|80|25|59|.424|6|17|.353|12|18|.667|10|26|13|6|6|11|14||33|68|.485|4|10|.400|10|16|.625|17|43|13|6|1|8|18
12|12|2013-12-11|@|Arizona|L|48|74|15|46|.326|2|11|.182|16|22|.727|8|19|8|6|2|16|16||29|56|.518|4|10|.400|12|19|.632|10|31|16|5|7|13|16
13|13|2013-12-14|@|Drake|W (1 OT)|81|69|29|64|.453|7|15|.467|16|32|.500|13|43|13|6|5|14|19||21|69|.304|3|15|.200|24|29|.828|13|40|5|12|0|12|25
14|14|2013-12-17|@|New Mexico|W|67|61|21|56|.375|7|17|.412|18|21|.857|13|31|10|6|8|9|19||18|52|.346|0|7|.000|25|29|.862|12|30|6|6|4|11|17
15|15|2013-12-21||Northern New Mexico|W|97|47|33|51|.647|14|24|.583|17|21|.810|5|34|19|7|9|14|9||19|70|.271|2|10|.200|7|11|.636|16|30|5|6|2|16|20
16|16|2013-12-28||South Alabama|W|82|64|33|52|.635|3|8|.375|13|20|.650|10|38|19|3|4|12|16||25|58|.431|3|14|.214|11|21|.524|9|23|9|2|1|6|20
17|17|2014-01-04|@|Grand Canyon|W|84|62|28|55|.509|9|19|.474|19|26|.731|11|39|15|4|5|11|17||23|57|.404|4|13|.308|12|16|.750|4|20|9|6|1|8|20
18|18|2014-01-09||Seattle|W|96|87|27|51|.529|7|17|.412|35|53|.660|13|28|15|10|4|9|19||31|64|.484|8|17|.471|17|25|.680|15|32|9|3|2|16|35
19|19|2014-01-11||Idaho|W|78|54|27|64|.422|10|23|.435|14|16|.875|14|37|15|5|9|12|19||18|52|.346|4|14|.286|14|18|.778|9|32|7|2|3|16|19
20|20|2014-01-16|@|Chicago State|L|81|86|25|54|.463|10|23|.435|21|37|.568|10|30|15|7|5|19|22||28|51|.549|8|12|.667|22|30|.733|6|26|13|15|3|15|27
21|21|2014-01-18|@|Missouri-Kansas City|L|66|68|23|56|.411|3|17|.176|17|27|.630|13|32|7|6|8|12|17||27|58|.466|2|6|.333|12|16|.750|7|28|11|6|2|12|21
22|22|2014-01-25||Texas-Pan American|W|90|78|29|51|.569|6|16|.375|26|34|.765|10|35|15|5|5|13|17||27|59|.458|8|15|.533|16|21|.762|4|20|17|4|3|9|23
23|23|2014-01-30||Cal State Bakersfield|W|88|86|26|49|.531|5|13|.385|31|43|.721|8|32|13|5|10|14|21||30|68|.441|6|12|.500|20|25|.800|14|32|14|7|3|12|32
24|24|2014-02-01||Utah Valley|W|72|49|25|44|.568|3|10|.300|19|23|.826|7|31|7|2|2|8|14||19|46|.413|7|17|.412|4|6|.667|4|17|10|1|2|11|21
25|25|2014-02-06|@|Idaho|L|67|73|28|59|.475|5|21|.238|6|15|.400|9|31|15|2|8|7|16||26|63|.413|6|18|.333|15|20|.750|11|32|8|3|2|6|17
26|26|2014-02-08|@|Seattle|W|92|77|34|59|.576|5|7|.714|19|29|.655|11|31|16|7|9|15|13||30|69|.435|6|16|.375|11|17|.647|9|24|10|7|6|13|24
27|27|2014-02-13||Missouri-Kansas City|W|71|48|24|57|.421|6|13|.462|17|24|.708|16|49|14|1|12|11|16||19|72|.264|2|13|.154|8|14|.571|16|38|3|2|2|9|20
28|28|2014-02-15||Chicago State|W|84|55|29|52|.558|4|20|.200|22|37|.595|14|38|14|4|7|14|10||23|57|.404|3|11|.273|6|9|.667|7|24|7|5|0|15|28
29|29|2014-02-20|@|Texas-Pan American|W|78|61|28|41|.683|5|8|.625|17|24|.708|6|31|18|3|7|15|16||22|56|.393|2|10|.200|15|16|.938|6|15|10|8|1|7|19
30|30|2014-02-27|@|Utah Valley|L (1 OT)|61|66|21|56|.375|4|15|.267|15|30|.500|14|39|12|4|7|13|25||21|56|.375|0|12|.000|24|30|.800|11|36|11|6|2|10|21
31|31|2014-03-01|@|Cal State Bakersfield|W|72|57|26|51|.510|3|9|.333|17|28|.607|11|37|12|8|10|13|15||21|66|.318|4|13|.308|11|12|.917|15|32|12|7|1|14|22
32|32|2014-03-06||Grand Canyon|W|81|57|26|59|.441|6|16|.375|23|30|.767|14|48|14|3|5|9|16||21|62|.339|3|15|.200|12|16|.750|7|27|6|2|2|8|24
33|33|2014-03-13|N|Seattle|W|70|68|21|44|.477|3|6|.500|25|29|.862|10|34|14|2|8|16|15||26|69|.377|5|21|.238|11|16|.688|19|31|8|11|2|8|25
34|34|2014-03-14|N|Cal State Bakersfield|W|69|63|25|47|.532|5|12|.417|14|21|.667|6|29|8|6|4|8|12||25|57|.439|8|21|.381|5|8|.625|11|29|6|5|1|9|17
35|35|2014-03-15|N|Idaho|W|77|55|29|52|.558|5|11|.455|14|17|.824|9|35|17|2|1|9|18||18|47|.383|2|13|.154|17|22|.773|4|18|8|5|0|5|17
36|36|2014-03-20|N|San Diego State|L (1 OT)|69|73|26|65|.400|5|16|.313|12|20|.600|12|37|13|4|4|12|22||23|59|.390|6|17|.353|21|27|.778|7|35|9|8|9|11|18
