ranker|game_season|date_game|game_location|opp_id|game_result|pts|opp_pts|fg|fga|fg_pct|fg3|fg3a|fg3_pct|ft|fta|ft_pct|orb|trb|ast|stl|blk|tov|pf|x|opp_fg|opp_fga|opp_fg_pct|opp_fg3|opp_fg3a|opp_fg3_pct|opp_ft|opp_fta|opp_ft_pct|opp_orb|opp_trb|opp_ast|opp_stl|opp_blk|opp_tov|opp_pf|
1|1|2013-11-09|@|Seton Hall|L|72|83|19|51|.373|2|17|.118|32|50|.640|10|40|6|6|2|16|37||24|50|.480|2|9|.222|33|52|.635|5|32|11|7|2|12|36
2|2|2013-11-13||Buffalo|W|92|81|30|62|.484|3|11|.273|29|40|.725|11|37|10|6|0|16|26||25|66|.379|5|24|.208|26|33|.788|16|39|8|5|6|17|30
3|3|2013-11-21|N|South Carolina Upstate|L|74|83|23|66|.348|6|27|.222|22|34|.647|10|30|12|9|1|11|28||26|54|.481|8|19|.421|23|35|.657|8|42|15|4|3|19|23
4|4|2013-11-22|N|Western Carolina|L|90|98|29|59|.492|8|21|.381|24|32|.750|9|24|14|6|1|15|26||33|56|.589|10|16|.625|22|32|.688|9|32|16|9|4|20|24
5|5|2013-11-23|@|Kent State|L|97|102|33|70|.471|5|21|.238|26|33|.788|16|31|8|3|4|9|28||34|56|.607|8|17|.471|26|33|.788|5|23|16|2|3|10|27
6|6|2013-11-26|@|Pennsylvania|L|66|85|21|56|.375|4|18|.222|20|31|.645|5|23|8|8|4|15|23||34|62|.548|4|11|.364|13|24|.542|9|39|22|7|9|15|22
7|7|2013-11-30|@|Northwestern State|L|100|107|31|66|.470|4|14|.286|34|43|.791|16|38|10|4|0|16|28||39|66|.591|6|20|.300|23|35|.657|10|31|21|7|10|12|29
8|8|2013-12-02|@|Arkansas State|L|61|86|20|63|.317|8|21|.381|13|18|.722|8|30|7|5|0|18|24||27|62|.435|6|18|.333|26|32|.813|10|39|14|9|7|12|15
9|9|2013-12-06||Siena|L|71|84|24|59|.407|0|13|.000|23|36|.639|14|32|10|5|7|11|26||28|52|.538|5|10|.500|23|36|.639|8|31|17|5|5|15|29
10|10|2013-12-08||Saint Peter's|W|61|56|23|56|.411|4|19|.211|11|21|.524|8|25|11|16|3|12|19||18|50|.360|5|18|.278|15|19|.789|11|39|6|7|3|21|17
11|11|2013-12-11|N|Davidson|W|83|72|24|50|.480|6|15|.400|29|40|.725|7|35|13|8|2|14|29||22|61|.361|6|30|.200|22|31|.710|10|30|13|4|0|13|28
12|12|2013-12-21||St. Bonaventure|L|72|74|24|50|.480|8|16|.500|16|24|.667|5|25|11|7|0|19|19||28|66|.424|8|25|.320|10|22|.455|17|35|15|8|3|17|22
13|13|2013-12-29||Brown|W|68|65|21|65|.323|4|16|.250|22|27|.815|10|30|9|16|6|9|18||24|62|.387|8|23|.348|9|13|.692|14|45|15|4|5|25|19
14|14|2014-01-02|@|Rider|L|83|85|32|69|.464|6|19|.316|13|26|.500|15|35|13|9|3|14|27||26|61|.426|6|17|.353|27|35|.771|11|38|10|2|1|17|20
15|15|2014-01-04|@|Iona|L|92|118|34|75|.453|6|20|.300|18|22|.818|18|36|15|7|3|12|28||40|62|.645|14|26|.538|24|35|.686|9|29|34|6|5|10|18
16|16|2014-01-10||Monmouth|L|74|85|19|52|.365|6|23|.261|30|41|.732|9|22|8|15|1|20|26||27|43|.628|5|11|.455|26|33|.788|4|30|16|12|2|22|27
17|17|2014-01-12||Rider|L|78|90|28|70|.400|5|20|.250|17|26|.654|12|26|9|8|2|10|26||26|47|.553|10|20|.500|28|34|.824|6|32|18|3|3|15|24
18|18|2014-01-16|@|Fairfield|W|67|63|23|46|.500|7|12|.583|14|19|.737|6|23|8|6|3|12|18||23|52|.442|7|19|.368|10|13|.769|9|27|9|3|5|17|16
19|19|2014-01-18|@|Quinnipiac|L|71|85|24|62|.387|2|13|.154|21|33|.636|9|25|9|4|4|6|28||24|59|.407|7|15|.467|30|40|.750|17|49|12|2|5|15|29
20|20|2014-01-22|@|Canisius|L|74|87|29|62|.468|9|19|.474|7|16|.438|12|33|14|5|0|9|23||28|56|.500|5|18|.278|26|29|.897|8|31|12|5|7|5|14
21|21|2014-01-24||Marist|W|80|74|24|50|.480|9|17|.529|23|33|.697|8|25|11|7|1|12|19||28|53|.528|7|17|.412|11|22|.500|9|27|11|8|2|16|23
22|22|2014-01-30|@|Siena|L|62|66|20|43|.465|3|13|.231|19|27|.704|8|25|6|4|4|14|22||23|54|.426|6|15|.400|14|20|.700|9|24|15|3|4|10|22
23|23|2014-02-01|@|Marist|L|64|78|24|62|.387|4|15|.267|12|13|.923|15|31|8|6|1|14|19||29|55|.527|9|21|.429|11|16|.688|8|29|17|4|4|11|16
24|24|2014-02-07||Iona|L|89|90|36|77|.468|5|20|.250|12|23|.522|19|46|11|5|0|10|22||27|53|.509|14|31|.452|22|30|.733|2|26|18|6|2|13|22
25|25|2014-02-09||Manhattan|L|77|78|26|56|.464|4|8|.500|21|25|.840|8|33|12|9|2|25|29||25|51|.490|3|11|.273|25|42|.595|8|25|13|13|8|19|27
26|26|2014-02-14||Canisius|L|65|71|26|70|.371|4|18|.222|9|15|.600|16|41|13|9|1|13|19||25|59|.424|4|20|.200|17|22|.773|10|34|12|4|7|13|13
27|27|2014-02-16|@|Manhattan|L|72|90|21|53|.396|3|10|.300|27|34|.794|6|25|9|5|3|14|21||34|58|.586|6|14|.429|16|26|.615|9|33|19|5|6|15|25
28|28|2014-02-20||Fairfield|L|66|72|26|62|.419|3|12|.250|11|25|.440|8|36|11|5|3|8|17||24|58|.414|11|19|.579|13|19|.684|4|37|20|3|6|12|20
29|29|2014-02-22||Quinnipiac|L|88|90|31|65|.477|8|22|.364|18|22|.818|12|29|13|8|2|11|18||35|74|.473|6|18|.333|14|22|.636|25|48|16|7|2|16|16
30|30|2014-02-28|@|Monmouth|L|50|75|13|42|.310|1|13|.077|23|37|.622|11|31|2|7|4|24|22||26|51|.510|6|10|.600|17|23|.739|6|33|18|8|2|18|28
31|31|2014-03-02|@|Saint Peter's|L|67|71|23|50|.460|10|21|.476|11|21|.524|6|25|12|5|2|8|22||23|49|.469|6|15|.400|19|27|.704|9|31|14|7|5|10|16
32|32|2014-03-06|N|Marist|W|78|76|27|45|.600|1|5|.200|23|37|.622|4|33|7|5|1|18|23||22|57|.386|7|23|.304|25|34|.735|8|28|10|11|3|11|24
33|33|2014-03-08|N|Quinnipiac|L|80|89|28|65|.431|8|25|.320|16|23|.696|7|27|10|2|1|9|24||32|55|.582|8|13|.615|17|27|.630|4|36|14|4|2|12|19
