ranker|game_season|date_game|game_location|opp_id|game_result|pts|opp_pts|fg|fga|fg_pct|fg3|fg3a|fg3_pct|ft|fta|ft_pct|orb|trb|ast|stl|blk|tov|pf|x|opp_fg|opp_fga|opp_fg_pct|opp_fg3|opp_fg3a|opp_fg3_pct|opp_ft|opp_fta|opp_ft_pct|opp_orb|opp_trb|opp_ast|opp_stl|opp_blk|opp_tov|opp_pf|
1|1|2013-11-08|@|Auburn|L|54|76|19|56|.339|6|24|.250|10|22|.455|12|31|11|3|1|14|31||22|46|.478|4|15|.267|28|41|.683|10|38|14|5|7|13|19
2|2|2013-11-14|@|North Texas|L|78|92|28|65|.431|8|22|.364|14|25|.560|9|24|12|8|2|6|29||23|47|.489|7|11|.636|39|46|.848|10|40|9|3|2|16|18
3|3|2013-11-19|@|Troy|L|62|77|24|57|.421|3|14|.214|11|15|.733|13|28|11|7|3|14|27||21|45|.467|4|14|.286|31|36|.861|10|29|11|8|3|13|13
4|4|2013-11-23|@|Memphis|L|59|98|23|64|.359|4|17|.235|9|17|.529|10|28|9|8|2|16|37||31|59|.525|5|11|.455|31|50|.620|13|44|22|10|6|12|18
5|5|2013-11-26||Texas-San Antonio|W|79|73|27|48|.563|10|23|.435|15|29|.517|6|26|16|5|4|12|27||21|43|.488|3|11|.273|28|36|.778|5|24|5|7|1|15|22
6|6|2013-12-07||Loyola (LA)|W|87|62|37|74|.500|6|17|.353|7|18|.389|17|39|18|9|4|7|16||21|52|.404|6|13|.462|14|21|.667|7|29|8|4|4|15|18
7|7|2013-12-14|@|San Francisco|L|48|77|17|53|.321|3|22|.136|11|15|.733|8|24|9|6|1|14|27||23|40|.575|8|17|.471|23|34|.676|4|33|17|4|0|14|20
8|8|2013-12-18|@|IUPUI|W|62|56|22|55|.400|6|20|.300|12|19|.632|11|39|14|2|5|11|22||20|52|.385|0|12|.000|16|25|.640|8|29|9|5|4|9|15
9|9|2013-12-20|@|Indiana|L|66|79|28|61|.459|4|16|.250|6|10|.600|9|22|16|10|5|16|23||24|44|.545|5|12|.417|26|35|.743|7|30|13|8|5|20|13
10|10|2014-01-02||New Orleans|W|88|83|28|56|.500|5|17|.294|27|43|.628|5|22|14|11|2|15|39||20|44|.455|1|13|.077|42|61|.689|10|34|2|7|2|22|33
11|11|2014-01-04||Southeastern Louisiana|W|64|61|24|49|.490|4|14|.286|12|16|.750|7|23|10|6|3|9|16||19|42|.452|6|19|.316|17|21|.810|5|25|8|5|2|13|17
12|12|2014-01-09|@|Lamar|W|64|60|26|57|.456|5|19|.263|7|14|.500|11|30|12|7|3|12|19||19|46|.413|1|4|.250|21|28|.750|7|31|10|6|3|13|15
13|13|2014-01-11|@|Sam Houston State|L|61|88|23|51|.451|8|22|.364|7|15|.467|8|27|17|4|2|13|23||30|52|.577|7|17|.412|21|30|.700|8|32|21|5|3|7|19
14|14|2014-01-16||Houston Baptist|W|66|64|23|58|.397|7|24|.292|13|18|.722|10|24|12|6|1|15|23||22|43|.512|1|8|.125|19|22|.864|5|25|7|5|3|21|18
15|15|2014-01-18||Texas A&M-Corpus Christi|L|67|70|24|53|.453|8|24|.333|11|14|.786|6|25|11|3|4|10|18||23|53|.434|4|12|.333|20|25|.800|12|35|6|8|0|10|15
16|16|2014-01-21|@|McNeese State|W (1 OT)|87|79|29|51|.569|7|16|.438|22|34|.647|9|39|19|2|3|16|23||28|72|.389|10|31|.323|13|29|.448|17|35|18|10|2|7|24
17|17|2014-01-30||Oral Roberts|W (1 OT)|73|72|22|49|.449|5|18|.278|24|32|.750|7|25|8|6|1|7|26||21|43|.488|6|12|.500|24|34|.706|5|23|14|3|5|10|29
18|18|2014-02-01||Central Arkansas|W|78|67|26|51|.510|5|11|.455|21|23|.913|3|28|15|2|0|7|21||23|53|.434|5|15|.333|16|28|.571|7|27|8|3|4|9|21
19|19|2014-02-06|@|Stephen F. Austin|L|64|93|22|42|.524|2|11|.182|18|27|.667|6|23|15|4|3|21|20||35|62|.565|8|19|.421|15|18|.833|8|26|22|10|2|10|22
20|20|2014-02-08|@|Northwestern State|L|73|86|24|60|.400|7|27|.259|18|27|.667|9|35|14|7|5|16|25||29|62|.468|7|17|.412|21|33|.636|14|38|16|10|5|11|20
21|21|2014-02-13|@|New Orleans|L|64|70|23|51|.451|6|17|.353|12|22|.545|8|24|10|9|1|12|23||23|48|.479|3|9|.333|21|25|.840|9|33|12|7|2|16|21
22|22|2014-02-15|@|Southeastern Louisiana|L|66|71|24|56|.429|9|28|.321|9|16|.563|6|24|15|3|2|6|28||17|33|.515|4|9|.444|33|43|.767|3|31|6|2|2|14|18
23|23|2014-02-22||McNeese State|W|68|59|25|58|.431|8|26|.308|10|14|.714|7|35|17|10|3|15|16||24|65|.369|3|19|.158|8|13|.615|14|39|6|7|5|16|14
24|24|2014-02-27||Abilene Christian|W|79|60|26|50|.520|10|22|.455|17|25|.680|5|26|17|9|4|5|21||17|39|.436|7|17|.412|19|25|.760|2|25|8|4|1|12|20
25|25|2014-03-01||Incarnate Word|L|67|69|22|51|.431|5|18|.278|18|28|.643|9|34|11|4|4|12|20||26|54|.481|9|20|.450|8|18|.444|5|24|15|10|2|7|23
26|26|2014-03-06|@|Houston Baptist|W|75|62|25|50|.500|5|15|.333|20|26|.769|5|34|13|5|2|13|23||20|57|.351|3|16|.188|19|28|.679|11|30|8|2|2|11|25
27|27|2014-03-08|@|Texas A&M-Corpus Christi|L|44|58|16|44|.364|6|17|.353|6|11|.545|6|16|7|2|2|12|15||24|37|.649|3|6|.500|7|11|.636|4|23|15|5|3|15|17
28|28|2014-03-12|N|Southeastern Louisiana|W|71|64|23|57|.404|7|22|.318|18|26|.692|10|38|15|8|5|11|22||21|53|.396|6|20|.300|16|24|.667|8|34|5|6|4|14|20
29|29|2014-03-13|N|Northwestern State|L|72|88|28|68|.412|9|39|.231|7|18|.389|17|40|16|2|6|11|25||30|67|.448|6|18|.333|22|32|.688|16|43|15|3|4|8|16
