ranker|game_season|date_game|game_location|opp_id|game_result|pts|opp_pts|fg|fga|fg_pct|fg3|fg3a|fg3_pct|ft|fta|ft_pct|orb|trb|ast|stl|blk|tov|pf|x|opp_fg|opp_fga|opp_fg_pct|opp_fg3|opp_fg3a|opp_fg3_pct|opp_ft|opp_fta|opp_ft_pct|opp_orb|opp_trb|opp_ast|opp_stl|opp_blk|opp_tov|opp_pf|
1|1|2013-11-09|@|Ohio|L|64|75|19|49|.388|6|22|.273|20|27|.741|9|29|11|3|4|10|15||27|52|.519|11|23|.478|10|14|.714|4|21|16|7|6|6|18
2|2|2013-11-11||Coe|W|86|52|31|63|.492|9|22|.409|15|19|.789|13|45|19|8|2|11|23||17|50|.340|7|25|.280|11|19|.579|5|25|10|5|0|14|20
3|3|2013-11-16|@|George Mason|L|70|76|20|50|.400|6|21|.286|24|28|.857|7|24|8|8|4|13|24||24|54|.444|5|16|.313|23|27|.852|10|32|9|3|4|16|21
4|4|2013-11-22|N|Loyola Marymount|W|90|81|25|49|.510|12|21|.571|28|39|.718|4|31|16|4|3|12|19||30|72|.417|6|15|.400|15|21|.714|15|35|9|5|4|9|27
5|5|2013-11-24|N|Maryland|L|66|80|22|57|.386|7|29|.241|15|18|.833|10|32|12|3|3|14|24||29|60|.483|6|18|.333|16|25|.640|13|36|12|9|2|8|19
6|6|2013-11-25|N|La Salle|W|65|50|23|52|.442|7|22|.318|12|16|.750|5|35|14|5|3|12|13||18|57|.316|6|24|.250|8|15|.533|11|35|10|6|1|13|18
7|7|2013-12-03|@|Milwaukee|L|72|83|26|64|.406|5|24|.208|15|20|.750|9|32|12|8|5|8|22||27|60|.450|10|27|.370|19|25|.760|8|35|11|5|0|10|16
8|8|2013-12-07|N|Iowa State|L (1 OT)|82|91|31|65|.477|10|30|.333|10|19|.526|4|39|18|4|4|17|24||30|66|.455|9|27|.333|22|33|.667|8|43|16|12|4|12|24
9|9|2013-12-10||Savannah State|W|55|50|20|47|.426|3|20|.150|12|23|.522|6|27|8|12|3|9|7||19|42|.452|6|16|.375|6|9|.667|4|29|10|7|1|21|22
10|10|2013-12-14||Virginia Commonwealth|W|77|68|26|49|.531|6|19|.316|19|28|.679|10|37|11|6|4|15|15||24|65|.369|10|25|.400|10|12|.833|12|30|9|9|2|11|25
11|11|2013-12-21|@|Virginia|L|43|57|19|60|.317|2|19|.105|3|7|.429|12|34|3|2|2|13|19||20|53|.377|7|26|.269|10|18|.556|11|39|14|4|8|10|13
12|12|2013-12-28||Iona|W|90|78|30|58|.517|12|26|.462|18|22|.818|8|33|20|6|7|12|15||28|59|.475|13|26|.500|9|16|.563|7|26|14|7|0|11|21
13|13|2014-01-01||Bradley|W|80|46|27|56|.482|10|24|.417|16|19|.842|5|32|17|7|0|4|19||17|46|.370|3|16|.188|9|19|.474|6|29|5|4|2|13|19
14|14|2014-01-05|@|Wichita State|L|53|67|19|56|.339|5|24|.208|10|16|.625|5|30|10|3|3|10|18||24|63|.381|6|25|.240|13|17|.765|10|40|12|6|8|6|18
15|15|2014-01-08|@|Evansville|W|80|53|28|55|.509|14|30|.467|10|16|.625|3|29|20|9|3|7|19||19|47|.404|3|7|.429|12|22|.545|5|29|13|3|3|14|14
16|16|2014-01-11||Drake|W|76|66|27|54|.500|9|27|.333|13|18|.722|5|33|14|3|3|8|16||24|57|.421|8|24|.333|10|16|.625|6|29|12|3|0|8|18
17|17|2014-01-14|@|Southern Illinois|L|66|68|25|57|.439|7|17|.412|9|10|.900|7|21|15|5|0|10|15||24|52|.462|5|11|.455|15|16|.938|11|31|11|6|6|13|14
18|18|2014-01-18||Missouri State|W|94|89|31|46|.674|13|21|.619|19|28|.679|2|21|24|5|1|9|13||32|54|.593|12|21|.571|13|17|.765|4|24|12|1|0|9|24
19|19|2014-01-22|@|Bradley|L|65|69|18|49|.367|9|25|.360|20|22|.909|9|28|13|5|1|12|14||26|54|.481|4|12|.333|13|19|.684|11|29|9|6|1|11|19
20|20|2014-01-25|@|Loyola (IL)|L (1 OT)|87|93|27|64|.422|11|27|.407|22|29|.759|12|30|14|6|3|5|24||29|52|.558|9|20|.450|26|28|.929|6|33|13|4|3|10|23
21|21|2014-01-29||Evansville|W|95|81|28|58|.483|17|33|.515|22|28|.786|9|27|18|2|4|6|23||26|50|.520|4|12|.333|25|32|.781|7|29|9|5|3|10|26
22|22|2014-02-01||Indiana State|L|81|87|28|57|.491|8|23|.348|17|23|.739|8|30|13|5|4|11|22||24|52|.462|9|23|.391|30|39|.769|8|31|10|9|2|9|19
23|23|2014-02-05|@|Illinois State|L|65|76|22|48|.458|8|21|.381|13|17|.765|4|28|14|9|5|16|18||24|55|.436|7|20|.350|21|24|.875|7|30|11|9|5|11|16
24|24|2014-02-08||Wichita State|L|73|82|25|59|.424|9|23|.391|14|22|.636|9|22|13|4|3|8|25||26|48|.542|8|20|.400|22|28|.786|10|36|15|4|6|15|19
25|25|2014-02-12||Loyola (IL)|W|80|58|27|46|.587|12|26|.462|14|21|.667|5|33|15|5|3|12|21||19|48|.396|6|20|.300|14|25|.560|6|23|11|8|0|10|17
26|26|2014-02-15|@|Missouri State|W|60|58|22|47|.468|4|15|.267|12|20|.600|11|31|11|5|1|9|17||21|49|.429|7|18|.389|9|13|.692|7|24|13|2|1|10|18
27|27|2014-02-18|@|Drake|L|67|70|22|58|.379|9|25|.360|14|18|.778|9|26|12|10|2|7|21||23|48|.479|8|18|.444|16|19|.842|6|34|13|4|4|14|18
28|28|2014-02-23||Illinois State|W|72|59|23|49|.469|10|24|.417|16|19|.842|5|29|16|8|3|12|14||21|51|.412|7|21|.333|10|12|.833|6|29|9|11|2|13|19
29|29|2014-02-26||Southern Illinois|W|73|54|26|53|.491|10|25|.400|11|14|.786|12|31|18|3|1|9|14||21|49|.429|4|15|.267|8|10|.800|8|22|6|4|4|9|18
30|30|2014-03-01|@|Indiana State|W|71|69|25|61|.410|10|25|.400|11|18|.611|4|32|17|7|2|5|15||26|54|.481|7|19|.368|10|15|.667|1|34|13|3|3|10|17
31|31|2014-03-07|N|Southern Illinois|L|58|63|20|57|.351|4|22|.182|14|22|.636|13|39|10|5|4|17|19||22|56|.393|6|17|.353|13|20|.650|6|32|7|12|3|11|21
