ranker|game_season|date_game|game_location|opp_id|game_result|pts|opp_pts|fg|fga|fg_pct|fg3|fg3a|fg3_pct|ft|fta|ft_pct|orb|trb|ast|stl|blk|tov|pf|x|opp_fg|opp_fga|opp_fg_pct|opp_fg3|opp_fg3a|opp_fg3_pct|opp_ft|opp_fta|opp_ft_pct|opp_orb|opp_trb|opp_ast|opp_stl|opp_blk|opp_tov|opp_pf|
1|1|2013-11-08||LeTourneau|W|92|76|31|78|.397|0|17|.000|30|35|.857|16|46|12|16|15|18|19||31|92|.337|5|28|.179|9|14|.643|28|60|16|10|3|25|27
2|2|2013-11-15|@|Auburn|W|111|92|36|72|.500|14|27|.519|25|29|.862|10|38|20|7|4|10|17||37|81|.457|8|29|.276|10|18|.556|17|42|23|4|5|12|24
3|3|2013-11-16|@|Louisiana State|L|74|88|31|77|.403|6|22|.273|6|14|.429|12|39|14|9|4|13|20||32|78|.410|8|25|.320|16|26|.615|27|61|15|10|8|22|14
4|4|2013-11-21||Louisiana-Monroe|L (1 OT)|80|84|30|80|.375|4|17|.235|16|29|.552|18|39|12|15|8|15|25||29|54|.537|4|11|.364|22|35|.629|7|44|17|8|3|29|23
5|5|2013-11-27|@|Louisiana-Lafayette|L|74|105|25|65|.385|4|25|.160|20|30|.667|6|30|12|8|7|14|28||33|62|.532|10|21|.476|29|46|.630|10|44|14|8|5|18|24
6|6|2013-11-30||Niagara|W|107|100|39|66|.591|6|20|.300|23|35|.657|10|31|21|7|10|12|29||31|66|.470|4|14|.286|34|43|.791|16|38|10|4|0|16|28
7|7|2013-12-07|@|Memphis|L|76|96|28|70|.400|3|18|.167|17|24|.708|10|31|19|13|6|13|15||37|69|.536|8|19|.421|14|22|.636|10|40|27|11|8|17|16
8|8|2013-12-11|@|Louisiana Tech|L|71|93|25|64|.391|3|15|.200|18|29|.621|9|29|12|7|5|19|21||38|65|.585|5|15|.333|12|22|.545|9|40|23|11|5|15|26
9|9|2013-12-14||Louisiana College|W|116|76|48|80|.600|7|13|.538|13|20|.650|13|41|22|19|6|19|19||28|71|.394|5|25|.200|15|23|.652|14|37|11|9|3|28|20
10|10|2013-12-18|@|Baylor|L (1 OT)|84|91|34|69|.493|6|18|.333|10|14|.714|13|31|15|4|2|12|18||32|63|.508|8|17|.471|19|28|.679|17|36|19|6|5|10|13
11|11|2013-12-19|@|Texas-El Paso|L|74|84|27|71|.380|4|20|.200|16|21|.762|10|26|10|9|1|9|24||29|48|.604|4|11|.364|22|31|.710|7|38|21|7|6|18|15
12|12|2014-01-02||Sam Houston State|L (2 OT)|104|107|33|72|.458|4|14|.286|34|45|.756|13|51|15|5|5|15|35||33|77|.429|9|32|.281|32|52|.615|12|43|11|10|1|10|33
13|13|2014-01-04||Lamar|W|99|85|35|73|.479|6|21|.286|23|27|.852|15|35|20|14|7|11|21||29|57|.509|8|16|.500|19|27|.704|9|31|13|4|1|22|18
14|14|2014-01-09|@|Texas A&M-Corpus Christi|L|87|101|30|63|.476|6|14|.429|21|28|.750|7|24|15|5|2|11|24||35|58|.603|6|10|.600|25|36|.694|9|37|17|7|2|10|25
15|15|2014-01-11|@|Houston Baptist|L|97|98|37|67|.552|1|12|.083|22|26|.846|10|30|16|9|4|12|22||35|65|.538|7|11|.636|21|31|.677|15|36|20|4|1|18|22
16|16|2014-01-16||Stephen F. Austin|L|58|74|21|49|.429|2|11|.182|14|22|.636|1|21|10|7|7|11|19||27|60|.450|8|23|.348|12|17|.706|11|41|13|5|4|14|18
17|17|2014-01-23|@|Central Arkansas|W|76|68|19|47|.404|7|11|.636|31|37|.838|8|35|14|4|5|14|20||24|66|.364|6|28|.214|14|26|.538|16|35|15|7|2|11|27
18|18|2014-01-25|@|Oral Roberts|W|87|83|29|61|.475|7|16|.438|22|25|.880|11|30|14|7|4|13|20||28|56|.500|6|15|.400|21|28|.750|10|31|16|5|5|16|23
19|19|2014-01-30||Incarnate Word|W|100|86|35|69|.507|11|18|.611|19|22|.864|10|41|23|9|8|13|22||26|67|.388|15|32|.469|19|33|.576|12|33|17|6|2|11|19
20|20|2014-02-01||Abilene Christian|W|84|66|31|58|.534|7|19|.368|15|17|.882|11|32|24|13|6|13|15||20|53|.377|12|23|.522|14|16|.875|9|25|11|8|0|20|18
21|21|2014-02-06||McNeese State|W|85|74|31|77|.403|8|18|.444|15|21|.714|21|42|18|12|5|13|13||27|59|.458|9|23|.391|11|14|.786|11|34|17|5|4|23|15
22|22|2014-02-08||Nicholls State|W|86|73|29|62|.468|7|17|.412|21|33|.636|14|38|16|10|5|11|20||24|60|.400|7|27|.259|18|27|.667|9|35|14|7|5|16|25
23|23|2014-02-13|@|Sam Houston State|L|64|67|23|64|.359|3|16|.188|15|19|.789|12|36|19|9|4|15|22||21|60|.350|6|19|.316|19|29|.655|18|48|16|7|7|17|25
24|24|2014-02-15|@|Lamar|W|87|67|37|70|.529|7|15|.467|6|13|.462|13|41|25|8|6|13|15||24|63|.381|1|7|.143|18|27|.667|10|33|13|3|5|12|10
25|25|2014-02-22|@|Stephen F. Austin|L|68|70|26|45|.578|4|11|.364|12|16|.750|5|29|12|5|3|21|18||23|63|.365|9|28|.321|15|16|.938|14|30|12|11|4|11|17
26|26|2014-02-27|@|Southeastern Louisiana|W|88|83|34|62|.548|5|19|.263|15|19|.789|10|35|16|5|2|13|16||28|57|.491|11|23|.478|16|20|.800|5|24|19|2|2|12|19
27|27|2014-03-01|@|New Orleans|W|84|71|32|61|.525|6|16|.375|14|21|.667|12|32|16|9|5|17|23||22|59|.373|2|13|.154|25|29|.862|17|36|10|6|0|18|19
28|28|2014-03-06||Central Arkansas|W|119|102|40|67|.597|10|16|.625|29|40|.725|8|35|30|10|4|14|22||42|77|.545|8|19|.421|10|21|.476|11|34|20|8|4|18|28
29|29|2014-03-08||Oral Roberts|W|88|82|28|56|.500|5|13|.385|27|30|.900|8|34|16|6|6|13|17||29|69|.420|7|21|.333|17|25|.680|17|38|14|5|2|12|19
30|30|2014-03-13|N|Nicholls State|W|88|72|30|67|.448|6|18|.333|22|32|.688|16|43|15|3|4|8|16||28|68|.412|9|39|.231|7|18|.389|17|40|16|2|6|11|25
31|31|2014-03-14|N|Stephen F. Austin|L|78|85|24|55|.436|7|20|.350|23|29|.793|15|37|10|6|5|13|20||27|60|.450|12|29|.414|19|26|.731|10|27|20|8|4|10|21
