ranker|game_season|date_game|game_location|opp_id|game_result|pts|opp_pts|fg|fga|fg_pct|fg3|fg3a|fg3_pct|ft|fta|ft_pct|orb|trb|ast|stl|blk|tov|pf|x|opp_fg|opp_fga|opp_fg_pct|opp_fg3|opp_fg3a|opp_fg3_pct|opp_ft|opp_fta|opp_ft_pct|opp_orb|opp_trb|opp_ast|opp_stl|opp_blk|opp_tov|opp_pf|
1|1|2013-11-08||Nebraska-Omaha|L|66|68|24|57|.421|3|16|.188|15|28|.536|10|32|10|3|2|12|26||19|49|.388|3|17|.176|27|32|.844|6|32|9|5|2|13|23
2|2|2013-11-15||James Madison|L|55|60|18|57|.316|5|28|.179|14|26|.538|12|34|6|7|0|10|17||23|53|.434|5|23|.217|9|15|.600|9|42|11|3|2|15|20
3|3|2013-11-16||San Jose State|W|60|59|19|55|.345|3|15|.200|19|27|.704|13|40|9|3|1|8|23||16|46|.348|10|31|.323|17|27|.630|6|27|9|3|1|9|19
4|4|2013-11-17||Milwaukee|L|69|82|24|55|.436|4|13|.308|17|28|.607|10|35|8|3|2|17|25||26|57|.456|11|31|.355|19|26|.731|6|27|15|7|5|8|19
5|5|2013-11-24||Saint Joseph's (IN)|W|111|61|41|81|.506|6|19|.316|23|32|.719|28|64|19|9|4|10|10||25|68|.368|9|32|.281|2|3|.667|8|22|14|2|2|13|20
6|6|2013-11-30|@|Nebraska|L|58|63|18|49|.367|3|14|.214|19|28|.679|10|34|7|9|3|15|25||20|50|.400|3|15|.200|20|33|.606|11|37|10|10|6|16|22
7|7|2013-12-05||Dartmouth|W|64|57|20|43|.465|3|9|.333|21|31|.677|9|29|8|9|3|16|17||23|56|.411|5|18|.278|6|9|.667|8|25|9|5|3|16|23
8|8|2013-12-14|@|Massachusetts|L|54|80|20|54|.370|5|14|.357|9|17|.529|8|27|11|6|7|10|18||29|58|.500|9|19|.474|13|21|.619|11|35|22|7|3|12|16
9|9|2013-12-18|@|Loyola (IL)|W|55|49|18|49|.367|5|15|.333|14|20|.700|13|36|6|4|5|17|16||17|48|.354|4|15|.267|11|14|.786|7|22|9|3|5|15|20
10|10|2013-12-22|@|California-Riverside|W|71|64|19|42|.452|6|17|.353|27|35|.771|5|27|8|7|7|9|23||20|56|.357|6|23|.261|18|29|.621|13|33|6|3|1|12|25
11|11|2013-12-31|@|Iowa State|L|63|99|22|68|.324|6|23|.261|13|19|.684|23|45|11|2|1|12|21||37|63|.587|11|28|.393|14|23|.609|9|34|28|8|5|5|15
12|12|2014-01-03||Bethune-Cookman|W|65|51|19|41|.463|2|9|.222|25|32|.781|7|34|8|6|3|14|17||16|54|.296|8|26|.308|11|15|.733|10|25|8|5|2|10|25
13|13|2014-01-08|@|Buffalo|L|46|67|15|55|.273|2|13|.154|14|18|.778|14|33|5|7|0|19|22||19|41|.463|8|17|.471|21|29|.724|6|30|13|7|10|16|15
14|14|2014-01-12|@|Bowling Green State|W|45|36|14|43|.326|4|10|.400|13|28|.464|10|33|5|8|3|13|18||12|41|.293|3|13|.231|9|21|.429|8|26|6|4|8|17|23
15|15|2014-01-15||Kent State|L (1 OT)|64|73|16|44|.364|5|12|.417|27|43|.628|11|38|5|4|2|18|22||19|51|.373|10|27|.370|25|38|.658|8|30|11|7|5|10|28
16|16|2014-01-18||Ohio|L|46|65|14|47|.298|4|18|.222|14|20|.700|10|27|4|7|0|14|10||25|49|.510|10|19|.526|5|7|.714|5|28|15|6|2|12|15
17|17|2014-01-22|@|Toledo|L|68|77|21|48|.438|5|14|.357|21|31|.677|9|27|9|5|2|16|25||25|50|.500|7|15|.467|20|28|.714|10|31|17|5|1|13|22
18|18|2014-01-25||Buffalo|L|67|75|19|55|.345|3|17|.176|26|31|.839|13|32|11|10|2|14|25||25|45|.556|6|11|.545|19|32|.594|5|26|12|9|3|16|22
19|19|2014-01-29|@|Kent State|W|50|49|16|47|.340|3|13|.231|15|17|.882|10|29|8|7|6|20|15||16|46|.348|6|20|.300|11|14|.786|7|25|11|9|3|17|16
20|20|2014-02-01|@|Ball State|W (1 OT)|67|65|20|52|.385|7|17|.412|20|32|.625|9|33|13|8|5|15|24||22|57|.386|7|21|.333|14|28|.500|16|39|13|10|5|15|25
21|21|2014-02-04||Miami (OH)|W|53|41|21|51|.412|7|17|.412|4|15|.267|8|34|7|9|10|15|13||15|50|.300|1|15|.067|10|16|.625|11|34|5|8|1|15|13
22|22|2014-02-09||Western Michigan|L|71|74|26|55|.473|7|22|.318|12|20|.600|7|25|12|6|2|10|15||28|53|.528|8|17|.471|10|18|.556|10|33|10|2|2|13|18
23|23|2014-02-12||Central Michigan|W|88|63|30|52|.577|4|13|.308|24|28|.857|11|33|9|6|2|13|17||22|52|.423|8|25|.320|11|19|.579|5|16|10|8|0|10|18
24|24|2014-02-15|@|Akron|L|54|62|19|53|.358|4|13|.308|12|21|.571|12|32|8|8|1|13|21||21|46|.457|4|18|.222|16|24|.667|9|34|12|5|4|17|19
25|25|2014-02-20||Eastern Michigan|W (2 OT)|61|59|18|62|.290|1|13|.077|24|35|.686|23|53|8|5|6|22|29||17|63|.270|2|17|.118|23|38|.605|16|37|2|14|8|12|28
26|26|2014-02-23|@|Central Michigan|L|67|70|20|46|.435|6|17|.353|21|29|.724|12|36|9|5|1|18|22||20|47|.426|11|28|.393|19|30|.633|5|18|11|12|2|9|21
27|27|2014-02-26||Toledo|W|74|66|22|48|.458|5|11|.455|25|30|.833|9|35|6|2|3|18|25||23|55|.418|3|21|.143|17|27|.630|10|26|9|12|3|9|23
28|28|2014-03-01|@|Eastern Michigan|L|52|56|16|43|.372|3|14|.214|17|20|.850|6|25|8|8|4|15|20||17|52|.327|3|17|.176|19|24|.792|11|31|5|11|8|14|21
29|29|2014-03-04|@|Western Michigan|L|56|61|20|53|.377|3|15|.200|13|17|.765|13|31|7|9|6|17|27||16|41|.390|3|12|.250|26|33|.788|9|21|11|3|6|17|14
30|30|2014-03-08||Ball State|W|70|56|20|48|.417|6|22|.273|24|31|.774|10|28|10|7|4|10|21||18|41|.439|2|11|.182|18|26|.692|9|26|6|3|2|19|22
31|31|2014-03-10||Bowling Green State|W (1 OT)|54|51|22|54|.407|2|14|.143|8|17|.471|7|30|7|17|4|15|12||21|52|.404|3|14|.214|6|11|.545|9|36|8|9|4|22|17
32|32|2014-03-12|N|Eastern Michigan|L|48|53|14|44|.318|5|17|.294|15|20|.750|9|33|9|5|6|16|21||13|44|.295|3|16|.188|24|31|.774|9|31|7|13|7|10|17
