ranker|game_season|date_game|game_location|opp_id|game_result|pts|opp_pts|fg|fga|fg_pct|fg3|fg3a|fg3_pct|ft|fta|ft_pct|orb|trb|ast|stl|blk|tov|pf|x|opp_fg|opp_fga|opp_fg_pct|opp_fg3|opp_fg3a|opp_fg3_pct|opp_ft|opp_fta|opp_ft_pct|opp_orb|opp_trb|opp_ast|opp_stl|opp_blk|opp_tov|opp_pf|
1|1|2013-11-08||Appalachian State|W|98|77|39|63|.619|5|11|.455|15|22|.682|7|29|19|6|1|11|20||28|57|.491|6|19|.316|15|22|.682|8|26|11|8|5|14|22
2|2|2013-11-12|@|Cincinnati|L|57|68|19|58|.328|7|19|.368|12|21|.571|11|30|7|5|3|7|23||21|53|.396|3|8|.375|23|31|.742|16|38|7|5|9|11|23
3|3|2013-11-16||Campbell|W|81|66|37|68|.544|5|15|.333|2|12|.167|14|32|14|11|5|10|18||23|50|.460|8|19|.421|12|15|.800|8|26|14|5|5|19|19
4|4|2013-11-20||North Carolina Central|L (1 OT)|72|82|23|57|.404|3|20|.150|23|33|.697|12|29|9|6|2|11|31||19|47|.404|3|16|.188|41|45|.911|9|32|7|5|4|14|26
5|5|2013-11-26||Florida Gulf Coast|W|82|62|34|62|.548|2|8|.250|12|18|.667|12|41|17|5|6|11|21||19|55|.345|4|16|.250|20|23|.870|7|19|8|9|2|11|14
6|6|2013-11-30||Eastern Kentucky|W|75|56|30|60|.500|2|14|.143|13|19|.684|12|40|14|3|4|10|11||22|58|.379|9|29|.310|3|6|.500|5|26|13|6|2|11|18
7|7|2013-12-04||Northwestern|W|69|48|28|61|.459|4|18|.222|9|11|.818|10|39|16|5|7|5|17||13|52|.250|6|22|.273|16|18|.889|9|31|6|3|0|11|14
8|8|2013-12-07||Long Beach State|W|76|66|30|60|.500|3|15|.200|13|15|.867|10|34|16|4|5|8|14||26|63|.413|2|11|.182|12|15|.800|12|29|12|6|0|11|15
9|9|2013-12-14||Detroit Mercy|W|82|79|25|50|.500|10|21|.476|22|33|.667|6|29|17|3|3|14|21||27|59|.458|6|20|.300|19|28|.679|9|33|11|7|3|13|23
10|10|2013-12-18|@|Tennessee|W|65|58|24|54|.444|3|6|.500|14|19|.737|10|40|8|4|12|16|20||20|68|.294|3|24|.125|15|20|.750|18|39|5|5|7|10|19
11|11|2013-12-21||East Carolina|W|90|79|39|67|.582|7|19|.368|5|10|.500|8|32|20|5|9|8|9||30|63|.476|10|27|.370|9|9|1.000|5|23|17|4|1|10|14
12|12|2013-12-28||Missouri|L|64|68|25|61|.410|6|21|.286|8|14|.571|12|29|17|3|6|8|18||21|52|.404|7|18|.389|19|26|.731|12|34|9|6|2|10|16
13|13|2013-12-30|@|North Carolina-Greensboro|W|68|64|24|59|.407|1|6|.167|19|33|.576|15|35|11|5|0|12|18||22|58|.379|3|15|.200|17|28|.607|12|40|9|8|2|16|22
14|14|2014-01-04||Pittsburgh|L|62|74|22|56|.393|4|11|.364|14|15|.933|12|32|12|4|6|16|18||26|54|.481|4|12|.333|18|24|.750|9|26|13|13|1|11|16
15|15|2014-01-07|@|Notre Dame|W|77|70|24|58|.414|4|13|.308|25|32|.781|8|33|12|5|5|8|11||27|66|.409|7|24|.292|9|12|.750|11|32|14|2|6|11|21
16|16|2014-01-11||Virginia|L|45|76|13|45|.289|2|10|.200|17|23|.739|5|26|7|1|8|16|17||29|62|.468|3|13|.231|15|18|.833|10|35|14|9|6|7|21
17|17|2014-01-15|@|Wake Forest|L|69|70|23|55|.418|2|13|.154|21|31|.677|14|34|8|3|2|11|26||19|35|.543|4|12|.333|28|39|.718|3|24|12|6|6|14|26
18|18|2014-01-18|@|Duke|L|60|95|25|52|.481|2|8|.250|8|16|.500|10|29|6|3|3|21|16||33|66|.500|11|24|.458|18|21|.857|11|31|19|14|0|8|16
19|19|2014-01-20||Maryland|W|65|56|23|57|.404|5|19|.263|14|22|.636|6|33|12|5|5|8|13||22|70|.314|7|22|.318|5|13|.385|19|44|9|4|5|12|23
20|20|2014-01-26||Georgia Tech|W (1 OT)|80|78|32|60|.533|5|13|.385|11|20|.550|7|26|14|7|3|10|18||28|65|.431|6|18|.333|16|23|.696|18|40|14|5|4|14|19
21|21|2014-01-29||Florida State|W|74|70|31|68|.456|4|15|.267|8|11|.727|13|36|17|7|3|9|19||24|56|.429|7|19|.368|15|26|.577|11|35|12|3|5|11|15
22|22|2014-02-01|@|North Carolina|L|70|84|27|66|.409|2|10|.200|14|26|.538|10|32|7|8|6|10|21||28|69|.406|3|12|.250|25|33|.758|19|48|16|6|6|13|23
23|23|2014-02-08|@|Miami (FL)|W|56|55|17|45|.378|7|20|.350|15|20|.750|9|27|7|3|0|11|17||17|51|.333|5|18|.278|16|23|.696|16|33|6|6|0|11|19
24|24|2014-02-11||Wake Forest|W|82|67|31|59|.525|8|18|.444|12|19|.632|11|34|16|5|2|12|24||24|47|.511|5|10|.500|14|31|.452|8|27|15|6|1|14|21
25|25|2014-02-15|@|Syracuse|L|55|56|22|56|.393|4|14|.286|7|14|.500|12|33|12|4|0|10|18||19|54|.352|2|12|.167|16|22|.727|12|36|9|5|9|9|14
26|26|2014-02-18|@|Clemson|L|56|73|21|46|.457|5|14|.357|9|14|.643|6|19|11|4|3|13|19||23|48|.479|5|14|.357|22|26|.846|9|25|9|6|9|11|18
27|27|2014-02-22|@|Virginia Tech|W|71|64|26|64|.406|4|24|.167|15|25|.600|13|30|15|6|4|7|23||18|42|.429|6|18|.333|22|37|.595|10|35|10|3|1|17|20
28|28|2014-02-26||North Carolina|L (1 OT)|84|85|29|62|.468|7|22|.318|19|31|.613|12|32|12|4|10|10|21||30|66|.455|7|15|.467|18|31|.581|17|40|16|4|2|10|23
29|29|2014-03-01||Miami (FL)|L|70|85|24|52|.462|6|16|.375|16|24|.667|10|18|13|5|1|9|21||27|46|.587|5|10|.500|26|32|.813|10|30|11|5|2|11|19
30|30|2014-03-03|@|Pittsburgh|W|74|67|26|55|.473|7|19|.368|15|25|.600|12|31|15|5|1|6|21||21|42|.500|10|21|.476|15|23|.652|2|22|18|3|3|8|21
31|31|2014-03-09||Boston College|W|78|68|26|53|.491|4|10|.400|22|27|.815|9|33|15|4|5|8|16||24|57|.421|4|15|.267|16|20|.800|9|23|10|5|1|8|24
32|32|2014-03-13|N|Miami (FL)|W|67|58|24|53|.453|5|12|.417|14|19|.737|11|25|17|8|0|5|17||21|43|.488|3|12|.250|13|17|.765|10|28|6|3|4|15|20
33|33|2014-03-14|N|Syracuse|W|66|63|23|50|.460|5|14|.357|15|21|.714|7|29|14|2|3|9|20||18|55|.327|4|17|.235|23|29|.793|12|31|9|6|6|7|17
34|34|2014-03-15|N|Duke|L|67|75|27|55|.491|2|14|.143|11|14|.786|13|28|13|4|2|7|19||28|49|.571|7|17|.412|12|23|.522|8|24|12|4|1|5|18
35|35|2014-03-18|N|Xavier|W|74|59|29|53|.547|4|14|.286|12|16|.750|5|27|16|4|9|9|14||23|55|.418|2|14|.143|11|16|.688|9|29|7|3|0|13|17
36|36|2014-03-20|N|Saint Louis|L (1 OT)|80|83|28|60|.467|4|9|.444|20|37|.541|9|38|10|7|5|12|20||31|64|.484|9|18|.500|12|26|.462|7|37|16|7|4|9|26
