ranker|game_season|date_game|game_location|opp_id|game_result|pts|opp_pts|fg|fga|fg_pct|fg3|fg3a|fg3_pct|ft|fta|ft_pct|orb|trb|ast|stl|blk|tov|pf|x|opp_fg|opp_fga|opp_fg_pct|opp_fg3|opp_fg3a|opp_fg3_pct|opp_ft|opp_fta|opp_ft_pct|opp_orb|opp_trb|opp_ast|opp_stl|opp_blk|opp_tov|opp_pf|
1|1|2013-11-08|@|Kentucky|L|57|89|22|57|.386|3|13|.231|10|21|.476|10|29|9|1|3|13|32||28|59|.475|3|11|.273|30|48|.625|18|46|12|8|6|7|20
2|2|2013-11-11|@|Western Carolina|L|67|74|20|50|.400|7|19|.368|20|27|.741|15|35|11|6|7|17|19||26|63|.413|7|14|.500|15|24|.625|16|30|11|13|6|11|20
3|3|2013-11-15|@|College of Charleston|W (1 OT)|67|58|24|52|.462|5|13|.385|14|15|.933|6|33|5|3|11|11|13||22|70|.314|5|27|.185|9|10|.900|14|34|10|5|5|6|12
4|4|2013-11-18|@|Duke|L|55|91|19|57|.333|4|14|.286|13|21|.619|12|26|9|10|3|15|21||31|54|.574|10|23|.435|19|26|.731|12|41|21|7|4|16|18
5|5|2013-11-19|N|Norfolk State|L|78|80|26|58|.448|8|22|.364|18|24|.750|19|39|14|1|1|9|16||31|54|.574|7|16|.438|11|16|.688|8|21|19|4|1|4|21
6|6|2013-11-25|@|Rhode Island|L|56|73|19|43|.442|6|16|.375|12|17|.706|6|20|4|4|3|15|16||26|53|.491|5|18|.278|16|23|.696|13|33|8|8|2|12|14
7|7|2013-11-26|N|East Carolina|L|70|81|26|70|.371|7|31|.226|11|14|.786|8|30|11|6|1|8|23||27|56|.482|7|21|.333|20|27|.741|8|41|9|3|3|13|15
8|8|2013-12-01|@|Charlotte|L|56|77|20|58|.345|4|15|.267|12|20|.600|12|30|6|7|2|12|20||28|55|.509|8|21|.381|13|25|.520|13|42|16|4|4|11|13
9|9|2013-12-12||Bluefield (WV)|W|92|56|38|65|.585|6|21|.286|10|13|.769|13|46|28|4|9|13|16||19|62|.306|6|27|.222|12|14|.857|4|17|15|8|2|12|13
10|10|2013-12-15|@|South Carolina Upstate|W|73|63|22|51|.431|8|17|.471|21|24|.875|11|32|9|7|3|14|20||19|55|.345|5|18|.278|20|27|.741|15|28|8|9|4|11|19
11|11|2013-12-20||Virginia Intermont|W|83|58|27|58|.466|6|21|.286|23|30|.767|21|58|16|3|9|19|20||20|68|.294|2|15|.133|16|24|.667|12|24|9|7|5|7|24
12|12|2013-12-28||North Carolina-Wilmington|W|75|61|27|54|.500|5|15|.333|16|23|.696|15|38|15|11|11|17|16||21|61|.344|6|21|.286|13|18|.722|18|29|12|7|1|17|20
13|13|2013-12-31||Montreat|W|80|41|24|59|.407|8|26|.308|24|34|.706|17|45|13|11|13|9|15||11|51|.216|4|20|.200|15|18|.833|7|27|9|5|2|20|21
14|14|2014-01-04||Ohio|L|70|79|19|59|.322|9|22|.409|23|30|.767|14|37|10|7|7|11|23||22|49|.449|5|18|.278|30|34|.882|4|33|16|5|7|13|23
15|15|2014-01-08|@|Gardner-Webb|W|81|77|29|54|.537|4|14|.286|19|22|.864|7|30|10|6|4|15|24||25|56|.446|3|12|.250|24|34|.706|14|31|17|9|3|14|21
16|16|2014-01-11||Presbyterian|W|84|70|31|64|.484|4|12|.333|18|21|.857|19|50|15|6|10|12|16||25|61|.410|8|21|.381|12|21|.571|8|26|14|6|6|8|17
17|17|2014-01-15|@|Coastal Carolina|L|78|81|26|72|.361|10|27|.370|16|25|.640|18|36|11|11|2|12|20||31|62|.500|10|17|.588|9|13|.692|12|34|11|7|2|16|18
18|18|2014-01-18|@|Charleston Southern|W|80|76|26|51|.510|8|16|.500|20|24|.833|2|27|7|4|3|8|17||28|60|.467|8|23|.348|12|18|.667|11|34|17|4|4|11|19
19|19|2014-01-22||Winthrop|W|81|66|24|50|.480|8|18|.444|25|33|.758|10|41|18|8|8|19|17||25|63|.397|8|26|.308|8|19|.421|8|27|16|6|4|13|21
20|20|2014-01-25|@|High Point|L|67|78|23|44|.523|7|17|.412|14|19|.737|6|25|16|6|2|19|16||31|61|.508|6|13|.462|10|16|.625|9|24|19|9|2|8|16
21|21|2014-01-28||Virginia Military Institute|L|105|109|34|74|.459|9|19|.474|28|36|.778|12|45|19|5|10|10|22||36|78|.462|11|21|.524|26|38|.684|19|47|20|4|10|6|23
22|22|2014-02-01|@|Longwood|W|67|66|24|50|.480|10|21|.476|9|12|.750|8|29|13|11|6|16|12||27|54|.500|8|15|.533|4|9|.444|7|24|17|10|2|16|15
23|23|2014-02-05||Campbell|W|86|73|30|57|.526|6|11|.545|20|27|.741|4|31|18|12|4|12|15||25|55|.455|8|26|.308|15|18|.833|7|33|17|6|6|19|24
24|24|2014-02-08||Liberty|W|75|72|25|52|.481|9|20|.450|16|24|.667|2|28|16|5|10|15|19||25|61|.410|3|13|.231|19|25|.760|13|36|18|10|9|11|19
25|25|2014-02-13|@|Radford|L|92|102|29|71|.408|7|24|.292|27|37|.730|12|34|8|6|4|10|31||30|55|.545|8|17|.471|34|50|.680|7|36|16|8|7|12|29
26|26|2014-02-15|@|Presbyterian|L|71|72|25|61|.410|2|19|.105|19|24|.792|7|36|5|7|5|13|20||28|66|.424|4|16|.250|12|21|.571|8|36|8|5|5|12|21
27|27|2014-02-19||Charleston Southern|W|82|71|26|59|.441|7|18|.389|23|30|.767|6|39|16|6|7|7|17||22|64|.344|8|26|.308|19|24|.792|13|38|12|4|1|14|21
28|28|2014-02-22||Coastal Carolina|W|100|85|28|57|.491|6|24|.250|38|52|.731|13|37|19|11|9|13|26||26|60|.433|6|20|.300|27|43|.628|11|30|15|8|2|19|34
29|29|2014-02-26|@|Winthrop|L (1 OT)|100|107|36|60|.600|13|24|.542|15|24|.625|7|33|12|6|5|21|26||33|66|.500|15|27|.556|26|36|.722|7|22|14|11|2|11|23
30|30|2014-03-01||Gardner-Webb|W|83|71|31|63|.492|9|18|.500|12|17|.706|10|39|16|5|12|13|13||25|67|.373|9|21|.429|12|16|.750|10|29|16|6|7|10|20
31|31|2014-03-07|N|Radford|W|96|87|31|50|.620|9|16|.563|25|30|.833|10|31|12|5|2|18|12||36|69|.522|6|17|.353|9|13|.692|12|23|12|10|0|10|26
32|32|2014-03-08|N|Winthrop|L|79|80|25|52|.481|9|18|.500|20|23|.870|9|27|11|6|5|11|19||29|50|.580|6|11|.545|16|25|.640|5|25|8|7|2|12|20
