ranker|game_season|date_game|game_location|opp_id|game_result|pts|opp_pts|fg|fga|fg_pct|fg3|fg3a|fg3_pct|ft|fta|ft_pct|orb|trb|ast|stl|blk|tov|pf|x|opp_fg|opp_fga|opp_fg_pct|opp_fg3|opp_fg3a|opp_fg3_pct|opp_ft|opp_fta|opp_ft_pct|opp_orb|opp_trb|opp_ast|opp_stl|opp_blk|opp_tov|opp_pf|
1|1|2013-11-08||Miami (OH)|W|74|62|26|52|.500|10|21|.476|12|15|.800|5|26|21|9|1|7|17||21|48|.438|6|22|.273|14|19|.737|7|28|15|3|1|12|12
2|2|2013-11-10||Stetson|W|80|49|32|57|.561|9|17|.529|7|11|.636|7|35|22|7|4|7|15||18|56|.321|7|23|.304|6|8|.750|8|24|15|2|3|13|16
3|3|2013-11-17||Indiana State|L|70|83|24|65|.369|7|26|.269|15|20|.750|15|34|13|8|6|16|17||28|58|.483|11|20|.550|16|17|.941|6|31|11|8|2|16|18
4|4|2013-11-22||Santa Clara|W|84|69|27|57|.474|7|16|.438|23|27|.852|11|35|16|7|3|11|13||25|60|.417|10|22|.455|9|12|.750|6|20|16|5|4|9|18
5|5|2013-11-24||Army|W|93|60|35|62|.565|7|17|.412|16|22|.727|10|39|26|14|8|15|12||25|64|.391|5|25|.200|5|11|.455|9|28|18|8|2|22|16
6|6|2013-12-01||Cornell|W|101|67|38|70|.543|12|25|.480|13|16|.813|7|38|28|6|3|5|12||26|59|.441|8|21|.381|7|13|.538|4|25|15|4|4|9|15
7|7|2013-12-03|@|Iowa|L|93|98|35|68|.515|8|17|.471|15|19|.789|10|24|20|7|2|7|22||33|58|.569|7|13|.538|25|29|.862|11|35|20|3|5|12|15
8|8|2013-12-07||Delaware|W|80|75|27|55|.491|5|12|.417|21|28|.750|9|33|13|8|0|9|20||24|52|.462|10|23|.435|17|22|.773|6|26|13|5|5|11|21
9|9|2013-12-09||Bryant|W|70|59|22|55|.400|6|19|.316|20|26|.769|13|42|17|8|8|13|9||22|59|.373|9|23|.391|6|7|.857|5|26|15|10|2|11|19
10|10|2013-12-11||North Dakota State|L|69|73|20|56|.357|9|29|.310|20|25|.800|8|30|16|6|2|8|15||27|53|.509|5|10|.500|14|19|.737|4|32|13|5|5|8|19
11|11|2013-12-14|N|Indiana|W|79|72|25|54|.463|6|18|.333|23|30|.767|4|29|15|6|10|11|16||26|63|.413|7|20|.350|13|16|.813|11|31|15|8|4|13|22
12|12|2013-12-21|N|Ohio State|L|61|64|23|51|.451|4|14|.286|11|19|.579|4|29|8|3|2|13|18||23|55|.418|3|18|.167|15|20|.750|7|32|12|8|1|11|18
13|13|2013-12-29||Canisius|W (1 OT)|87|81|31|66|.470|8|19|.421|17|21|.810|14|41|17|6|2|16|12||30|67|.448|10|21|.476|11|12|.917|10|30|14|12|3|14|19
14|14|2014-01-04||Duke|W|79|77|30|57|.526|6|12|.500|13|24|.542|9|36|18|4|6|6|16||24|58|.414|12|28|.429|17|20|.850|6|26|8|5|1|6|19
15|15|2014-01-07||North Carolina State|L|70|77|27|66|.409|7|24|.292|9|12|.750|11|32|14|2|6|11|21||24|58|.414|4|13|.308|25|32|.781|8|33|12|5|5|8|11
16|16|2014-01-11|@|Georgia Tech|L|69|74|28|70|.400|6|24|.250|7|9|.778|11|38|17|6|2|8|18||27|63|.429|7|21|.333|13|20|.650|11|39|17|6|6|11|13
17|17|2014-01-15|@|Maryland|L|66|74|24|50|.480|7|22|.318|11|20|.550|7|26|12|3|3|16|21||25|63|.397|7|26|.269|17|23|.739|18|37|13|9|3|11|19
18|18|2014-01-19||Virginia Tech|W|70|63|24|58|.414|9|28|.321|13|18|.722|9|28|14|10|0|10|18||25|48|.521|4|11|.364|9|15|.600|8|34|12|3|6|16|19
19|19|2014-01-21|@|Florida State|L|74|76|28|59|.475|7|22|.318|11|16|.688|12|29|12|3|0|7|14||29|50|.580|8|16|.500|10|13|.769|5|24|14|3|4|10|13
20|20|2014-01-25|@|Wake Forest|L|58|65|24|61|.393|2|16|.125|8|12|.667|8|31|8|6|1|5|16||23|47|.489|5|17|.294|14|19|.737|3|31|13|1|4|9|12
21|21|2014-01-28||Virginia|L|53|68|20|47|.426|7|18|.389|6|9|.667|8|27|10|8|4|20|14||28|52|.538|5|11|.455|7|12|.583|8|25|18|14|4|12|14
22|22|2014-02-01||Boston College|W (1 OT)|76|73|29|63|.460|9|23|.391|9|15|.600|14|32|12|3|3|9|15||23|47|.489|7|21|.333|20|24|.833|5|25|14|5|6|8|14
23|23|2014-02-03|@|Syracuse|L|55|61|20|49|.408|6|18|.333|9|14|.643|12|29|12|6|1|11|15||21|47|.447|10|16|.625|9|13|.692|9|25|16|9|5|10|15
24|24|2014-02-08||North Carolina|L|62|73|25|55|.455|6|21|.286|6|10|.600|8|30|14|6|3|17|17||27|61|.443|3|11|.273|16|21|.762|14|34|12|13|4|11|12
25|25|2014-02-11||Clemson|W (2 OT)|68|64|24|60|.400|5|21|.238|15|19|.789|13|39|16|4|1|12|14||24|70|.343|7|29|.241|9|13|.692|16|37|8|6|6|7|18
26|26|2014-02-16|@|Boston College|W|73|69|27|53|.509|6|13|.462|13|17|.765|10|32|14|3|3|7|16||23|53|.434|7|14|.500|16|21|.762|11|30|15|5|2|6|17
27|27|2014-02-19|@|Miami (FL)|L|64|71|24|60|.400|13|28|.464|3|6|.500|7|16|17|7|3|6|17||23|48|.479|9|17|.529|16|18|.889|10|35|14|3|3|11|10
28|28|2014-02-22|@|Virginia|L|49|70|21|54|.389|5|15|.333|2|7|.286|9|21|11|1|0|6|10||28|44|.636|7|15|.467|7|9|.778|4|29|17|1|6|8|13
29|29|2014-02-26||Georgia Tech|W|65|62|27|58|.466|5|20|.250|6|8|.750|8|35|14|3|5|4|10||22|59|.373|10|20|.500|8|11|.727|10|32|16|2|3|6|12
30|30|2014-03-01||Pittsburgh|L (1 OT)|81|85|23|42|.548|12|23|.522|23|27|.852|5|21|14|8|1|15|23||28|65|.431|5|15|.333|24|28|.857|20|37|15|9|1|9|17
31|31|2014-03-03|@|North Carolina|L|61|63|25|52|.481|6|19|.316|5|12|.417|5|29|8|2|1|11|20||25|54|.463|3|12|.250|10|22|.455|8|32|17|7|3|10|16
32|32|2014-03-12|N|Wake Forest|L|69|81|24|60|.400|6|20|.300|15|19|.789|9|22|15|7|3|6|24||25|41|.610|7|10|.700|24|32|.750|5|28|14|3|1|15|17
