ranker|game_season|date_game|game_location|opp_id|game_result|pts|opp_pts|fg|fga|fg_pct|fg3|fg3a|fg3_pct|ft|fta|ft_pct|orb|trb|ast|stl|blk|tov|pf|x|opp_fg|opp_fga|opp_fg_pct|opp_fg3|opp_fg3a|opp_fg3_pct|opp_ft|opp_fta|opp_ft_pct|opp_orb|opp_trb|opp_ast|opp_stl|opp_blk|opp_tov|opp_pf|
1|1|2013-11-08|@|North Carolina|L|61|84|20|55|.364|8|25|.320|13|18|.722|6|21|13|10|0|14|19||33|55|.600|5|13|.385|13|20|.650|9|40|25|10|2|17|17
2|2|2013-11-12|@|UCLA|L|60|91|20|65|.308|6|25|.240|14|15|.933|9|24|10|9|3|14|20||32|61|.525|5|21|.238|22|29|.759|12|46|21|11|5|12|14
3|3|2013-11-15|@|California|L|60|64|23|57|.404|7|19|.368|7|13|.538|10|33|10|4|1|13|24||19|49|.388|7|18|.389|19|29|.655|12|40|11|6|4|13|15
4|4|2013-11-17|@|Gonzaga|L|67|82|22|45|.489|11|20|.550|12|15|.800|7|18|11|2|1|14|18||28|51|.549|11|20|.550|15|18|.833|8|27|17|10|3|11|15
5|5|2013-11-23|N|Louisiana-Lafayette|L|75|84|28|64|.438|8|23|.348|11|16|.688|10|30|13|6|2|13|29||25|53|.472|9|20|.450|25|39|.641|14|37|16|5|5|16|17
6|6|2013-11-24|N|St. Francis (NY)|L|62|68|21|55|.382|7|21|.333|13|20|.650|8|29|13|7|3|6|21||21|45|.467|5|15|.333|21|30|.700|8|36|14|1|2|10|17
7|7|2013-11-26|@|Western Michigan|L|88|99|27|54|.500|10|26|.385|24|32|.750|6|22|16|11|0|11|32||28|49|.571|9|21|.429|34|42|.810|7|33|15|2|1|16|26
8|8|2013-11-30||Rochester (MI)|W|86|51|26|49|.531|6|12|.500|28|33|.848|12|39|16|7|5|16|14||17|49|.347|9|25|.360|8|10|.800|6|20|12|5|2|20|25
9|9|2013-12-07||Ohio|W|73|56|24|59|.407|7|22|.318|18|23|.783|7|35|15|8|2|8|16||21|57|.368|3|24|.125|11|13|.846|7|36|11|2|5|17|23
10|10|2013-12-10|@|Indiana|L|54|81|19|59|.322|4|20|.200|12|19|.632|4|23|6|11|3|10|19||30|60|.500|9|21|.429|12|17|.706|12|51|14|6|3|16|15
11|11|2013-12-14|N|Michigan State|L|63|67|23|60|.383|8|27|.296|9|10|.900|8|27|12|8|0|12|17||24|57|.421|6|16|.375|13|19|.684|12|37|14|11|5|17|14
12|12|2013-12-16||Illinois State|W|90|75|31|56|.554|7|20|.350|21|30|.700|7|42|21|5|2|14|15||25|66|.379|15|36|.417|10|13|.769|5|24|16|7|5|10|27
13|13|2013-12-21||Eastern Michigan|L (1 OT)|79|81|25|66|.379|14|31|.452|15|17|.882|19|40|19|4|3|11|19||31|67|.463|8|28|.286|11|17|.647|10|28|18|6|5|5|14
14|14|2013-12-22||Robert Morris|W|100|94|33|58|.569|11|24|.458|23|32|.719|10|31|29|4|5|12|18||34|65|.523|10|24|.417|16|19|.842|7|23|21|6|3|10|22
15|15|2013-12-27||Defiance|W|87|66|30|54|.556|9|20|.450|18|25|.720|4|26|23|7|3|3|21||19|51|.373|6|23|.261|22|24|.917|8|32|10|1|1|9|17
16|16|2014-01-02|@|Wright State|L|64|76|21|52|.404|8|20|.400|14|20|.700|4|25|12|5|0|9|24||21|43|.488|8|23|.348|26|32|.813|5|33|13|5|4|13|21
17|17|2014-01-04||Valparaiso|W|75|70|24|54|.444|10|21|.476|17|27|.630|9|29|16|4|1|6|17||24|48|.500|10|23|.435|12|18|.667|6|29|12|5|6|12|23
18|18|2014-01-08||Milwaukee|L|75|84|22|68|.324|3|25|.120|28|33|.848|11|35|10|10|3|9|26||27|54|.500|9|24|.375|21|33|.636|7|43|22|4|4|16|26
19|19|2014-01-11|@|Detroit Mercy|W|77|69|25|60|.417|9|25|.360|18|22|.818|11|35|12|5|0|11|16||29|57|.509|4|15|.267|7|13|.538|6|29|19|6|6|12|19
20|20|2014-01-16|@|Cleveland State|L|76|86|25|62|.403|8|27|.296|18|27|.667|14|30|14|3|3|2|19||30|50|.600|10|20|.500|16|21|.762|6|29|14|1|2|8|22
21|21|2014-01-22|@|Green Bay|L|69|83|25|63|.397|5|21|.238|14|18|.778|9|28|15|7|2|8|23||26|52|.500|8|15|.533|23|34|.676|10|35|18|6|4|11|11
22|22|2014-01-25||Illinois-Chicago|W|76|75|27|57|.474|7|23|.304|15|23|.652|3|17|15|10|2|6|16||28|50|.560|8|16|.500|11|14|.786|4|33|19|3|1|22|18
23|23|2014-01-31||Youngstown State|W|86|85|30|63|.476|10|27|.370|16|21|.762|6|31|18|10|1|12|19||28|58|.483|12|30|.400|17|22|.773|7|35|19|4|2|15|18
24|24|2014-02-02|@|Milwaukee|L|64|86|21|56|.375|10|21|.476|12|17|.706|5|22|15|11|0|12|19||30|53|.566|13|25|.520|13|17|.765|8|40|18|7|7|16|17
25|25|2014-02-06||Cleveland State|L|85|92|32|59|.542|15|29|.517|6|9|.667|6|20|25|5|2|12|17||30|50|.600|14|23|.609|18|24|.750|9|28|19|5|3|15|13
26|26|2014-02-09|@|Valparaiso|L|60|63|22|55|.400|8|22|.364|8|17|.471|11|29|15|3|0|9|21||21|46|.457|7|25|.280|14|19|.737|9|32|14|5|9|17|21
27|27|2014-02-14||Detroit Mercy|W (1 OT)|83|82|27|60|.450|12|21|.571|17|19|.895|12|38|22|6|6|20|18||30|73|.411|9|28|.321|13|20|.650|14|33|14|16|4|10|16
28|28|2014-02-16||Wright State|L|71|72|22|57|.386|6|18|.333|21|24|.875|7|25|15|11|2|12|24||23|46|.500|9|21|.429|17|28|.607|8|32|14|5|2|19|19
29|29|2014-02-21|@|Illinois-Chicago|W|86|71|27|48|.563|9|18|.500|23|33|.697|6|33|19|8|2|14|23||22|59|.373|10|30|.333|17|27|.630|10|30|17|6|1|14|27
30|30|2014-02-27||Green Bay|L|63|71|25|54|.463|6|21|.286|7|9|.778|7|24|16|11|1|18|15||28|48|.583|6|15|.400|9|15|.600|7|27|19|6|3|19|13
31|31|2014-03-01|@|Youngstown State|W|87|81|30|55|.545|10|22|.455|17|23|.739|5|30|21|3|0|8|15||31|58|.534|8|17|.471|11|19|.579|5|25|18|2|1|7|21
32|32|2014-03-04||Youngstown State|W (1 OT)|96|92|26|67|.388|13|34|.382|31|45|.689|6|37|23|7|2|6|26||28|63|.444|8|25|.320|28|37|.757|6|44|14|4|3|12|26
33|33|2014-03-07|N|Wright State|L|57|73|18|44|.409|7|24|.292|14|27|.519|4|21|12|7|1|12|18||23|43|.535|9|19|.474|18|25|.720|4|31|15|5|2|13|18
