ranker|game_season|date_game|game_location|opp_id|game_result|pts|opp_pts|fg|fga|fg_pct|fg3|fg3a|fg3_pct|ft|fta|ft_pct|orb|trb|ast|stl|blk|tov|pf|x|opp_fg|opp_fga|opp_fg_pct|opp_fg3|opp_fg3a|opp_fg3_pct|opp_ft|opp_fta|opp_ft_pct|opp_orb|opp_trb|opp_ast|opp_stl|opp_blk|opp_tov|opp_pf|
1|1|2013-11-09||Northern Iowa|W|75|64|27|52|.519|11|23|.478|10|14|.714|4|21|16|7|6|6|18||19|49|.388|6|22|.273|20|27|.741|9|29|11|3|4|10|15
2|2|2013-11-12|@|Ohio State|L|69|79|24|54|.444|5|17|.294|16|21|.762|10|30|6|2|1|14|34||18|44|.409|5|18|.278|38|51|.745|10|31|9|4|4|9|21
3|3|2013-11-17||Valparaiso|W|76|72|25|57|.439|6|22|.273|20|33|.606|10|29|12|12|10|9|22||20|54|.370|6|21|.286|26|32|.813|13|39|8|5|4|18|24
4|4|2013-11-20|@|Morgan State|W|65|62|21|49|.429|3|12|.250|20|31|.645|4|32|8|4|6|14|25||22|59|.373|4|17|.235|14|30|.467|10|39|10|8|5|9|22
5|5|2013-11-26||Mercer|W|76|67|22|58|.379|5|20|.250|27|32|.844|16|38|12|4|3|9|20||22|51|.431|5|16|.313|18|24|.750|5|24|11|5|2|14|23
6|6|2013-11-30||Evansville|W|81|59|30|62|.484|10|24|.417|11|14|.786|11|37|16|5|4|10|22||20|53|.377|3|14|.214|16|22|.727|7|27|10|6|3|11|16
7|7|2013-12-07|@|Oakland|L|56|73|21|57|.368|3|24|.125|11|13|.846|7|36|11|2|5|17|23||24|59|.407|7|22|.318|18|23|.783|7|35|15|8|2|8|16
8|8|2013-12-14||Alabama A&M|W|72|47|24|48|.500|5|15|.333|19|27|.704|6|36|15|11|9|17|16||15|54|.278|6|19|.316|11|16|.688|8|28|10|9|1|19|18
9|9|2013-12-18||Massachusetts|L|71|83|28|67|.418|5|21|.238|10|17|.588|11|32|17|9|3|8|18||32|52|.615|9|14|.643|10|19|.526|7|34|20|5|6|15|16
10|10|2013-12-22|@|Richmond|W (1 OT)|70|69|26|56|.464|6|12|.500|12|17|.706|11|31|10|7|1|17|22||25|51|.490|5|17|.294|14|26|.538|11|32|9|6|4|16|17
11|11|2013-12-30||Longwood|W|78|43|25|61|.410|10|28|.357|18|27|.667|13|44|22|5|7|12|11||16|51|.314|2|12|.167|9|14|.643|4|23|9|7|3|12|16
12|12|2014-01-04|@|North Carolina-Asheville|W|79|70|22|49|.449|5|18|.278|30|34|.882|4|33|16|5|7|13|23||19|59|.322|9|22|.409|23|30|.767|14|37|10|7|7|11|23
13|13|2014-01-08|@|Kent State|W|59|53|22|56|.393|4|14|.286|11|18|.611|6|38|13|10|8|10|14||17|60|.283|4|22|.182|15|21|.714|9|37|13|4|4|12|16
14|14|2014-01-12||Akron|L (2 OT)|80|83|26|62|.419|5|20|.250|23|26|.885|9|30|8|8|9|15|22||28|63|.444|9|15|.600|18|29|.621|16|41|10|5|4|17|23
15|15|2014-01-15||Ball State|W|71|51|25|54|.463|6|19|.316|15|22|.682|5|28|15|8|3|12|22||15|46|.326|3|18|.167|18|24|.750|6|31|8|5|0|21|20
16|16|2014-01-18|@|Northern Illinois|W|65|46|25|49|.510|10|19|.526|5|7|.714|5|28|15|6|2|12|15||14|47|.298|4|18|.222|14|20|.700|10|27|4|7|0|14|10
17|17|2014-01-22||Bowling Green State|L|56|58|19|45|.422|6|22|.273|12|17|.706|9|31|13|6|6|18|13||22|56|.393|3|11|.273|11|13|.846|12|26|8|11|3|11|13
18|18|2014-01-25|@|Eastern Michigan|W|58|56|20|60|.333|10|28|.357|8|16|.500|11|39|14|8|2|9|21||19|55|.345|2|10|.200|16|25|.640|12|41|9|5|5|9|17
19|19|2014-01-29||Central Michigan|W|71|67|24|53|.453|5|21|.238|18|23|.783|10|37|12|8|6|15|18||24|60|.400|5|21|.238|14|18|.778|10|25|8|9|1|11|19
20|20|2014-02-01||Toledo|W (1 OT)|95|90|36|67|.537|11|25|.440|12|15|.800|10|37|22|6|7|13|14||35|76|.461|8|18|.444|12|18|.667|13|35|12|5|1|9|13
21|21|2014-02-05|@|Western Michigan|L|74|90|28|54|.519|11|23|.478|7|11|.636|6|22|14|6|4|16|28||28|47|.596|8|13|.615|26|35|.743|3|20|14|8|2|11|13
22|22|2014-02-08||Miami (OH)|W|82|75|29|55|.527|11|29|.379|13|18|.722|2|19|21|3|2|10|18||25|53|.472|8|18|.444|17|19|.895|9|30|18|9|2|13|21
23|23|2014-02-12|@|Toledo|L|76|82|27|59|.458|11|28|.393|11|13|.846|10|29|15|5|4|11|20||29|60|.483|6|17|.353|18|26|.692|13|35|17|8|2|10|13
24|24|2014-02-15|@|Buffalo|W|73|70|27|56|.482|9|23|.391|10|15|.667|9|32|18|6|5|13|17||26|61|.426|4|16|.250|14|18|.778|13|35|17|9|1|9|15
25|25|2014-02-19||Western Michigan|L|63|73|25|53|.472|7|25|.280|6|9|.667|8|24|12|4|4|16|16||28|56|.500|6|15|.400|11|17|.647|11|31|10|10|0|13|14
26|26|2014-02-22|@|Akron|W|66|50|29|53|.547|4|11|.364|4|6|.667|4|28|16|8|2|10|21||15|56|.268|5|21|.238|15|25|.600|17|36|4|3|2|9|11
27|27|2014-02-26||Buffalo|L|64|69|23|51|.451|8|22|.364|10|14|.714|5|30|13|4|1|14|22||27|62|.435|2|14|.143|13|23|.565|12|35|12|11|3|7|18
28|28|2014-03-01||Kent State|L|61|75|19|55|.345|5|21|.238|18|33|.545|10|23|14|12|0|8|19||22|44|.500|9|14|.643|22|25|.880|7|38|14|6|2|19|24
29|29|2014-03-04|@|Bowling Green State|W|72|61|26|45|.578|10|18|.556|10|13|.769|3|28|16|6|0|15|19||22|49|.449|2|10|.200|15|21|.714|5|21|10|9|3|10|15
30|30|2014-03-08|@|Miami (OH)|W (1 OT)|82|76|30|61|.492|10|23|.435|12|19|.632|9|36|20|7|3|19|17||29|61|.475|4|21|.190|14|18|.778|5|32|15|11|1|14|19
31|31|2014-03-10||Ball State|W|76|64|26|50|.520|9|23|.391|15|23|.652|6|28|18|8|3|15|18||24|55|.436|4|21|.190|12|16|.750|9|32|12|5|1|15|21
32|32|2014-03-12|N|Miami (OH)|W|63|55|20|52|.385|8|28|.286|15|18|.833|9|35|16|7|3|9|17||19|57|.333|5|20|.250|12|16|.750|12|35|10|2|2|10|19
33|33|2014-03-13|N|Akron|L|77|83|29|60|.483|10|21|.476|9|11|.818|12|29|18|5|4|13|22||28|46|.609|7|12|.583|20|34|.588|8|26|9|7|4|9|15
34|34|2014-03-19||Cleveland State|W|64|62|20|48|.417|7|19|.368|17|21|.810|4|27|18|4|1|13|12||24|60|.400|5|19|.263|9|10|.900|6|31|15|8|2|11|19
35|35|2014-03-22||Wright State|W|56|54|20|47|.426|5|12|.417|11|15|.733|2|33|11|8|5|14|11||19|59|.322|5|18|.278|11|16|.688|10|37|14|6|2|11|18
36|36|2014-03-26||Virginia Military Institute|L|90|92|35|63|.556|9|24|.375|11|16|.688|7|25|19|6|5|9|18||31|65|.477|9|20|.450|21|25|.840|13|34|14|6|1|11|19
