ranker|game_season|date_game|game_location|opp_id|game_result|pts|opp_pts|fg|fga|fg_pct|fg3|fg3a|fg3_pct|ft|fta|ft_pct|orb|trb|ast|stl|blk|tov|pf|x|opp_fg|opp_fga|opp_fg_pct|opp_fg3|opp_fg3a|opp_fg3_pct|opp_ft|opp_fta|opp_ft_pct|opp_orb|opp_trb|opp_ast|opp_stl|opp_blk|opp_tov|opp_pf|
1|1|2013-11-10|@|Tulsa|W|74|68|22|57|.386|1|7|.143|29|37|.784|14|38|6|8|6|17|25||25|50|.500|1|9|.111|17|36|.472|4|24|8|10|5|13|27
2|2|2013-11-13|@|Kansas State|L|63|71|19|51|.373|1|10|.100|24|30|.800|8|27|9|9|2|9|26||23|46|.500|5|11|.455|20|30|.667|4|29|17|1|2|12|24
3|3|2013-11-16||Texas State|W|82|65|29|48|.604|10|15|.667|14|19|.737|5|26|17|4|1|9|15||26|51|.510|5|17|.294|8|13|.615|7|23|15|2|0|14|18
4|4|2013-11-21|@|Saint Louis|L|55|72|22|53|.415|2|11|.182|9|14|.643|7|32|9|3|4|18|17||27|65|.415|4|14|.286|14|17|.824|12|35|12|11|5|6|18
5|5|2013-11-23|@|Wisconsin|L|67|76|27|49|.551|7|13|.538|6|6|1.000|3|22|11|6|3|14|19||27|57|.474|7|23|.304|15|18|.833|11|28|14|7|1|8|10
6|6|2013-11-26|N|Georgia Southern|W|67|65|27|65|.415|1|14|.071|12|19|.632|13|34|14|6|1|5|17||23|54|.426|5|17|.294|14|20|.700|8|32|9|4|1|12|17
7|7|2013-11-27|N|Bowling Green State|W|63|56|23|51|.451|4|16|.250|13|15|.867|5|26|9|7|1|7|18||23|55|.418|3|9|.333|7|12|.583|9|33|7|5|1|10|17
8|8|2013-12-03||Cameron|W|74|64|30|70|.429|4|17|.235|10|15|.667|18|46|9|5|6|13|14||24|62|.387|3|15|.200|13|19|.684|12|36|8|9|3|15|13
9|9|2013-12-07|@|Wichita State|L|58|71|21|53|.396|4|13|.308|12|14|.857|4|23|9|2|6|10|18||26|64|.406|4|15|.267|15|23|.652|15|43|17|8|2|8|15
10|10|2013-12-13||Missouri State|L|67|70|23|49|.469|8|17|.471|13|20|.650|2|29|11|4|9|13|19||25|58|.431|4|12|.333|16|18|.889|4|29|5|5|2|7|15
11|11|2013-12-16|@|Akron|L|64|74|23|54|.426|1|5|.200|17|28|.607|10|33|11|4|2|20|29||25|57|.439|6|16|.375|18|32|.563|13|34|12|6|4|12|23
12|12|2013-12-21||Dallas Baptist|W|69|55|23|47|.489|6|19|.316|17|24|.708|11|41|17|6|5|16|18||18|48|.375|6|24|.250|13|22|.591|4|21|15|12|0|9|18
13|13|2013-12-30|@|Baylor|L|55|81|21|58|.362|1|13|.077|12|20|.600|12|30|14|2|2|13|17||30|58|.517|6|13|.462|15|23|.652|11|34|24|8|5|9|16
14|14|2014-01-02||Houston Baptist|W|88|55|30|63|.476|9|20|.450|19|25|.760|11|47|17|10|5|8|19||20|57|.351|7|20|.350|8|19|.421|8|30|10|5|1|15|22
15|15|2014-01-04||Texas A&M-Corpus Christi|L|64|71|23|54|.426|4|14|.286|14|23|.609|13|31|7|3|3|11|21||25|52|.481|5|10|.500|16|28|.571|12|35|14|7|4|9|19
16|16|2014-01-11||Central Arkansas|W|93|80|29|59|.492|5|11|.455|30|39|.769|13|45|15|3|8|11|21||25|65|.385|8|17|.471|22|28|.786|9|26|8|5|2|7|25
17|17|2014-01-16|@|Abilene Christian|W|82|59|29|54|.537|6|14|.429|18|24|.750|11|30|10|8|6|11|15||19|47|.404|5|10|.500|16|18|.889|6|20|5|3|3|14|17
18|18|2014-01-18|@|Incarnate Word|W|79|77|26|50|.520|9|14|.643|18|28|.643|10|25|13|8|4|12|22||25|53|.472|6|13|.462|21|25|.840|12|30|11|3|2|15|18
19|19|2014-01-23||Stephen F. Austin|L|69|72|23|47|.489|4|12|.333|19|23|.826|8|28|12|4|2|14|22||24|54|.444|8|21|.381|16|23|.696|11|26|14|5|2|9|22
20|20|2014-01-25||Northwestern State|L|83|87|28|56|.500|6|15|.400|21|28|.750|10|31|16|5|5|16|23||29|61|.475|7|16|.438|22|25|.880|11|30|14|7|4|13|20
21|21|2014-01-30|@|Nicholls State|L (1 OT)|72|73|21|43|.488|6|12|.500|24|34|.706|5|23|14|3|5|10|29||22|49|.449|5|18|.278|24|32|.750|7|25|8|6|1|7|26
22|22|2014-02-01|@|McNeese State|L|68|79|23|58|.397|7|22|.318|15|25|.600|7|21|15|8|5|7|28||23|51|.451|3|13|.231|30|40|.750|15|45|12|2|6|15|20
23|23|2014-02-06||New Orleans|W|79|59|33|66|.500|3|9|.333|10|15|.667|12|34|17|9|10|13|18||20|49|.408|6|12|.500|13|24|.542|7|26|6|6|3|19|18
24|24|2014-02-08||Southeastern Louisiana|W|71|54|20|52|.385|6|16|.375|25|31|.806|8|38|11|3|6|4|14||20|60|.333|6|22|.273|8|10|.800|9|31|5|4|9|8|23
25|25|2014-02-13|@|Houston Baptist|W|80|66|33|60|.550|7|14|.500|7|13|.538|7|33|17|9|5|13|19||20|56|.357|8|17|.471|18|26|.692|11|32|8|7|1|15|18
26|26|2014-02-15|@|Texas A&M-Corpus Christi|L (1 OT)|72|74|26|55|.473|2|9|.222|18|21|.857|9|28|12|2|6|9|21||26|49|.531|4|9|.444|18|26|.692|5|22|14|3|2|7|17
27|27|2014-02-22|@|Central Arkansas|W|63|50|23|52|.442|3|11|.273|14|18|.778|12|41|12|4|4|17|13||18|60|.300|3|17|.176|11|19|.579|11|27|9|12|6|8|16
28|28|2014-02-27||Lamar|W|75|67|29|63|.460|1|5|.200|16|22|.727|10|33|12|7|3|5|12||25|56|.446|5|18|.278|12|17|.706|7|30|5|2|5|9|21
29|29|2014-03-01||Sam Houston State|W|80|73|23|42|.548|7|15|.467|27|33|.818|5|27|11|3|6|11|16||27|52|.519|10|19|.526|9|17|.529|5|19|12|4|3|9|29
30|30|2014-03-06|@|Stephen F. Austin|L|72|83|25|48|.521|4|8|.500|18|26|.692|8|25|9|3|4|6|25||26|54|.481|8|18|.444|23|32|.719|10|31|18|1|3|5|22
31|31|2014-03-08|@|Northwestern State|L|82|88|29|69|.420|7|21|.333|17|25|.680|17|38|14|5|2|12|19||28|56|.500|5|13|.385|27|30|.900|8|34|16|6|6|13|17
32|32|2014-03-12|N|McNeese State|W|66|62|24|57|.421|7|21|.333|11|19|.579|10|36|10|5|6|10|16||18|64|.281|9|23|.391|17|22|.773|17|39|10|5|3|9|18
33|33|2014-03-13|N|Sam Houston State|L|61|70|24|53|.453|4|14|.286|9|14|.643|7|24|8|4|4|9|19||21|39|.538|9|13|.692|19|24|.792|5|22|12|8|7|12|14
