ranker|game_season|date_game|game_location|opp_id|game_result|pts|opp_pts|fg|fga|fg_pct|fg3|fg3a|fg3_pct|ft|fta|ft_pct|orb|trb|ast|stl|blk|tov|pf|x|opp_fg|opp_fga|opp_fg_pct|opp_fg3|opp_fg3a|opp_fg3_pct|opp_ft|opp_fta|opp_ft_pct|opp_orb|opp_trb|opp_ast|opp_stl|opp_blk|opp_tov|opp_pf|
1|1|2013-11-10||Coppin State|L|73|78|23|59|.390|7|27|.259|20|28|.714|8|33|13|7|2|9|21||25|58|.431|10|25|.400|18|27|.667|10|38|15|7|3|11|20
2|2|2013-11-13||Portland|W|79|73|30|55|.545|3|13|.231|16|29|.552|10|37|17|13|6|15|14||26|62|.419|9|23|.391|12|17|.706|7|27|19|4|0|15|21
3|3|2013-11-17|@|Maryland|W|90|83|31|52|.596|5|8|.625|23|30|.767|8|26|14|9|7|18|22||30|71|.423|8|22|.364|15|24|.625|20|35|11|8|4|15|21
4|4|2013-11-26||Southern Illinois-Edwardsville|W|101|81|32|50|.640|4|8|.500|33|38|.868|4|29|23|8|5|12|15||31|72|.431|9|27|.333|10|14|.714|14|28|23|4|3|11|24
5|5|2013-12-01|@|DePaul|L|81|93|30|50|.600|3|11|.273|18|27|.667|7|21|11|3|2|17|21||33|57|.579|6|11|.545|21|27|.778|11|25|17|8|2|13|22
6|6|2013-12-13||Arkansas-Pine Bluff|W|77|63|27|45|.600|4|12|.333|19|29|.655|8|28|20|11|3|19|17||24|52|.462|4|15|.267|11|16|.688|9|23|17|9|2|18|24
7|7|2013-12-15||Maryland-Eastern Shore|W|98|66|35|68|.515|8|15|.533|20|30|.667|8|39|24|8|7|9|16||22|65|.338|9|22|.409|13|18|.722|11|35|14|6|3|14|26
8|8|2013-12-18||Towson|W|76|67|25|55|.455|4|9|.444|22|33|.667|5|30|18|5|6|10|18||23|58|.397|7|23|.304|14|23|.609|8|30|11|4|6|13|25
9|9|2013-12-22|N|Akron|L|71|83|21|48|.438|2|10|.200|27|32|.844|3|22|8|4|6|9|24||26|58|.448|10|26|.385|21|29|.724|9|30|13|3|6|7|25
10|10|2013-12-23|N|George Mason|W|58|54|19|43|.442|3|10|.300|17|26|.654|5|24|8|5|6|12|15||21|54|.389|6|18|.333|6|11|.545|11|29|10|3|2|13|19
11|11|2013-12-25|@|Hawaii|L|73|79|26|59|.441|6|18|.333|15|16|.938|9|31|12|2|5|17|26||28|57|.491|7|12|.583|16|29|.552|12|31|18|4|3|9|20
12|12|2013-12-29||Quinnipiac|W|76|68|26|56|.464|6|16|.375|18|22|.818|3|28|16|4|6|8|14||25|73|.342|6|21|.286|12|16|.750|16|37|14|4|5|9|19
13|13|2014-01-02|@|Colorado|L|58|64|18|48|.375|8|15|.533|14|17|.824|12|36|10|3|2|17|20||21|55|.382|5|20|.250|17|27|.630|12|33|10|9|6|7|15
14|14|2014-01-04|@|Utah|L|69|80|25|50|.500|10|19|.526|9|14|.643|11|27|15|2|3|15|16||29|50|.580|12|22|.545|10|12|.833|5|23|23|8|4|6|17
15|15|2014-01-09||Stanford|W|81|72|25|53|.472|8|15|.533|23|32|.719|8|36|14|5|5|12|22||24|58|.414|2|8|.250|22|25|.880|8|31|13|4|5|10|26
16|16|2014-01-11||California|L|83|88|27|54|.500|9|17|.529|20|28|.714|3|28|19|2|3|13|29||31|60|.517|6|14|.429|20|32|.625|7|28|18|7|3|5|21
17|17|2014-01-19||Oregon|W|80|72|23|51|.451|7|13|.538|27|31|.871|9|39|19|8|8|20|18||25|66|.379|4|19|.211|18|24|.750|9|28|6|11|2|11|26
18|18|2014-01-22|@|Washington State|W|66|55|21|40|.525|5|13|.385|19|27|.704|4|25|6|3|1|11|9||24|48|.500|6|14|.429|1|4|.250|4|24|9|4|2|12|21
19|19|2014-01-25|@|Washington|L|81|87|28|57|.491|5|14|.357|20|26|.769|6|24|10|1|4|5|20||31|62|.500|4|12|.333|21|24|.875|12|34|11|2|4|7|22
20|20|2014-01-30||Southern California|W (1 OT)|76|75|26|62|.419|4|12|.333|20|35|.571|14|40|9|6|6|16|16||26|63|.413|4|17|.235|19|21|.905|7|32|9|8|7|12|25
21|21|2014-02-02||UCLA|W|71|67|24|50|.480|8|18|.444|15|26|.577|10|34|17|7|4|18|16||22|57|.386|6|21|.286|17|24|.708|9|31|11|9|4|13|21
22|22|2014-02-06|@|Arizona State|L (1 OT)|82|86|30|70|.429|10|16|.625|12|18|.667|12|45|10|1|5|15|27||28|65|.431|5|17|.294|25|40|.625|8|40|18|8|8|8|20
23|23|2014-02-09|@|Arizona|L|54|76|18|46|.391|4|12|.333|14|17|.824|4|23|9|3|5|12|17||29|58|.500|3|12|.250|15|23|.652|12|32|15|7|1|8|15
24|24|2014-02-16|@|Oregon|L|83|93|30|58|.517|5|16|.313|18|25|.720|7|26|9|2|4|9|23||31|58|.534|11|21|.524|20|25|.800|5|24|18|7|5|6|22
25|25|2014-02-20||Washington State|W|68|57|20|48|.417|3|14|.214|25|36|.694|11|30|13|5|3|10|22||18|42|.429|5|16|.313|16|28|.571|7|27|12|5|3|15|28
26|26|2014-02-22||Washington|L|62|86|25|52|.481|3|14|.214|9|22|.409|4|21|12|5|5|11|13||39|68|.574|4|12|.333|4|6|.667|10|37|20|6|0|11|18
27|27|2014-02-27|@|Southern California|W|76|66|25|47|.532|6|17|.353|20|31|.645|10|39|14|3|9|17|13||25|67|.373|4|18|.222|12|18|.667|13|27|13|7|3|8|22
28|28|2014-03-02|@|UCLA|L|69|74|24|51|.471|7|21|.333|14|23|.609|8|33|14|1|3|16|20||24|59|.407|5|13|.385|21|23|.913|8|26|19|11|1|6|19
29|29|2014-03-05||Arizona|L|69|74|24|54|.444|5|13|.385|16|29|.552|15|40|8|7|5|16|21||24|57|.421|7|19|.368|19|30|.633|7|24|15|8|2|8|18
30|30|2014-03-08||Arizona State|W (1 OT)|78|76|28|59|.475|6|13|.462|16|26|.615|16|41|16|7|8|16|24||25|61|.410|9|27|.333|17|24|.708|11|29|14|5|4|13|21
31|31|2014-03-12|N|Oregon|L|74|88|23|38|.605|3|6|.500|25|36|.694|7|23|7|1|2|15|21||30|52|.577|10|16|.625|18|28|.643|7|19|15|6|2|5|27
32|32|2014-03-19||Radford|L|92|96|36|61|.590|6|16|.375|14|21|.667|8|23|15|4|6|11|17||37|65|.569|13|24|.542|9|14|.643|8|27|24|8|2|7|20
