ranker|game_season|date_game|game_location|opp_id|game_result|pts|opp_pts|fg|fga|fg_pct|fg3|fg3a|fg3_pct|ft|fta|ft_pct|orb|trb|ast|stl|blk|tov|pf|x|opp_fg|opp_fga|opp_fg_pct|opp_fg3|opp_fg3a|opp_fg3_pct|opp_ft|opp_fta|opp_ft_pct|opp_orb|opp_trb|opp_ast|opp_stl|opp_blk|opp_tov|opp_pf|
1|1|2013-11-09||Wagner|W|74|62|19|53|.358|6|16|.375|30|43|.698|7|43|10|3|5|6|22||20|67|.299|2|23|.087|20|27|.741|11|44|10|4|3|5|29
2|2|2013-11-13||Bucknell|L|80|90|28|57|.491|9|22|.409|15|23|.652|6|22|11|6|1|7|24||28|46|.609|10|15|.667|24|31|.774|4|26|14|2|1|11|23
3|3|2013-11-16|@|Pennsylvania|W|83|71|29|54|.537|7|20|.350|18|23|.783|6|30|13|4|2|14|28||20|48|.417|4|19|.211|27|40|.675|7|27|16|7|1|12|25
4|4|2013-11-19||La Salle|W|79|72|29|62|.468|9|22|.409|12|14|.857|10|31|18|3|7|8|14||26|60|.433|6|16|.375|14|16|.875|10|31|11|3|6|11|17
5|5|2013-11-24||Longwood|W|93|67|32|56|.571|9|24|.375|20|25|.800|12|34|25|5|3|11|20||21|52|.404|7|20|.350|18|24|.750|10|22|9|5|0|13|21
6|6|2013-11-26||Monmouth|W|84|52|28|52|.538|9|24|.375|19|24|.792|10|34|17|5|1|11|19||16|45|.356|5|19|.263|15|22|.682|8|21|7|7|1|16|19
7|7|2013-11-29|N|St. John's (NY)|W (1 OT)|89|82|25|62|.403|10|25|.400|29|38|.763|8|38|10|7|3|4|19||32|75|.427|11|20|.550|7|13|.538|12|44|20|2|11|9|28
8|8|2013-11-30|N|Mississippi|L|76|79|28|59|.475|9|22|.409|11|18|.611|9|35|15|5|6|9|15||30|65|.462|11|24|.458|8|18|.444|11|35|16|5|9|7|17
9|9|2013-12-03|@|Pittsburgh|L|69|78|23|55|.418|4|15|.267|19|23|.826|4|27|9|3|5|8|26||24|54|.444|2|11|.182|28|35|.800|9|36|9|3|5|9|19
10|10|2013-12-07||Marshall|W|90|77|33|68|.485|7|24|.292|17|21|.810|10|41|20|6|10|11|19||26|66|.394|9|20|.450|16|30|.533|12|37|11|7|6|12|13
11|11|2013-12-11|N|Duquesne|W|68|59|26|61|.426|9|25|.360|7|10|.700|9|38|18|3|13|11|25||17|63|.270|4|23|.174|21|34|.618|14|38|9|5|4|7|15
12|12|2013-12-14||Princeton|L (1 OT)|79|81|29|58|.500|4|14|.286|17|23|.739|5|40|10|3|3|20|20||26|62|.419|10|32|.313|19|26|.731|1|19|17|13|5|10|18
13|13|2013-12-22||Mount St. Mary's|W|92|82|33|62|.532|2|11|.182|24|30|.800|10|32|11|6|4|10|16||28|54|.519|12|26|.462|14|22|.636|5|26|11|4|1|16|21
14|14|2013-12-31||Michigan State|L|63|79|20|52|.385|9|21|.429|14|22|.636|6|25|8|6|7|12|14||29|66|.439|10|20|.500|11|13|.846|12|40|16|5|6|11|17
15|15|2014-01-04|@|Illinois|L|55|75|17|57|.298|5|19|.263|16|22|.727|9|31|3|5|7|11|26||20|56|.357|7|23|.304|28|35|.800|10|41|10|8|3|8|20
16|16|2014-01-08||Minnesota|L|65|68|22|58|.379|3|19|.158|18|29|.621|13|37|10|4|7|14|28||21|51|.412|4|16|.250|22|34|.647|9|35|9|7|7|14|25
17|17|2014-01-11||Indiana|L|76|79|24|55|.436|8|23|.348|20|26|.769|9|27|10|3|4|12|28||21|58|.362|8|20|.400|29|35|.829|15|32|13|3|4|12|19
18|18|2014-01-14|@|Michigan|L|67|80|26|53|.491|5|19|.263|10|13|.769|7|24|8|2|2|9|17||28|52|.538|9|24|.375|15|19|.789|7|26|18|3|1|6|10
19|19|2014-01-18|@|Purdue|L|64|65|22|60|.367|7|26|.269|13|18|.722|8|31|11|6|9|11|24||18|57|.316|7|22|.318|22|30|.733|16|41|11|5|8|16|20
20|20|2014-01-23||Nebraska|W|58|54|20|57|.351|5|21|.238|13|17|.765|9|31|9|6|4|5|12||19|53|.358|10|23|.435|6|10|.600|8|35|10|3|3|12|17
21|21|2014-01-29|@|Ohio State|W (1 OT)|71|70|28|58|.483|9|25|.360|6|9|.667|8|31|10|2|8|13|19||21|55|.382|5|16|.313|23|29|.793|6|27|9|10|2|7|10
22|22|2014-02-02||Purdue|W|79|68|24|58|.414|5|20|.250|26|34|.765|14|38|9|2|4|12|22||25|59|.424|3|11|.273|15|20|.750|9|30|12|5|3|14|29
23|23|2014-02-06|@|Michigan State|L|67|82|21|57|.368|5|22|.227|20|23|.870|7|27|10|5|2|7|15||28|60|.467|12|23|.522|14|18|.778|12|39|22|7|6|10|22
24|24|2014-02-09||Illinois|L|55|60|21|55|.382|5|18|.278|8|11|.727|9|32|9|2|1|6|20||19|49|.388|7|22|.318|15|23|.652|7|32|10|5|4|6|15
25|25|2014-02-12|@|Indiana|W|66|65|22|54|.407|8|19|.421|14|18|.778|8|21|13|11|1|15|22||21|41|.512|5|13|.385|18|24|.750|5|27|14|4|7|18|14
26|26|2014-02-15||Iowa|L|70|82|26|65|.400|3|16|.188|15|21|.714|13|33|9|3|5|9|23||22|55|.400|7|19|.368|31|40|.775|11|36|13|4|10|6|18
27|27|2014-02-20|@|Nebraska|L|67|80|22|63|.349|6|18|.333|17|23|.739|13|33|8|5|4|5|27||19|43|.442|5|15|.333|37|48|.771|8|33|5|4|6|13|24
28|28|2014-02-27||Ohio State|W|65|63|19|43|.442|5|13|.385|22|28|.786|6|30|11|3|5|14|24||20|47|.426|5|17|.294|18|27|.667|5|23|12|7|6|11|24
29|29|2014-03-02||Wisconsin|L|66|71|28|58|.483|1|13|.077|9|13|.692|11|34|9|3|3|11|20||22|50|.440|8|24|.333|19|24|.792|6|24|15|7|2|7|14
30|30|2014-03-06|@|Northwestern|W|59|32|24|48|.500|6|15|.400|5|13|.385|6|34|15|8|5|10|20||10|43|.233|3|22|.136|9|21|.429|7|24|6|3|1|12|14
31|31|2014-03-09|@|Minnesota|L|63|81|19|47|.404|5|13|.385|20|23|.870|8|26|10|5|2|15|22||25|45|.556|7|20|.350|24|29|.828|3|23|14|10|1|12|20
32|32|2014-03-13|N|Minnesota|L|56|63|19|59|.322|5|21|.238|13|14|.929|11|33|10|4|6|9|19||21|48|.438|7|17|.412|14|23|.609|5|28|13|6|7|9|16
33|33|2014-03-19||Hampton|W|69|65|17|42|.405|5|17|.294|30|40|.750|10|39|6|4|5|13|22||19|46|.413|6|14|.429|21|29|.724|1|16|6|3|4|7|29
34|34|2014-03-24|@|Siena|L|52|54|17|57|.298|6|17|.353|12|22|.545|9|30|9|6|5|9|20||21|52|.404|5|13|.385|7|13|.538|9|38|11|4|7|15|18
