ranker|game_season|date_game|game_location|opp_id|game_result|pts|opp_pts|fg|fga|fg_pct|fg3|fg3a|fg3_pct|ft|fta|ft_pct|orb|trb|ast|stl|blk|tov|pf|x|opp_fg|opp_fga|opp_fg_pct|opp_fg3|opp_fg3a|opp_fg3_pct|opp_ft|opp_fta|opp_ft_pct|opp_orb|opp_trb|opp_ast|opp_stl|opp_blk|opp_tov|opp_pf|
1|1|2013-11-08|@|Nevada-Las Vegas|L|48|67|19|61|.311|0|7|.000|10|15|.667|12|37|4|11|0|20|24||23|53|.434|8|19|.421|13|28|.464|11|40|18|10|5|18|19
2|2|2013-11-13||Pacific Lutheran|W|79|43|24|45|.533|5|10|.500|26|37|.703|8|35|14|12|5|12|19||14|58|.241|6|15|.400|9|12|.750|15|28|10|5|2|17|26
3|3|2013-11-22||Loyola (IL)|W|67|63|22|54|.407|5|16|.313|18|23|.783|11|27|15|7|2|9|18||23|45|.511|4|13|.308|13|20|.650|7|24|13|3|4|16|22
4|4|2013-11-23||Southern Illinois-Edwardsville|W|77|74|26|54|.481|7|17|.412|18|22|.818|10|26|16|5|1|8|17||28|53|.528|6|19|.316|12|13|.923|6|25|19|3|3|13|23
5|5|2013-11-24||California-Davis|W|79|63|26|54|.481|9|20|.450|18|24|.750|6|33|19|6|1|8|18||23|60|.383|6|22|.273|11|17|.647|8|31|10|2|2|12|22
6|6|2013-11-29|@|Boise State|L|60|76|22|51|.431|8|19|.421|8|15|.533|4|22|10|5|1|15|22||25|56|.446|4|16|.250|22|25|.880|12|36|11|8|2|11|19
7|7|2013-12-07||Portland|L|76|92|25|60|.417|10|18|.556|16|26|.615|8|24|13|6|2|12|28||29|60|.483|5|15|.333|29|36|.806|12|39|15|7|8|12|23
8|8|2013-12-14||Idaho|L|75|76|27|55|.491|7|18|.389|14|22|.636|9|26|18|4|1|12|17||27|50|.540|11|20|.550|11|18|.611|6|24|18|3|2|12|21
9|9|2013-12-23||Evergreen State|W|98|65|36|66|.545|2|10|.200|24|33|.727|15|46|21|9|5|10|14||25|63|.397|11|25|.440|4|7|.571|4|19|19|3|2|15|24
10|10|2014-01-02|@|Idaho State|L|76|87|26|64|.406|7|20|.350|17|25|.680|12|27|11|7|1|11|24||26|46|.565|9|14|.643|26|32|.813|7|35|12|6|9|21|19
11|11|2014-01-04|@|Weber State|L|62|79|23|56|.411|6|17|.353|10|17|.588|4|24|13|3|2|8|18||24|47|.511|9|20|.450|22|25|.880|5|37|18|2|1|13|18
12|12|2014-01-09||Montana State|L|76|79|30|55|.545|8|18|.444|8|10|.800|4|17|17|6|0|12|20||27|48|.563|8|15|.533|17|25|.680|4|24|17|8|3|12|15
13|13|2014-01-11||Montana|W (3 OT)|81|78|23|50|.460|12|27|.444|23|28|.821|4|29|15|5|4|18|22||27|62|.435|7|20|.350|17|22|.773|7|27|18|9|4|14|27
14|14|2014-01-16|@|Sacramento State|W (1 OT)|68|64|26|54|.481|5|17|.294|11|17|.647|8|28|14|5|2|9|22||23|52|.442|0|14|.000|18|22|.818|9|32|14|2|2|11|19
15|15|2014-01-18|@|Northern Arizona|L|56|77|21|53|.396|5|21|.238|9|11|.818|7|18|4|4|1|10|12||33|56|.589|6|14|.429|5|7|.714|10|35|15|5|4|12|14
16|16|2014-01-25||Southern Utah|W|67|64|20|49|.408|4|13|.308|23|28|.821|9|32|7|4|2|13|19||22|47|.468|7|13|.538|13|20|.650|5|25|15|5|2|12|24
17|17|2014-01-27||Eastern Washington|W|92|83|30|57|.526|9|25|.360|23|27|.852|5|24|20|10|4|11|22||29|59|.492|9|24|.375|16|25|.640|12|31|19|4|0|19|20
18|18|2014-01-30||Northern Colorado|W|80|57|29|53|.547|9|19|.474|13|17|.765|9|29|21|4|2|8|19||22|56|.393|2|15|.133|11|20|.550|14|28|9|5|0|11|18
19|19|2014-02-01||North Dakota|W|70|68|27|44|.614|3|10|.300|13|18|.722|6|19|17|10|0|19|14||26|56|.464|8|19|.421|8|12|.667|12|25|13|9|1|17|17
20|20|2014-02-06|@|Montana|L (1 OT)|76|82|26|53|.491|4|11|.364|20|31|.645|12|31|10|5|3|12|24||27|52|.519|8|16|.500|20|28|.714|7|25|11|4|5|10|24
21|21|2014-02-08|@|Montana State|L|64|69|23|60|.383|6|21|.286|12|16|.750|9|33|8|3|4|8|19||24|51|.471|5|10|.500|16|24|.667|7|35|5|6|2|8|16
22|22|2014-02-13||Northern Arizona|L|63|65|20|47|.426|8|18|.444|15|24|.625|6|27|14|3|2|10|14||26|53|.491|3|13|.231|10|18|.556|9|34|11|6|6|8|21
23|23|2014-02-15||Sacramento State|L|65|72|29|54|.537|4|14|.286|3|8|.375|4|16|16|6|0|11|20||29|47|.617|3|6|.500|11|15|.733|6|28|18|6|3|16|18
24|24|2014-02-20|@|Southern Utah|W|86|79|26|55|.473|7|20|.350|27|30|.900|3|23|4|9|1|6|26||25|48|.521|2|8|.250|27|36|.750|10|34|11|2|3|13|21
25|25|2014-02-24|@|Eastern Washington|W|87|76|30|62|.484|11|25|.440|16|21|.762|7|26|18|8|4|6|18||28|55|.509|4|15|.267|16|20|.800|6|33|16|1|4|13|21
26|26|2014-02-27|@|North Dakota|L|73|83|30|58|.517|4|15|.267|9|16|.563|9|32|10|5|5|16|15||30|62|.484|8|16|.500|15|18|.833|9|31|15|9|4|8|18
27|27|2014-03-01|@|Northern Colorado|W|77|68|27|49|.551|8|21|.381|15|19|.789|7|25|13|1|3|11|15||25|62|.403|5|18|.278|13|15|.867|15|34|9|5|2|9|20
28|28|2014-03-06||Weber State|W|66|59|21|48|.438|2|13|.154|22|25|.880|3|22|11|9|3|11|19||18|47|.383|4|16|.250|19|24|.792|5|29|10|6|2|18|20
29|29|2014-03-08||Idaho State|W (1 OT)|78|74|31|66|.470|6|20|.300|10|18|.556|15|36|19|6|2|11|18||26|59|.441|6|17|.353|16|27|.593|11|34|16|5|2|16|19
30|30|2014-03-13|N|Montana|W|70|63|20|46|.435|4|10|.400|26|30|.867|6|27|9|3|2|8|19||25|53|.472|1|10|.100|12|17|.706|10|33|11|5|3|11|29
31|31|2014-03-14|N|North Dakota|L|63|79|16|41|.390|5|15|.333|26|36|.722|7|27|5|7|3|18|21||25|60|.417|1|9|.111|28|35|.800|17|40|8|9|3|11|25
32|32|2014-03-18|@|San Diego|L|65|87|21|55|.382|6|18|.333|17|22|.773|6|29|5|6|1|9|18||31|57|.544|9|16|.563|16|25|.640|8|37|24|5|9|10|20
