ranker|game_season|date_game|game_location|opp_id|game_result|pts|opp_pts|fg|fga|fg_pct|fg3|fg3a|fg3_pct|ft|fta|ft_pct|orb|trb|ast|stl|blk|tov|pf|x|opp_fg|opp_fga|opp_fg_pct|opp_fg3|opp_fg3a|opp_fg3_pct|opp_ft|opp_fta|opp_ft_pct|opp_orb|opp_trb|opp_ast|opp_stl|opp_blk|opp_tov|opp_pf|
1|1|2013-11-09||St. Thomas (TX)|W|69|60|19|48|.396|9|25|.360|22|32|.688|9|35|13|7|2|17|16||19|56|.339|5|17|.294|17|22|.773|6|28|8|11|0|13|26
2|2|2013-11-12||Southeastern Louisiana|L|62|63|21|49|.429|4|18|.222|16|23|.696|5|29|11|3|0|12|18||23|49|.469|4|14|.286|13|21|.619|5|30|9|6|0|13|19
3|3|2013-11-15|@|Texas A&M|L|65|68|24|53|.453|9|29|.310|8|10|.800|3|24|17|8|4|13|24||20|49|.408|3|18|.167|25|37|.676|11|34|13|5|2|8|14
4|4|2013-11-20|@|Texas A&M-Corpus Christi|W|63|61|20|48|.417|7|25|.280|16|25|.640|8|31|11|4|2|10|17||21|52|.404|4|16|.250|15|20|.750|6|27|9|6|4|6|21
5|5|2013-11-23||Princeton|L|56|70|20|52|.385|6|17|.353|10|16|.625|9|30|9|5|2|13|12||25|55|.455|10|31|.323|10|13|.769|9|32|14|7|3|9|14
6|6|2013-11-29|N|Rider|L (1 OT)|93|97|32|59|.542|18|35|.514|11|13|.846|1|28|25|4|3|13|18||33|63|.524|12|20|.600|19|27|.704|8|33|16|7|4|9|17
7|7|2013-11-30|N|Santa Clara|W|67|66|22|43|.512|6|15|.400|17|24|.708|3|24|16|1|2|11|18||24|59|.407|6|21|.286|12|19|.632|13|34|12|4|5|6|21
8|8|2013-12-04|@|Houston Baptist|L|71|73|22|49|.449|10|25|.400|17|24|.708|3|26|10|3|5|13|19||25|52|.481|4|10|.400|19|25|.760|6|33|13|4|1|12|22
9|9|2013-12-07||South Alabama|W (3 OT)|96|93|36|77|.468|9|32|.281|15|25|.600|8|43|24|4|0|10|23||26|69|.377|17|37|.459|24|34|.706|11|47|17|4|2|13|24
10|10|2013-12-19||Northwood (TX)|W|69|56|20|67|.299|10|35|.286|19|27|.704|12|45|11|8|2|15|16||20|63|.317|7|23|.304|9|18|.500|6|33|9|9|7|14|20
11|11|2013-12-21|N|Houston|L|52|54|18|59|.305|10|26|.385|6|10|.600|9|33|9|1|1|14|21||19|43|.442|2|7|.286|14|28|.500|4|33|6|8|6|12|14
12|12|2013-12-30|@|Texas|L|44|66|16|55|.291|6|29|.207|6|7|.857|6|29|11|8|2|11|20||22|48|.458|3|9|.333|19|27|.704|6|37|13|7|2|12|10
13|13|2014-01-04||Harvard|L|54|69|19|46|.413|6|19|.316|10|13|.769|6|19|10|5|0|15|21||22|46|.478|4|10|.400|21|28|.750|12|35|15|8|3|12|17
14|14|2014-01-09||Florida International|L|60|71|22|57|.386|7|24|.292|9|16|.563|8|28|12|0|4|6|16||26|52|.500|6|18|.333|13|19|.684|5|36|13|4|4|6|18
15|15|2014-01-11||Florida Atlantic|L|68|73|23|52|.442|9|23|.391|13|15|.867|5|30|18|3|6|16|21||22|55|.400|8|24|.333|21|29|.724|9|30|14|7|5|10|16
16|16|2014-01-16|@|Southern Mississippi|L|62|84|24|55|.436|12|34|.353|2|6|.333|4|16|18|3|2|14|19||28|54|.519|10|20|.500|18|26|.692|13|40|19|9|1|14|13
17|17|2014-01-18|@|Tulane|L|41|58|13|46|.283|4|24|.167|11|16|.688|7|32|10|6|2|16|16||21|53|.396|9|22|.409|7|11|.636|8|38|13|10|4|9|15
18|18|2014-01-23||Marshall|L|63|73|25|59|.424|5|25|.200|8|14|.571|10|30|17|5|2|10|22||22|48|.458|7|18|.389|22|29|.759|5|28|15|5|0|10|17
19|19|2014-01-25||Charlotte|W|71|69|22|51|.431|12|24|.500|15|21|.714|6|22|17|6|0|12|21||23|48|.479|4|16|.250|19|23|.826|6|32|11|9|3|18|20
20|20|2014-01-30|@|Texas-San Antonio|L|76|89|28|58|.483|10|28|.357|10|13|.769|8|28|16|2|1|18|22||28|57|.491|9|17|.529|24|33|.727|12|32|12|12|1|15|17
21|21|2014-02-01|@|Texas-El Paso|L|57|68|20|56|.357|11|28|.393|6|11|.545|8|32|13|6|2|11|24||20|48|.417|6|13|.462|22|28|.786|6|35|15|5|3|10|15
22|22|2014-02-06||North Texas|W|75|70|21|45|.467|6|16|.375|27|37|.730|4|31|12|9|2|17|17||26|68|.382|6|19|.316|12|17|.706|17|38|14|6|3|15|26
23|23|2014-02-08||Tulsa|L|56|66|18|49|.367|7|28|.250|13|20|.650|7|30|15|6|0|12|23||22|51|.431|2|11|.182|20|31|.645|10|35|14|5|1|11|17
24|24|2014-02-15|@|Louisiana Tech|L|46|85|18|47|.383|5|19|.263|5|11|.455|4|20|12|5|2|23|17||28|58|.483|8|25|.320|21|28|.750|13|40|18|11|5|11|13
25|25|2014-02-20|@|Old Dominion|L|51|55|16|46|.348|7|22|.318|12|18|.667|2|26|13|6|3|12|15||21|55|.382|3|22|.136|10|17|.588|11|41|11|7|5|11|14
26|26|2014-02-22|@|East Carolina|L|55|67|22|54|.407|8|29|.276|3|11|.273|7|27|18|6|2|14|20||21|44|.477|6|16|.375|19|27|.704|6|32|13|10|3|13|12
27|27|2014-02-27||Alabama-Birmingham|L|60|61|24|61|.393|6|27|.222|6|9|.667|11|28|16|5|2|9|18||21|58|.362|1|8|.125|18|23|.783|17|41|11|7|3|11|13
28|28|2014-03-01|@|Middle Tennessee|L|41|65|14|44|.318|1|13|.077|12|19|.632|4|28|4|3|1|13|20||19|48|.396|6|14|.429|21|29|.724|8|36|8|6|3|10|21
29|29|2014-03-06||Louisiana Tech|L|48|70|19|43|.442|7|16|.438|3|11|.273|5|26|15|5|0|12|15||25|53|.472|9|24|.375|11|19|.579|12|34|16|9|3|9|13
30|30|2014-03-11|N|North Texas|L (1 OT)|62|63|19|54|.352|10|23|.435|14|30|.467|7|34|11|3|1|9|20||19|56|.339|4|19|.211|21|24|.875|10|45|8|4|4|12|21
