ranker|game_season|date_game|game_location|opp_id|game_result|pts|opp_pts|fg|fga|fg_pct|fg3|fg3a|fg3_pct|ft|fta|ft_pct|orb|trb|ast|stl|blk|tov|pf|x|opp_fg|opp_fga|opp_fg_pct|opp_fg3|opp_fg3a|opp_fg3_pct|opp_ft|opp_fta|opp_ft_pct|opp_orb|opp_trb|opp_ast|opp_stl|opp_blk|opp_tov|opp_pf|
1|1|2013-11-12|@|Lehigh|L|78|92|21|53|.396|7|18|.389|29|35|.829|8|19|10|4|4|8|19||30|51|.588|14|23|.609|18|24|.750|6|26|20|2|1|9|28
2|2|2013-11-17|@|Purdue|L|77|81|23|53|.434|7|16|.438|24|31|.774|8|31|11|2|6|13|27||31|61|.508|3|15|.200|16|31|.516|13|30|15|9|5|9|27
3|3|2013-11-23|@|Central Connecticut State|W|89|73|29|57|.509|8|17|.471|23|30|.767|10|38|12|9|3|14|22||24|56|.429|4|18|.222|21|29|.724|9|30|9|4|1|15|27
4|4|2013-11-26||Albany (NY)|L|59|70|24|57|.421|3|14|.214|8|12|.667|7|19|8|7|2|10|20||21|39|.538|7|15|.467|21|22|.955|4|30|12|4|1|20|19
5|5|2013-11-29|N|Rice|W (1 OT)|97|93|33|63|.524|12|20|.600|19|27|.704|8|33|16|7|4|9|17||32|59|.542|18|35|.514|11|13|.846|1|28|25|4|3|13|18
6|6|2013-11-30|N|North Dakota State|L|70|87|23|50|.460|7|15|.467|17|23|.739|7|24|10|4|0|10|18||32|52|.615|4|15|.267|19|25|.760|7|28|19|4|5|10|21
7|7|2013-12-05|@|Monmouth|W|89|83|25|51|.490|11|23|.478|28|36|.778|7|33|15|7|3|15|17||31|62|.500|11|24|.458|10|20|.500|8|25|16|7|4|13|28
8|8|2013-12-08||Quinnipiac|W|90|78|29|64|.453|7|18|.389|25|35|.714|12|39|10|6|3|5|22||27|65|.415|8|23|.348|16|24|.667|13|40|14|1|3|11|26
9|9|2013-12-14||Wagner|W|79|58|25|47|.532|8|17|.471|21|27|.778|7|39|15|9|4|26|19||21|64|.328|4|19|.211|12|23|.522|11|25|13|12|2|16|19
10|10|2013-12-21|@|Villanova|L|67|88|21|48|.438|5|15|.333|20|29|.690|6|23|10|4|1|16|24||28|56|.500|10|26|.385|22|28|.786|10|32|15|9|3|12|26
11|11|2013-12-29||Pennsylvania|W|89|88|27|64|.422|12|24|.500|23|31|.742|17|39|17|3|3|10|17||31|52|.596|10|18|.556|16|25|.640|6|25|20|6|3|12|25
12|12|2014-01-02||Niagara|W|85|83|26|61|.426|6|17|.353|27|35|.771|11|38|10|2|1|17|20||32|69|.464|6|19|.316|13|26|.500|15|35|13|9|3|14|27
13|13|2014-01-04|@|Siena|L|47|62|14|51|.275|5|18|.278|14|27|.519|7|25|8|7|3|10|18||21|46|.457|8|15|.533|12|17|.706|8|33|13|5|7|16|20
14|14|2014-01-10|@|Canisius|L (2 OT)|91|94|29|59|.492|10|24|.417|23|27|.852|7|22|16|7|2|11|28||29|53|.547|10|25|.400|26|35|.743|10|29|16|5|9|14|23
15|15|2014-01-12|@|Niagara|W|90|78|26|47|.553|10|20|.500|28|34|.824|6|32|18|3|3|15|24||28|70|.400|5|20|.250|17|26|.654|12|26|9|8|2|10|26
16|16|2014-01-16||Saint Peter's|L|69|77|22|55|.400|8|24|.333|17|22|.773|11|33|14|4|3|9|22||19|47|.404|8|17|.471|31|35|.886|5|27|12|5|3|6|19
17|17|2014-01-18|@|Marist|W|66|56|20|39|.513|7|14|.500|19|23|.826|4|33|12|6|2|24|19||16|50|.320|3|18|.167|21|26|.808|5|21|4|9|3|10|18
18|18|2014-01-24|@|Manhattan|L|51|67|13|49|.265|1|11|.091|24|33|.727|10|34|7|8|2|17|21||23|54|.426|3|13|.231|18|24|.750|10|39|13|9|11|16|26
19|19|2014-01-26||Monmouth|W (1 OT)|77|71|23|49|.469|11|28|.393|20|35|.571|8|36|18|8|6|21|17||28|65|.431|10|26|.385|5|14|.357|9|32|15|9|2|16|29
20|20|2014-01-31|@|Saint Peter's|W|71|53|27|58|.466|13|24|.542|4|7|.571|9|36|18|6|1|11|14||16|46|.348|7|24|.292|14|18|.778|4|21|9|5|3|11|10
21|21|2014-02-03||Fairfield|W|73|65|22|47|.468|8|16|.500|21|30|.700|6|26|9|14|1|11|20||22|49|.449|9|25|.360|12|16|.750|9|33|16|3|3|21|25
22|22|2014-02-06||Marist|L|61|68|24|57|.421|5|22|.227|8|10|.800|3|20|12|6|4|8|21||22|58|.379|6|16|.375|18|22|.818|15|40|11|4|3|12|15
23|23|2014-02-08|@|Quinnipiac|L|61|82|25|61|.410|4|14|.286|7|10|.700|14|27|6|3|6|8|20||26|59|.441|9|16|.563|21|32|.656|20|39|11|5|5|10|9
24|24|2014-02-13||Manhattan|L|69|86|23|59|.390|6|13|.462|17|23|.739|9|32|14|5|3|19|24||26|52|.500|12|21|.571|22|29|.759|6|33|16|10|8|17|24
25|25|2014-02-15|@|Fairfield|W|71|62|24|55|.436|7|16|.438|16|24|.667|10|29|8|6|4|10|18||22|56|.393|5|19|.263|13|18|.722|12|35|11|6|4|15|19
26|26|2014-02-21||Iona|L|77|80|30|68|.441|7|26|.269|10|20|.500|11|34|11|5|2|7|19||25|54|.463|6|23|.261|24|30|.800|5|31|11|5|1|11|17
27|27|2014-02-23||Siena|L|60|69|19|57|.333|4|22|.182|18|24|.750|11|33|8|7|6|12|25||22|57|.386|2|6|.333|23|31|.742|13|43|12|5|5|11|20
28|28|2014-02-28||Canisius|L|66|79|20|50|.400|11|27|.407|15|20|.750|6|26|13|7|0|16|13||29|54|.537|10|21|.476|11|14|.786|5|30|16|9|2|11|17
29|29|2014-03-02|@|Iona|L|81|97|29|65|.446|12|23|.522|11|14|.786|11|31|15|10|2|12|20||33|54|.611|11|26|.423|20|27|.741|7|31|21|8|4|12|17
30|30|2014-03-06|N|Monmouth|W|71|60|20|45|.444|7|18|.389|24|31|.774|11|26|10|8|3|14|16||23|43|.535|1|5|.200|13|17|.765|6|23|11|10|2|21|25
31|31|2014-03-08|N|Iona|L|71|94|27|65|.415|8|23|.348|9|13|.692|12|26|16|4|2|12|21||31|52|.596|11|25|.440|21|25|.840|6|28|20|6|3|8|15
