ranker|game_season|date_game|game_location|opp_id|game_result|pts|opp_pts|fg|fga|fg_pct|fg3|fg3a|fg3_pct|ft|fta|ft_pct|orb|trb|ast|stl|blk|tov|pf|x|opp_fg|opp_fga|opp_fg_pct|opp_fg3|opp_fg3a|opp_fg3_pct|opp_ft|opp_fta|opp_ft_pct|opp_orb|opp_trb|opp_ast|opp_stl|opp_blk|opp_tov|opp_pf|
1|1|2013-11-09||Savannah State|W|86|66|23|55|.418|11|21|.524|29|45|.644|16|41|15|4|2|9|27||19|51|.373|5|16|.313|23|38|.605|10|33|8|2|4|10|32
2|2|2013-11-12|@|Lafayette|W|90|81|36|73|.493|11|24|.458|7|10|.700|14|31|10|9|2|8|17||27|59|.458|9|30|.300|18|20|.900|12|33|10|2|2|13|13
3|3|2013-11-14|@|Eastern Michigan|L|64|69|24|64|.375|7|25|.280|9|14|.643|9|32|14|7|3|11|26||20|48|.417|1|10|.100|28|42|.667|12|41|10|8|13|16|17
4|4|2013-11-17|@|Kentucky|L|49|87|16|69|.232|6|23|.261|11|20|.550|14|28|6|4|1|14|26||28|57|.491|7|19|.368|24|34|.706|17|56|20|9|11|15|19
5|5|2013-11-21||Texas-Arlington|W|88|81|29|61|.475|12|26|.462|18|24|.750|10|33|20|7|0|11|20||29|62|.468|9|27|.333|14|22|.636|12|33|12|6|2|14|18
6|6|2013-11-23|@|Cleveland State|L|74|87|23|58|.397|5|18|.278|23|33|.697|14|31|13|5|1|10|28||23|45|.511|7|17|.412|34|44|.773|9|27|15|5|3|14|24
7|7|2013-11-26|@|Buffalo|L|66|81|21|55|.382|4|17|.235|20|27|.741|8|31|11|7|4|12|25||25|58|.431|6|19|.316|25|39|.641|16|41|15|5|6|12|22
8|8|2013-11-30|@|Delaware|L|67|86|22|49|.449|7|17|.412|16|25|.640|9|26|9|5|2|17|25||27|52|.519|4|13|.308|28|37|.757|10|29|9|9|1|11|19
9|9|2013-12-04|@|Youngstown State|L|76|84|27|54|.500|6|17|.353|16|20|.800|6|34|13|3|2|12|23||31|59|.525|9|25|.360|13|20|.650|5|24|23|2|6|3|14
10|10|2013-12-07||Toledo|L|77|80|31|49|.633|10|14|.714|5|12|.417|4|22|19|6|2|12|20||27|54|.500|7|23|.304|19|22|.864|8|25|18|6|2|11|13
11|11|2013-12-14|@|Duquesne|W|67|63|25|54|.463|11|23|.478|6|12|.500|5|30|19|3|1|13|23||17|44|.386|6|17|.353|23|35|.657|6|31|12|5|2|13|17
12|12|2013-12-18||Campbell|W|72|61|22|47|.468|9|18|.500|19|26|.731|6|23|16|6|1|12|15||22|53|.415|7|22|.318|10|14|.714|12|29|13|6|2|18|22
13|13|2013-12-22|@|Oakland|L|94|100|34|65|.523|10|24|.417|16|19|.842|7|23|21|6|3|10|22||33|58|.569|11|24|.458|23|32|.719|10|31|29|4|5|12|18
14|14|2013-12-30|@|Oklahoma State|L|66|92|22|61|.361|6|25|.240|16|21|.762|8|27|10|8|1|8|23||32|56|.571|9|19|.474|19|27|.704|7|37|27|2|3|11|18
15|15|2014-01-04|@|Alabama|L|56|64|21|44|.477|6|14|.429|8|13|.615|4|21|13|9|2|18|19||24|44|.545|5|14|.357|11|21|.524|7|28|11|12|3|15|12
16|16|2014-01-09|@|Sacred Heart|W|79|70|30|56|.536|10|15|.667|9|10|.900|9|26|11|13|0|14|14||25|55|.455|7|20|.350|13|17|.765|10|26|14|6|2|15|12
17|17|2014-01-11|@|Bryant|W|71|67|26|67|.388|9|26|.346|10|13|.769|18|40|13|10|1|13|14||26|54|.481|7|21|.333|8|15|.533|8|28|20|2|3|17|13
18|18|2014-01-16||Saint Francis (PA)|W|73|68|23|52|.442|8|17|.471|19|22|.864|10|27|10|11|0|13|18||24|41|.585|11|23|.478|9|16|.563|1|18|15|5|2|18|18
19|19|2014-01-18|@|Mount St. Mary's|W|77|69|24|56|.429|4|8|.500|25|30|.833|12|37|9|5|2|10|17||26|62|.419|7|29|.241|10|13|.769|9|28|15|6|5|11|25
20|20|2014-01-23||Sacred Heart|W|91|65|30|56|.536|4|13|.308|27|36|.750|9|31|14|10|1|5|13||24|53|.453|9|24|.375|8|13|.615|7|28|18|3|2|17|25
21|21|2014-01-25||Wagner|W|74|70|23|54|.426|10|17|.588|18|26|.692|7|33|10|9|2|9|18||26|61|.426|7|17|.412|11|19|.579|11|35|11|5|7|13|21
22|22|2014-01-30||Bryant|W|79|76|27|58|.466|9|26|.346|16|17|.941|10|34|13|5|2|11|15||31|60|.517|6|21|.286|8|12|.667|8|25|15|7|1|10|15
23|23|2014-02-01||Central Connecticut State|L|73|74|26|58|.448|8|26|.308|13|22|.591|12|29|12|10|2|10|11||26|56|.464|9|20|.450|13|13|1.000|12|36|10|8|2|17|18
24|24|2014-02-06|@|Long Island University|W|65|56|23|57|.404|7|19|.368|12|14|.857|9|36|14|4|4|10|19||20|62|.323|4|18|.222|12|17|.706|10|30|15|5|4|7|16
25|25|2014-02-08|@|St. Francis (NY)|W|72|50|27|54|.500|8|10|.800|10|14|.714|9|32|14|8|2|9|17||18|53|.340|5|18|.278|9|12|.750|9|27|14|6|3|13|13
26|26|2014-02-13|@|Saint Francis (PA)|W|66|60|23|42|.548|4|11|.364|16|24|.667|7|31|6|6|0|10|12||25|52|.481|7|25|.280|3|8|.375|5|20|14|3|3|8|17
27|27|2014-02-15||Mount St. Mary's|W|69|61|26|58|.448|4|12|.333|13|17|.765|8|36|13|6|0|13|16||21|53|.396|7|27|.259|12|16|.750|2|22|10|7|6|13|17
28|28|2014-02-20||Long Island University|W|73|64|24|56|.429|7|22|.318|18|26|.692|9|33|11|6|1|6|16||23|48|.479|8|19|.421|10|16|.625|4|27|14|1|2|11|19
29|29|2014-02-22||St. Francis (NY)|W (1 OT)|71|70|28|64|.438|6|23|.261|9|10|.900|8|29|12|7|4|10|13||30|59|.508|8|24|.333|2|8|.250|9|33|17|5|3|13|13
30|30|2014-02-27|@|Fairleigh Dickinson|W|69|64|19|57|.333|7|23|.304|24|29|.828|12|36|11|10|5|8|15||21|60|.350|8|28|.286|14|15|.933|12|39|13|4|6|14|18
31|31|2014-03-01|@|Wagner|L|48|59|17|62|.274|6|27|.222|8|18|.444|14|33|6|9|2|12|16||22|57|.386|4|18|.222|11|15|.733|10|44|12|4|12|14|17
32|32|2014-03-05||Fairleigh Dickinson|W|60|53|22|47|.468|6|14|.429|10|14|.714|7|29|15|8|3|14|12||20|55|.364|3|17|.176|10|13|.769|9|29|10|7|2|12|16
33|33|2014-03-08||Saint Francis (PA)|W|60|57|18|44|.409|3|11|.273|21|24|.875|4|23|6|8|1|10|14||17|48|.354|8|27|.296|15|19|.789|9|28|8|7|3|12|17
34|34|2014-03-11||Mount St. Mary's|L|71|88|25|55|.455|5|16|.313|16|19|.842|7|25|9|8|2|13|17||32|53|.604|8|18|.444|16|25|.640|7|27|12|6|3|12|13
35|35|2014-03-18|@|St. John's (NY)|W|89|78|27|56|.482|16|32|.500|19|27|.704|4|37|18|3|2|11|10||29|78|.372|16|37|.432|4|5|.800|9|37|16|6|5|6|20
36|36|2014-03-21|@|Belmont|L|71|82|26|66|.394|9|29|.310|10|12|.833|12|34|9|10|2|15|20||25|58|.431|8|26|.308|24|25|.960|8|35|17|7|6|12|10
