ranker|game_season|date_game|game_location|opp_id|game_result|pts|opp_pts|fg|fga|fg_pct|fg3|fg3a|fg3_pct|ft|fta|ft_pct|orb|trb|ast|stl|blk|tov|pf|x|opp_fg|opp_fga|opp_fg_pct|opp_fg3|opp_fg3a|opp_fg3_pct|opp_ft|opp_fta|opp_ft_pct|opp_orb|opp_trb|opp_ast|opp_stl|opp_blk|opp_tov|opp_pf|
1|1|2013-11-08||Florida A&M|W|92|84|31|64|.484|6|19|.316|24|35|.686|16|46|13|9|6|15|23||30|75|.400|7|20|.350|17|26|.654|15|32|11|11|5|20|30
2|2|2013-11-11|@|Alabama-Birmingham|L|76|79|25|58|.431|7|21|.333|19|26|.731|4|23|14|5|6|3|25||27|64|.422|2|14|.143|23|34|.676|21|52|11|1|2|9|20
3|3|2013-11-14||Yale|W|72|71|24|55|.436|5|16|.313|19|28|.679|11|31|9|10|3|12|20||23|49|.469|7|20|.350|18|24|.750|5|27|12|5|2|12|22
4|4|2013-11-18||Canisius|W|66|51|23|63|.365|6|26|.231|14|22|.636|15|45|15|4|4|7|15||20|60|.333|6|20|.300|5|9|.556|9|33|5|2|2|8|19
5|5|2013-11-19||Drexel|L|59|70|21|53|.396|4|15|.267|13|21|.619|9|32|9|3|3|14|23||23|51|.451|8|17|.471|16|25|.640|4|30|15|4|0|10|24
6|6|2013-11-23||William & Mary|L|62|72|22|54|.407|10|19|.526|8|12|.667|5|30|10|7|7|14|21||23|50|.460|5|17|.294|21|32|.656|8|32|10|6|3|15|18
7|7|2013-11-25||Stillman|W|116|89|41|68|.603|11|22|.500|23|30|.767|11|49|23|5|0|15|24||26|76|.342|13|40|.325|24|27|.889|13|31|18|6|4|7|21
8|8|2013-11-26||Fairleigh Dickinson|L|72|73|22|57|.386|7|20|.350|21|29|.724|16|33|12|7|5|10|21||21|49|.429|11|23|.478|20|25|.800|8|30|11|4|4|12|23
9|9|2013-12-04|@|George Washington|L|87|93|31|61|.508|13|27|.481|12|14|.857|11|26|15|2|4|15|28||30|57|.526|6|12|.500|27|37|.730|12|30|20|7|3|11|17
10|10|2013-12-08||Seton Hall|L|71|77|24|62|.387|6|19|.316|17|25|.680|10|25|11|8|7|13|22||23|48|.479|9|21|.429|22|27|.815|10|34|12|9|2|20|24
11|11|2013-12-11||Princeton|L|73|78|29|58|.500|7|19|.368|8|12|.667|8|29|16|8|3|9|17||25|51|.490|16|34|.471|12|15|.800|6|27|18|3|2|11|12
12|12|2013-12-14||North Carolina-Greensboro|W|89|72|31|62|.500|9|20|.450|18|25|.720|9|33|22|10|4|10|18||27|62|.435|7|18|.389|11|17|.647|10|33|14|7|2|18|25
13|13|2013-12-22||Army|W|75|72|27|60|.450|2|13|.154|19|31|.613|20|38|14|5|7|13|13||27|64|.422|11|29|.379|7|11|.636|17|32|16|5|4|11|21
14|14|2014-01-01||Temple|W|71|66|28|61|.459|4|11|.364|11|14|.786|8|36|13|2|8|9|13||24|72|.333|8|19|.421|10|16|.625|18|41|9|5|4|7|17
15|15|2014-01-04||Louisville|L|76|83|24|58|.414|4|18|.222|24|32|.750|13|28|13|9|4|18|32||20|46|.435|2|10|.200|41|46|.891|9|29|7|15|4|17|30
16|16|2014-01-11|@|Cincinnati|L|51|71|19|56|.339|2|15|.133|11|21|.524|10|28|9|6|3|13|28||18|42|.429|4|18|.222|31|40|.775|3|32|12|5|7|14|21
17|17|2014-01-15||Central Florida|W|85|75|31|66|.470|10|22|.455|13|18|.722|9|31|18|7|9|8|25||22|61|.361|5|25|.200|26|34|.765|15|43|10|3|3|14|19
18|18|2014-01-19|@|Houston|L|55|77|24|77|.312|1|10|.100|6|10|.600|20|42|5|12|3|10|15||29|58|.500|11|25|.440|8|13|.615|6|36|21|4|9|13|9
19|19|2014-01-21|@|Southern Methodist|L|56|70|18|55|.327|5|17|.294|15|19|.789|11|29|9|8|1|18|23||20|43|.465|3|11|.273|27|34|.794|8|33|12|11|5|14|16
20|20|2014-01-25||Connecticut|L|71|82|21|52|.404|8|18|.444|21|25|.840|6|27|14|1|8|11|23||26|54|.481|6|18|.333|24|30|.800|6|28|11|6|4|9|22
21|21|2014-01-29|@|Temple|L|82|88|29|55|.527|10|17|.588|14|17|.824|8|23|14|2|2|13|21||31|59|.525|6|19|.316|20|25|.800|9|23|17|8|3|6|19
22|22|2014-02-01||Houston|W|93|70|31|59|.525|7|17|.412|24|31|.774|4|28|11|4|7|9|23||27|63|.429|3|17|.176|13|24|.542|11|36|10|5|2|14|23
23|23|2014-02-04|@|Memphis|L|69|101|23|56|.411|5|19|.263|18|33|.545|12|29|11|9|2|17|15||36|61|.590|12|19|.632|17|21|.810|11|39|26|8|4|14|25
24|24|2014-02-08|@|South Florida|W|79|69|27|57|.474|4|14|.286|21|26|.808|10|35|13|5|4|9|15||25|58|.431|2|11|.182|17|20|.850|6|26|12|2|0|12|24
25|25|2014-02-14||Southern Methodist|L|65|77|23|56|.411|3|14|.214|16|24|.667|10|31|16|4|5|7|20||24|49|.490|8|18|.444|21|30|.700|7|31|14|2|4|8|23
26|26|2014-02-16|@|Louisville|L|54|102|17|48|.354|5|20|.250|15|23|.652|8|23|10|4|1|18|20||34|61|.557|16|30|.533|18|25|.720|12|38|23|11|5|9|21
27|27|2014-02-20||Memphis|L|59|64|24|64|.375|4|20|.200|7|11|.636|12|32|15|8|4|11|18||22|46|.478|4|13|.308|16|21|.762|5|30|16|9|3|16|15
28|28|2014-02-26|@|Central Florida|L|65|67|27|61|.443|6|18|.333|5|10|.500|11|37|12|5|2|17|25||21|54|.389|6|19|.316|19|30|.633|7|29|11|11|6|12|16
29|29|2014-03-01||South Florida|W|74|73|24|61|.393|6|19|.316|20|22|.909|12|27|11|5|6|4|17||25|55|.455|5|9|.556|18|21|.857|10|32|11|2|5|11|21
30|30|2014-03-05|@|Connecticut|L|63|69|24|55|.436|8|18|.444|7|11|.636|9|32|10|3|1|14|17||25|53|.472|12|25|.480|7|13|.538|4|26|14|7|5|11|13
31|31|2014-03-08||Cincinnati|L|66|70|24|60|.400|7|21|.333|11|16|.688|13|38|17|4|3|11|17||25|55|.455|9|20|.450|11|17|.647|8|33|17|5|3|11|16
32|32|2014-03-12|N|South Florida|W|72|68|22|49|.449|4|13|.308|24|30|.800|3|30|8|4|4|14|24||24|52|.462|0|4|.000|20|35|.571|7|29|13|10|3|12|22
33|33|2014-03-13|N|Louisville|L|31|92|12|50|.240|3|16|.188|4|8|.500|6|29|6|5|4|26|19||32|70|.457|8|27|.296|20|30|.667|15|47|16|19|3|10|13
