ranker|game_season|date_game|game_location|opp_id|game_result|pts|opp_pts|fg|fga|fg_pct|fg3|fg3a|fg3_pct|ft|fta|ft_pct|orb|trb|ast|stl|blk|tov|pf|x|opp_fg|opp_fga|opp_fg_pct|opp_fg3|opp_fg3a|opp_fg3_pct|opp_ft|opp_fta|opp_ft_pct|opp_orb|opp_trb|opp_ast|opp_stl|opp_blk|opp_tov|opp_pf|
1|1|2013-11-09|@|Long Island University|L|80|87|33|64|.516|3|11|.273|11|21|.524|11|32|17|11|6|11|23||25|56|.446|11|24|.458|26|35|.743|10|28|19|7|2|16|22
2|2|2013-11-12||Hampton|L|59|64|18|47|.383|2|12|.167|21|32|.656|12|39|7|7|4|15|24||19|47|.404|5|13|.385|21|30|.700|5|28|11|2|6|11|23
3|3|2013-11-17|@|Kent State|L|58|75|20|50|.400|8|24|.333|10|12|.833|5|21|14|6|5|11|15||28|54|.519|7|17|.412|12|17|.706|10|30|15|6|3|8|15
4|4|2013-11-23|@|Fairleigh Dickinson|W|67|63|16|47|.340|6|20|.300|29|37|.784|13|36|9|4|4|13|20||22|59|.373|9|23|.391|10|18|.556|11|30|11|5|5|7|27
5|5|2013-11-26||Binghamton|W|70|57|26|62|.419|7|23|.304|11|16|.688|11|36|12|10|2|14|20||20|47|.426|6|20|.300|11|21|.524|3|26|8|10|1|17|20
6|6|2013-11-30|@|Boston University|L|65|66|20|42|.476|6|16|.375|19|24|.792|3|26|8|2|2|13|18||22|53|.415|3|21|.143|19|29|.655|6|26|10|4|0|9|20
7|7|2013-12-06|@|Canisius|L|67|82|25|54|.463|4|12|.333|13|19|.684|9|31|12|4|4|13|17||29|60|.483|7|22|.318|17|23|.739|9|25|16|7|5|6|15
8|8|2013-12-08|@|Niagara|L|56|61|18|50|.360|5|18|.278|15|19|.789|11|39|6|7|3|21|17||23|56|.411|4|19|.211|11|21|.524|8|25|11|16|3|12|19
9|9|2013-12-14|@|Seton Hall|W (1 OT)|83|80|30|65|.462|10|19|.526|13|21|.619|8|31|13|6|6|8|21||24|57|.421|7|20|.350|25|28|.893|9|38|9|5|7|15|23
10|10|2013-12-22|@|Hartford|L|56|66|23|57|.404|3|14|.214|7|18|.389|15|33|5|8|2|10|19||22|44|.500|7|17|.412|15|18|.833|5|26|12|3|1|13|19
11|11|2013-12-28||Cornell|W|67|59|18|49|.367|4|16|.250|27|32|.844|6|31|9|11|4|7|12||22|55|.400|8|22|.364|7|9|.778|9|33|10|4|2|14|21
12|12|2014-01-02||Manhattan|L|62|74|14|47|.298|3|14|.214|31|39|.795|10|28|5|7|6|17|26||20|49|.408|5|23|.217|29|38|.763|8|33|11|11|4|15|28
13|13|2014-01-04||Canisius|L|63|67|23|57|.404|9|19|.474|8|12|.667|12|29|12|6|3|13|14||24|54|.444|10|25|.400|9|10|.900|8|27|10|6|5|12|16
14|14|2014-01-08|@|Fairfield|W|56|55|18|58|.310|5|16|.313|15|19|.789|11|34|12|7|6|8|17||18|50|.360|4|16|.250|15|17|.882|8|36|7|1|2|12|18
15|15|2014-01-12||Quinnipiac|W|74|67|22|63|.349|8|22|.364|22|26|.846|12|37|8|3|12|8|15||25|75|.333|2|11|.182|15|18|.833|18|44|8|1|8|8|21
16|16|2014-01-16|@|Rider|W|77|69|19|47|.404|8|17|.471|31|35|.886|5|27|12|5|3|6|19||22|55|.400|8|24|.333|17|22|.773|11|33|14|4|3|9|22
17|17|2014-01-20|@|Marist|L|63|70|23|57|.404|5|20|.250|12|18|.667|11|39|13|10|2|16|21||19|48|.396|5|16|.313|27|36|.750|5|28|12|8|2|12|18
18|18|2014-01-23|@|Siena|L|47|64|20|54|.370|2|12|.167|5|15|.333|7|25|5|5|3|11|24||24|61|.393|3|16|.188|13|18|.722|15|43|14|3|2|11|20
19|19|2014-01-26||Iona|L|63|71|25|62|.403|7|25|.280|6|10|.600|10|30|12|6|5|15|14||25|53|.472|8|20|.400|13|18|.722|10|34|17|9|5|13|12
20|20|2014-01-31||Rider|L|53|71|16|46|.348|7|24|.292|14|18|.778|4|21|9|5|3|11|10||27|58|.466|13|24|.542|4|7|.571|9|36|18|6|1|11|14
21|21|2014-02-04|@|Manhattan|L|49|64|18|50|.360|1|12|.083|12|22|.545|6|30|5|6|2|13|20||21|47|.447|9|19|.474|13|25|.520|7|35|14|6|4|13|22
22|22|2014-02-07||Siena|W|66|53|22|50|.440|3|17|.176|19|29|.655|10|33|11|6|4|9|22||17|44|.386|2|10|.200|17|25|.680|7|30|13|4|1|14|24
23|23|2014-02-09||Monmouth|W|61|50|21|50|.420|7|22|.318|12|18|.667|8|30|13|6|11|11|12||18|62|.290|1|14|.071|13|17|.765|16|38|7|5|1|10|20
24|24|2014-02-12|@|Iona|L|59|62|25|51|.490|5|10|.500|4|9|.444|5|28|13|7|3|11|16||19|49|.388|9|25|.360|15|21|.714|7|27|11|6|5|13|13
25|25|2014-02-16|@|Quinnipiac|L|64|74|23|56|.411|4|20|.200|14|24|.583|10|26|11|7|7|6|18||29|58|.500|3|10|.300|13|20|.650|13|37|15|2|5|10|19
26|26|2014-02-20||Marist|W|58|57|22|50|.440|9|19|.474|5|8|.625|12|36|10|4|4|13|16||21|51|.412|7|17|.412|8|18|.444|10|23|10|8|3|7|12
27|27|2014-02-22|@|Monmouth|W|61|51|16|43|.372|7|20|.350|22|32|.688|10|33|9|7|5|11|19||19|51|.373|3|13|.231|10|16|.625|11|31|7|6|5|15|27
28|28|2014-02-25||Fairfield|W|63|62|22|44|.500|3|11|.273|16|23|.696|5|22|6|5|4|11|18||23|49|.469|3|13|.231|13|20|.650|9|26|7|5|1|9|20
29|29|2014-03-02||Niagara|W|71|67|23|49|.469|6|15|.400|19|27|.704|9|31|14|7|5|10|16||23|50|.460|10|21|.476|11|21|.524|6|25|12|5|2|8|22
30|30|2014-03-06|N|Fairfield|W (1 OT)|65|62|20|54|.370|3|9|.333|22|27|.815|12|38|3|6|2|12|17||22|52|.423|5|17|.294|13|16|.813|2|22|8|5|3|10|19
31|31|2014-03-08|N|Manhattan|L|58|72|20|43|.465|3|7|.429|15|20|.750|6|25|8|8|3|18|28||20|46|.435|3|10|.300|29|42|.690|11|30|6|6|3|15|20
