ranker|game_season|date_game|game_location|opp_id|game_result|pts|opp_pts|fg|fga|fg_pct|fg3|fg3a|fg3_pct|ft|fta|ft_pct|orb|trb|ast|stl|blk|tov|pf|x|opp_fg|opp_fga|opp_fg_pct|opp_fg3|opp_fg3a|opp_fg3_pct|opp_ft|opp_fta|opp_ft_pct|opp_orb|opp_trb|opp_ast|opp_stl|opp_blk|opp_tov|opp_pf|
1|1|2013-11-08||Notre Dame de Namur|W|95|57|33|69|.478|13|34|.382|16|21|.762|12|35|22|11|4|10|21||19|44|.432|5|13|.385|14|25|.560|6|28|11|2|2|24|20
2|2|2013-11-13||Cleveland State|W|91|82|33|58|.569|8|16|.500|17|23|.739|8|29|25|7|1|16|17||29|57|.509|8|21|.381|16|21|.762|9|26|12|7|4|15|23
3|3|2013-11-15||Nevada|L|90|92|30|63|.476|7|19|.368|23|35|.657|10|25|12|4|2|8|27||33|58|.569|8|19|.421|18|28|.643|12|37|8|5|7|11|24
4|4|2013-11-18||Idaho State|L (1 OT)|90|93|34|73|.466|17|46|.370|5|12|.417|14|35|21|9|4|16|22||30|60|.500|8|15|.533|25|35|.714|8|34|14|12|4|16|15
5|5|2013-11-22|@|Montana|W|75|74|30|55|.545|5|10|.500|10|22|.455|12|33|12|9|2|13|15||28|52|.538|12|28|.429|6|14|.429|7|24|14|5|5|16|18
6|6|2013-11-24|@|Oregon|L|82|100|25|68|.368|8|28|.286|24|34|.706|14|36|13|6|1|12|28||33|60|.550|11|19|.579|23|36|.639|6|37|17|5|4|11|23
7|7|2013-11-27||Sonoma State|W|96|73|30|55|.545|6|15|.400|30|42|.714|12|35|9|9|4|13|25||24|65|.369|4|19|.211|21|28|.750|13|29|9|2|3|16|29
8|8|2013-11-29||Vermont|W|72|61|25|49|.510|6|10|.600|16|25|.640|10|32|17|12|4|13|22||21|48|.438|6|19|.316|13|24|.542|9|24|11|6|2|15|23
9|9|2013-11-30||Illinois State|L|76|90|31|62|.500|4|27|.148|10|23|.435|11|34|12|5|4|18|16||31|65|.477|13|27|.481|15|16|.938|6|29|22|10|2|15|21
10|10|2013-12-14||Nicholls State|W|77|48|23|40|.575|8|17|.471|23|34|.676|4|33|17|4|0|14|20||17|53|.321|3|22|.136|11|15|.733|8|24|9|6|1|14|27
11|11|2013-12-18|@|St. John's (NY)|L|57|81|20|41|.488|5|11|.455|12|23|.522|4|19|14|4|2|21|24||29|59|.492|4|11|.364|19|28|.679|12|31|13|5|9|11|20
12|12|2013-12-22||American|W|77|69|28|46|.609|7|12|.583|14|23|.609|4|21|19|4|2|8|19||24|49|.490|11|28|.393|10|15|.667|7|25|16|2|3|10|22
13|13|2013-12-28|@|Portland|W (1 OT)|87|81|32|53|.604|5|14|.357|18|28|.643|7|35|15|4|2|11|19||30|62|.484|10|20|.500|11|19|.579|8|17|25|7|2|5|20
14|14|2013-12-30|@|Gonzaga|L|41|69|14|55|.255|6|21|.286|7|17|.412|10|32|12|6|4|16|20||25|58|.431|8|23|.348|11|20|.550|10|43|16|10|5|12|17
15|15|2014-01-02||Loyola Marymount|W|75|61|25|52|.481|8|18|.444|17|28|.607|13|37|11|4|1|13|22||18|48|.375|3|13|.231|22|26|.846|7|25|6|7|3|13|23
16|16|2014-01-04||Pepperdine|W|76|66|27|67|.403|6|16|.375|16|19|.842|15|35|15|9|4|9|16||24|56|.429|6|17|.353|12|17|.706|11|34|6|4|5|15|18
17|17|2014-01-09|@|Pacific|W (1 OT)|81|72|27|63|.429|8|17|.471|19|27|.704|9|36|17|7|6|9|25||18|57|.316|6|23|.261|30|37|.811|9|38|9|4|5|11|25
18|18|2014-01-11|@|Saint Mary's (CA)|L|73|88|26|51|.510|5|18|.278|16|22|.727|10|27|12|2|1|8|25||24|43|.558|11|21|.524|29|37|.784|6|23|17|6|2|6|22
19|19|2014-01-16||Brigham Young|L|76|83|26|60|.433|5|10|.500|19|24|.792|15|38|13|2|4|16|24||25|53|.472|5|11|.455|28|37|.757|8|28|5|8|3|10|23
20|20|2014-01-18||San Diego|W|64|62|23|43|.535|6|11|.545|12|22|.545|5|29|10|2|3|10|13||21|49|.429|8|18|.444|12|15|.800|4|24|11|7|4|7|19
21|21|2014-01-25||Santa Clara|W|75|66|24|49|.490|4|18|.222|23|28|.821|12|37|12|5|2|15|15||23|59|.390|6|20|.300|14|18|.778|8|22|6|7|2|9|21
22|22|2014-01-29||Portland|W|84|71|27|48|.563|7|16|.438|23|33|.697|9|30|11|3|2|8|16||26|53|.491|10|20|.500|9|13|.692|7|21|10|2|2|10|25
23|23|2014-02-01||Gonzaga|L|65|75|20|58|.345|8|25|.320|17|22|.773|9|32|13|7|2|14|24||19|49|.388|3|16|.188|34|41|.829|9|37|5|9|5|14|19
24|24|2014-02-06|@|San Diego|W|74|67|29|58|.500|6|24|.250|10|21|.476|8|35|13|5|0|6|16||24|57|.421|8|26|.308|11|17|.647|7|31|12|4|1|10|20
25|25|2014-02-08|@|Brigham Young|L|63|68|26|53|.491|5|14|.357|6|11|.545|5|27|15|7|3|13|25||25|60|.417|4|14|.286|14|29|.483|18|43|15|6|3|13|16
26|26|2014-02-15|@|Santa Clara|W|69|63|21|56|.375|6|20|.300|21|31|.677|13|41|10|0|4|5|12||24|60|.400|8|25|.320|7|11|.636|8|34|10|1|7|5|25
27|27|2014-02-20||Saint Mary's (CA)|W|73|62|24|48|.500|7|14|.500|18|28|.643|6|32|16|4|3|4|19||23|58|.397|5|26|.192|11|18|.611|14|40|5|2|2|8|21
28|28|2014-02-22||Pacific|W|64|59|22|46|.478|3|17|.176|17|29|.586|4|26|14|6|1|10|15||24|59|.407|4|16|.250|7|8|.875|9|31|4|6|0|11|24
29|29|2014-02-27|@|Pepperdine|W|77|53|27|53|.509|10|23|.435|13|19|.684|5|37|23|5|4|9|14||19|57|.333|2|16|.125|13|18|.722|3|25|10|4|1|9|16
30|30|2014-03-01|@|Loyola Marymount|W|65|61|24|49|.490|6|14|.429|11|22|.500|13|42|14|2|2|14|11||24|56|.429|6|20|.300|7|12|.583|6|27|12|7|1|7|19
31|31|2014-03-08|N|San Diego|W|69|60|20|47|.426|7|17|.412|22|30|.733|7|33|11|1|1|9|22||19|51|.373|10|31|.323|12|20|.600|7|25|14|6|2|10|25
32|32|2014-03-10|N|Brigham Young|L (1 OT)|77|79|28|66|.424|9|23|.391|12|19|.632|11|32|15|7|4|10|18||26|62|.419|3|10|.300|24|28|.857|13|39|9|4|2|13|21
33|33|2014-03-19||Louisiana State|L|63|71|27|65|.415|3|23|.130|6|10|.600|14|34|14|5|2|8|16||25|54|.463|8|22|.364|13|19|.684|7|32|11|6|5|10|12
