ranker|game_season|date_game|game_location|opp_id|game_result|pts|opp_pts|fg|fga|fg_pct|fg3|fg3a|fg3_pct|ft|fta|ft_pct|orb|trb|ast|stl|blk|tov|pf|x|opp_fg|opp_fga|opp_fg_pct|opp_fg3|opp_fg3a|opp_fg3_pct|opp_ft|opp_fta|opp_ft_pct|opp_orb|opp_trb|opp_ast|opp_stl|opp_blk|opp_tov|opp_pf|
1|1|2013-11-08||South Dakota State|W|74|70|26|55|.473|9|21|.429|13|26|.500|7|33|11|8|4|19|23||24|56|.429|6|20|.300|16|23|.696|8|33|15|10|6|16|20
2|2|2013-11-09||Grand Canyon|W|70|59|25|48|.521|5|14|.357|15|19|.789|3|30|15|3|5|11|23||18|52|.346|6|24|.250|17|26|.654|13|28|9|6|2|10|22
3|3|2013-11-14|@|Morgan State|W|68|61|27|61|.443|2|14|.143|12|19|.632|12|38|7|8|4|17|19||23|60|.383|5|21|.238|10|21|.476|10|31|9|8|3|15|21
4|4|2013-11-16|@|Northern Kentucky|W|75|44|26|50|.520|6|14|.429|17|24|.708|8|43|6|3|4|10|21||16|66|.242|3|28|.107|9|22|.409|20|38|7|6|2|7|18
5|5|2013-11-21||San Diego Christian|W|82|46|34|67|.507|2|15|.133|12|16|.750|12|41|16|13|5|9|18||15|58|.259|3|21|.143|13|20|.650|16|34|4|3|2|16|15
6|6|2013-11-25|N|Illinois-Chicago|L|70|74|21|55|.382|8|27|.296|20|28|.714|9|30|7|4|4|9|23||22|53|.415|8|21|.381|22|31|.710|11|36|8|6|1|11|21
7|7|2013-11-26|N|North Carolina-Greensboro|W|83|71|28|52|.538|4|14|.286|23|31|.742|6|27|13|4|2|7|16||26|54|.481|7|22|.318|12|16|.750|5|23|14|4|2|12|24
8|8|2013-11-27|N|Southern Illinois|W|59|56|14|48|.292|5|20|.250|26|32|.813|11|34|9|3|2|9|16||22|52|.423|1|10|.100|11|16|.688|5|28|9|5|3|6|22
9|9|2013-11-30|@|New Mexico|L|66|73|25|62|.403|9|24|.375|7|8|.875|3|21|15|9|0|7|23||21|49|.429|5|20|.250|26|29|.897|10|38|15|2|6|12|14
10|10|2013-12-05||San Diego State|L|64|65|21|51|.412|8|14|.571|14|17|.824|5|26|12|5|5|13|21||21|58|.362|4|12|.333|19|30|.633|13|36|11|6|5|13|18
11|11|2013-12-10||Pacifica|W|84|47|35|70|.500|6|14|.429|8|14|.571|24|56|15|10|5|13|9||17|57|.298|8|28|.286|5|6|.833|5|20|11|11|3|14|12
12|12|2013-12-15||California-Santa Barbara|L|61|72|24|60|.400|8|26|.308|5|12|.417|13|32|11|4|2|14|20||23|43|.535|9|20|.450|17|25|.680|2|25|14|7|5|13|14
13|13|2013-12-21||Southern Utah|W|67|52|21|41|.512|3|7|.429|22|30|.733|10|29|10|11|1|13|15||20|52|.385|9|19|.474|3|4|.750|9|20|12|5|4|17|22
14|14|2013-12-28|@|Pepperdine|L|64|75|23|56|.411|7|16|.438|11|17|.647|16|32|9|2|9|14|16||27|57|.474|9|22|.409|12|15|.800|10|29|20|7|3|8|18
15|15|2013-12-30|@|Loyola Marymount|L|62|65|24|52|.462|10|21|.476|4|7|.571|6|30|15|6|3|14|15||25|54|.463|4|14|.286|11|14|.786|6|24|19|9|3|9|11
16|16|2014-01-04|@|Brigham Young|L|53|87|20|58|.345|2|17|.118|11|18|.611|5|19|11|2|3|9|24||31|58|.534|8|17|.471|17|24|.708|5|30|25|4|1|9|18
17|17|2014-01-09||Loyola Marymount|W|74|67|24|54|.444|3|3|1.000|23|29|.793|10|30|8|4|7|15|19||25|52|.481|6|15|.400|11|15|.733|7|20|8|3|6|13|21
18|18|2014-01-11||Pepperdine|L|65|69|23|42|.548|5|11|.455|14|25|.560|4|24|9|4|5|17|22||21|48|.438|7|15|.467|20|27|.741|7|26|10|11|1|12|20
19|19|2014-01-16|@|Santa Clara|W|69|66|24|45|.533|7|12|.583|14|20|.700|4|25|12|4|1|10|15||24|51|.471|4|14|.286|14|19|.737|7|28|12|6|5|9|17
20|20|2014-01-18|@|San Francisco|L|62|64|21|49|.429|8|18|.444|12|15|.800|4|24|11|7|4|7|19||23|43|.535|6|11|.545|12|22|.545|5|29|10|2|3|10|13
21|21|2014-01-23|@|Gonzaga|L|56|59|19|46|.413|4|14|.286|14|15|.933|4|23|3|6|5|8|12||25|52|.481|7|18|.389|2|4|.500|7|28|12|4|1|8|11
22|22|2014-01-25|@|Portland|W|65|63|23|46|.500|8|12|.667|11|19|.579|5|27|10|7|6|17|16||23|60|.383|5|16|.313|12|15|.800|14|33|11|13|4|12|18
23|23|2014-01-30||Saint Mary's (CA)|W|61|43|20|50|.400|7|17|.412|14|17|.824|6|32|9|8|6|8|19||13|52|.250|1|14|.071|16|23|.696|14|36|5|4|4|11|19
24|24|2014-02-01||Pacific|L|67|84|21|42|.500|11|21|.524|14|26|.538|5|20|14|3|7|12|19||29|53|.547|8|15|.533|18|21|.857|8|28|8|4|1|11|23
25|25|2014-02-06||San Francisco|L|67|74|24|57|.421|8|26|.308|11|17|.647|7|31|12|4|1|10|20||29|58|.500|6|24|.250|10|21|.476|8|35|13|5|0|6|16
26|26|2014-02-08||Santa Clara|L|63|69|20|53|.377|4|12|.333|19|30|.633|13|31|12|9|7|10|18||23|54|.426|10|20|.500|13|17|.765|10|31|10|7|5|15|23
27|27|2014-02-13|@|Saint Mary's (CA)|L|57|69|22|43|.512|3|14|.214|10|13|.769|8|22|11|2|2|13|16||25|49|.510|7|17|.412|12|15|.800|9|23|13|7|2|7|16
28|28|2014-02-15|@|Pacific|W|70|55|20|41|.488|9|16|.563|21|28|.750|9|33|14|4|4|17|24||18|47|.383|3|15|.200|16|22|.727|7|22|10|4|1|12|25
29|29|2014-02-20||Portland|W|61|59|20|48|.417|6|14|.429|15|23|.652|6|30|11|6|5|8|11||23|54|.426|6|19|.316|7|9|.778|4|29|11|7|4|11|19
30|30|2014-02-22||Gonzaga|W|69|66|19|47|.404|8|22|.364|23|33|.697|5|28|10|9|1|7|15||27|54|.500|6|13|.462|6|11|.545|8|31|16|3|5|13|23
31|31|2014-03-01||Brigham Young|L|70|78|25|58|.431|10|26|.385|10|13|.769|12|29|15|8|1|15|20||27|52|.519|9|16|.563|15|22|.682|10|29|16|8|3|17|15
32|32|2014-03-08|N|San Francisco|L|60|69|19|51|.373|10|31|.323|12|20|.600|7|25|14|6|2|10|25||20|47|.426|7|17|.412|22|30|.733|7|33|11|1|1|9|22
33|33|2014-03-18||Portland State|W|87|65|31|57|.544|9|16|.563|16|25|.640|8|37|24|5|9|10|20||21|55|.382|6|18|.333|17|22|.773|6|29|5|6|1|9|18
34|34|2014-03-22|@|Sam Houston State|W|77|72|27|46|.587|9|17|.529|14|17|.824|4|28|21|7|3|15|16||25|55|.455|7|16|.438|15|19|.789|7|22|17|7|1|10|14
35|35|2014-03-26|@|Pacific|L|60|75|20|54|.370|2|20|.100|18|23|.783|6|27|8|4|3|12|24||24|50|.480|6|12|.500|21|29|.724|7|35|12|4|1|11|20
