ranker|game_season|date_game|game_location|opp_id|game_result|pts|opp_pts|fg|fga|fg_pct|fg3|fg3a|fg3_pct|ft|fta|ft_pct|orb|trb|ast|stl|blk|tov|pf|x|opp_fg|opp_fga|opp_fg_pct|opp_fg3|opp_fg3a|opp_fg3_pct|opp_ft|opp_fta|opp_ft_pct|opp_orb|opp_trb|opp_ast|opp_stl|opp_blk|opp_tov|opp_pf|
1|1|2013-11-09||Niagara|W|83|72|24|50|.480|2|9|.222|33|52|.635|5|32|11|7|2|12|36||19|51|.373|2|17|.118|32|50|.640|10|40|6|6|2|16|37
2|2|2013-11-13||Kent State|W|78|76|19|39|.487|8|20|.400|32|43|.744|7|35|13|4|4|12|18||27|57|.474|8|21|.381|14|18|.778|3|21|12|6|3|8|31
3|3|2013-11-16|@|Mercer|L (2 OT)|74|77|26|59|.441|5|20|.250|17|30|.567|10|34|11|15|1|23|22||28|61|.459|8|22|.364|13|18|.722|7|31|13|6|6|21|20
4|4|2013-11-18||Monmouth|W|82|66|26|49|.531|7|16|.438|23|28|.821|9|35|15|5|6|14|25||21|52|.404|7|18|.389|17|31|.548|8|23|12|5|4|14|23
5|5|2013-11-22|N|Oklahoma|L|85|86|23|56|.411|9|26|.346|30|35|.857|9|30|16|8|0|14|27||29|55|.527|6|20|.300|22|32|.688|9|31|14|9|6|15|22
6|6|2013-11-23|N|Virginia Tech|W|68|67|20|62|.323|10|26|.385|18|25|.720|12|37|14|3|5|7|15||23|57|.404|10|19|.526|11|15|.733|8|36|14|3|8|14|22
7|7|2013-12-01||Fairleigh Dickinson|L|54|58|20|53|.377|7|22|.318|7|11|.636|10|26|12|8|2|14|22||20|46|.435|5|14|.357|13|20|.650|10|31|11|9|5|15|18
8|8|2013-12-05||Long Island University|W|92|81|29|63|.460|14|38|.368|20|25|.800|13|32|15|8|1|6|21||26|53|.491|8|17|.471|21|25|.840|8|31|13|2|2|13|21
9|9|2013-12-08|@|Rutgers|W|77|71|23|48|.479|9|21|.429|22|27|.815|10|34|12|9|2|20|24||24|62|.387|6|19|.316|17|25|.680|10|25|11|8|7|13|22
10|10|2013-12-10||NJIT|W|71|55|24|50|.480|7|24|.292|16|22|.727|8|32|13|5|6|8|12||19|48|.396|9|19|.474|8|9|.889|5|24|8|3|2|12|19
11|11|2013-12-14||Saint Peter's|L (1 OT)|80|83|24|57|.421|7|20|.350|25|28|.893|9|38|9|5|7|15|23||30|65|.462|10|19|.526|13|21|.619|8|31|13|6|6|8|21
12|12|2013-12-22||Eastern Washington|W|92|70|29|51|.569|7|16|.438|27|38|.711|6|28|16|11|4|11|17||25|63|.397|10|27|.370|10|17|.588|15|36|11|5|3|16|25
13|13|2013-12-27||Lafayette|W|90|58|32|68|.471|5|24|.208|21|26|.808|12|50|15|10|5|8|17||21|65|.323|7|19|.368|9|15|.600|9|35|11|5|3|13|20
14|14|2013-12-31|@|Providence|W (2 OT)|81|80|27|61|.443|8|23|.348|19|23|.826|2|22|12|6|4|12|23||27|63|.429|5|17|.294|21|27|.778|8|35|13|8|3|14|20
15|15|2014-01-04||Creighton|L|66|79|19|42|.452|8|21|.381|20|30|.667|1|26|7|4|5|7|10||31|67|.463|10|27|.370|7|8|.875|9|36|18|5|0|4|20
16|16|2014-01-08||Villanova|L|67|83|22|48|.458|9|22|.409|14|16|.875|2|20|17|6|4|16|17||26|50|.520|12|23|.522|19|22|.864|4|26|14|4|7|11|19
17|17|2014-01-11|@|Marquette|L|66|67|24|58|.414|9|20|.450|9|14|.643|6|26|15|5|0|8|21||23|49|.469|3|15|.200|18|23|.783|6|33|14|3|4|12|17
18|18|2014-01-18|@|Georgetown|W|67|57|20|51|.392|11|20|.550|16|30|.533|14|38|14|7|1|10|17||18|53|.340|4|18|.222|17|21|.810|13|38|14|5|5|12|20
19|19|2014-01-23|@|St. John's (NY)|L|76|77|25|48|.521|8|21|.381|18|22|.818|3|26|8|8|1|19|20||29|57|.509|3|12|.250|16|21|.762|4|21|17|8|3|11|21
20|20|2014-01-25||DePaul|W|86|69|30|53|.566|8|20|.400|18|26|.692|5|29|21|7|2|12|19||23|55|.418|6|19|.316|17|23|.739|10|30|4|3|1|13|21
21|21|2014-01-29||Butler|L|57|64|23|57|.404|7|22|.318|4|8|.500|9|34|13|9|8|9|14||23|52|.442|7|16|.438|11|15|.733|4|30|14|8|1|11|14
22|22|2014-02-01|@|Xavier|W|68|60|21|47|.447|8|22|.364|18|22|.818|4|24|16|9|4|10|24||21|47|.447|2|14|.143|16|28|.571|10|29|15|2|3|13|18
23|23|2014-02-07|@|Villanova|L|53|70|20|46|.435|6|18|.333|7|12|.583|4|22|10|5|2|14|18||28|55|.509|5|21|.238|9|13|.692|9|32|19|7|3|10|12
24|24|2014-02-11||Marquette|L|66|77|24|45|.533|10|21|.476|8|14|.571|1|17|16|7|2|17|25||21|49|.429|5|14|.357|30|34|.882|12|32|9|7|3|13|15
25|25|2014-02-13||St. John's (NY)|L|67|68|26|58|.448|4|20|.200|11|18|.611|10|28|11|9|1|11|17||25|47|.532|3|10|.300|15|18|.833|5|28|11|3|5|19|15
26|26|2014-02-20||Georgetown|W|82|67|27|49|.551|8|17|.471|20|27|.741|6|32|20|5|0|7|16||25|60|.417|5|13|.385|12|15|.800|10|30|10|6|5|8|25
27|27|2014-02-23|@|Creighton|L|71|72|25|52|.481|7|17|.412|14|15|.933|10|33|16|6|2|11|21||22|43|.512|8|15|.533|20|31|.645|2|18|14|3|2|6|15
28|28|2014-02-25|@|DePaul|L|60|65|24|47|.511|7|18|.389|5|11|.455|3|13|12|11|1|10|17||21|35|.600|6|12|.500|17|18|.944|2|22|10|5|3|17|12
29|29|2014-02-28||Providence|L|69|74|24|60|.400|7|23|.304|14|22|.636|11|31|12|5|1|7|20||26|54|.481|3|14|.214|19|27|.704|7|36|13|4|7|7|19
30|30|2014-03-03||Xavier|W|71|62|23|49|.469|8|21|.381|17|26|.654|7|30|18|6|3|15|20||20|54|.370|3|22|.136|19|26|.731|10|30|7|11|2|13|23
31|31|2014-03-08|@|Butler|L|54|71|21|54|.389|3|14|.214|9|11|.818|6|25|7|4|4|12|19||24|47|.511|11|18|.611|12|22|.545|4|28|11|8|4|8|13
32|32|2014-03-12|N|Butler|W|51|50|21|53|.396|5|20|.250|4|8|.500|8|32|11|4|0|13|13||21|51|.412|2|18|.111|6|13|.462|8|32|12|5|6|12|12
33|33|2014-03-13|N|Villanova|W|64|63|25|55|.455|8|19|.421|6|9|.667|2|28|12|1|2|11|17||22|58|.379|4|19|.211|15|25|.600|10|35|9|9|5|7|11
34|34|2014-03-14|N|Providence|L|74|80|26|59|.441|6|23|.261|16|20|.800|6|26|12|4|1|7|26||23|47|.489|9|19|.474|25|35|.714|11|37|14|3|4|12|21
