ranker|game_season|date_game|game_location|opp_id|game_result|pts|opp_pts|fg|fga|fg_pct|fg3|fg3a|fg3_pct|ft|fta|ft_pct|orb|trb|ast|stl|blk|tov|pf|x|opp_fg|opp_fga|opp_fg_pct|opp_fg3|opp_fg3a|opp_fg3_pct|opp_ft|opp_fta|opp_ft_pct|opp_orb|opp_trb|opp_ast|opp_stl|opp_blk|opp_tov|opp_pf|
1|1|2013-11-08|@|Utah State|L|65|78|24|65|.369|4|24|.167|13|16|.813|18|39|12|3|4|7|17||29|60|.483|8|21|.381|12|19|.632|14|38|21|5|6|7|16
2|2|2013-11-12||Cal State Northridge|W|95|79|36|63|.571|7|16|.438|16|26|.615|9|37|24|6|4|14|25||23|69|.333|5|22|.227|28|37|.757|16|31|13|10|2|13|24
3|3|2013-11-15||Northern Arizona|W|67|63|23|52|.442|2|12|.167|19|36|.528|15|45|10|2|6|8|14||22|69|.319|9|28|.321|10|14|.714|14|33|13|3|1|5|22
4|4|2013-11-19||Cal State Fullerton|W|76|62|25|53|.472|5|13|.385|21|30|.700|7|37|14|4|7|14|20||25|62|.403|5|21|.238|7|18|.389|11|32|9|4|2|17|20
5|5|2013-11-21||West Alabama|W|73|57|27|60|.450|8|17|.471|11|15|.733|15|47|17|5|9|16|13||21|68|.309|11|29|.379|4|7|.571|14|32|14|8|4|9|14
6|6|2013-11-28|N|Villanova|L|79|94|25|61|.410|4|13|.308|25|40|.625|12|34|7|8|3|16|24||31|63|.492|11|28|.393|21|30|.700|10|36|20|8|5|15|30
7|7|2013-11-29|N|Wake Forest|L|63|77|24|61|.393|5|25|.200|10|19|.526|13|36|15|4|3|14|18||30|57|.526|5|18|.278|12|22|.545|7|35|22|7|3|11|18
8|8|2013-11-30|N|Xavier|W|84|78|30|61|.492|8|19|.421|16|22|.727|8|35|22|10|4|17|21||30|65|.462|7|20|.350|11|20|.550|8|28|16|11|4|19|23
9|9|2013-12-08||Boston College|W|78|62|27|58|.466|6|16|.375|18|23|.783|11|38|15|6|5|12|16||22|59|.373|9|35|.257|9|15|.600|8|27|13|4|3|10|20
10|10|2013-12-15||Cal State Bakersfield|W|63|59|16|36|.444|1|7|.143|30|46|.652|8|33|9|5|4|13|15||22|61|.361|7|20|.350|8|15|.533|12|31|13|7|3|9|28
11|11|2013-12-19|@|Long Beach State|L|71|72|24|55|.436|5|21|.238|18|25|.720|9|36|12|5|3|13|14||30|69|.435|5|21|.238|7|11|.636|9|30|17|9|4|10|15
12|12|2013-12-22|@|Dayton|W (1 OT)|79|76|32|66|.485|4|12|.333|11|17|.647|13|38|13|6|7|13|20||25|67|.373|6|23|.261|20|27|.741|15|39|12|6|0|10|17
13|13|2013-12-29||Howard|W|82|60|29|52|.558|7|16|.438|17|30|.567|9|45|18|8|6|20|16||25|65|.385|3|17|.176|7|15|.467|4|24|12|7|7|9|20
14|14|2014-01-05|@|UCLA|L|73|107|26|62|.419|5|19|.263|16|30|.533|9|33|15|6|7|17|19||41|71|.577|11|23|.478|14|18|.778|9|39|22|11|1|10|21
15|15|2014-01-09||Arizona State|L|60|79|22|61|.361|3|17|.176|13|25|.520|12|40|12|5|5|16|20||26|56|.464|7|19|.368|20|30|.667|7|41|11|8|4|13|17
16|16|2014-01-12||Arizona|L|53|73|22|52|.423|2|10|.200|7|8|.875|8|28|13|7|2|17|17||27|58|.466|8|20|.400|11|16|.688|10|28|17|10|4|8|14
17|17|2014-01-16|@|Utah|L|66|84|25|50|.500|4|9|.444|12|21|.571|7|29|14|3|3|17|19||30|61|.492|6|21|.286|18|21|.857|9|31|16|8|9|7|19
18|18|2014-01-18|@|Colorado|L|62|83|21|57|.368|4|16|.250|16|17|.941|5|22|9|6|3|11|15||29|57|.509|6|16|.375|19|22|.864|10|40|15|8|10|10|15
19|19|2014-01-22||California|W|77|69|28|54|.519|5|14|.357|16|22|.727|7|33|18|4|3|11|19||24|61|.393|5|17|.294|16|25|.640|11|30|12|6|4|6|18
20|20|2014-01-26||Stanford|L (1 OT)|71|79|24|57|.421|4|13|.308|19|30|.633|9|36|12|8|3|15|26||25|61|.410|9|23|.391|20|28|.714|10|37|15|11|3|12|24
21|21|2014-01-30|@|Oregon State|L (1 OT)|75|76|26|63|.413|4|17|.235|19|21|.905|7|32|9|8|7|12|25||26|62|.419|4|12|.333|20|35|.571|14|40|9|6|6|16|16
22|22|2014-02-01|@|Oregon|L|66|78|25|51|.490|2|10|.200|14|22|.636|9|33|12|2|3|22|19||25|62|.403|6|25|.240|22|30|.733|9|29|17|16|1|6|22
23|23|2014-02-08||UCLA|L|73|83|27|58|.466|8|24|.333|11|21|.524|8|33|15|5|6|15|20||24|60|.400|10|20|.500|25|29|.862|10|34|18|8|3|9|13
24|24|2014-02-13||Utah|L|71|79|25|55|.455|5|16|.313|16|26|.615|11|32|11|9|4|13|22||24|53|.453|10|19|.526|21|32|.656|10|29|17|6|3|13|19
25|25|2014-02-16||Colorado|L|74|83|23|62|.371|3|15|.200|25|36|.694|15|38|6|8|1|17|23||28|56|.500|8|17|.471|19|27|.704|6|33|18|7|4|17|24
26|26|2014-02-20|@|Stanford|L|59|80|21|58|.362|4|17|.235|13|17|.765|7|37|8|3|2|18|29||28|69|.406|2|19|.105|22|36|.611|15|39|10|9|6|7|15
27|27|2014-02-23|@|California|L|64|77|23|53|.434|4|11|.364|14|19|.737|10|31|11|4|6|14|17||29|60|.483|5|12|.417|14|19|.737|11|32|17|10|9|9|17
28|28|2014-02-27||Oregon State|L|66|76|25|67|.373|4|18|.222|12|18|.667|13|27|13|7|3|8|22||25|47|.532|6|17|.353|20|31|.645|10|39|14|3|9|17|13
29|29|2014-03-01||Oregon|L|63|78|21|49|.429|3|11|.273|18|24|.750|4|24|7|2|5|12|26||25|55|.455|7|24|.292|21|26|.808|10|33|13|8|6|9|18
30|30|2014-03-06|@|Washington State|W|79|68|28|55|.509|6|19|.316|17|23|.739|5|38|14|6|4|9|16||23|63|.365|10|35|.286|12|18|.667|7|33|12|4|2|7|17
31|31|2014-03-08|@|Washington|L|75|82|25|62|.403|5|12|.417|20|26|.769|13|36|6|3|2|14|22||25|64|.391|5|23|.217|27|31|.871|13|38|17|6|4|9|18
32|32|2014-03-12|N|Colorado|L|56|59|22|55|.400|5|22|.227|7|10|.700|7|25|11|6|7|10|18||24|52|.462|2|9|.222|9|16|.563|8|35|8|3|1|13|13
