ranker|game_season|date_game|game_location|opp_id|game_result|pts|opp_pts|fg|fga|fg_pct|fg3|fg3a|fg3_pct|ft|fta|ft_pct|orb|trb|ast|stl|blk|tov|pf|x|opp_fg|opp_fga|opp_fg_pct|opp_fg3|opp_fg3a|opp_fg3_pct|opp_ft|opp_fta|opp_ft_pct|opp_orb|opp_trb|opp_ast|opp_stl|opp_blk|opp_tov|opp_pf|
1|1|2013-11-08||Jackson State|W|67|51|16|42|.381|5|18|.278|30|44|.682|13|41|13|8|5|21|26||16|53|.302|4|21|.190|15|27|.556|15|35|5|7|1|20|35
2|2|2013-11-13|@|DePaul|W|75|68|26|50|.520|4|11|.364|19|27|.704|9|34|14|7|3|14|22||23|53|.434|7|26|.269|15|24|.625|8|26|14|11|1|14|22
3|3|2013-11-18|@|North Dakota State|W|70|69|26|50|.520|5|10|.500|13|22|.591|9|25|11|11|1|15|22||21|45|.467|9|21|.429|18|24|.750|8|22|17|7|5|17|20
4|4|2013-11-22|@|South Alabama|W|66|59|19|48|.396|7|17|.412|21|29|.724|14|30|8|6|2|10|21||18|42|.429|7|18|.389|16|25|.640|11|30|8|2|3|14|25
5|5|2013-11-23|N|Houston Baptist|W|67|62|20|53|.377|5|16|.313|22|31|.710|13|31|8|6|2|10|23||18|41|.439|5|11|.455|21|31|.677|8|28|11|4|4|16|25
6|6|2013-11-24||William Carey|W|99|54|41|64|.641|8|16|.500|9|19|.474|13|29|22|15|6|11|14||21|50|.420|4|14|.286|8|11|.727|12|26|12|5|1|28|20
7|7|2013-11-29|@|Louisville|L|38|69|13|45|.289|2|11|.182|10|13|.769|9|31|7|7|1|21|20||23|55|.418|12|31|.387|11|22|.500|15|38|16|9|6|12|15
8|8|2013-12-04||Morehead State|W|74|60|25|54|.463|3|12|.250|21|31|.677|9|24|14|10|1|9|24||20|43|.465|6|15|.400|14|29|.483|13|35|15|5|2|24|25
9|9|2013-12-07||Georgia State|W (1 OT)|75|65|19|49|.388|6|21|.286|31|44|.705|14|42|12|7|3|15|18||23|61|.377|6|21|.286|13|17|.765|8|26|9|9|6|10|26
10|10|2013-12-14||St. Catharine|W|96|60|37|63|.587|5|18|.278|17|33|.515|13|38|20|20|3|16|22||20|46|.435|5|19|.263|15|25|.600|5|21|13|10|1|27|23
11|11|2013-12-18|@|Western Kentucky|L|65|68|21|47|.447|9|19|.474|14|17|.824|9|24|12|10|1|13|23||17|32|.531|8|16|.500|26|30|.867|2|17|12|7|3|15|14
12|12|2013-12-20|N|Coppin State|W|88|74|35|59|.593|6|21|.286|12|30|.400|14|34|27|8|4|10|26||21|46|.457|5|19|.263|27|34|.794|8|22|11|7|2|14|17
13|13|2013-12-21|N|Arkansas-Little Rock|W|74|60|25|53|.472|4|13|.308|20|28|.714|7|32|17|9|1|11|20||21|47|.447|6|20|.300|12|21|.571|3|25|16|5|2|15|20
14|14|2013-12-28|@|Rhode Island|W|77|64|25|49|.510|2|7|.286|25|35|.714|10|32|10|7|4|13|22||19|46|.413|8|21|.381|18|29|.621|3|17|14|3|8|11|25
15|15|2014-01-03||Drexel|W|66|49|19|54|.352|4|15|.267|24|32|.750|19|46|11|8|2|14|22||18|47|.383|8|22|.364|5|17|.294|3|18|13|4|3|12|24
16|16|2014-01-09|@|North Texas|W|74|64|21|45|.467|4|12|.333|28|33|.848|10|32|8|5|2|22|23||24|57|.421|4|15|.267|12|22|.545|14|29|8|10|4|16|25
17|17|2014-01-12|@|Tulsa|L|71|75|23|54|.426|8|20|.400|17|23|.739|11|30|11|2|0|11|27||22|53|.415|7|25|.280|24|32|.750|10|31|16|8|3|8|22
18|18|2014-01-16||Rice|W|84|62|28|54|.519|10|20|.500|18|26|.692|13|40|19|9|1|14|13||24|55|.436|12|34|.353|2|6|.333|4|16|18|3|2|14|19
19|19|2014-01-19||Louisiana Tech|W|80|71|25|60|.417|2|18|.111|28|38|.737|19|45|14|5|3|9|19||24|53|.453|9|28|.321|14|21|.667|5|24|15|5|1|10|24
20|20|2014-01-23|@|Old Dominion|W|75|60|23|52|.442|12|21|.571|17|19|.895|10|26|17|11|4|13|21||20|48|.417|7|20|.350|13|21|.619|13|31|12|6|4|17|13
21|21|2014-01-25|@|East Carolina|W|60|46|22|51|.431|4|16|.250|12|16|.750|8|35|17|12|2|15|14||16|50|.320|12|34|.353|2|5|.400|6|27|14|5|6|18|18
22|22|2014-02-01||Tulane|W|78|47|25|52|.481|3|13|.231|25|35|.714|14|36|16|7|0|8|25||13|34|.382|8|20|.400|13|23|.565|1|14|8|3|1|14|24
23|23|2014-02-07||Marshall|W|60|57|19|36|.528|8|20|.400|14|27|.519|4|20|17|9|6|13|13||22|49|.449|8|19|.421|5|10|.500|11|30|15|8|0|15|20
24|24|2014-02-09||Charlotte|W|81|64|25|50|.500|5|13|.385|26|36|.722|11|34|16|10|1|16|17||23|55|.418|9|26|.346|9|12|.750|9|20|12|7|1|20|21
25|25|2014-02-13|@|Alabama-Birmingham|L|60|84|21|57|.368|2|16|.125|16|24|.667|14|32|12|3|1|11|19||32|60|.533|11|23|.478|9|18|.500|11|33|22|4|5|11|19
26|26|2014-02-15|@|Middle Tennessee|L|64|81|23|47|.489|5|12|.417|13|19|.684|6|22|11|6|0|17|29||22|41|.537|11|21|.524|26|37|.703|11|27|19|6|5|12|20
27|27|2014-02-20||Texas-San Antonio|W|85|56|31|59|.525|5|11|.455|18|28|.643|8|29|22|12|1|9|24||12|44|.273|4|20|.200|28|36|.778|9|31|10|2|3|23|27
28|28|2014-02-22||Texas-El Paso|W|77|68|25|52|.481|9|17|.529|18|26|.692|13|31|15|5|1|8|24||24|46|.522|4|14|.286|16|26|.615|11|26|18|5|6|13|18
29|29|2014-02-27||Florida International|W|78|66|27|59|.458|4|14|.286|20|29|.690|13|32|18|14|1|14|14||24|49|.490|9|22|.409|9|16|.563|7|27|17|9|4|25|22
30|30|2014-03-02|@|Florida Atlantic|W|60|49|15|43|.349|2|10|.200|28|37|.757|7|33|8|7|0|9|15||16|54|.296|8|31|.258|9|14|.643|9|30|11|2|4|12|22
31|31|2014-03-06|@|Tulane|W|68|51|26|53|.491|11|20|.550|5|8|.625|10|29|17|8|4|10|17||18|42|.429|4|16|.250|11|16|.688|4|21|15|2|1|14|9
32|32|2014-03-13|N|Texas-El Paso|W|64|56|25|61|.410|3|18|.167|11|16|.688|19|44|7|7|0|14|21||19|49|.388|3|22|.136|15|21|.714|7|27|5|2|3|12|18
33|33|2014-03-14|N|Louisiana Tech|L|70|88|30|56|.536|4|13|.308|6|8|.750|11|30|6|3|4|21|28||27|58|.466|12|25|.480|22|36|.611|17|33|17|8|3|13|17
34|34|2014-03-19||Toledo|W|66|59|23|50|.460|7|18|.389|13|26|.500|6|35|16|5|3|12|13||23|55|.418|4|22|.182|9|14|.643|4|26|12|8|2|6|19
35|35|2014-03-23|@|Missouri|W|71|63|23|54|.426|9|23|.391|16|27|.593|11|31|14|7|0|11|22||17|43|.395|7|14|.500|22|30|.733|8|27|7|6|4|14|21
36|36|2014-03-25|@|Minnesota|L|73|81|26|59|.441|9|26|.346|12|20|.600|11|33|20|8|1|12|20||26|52|.500|10|27|.370|19|21|.905|4|24|23|12|5|10|14
