ranker|game_season|date_game|game_location|opp_id|game_result|pts|opp_pts|fg|fga|fg_pct|fg3|fg3a|fg3_pct|ft|fta|ft_pct|orb|trb|ast|stl|blk|tov|pf|x|opp_fg|opp_fga|opp_fg_pct|opp_fg3|opp_fg3a|opp_fg3_pct|opp_ft|opp_fta|opp_ft_pct|opp_orb|opp_trb|opp_ast|opp_stl|opp_blk|opp_tov|opp_pf|
1|1|2013-11-08||Detroit Mercy|W|74|58|24|66|.364|9|26|.346|17|25|.680|17|49|11|3|7|14|22||22|76|.289|1|14|.071|13|21|.619|24|47|5|5|7|12|22
2|2|2013-11-12|@|Texas|L|77|84|25|59|.424|13|33|.394|14|16|.875|7|24|12|6|4|14|19||33|68|.485|6|14|.429|12|19|.632|16|39|14|6|6|12|14
3|3|2013-11-18||William Carey|W|76|53|28|58|.483|6|14|.429|14|30|.467|10|38|13|8|4|14|17||20|57|.351|3|12|.250|10|16|.625|6|31|9|6|5|22|25
4|4|2013-11-22||Southern Mississippi|L|59|66|18|42|.429|7|18|.389|16|25|.640|11|30|8|2|3|14|25||19|48|.396|7|17|.412|21|29|.724|14|30|8|6|2|10|21
5|5|2013-11-23||Wright State|W|74|70|23|45|.511|10|20|.500|18|24|.750|5|32|15|7|3|17|20||26|56|.464|6|15|.400|12|18|.667|8|22|9|9|1|11|20
6|6|2013-11-24||Houston Baptist|W|79|59|24|65|.369|9|28|.321|22|26|.846|15|40|12|9|7|7|20||19|51|.373|1|9|.111|20|23|.870|6|35|3|3|3|14|21
7|7|2013-11-30|@|Middle Tennessee|L|55|65|16|59|.271|6|21|.286|17|24|.708|16|36|8|12|4|10|24||20|51|.392|2|7|.286|23|29|.793|15|41|8|3|5|14|18
8|8|2013-12-02||Spring Hill|W|91|41|34|68|.500|9|24|.375|14|22|.636|18|49|13|9|4|9|17||15|49|.306|2|17|.118|9|21|.429|6|23|3|2|1|14|19
9|9|2013-12-07|@|Rice|L (3 OT)|93|96|26|69|.377|17|37|.459|24|34|.706|11|47|17|4|2|13|24||36|77|.468|9|32|.281|15|25|.600|8|43|24|4|0|10|23
10|10|2013-12-14|N|Gonzaga|L|59|68|19|59|.322|7|17|.412|14|19|.737|8|35|9|3|4|15|20||26|64|.406|2|14|.143|14|21|.667|9|38|8|8|7|10|16
11|11|2013-12-17||Dillard|W|82|73|24|52|.462|4|19|.211|30|45|.667|14|34|8|2|4|7|17||28|54|.519|6|15|.400|11|19|.579|5|23|10|3|2|9|28
12|12|2013-12-21|N|Arkansas|L|60|72|20|57|.351|9|25|.360|11|19|.579|10|38|9|5|3|19|24||25|52|.481|5|17|.294|17|25|.680|4|33|11|10|8|14|18
13|13|2013-12-28|@|New Mexico State|L|64|82|25|58|.431|3|14|.214|11|21|.524|9|23|9|2|1|6|20||33|52|.635|3|8|.375|13|20|.650|10|38|19|3|4|12|16
14|14|2014-01-02||Western Kentucky|L|56|58|23|55|.418|4|15|.267|6|9|.667|7|30|10|3|6|16|11||24|67|.358|7|24|.292|3|8|.375|14|37|11|7|3|12|7
15|15|2014-01-04||Georgia State|L|63|73|16|51|.314|7|27|.259|24|31|.774|11|37|8|4|4|10|17||20|49|.408|9|20|.450|24|26|.923|1|27|10|3|4|5|21
16|16|2014-01-09|@|Arkansas-Little Rock|L|60|65|18|61|.295|9|34|.265|15|19|.789|12|38|9|2|2|11|21||22|52|.423|4|10|.400|17|23|.739|5|33|13|4|4|10|19
17|17|2014-01-11|@|Arkansas State|L|60|72|19|55|.345|6|21|.286|16|21|.762|8|29|5|3|2|9|22||23|54|.426|6|24|.250|20|30|.667|10|38|10|3|4|8|16
18|18|2014-01-16||Louisiana-Lafayette|W|81|73|29|49|.592|8|23|.348|15|24|.625|5|35|17|5|12|26|23||24|62|.387|8|21|.381|17|27|.630|9|25|13|11|1|18|23
19|19|2014-01-18||Louisiana-Monroe|L|58|64|19|59|.322|4|27|.148|16|23|.696|22|43|5|3|4|10|23||21|50|.420|5|16|.313|17|25|.680|7|29|12|5|3|6|20
20|20|2014-01-25|@|Texas-Arlington|L|65|73|22|62|.355|11|37|.297|10|12|.833|9|32|11|3|3|6|22||23|49|.469|9|26|.346|18|26|.692|4|31|13|3|2|7|16
21|21|2014-02-01||Arkansas-Little Rock|L|58|62|20|46|.435|9|25|.360|9|17|.529|8|27|15|7|5|18|19||20|54|.370|3|11|.273|19|26|.731|17|35|8|11|6|13|19
22|22|2014-02-03|@|Georgia State|L|65|85|26|54|.481|6|19|.316|7|8|.875|10|19|14|5|0|12|17||29|46|.630|10|17|.588|17|19|.895|6|23|17|7|4|10|12
23|23|2014-02-06|@|Troy|L|74|79|28|58|.483|10|27|.370|8|13|.615|8|29|16|5|0|12|27||25|54|.463|9|20|.450|20|33|.606|11|35|11|3|1|10|13
24|24|2014-02-13||Arkansas State|L|61|85|22|48|.458|6|19|.316|11|18|.611|6|25|10|4|1|14|16||28|53|.528|11|23|.478|18|18|1.000|6|27|16|10|2|6|14
25|25|2014-02-15|@|Western Kentucky|W|69|62|24|60|.400|9|20|.450|12|18|.667|12|45|10|1|7|10|17||22|67|.328|8|28|.286|10|23|.435|12|39|8|1|2|3|18
26|26|2014-02-20|@|Texas State|L (1 OT)|66|67|21|56|.375|7|20|.350|17|23|.739|12|38|13|8|4|16|18||24|57|.421|8|18|.444|11|18|.611|7|32|14|8|5|14|20
27|27|2014-02-22||Troy|W|86|78|33|64|.516|7|23|.304|13|19|.684|7|32|17|4|4|8|20||27|59|.458|10|21|.476|14|19|.737|7|30|12|4|1|10|17
28|28|2014-02-27|@|Louisiana-Monroe|L|54|71|20|53|.377|3|21|.143|11|19|.579|9|26|8|5|3|9|14||27|53|.509|4|12|.333|13|17|.765|9|29|15|4|3|9|16
29|29|2014-03-02|@|Louisiana-Lafayette|L|76|102|22|58|.379|10|24|.417|22|29|.759|10|25|11|3|7|11|29||37|60|.617|8|12|.667|20|35|.571|17|40|17|4|5|14|22
30|30|2014-03-06||Texas State|W|63|53|24|68|.353|5|16|.313|10|13|.769|15|34|9|10|3|9|14||22|53|.415|1|11|.091|8|14|.571|10|38|10|2|10|19|14
31|31|2014-03-08||Texas-Arlington|W|78|73|24|62|.387|11|30|.367|19|33|.576|11|40|17|6|6|7|21||19|56|.339|7|25|.280|28|32|.875|8|36|12|3|2|11|25
