ranker|game_season|date_game|game_location|opp_id|game_result|pts|opp_pts|fg|fga|fg_pct|fg3|fg3a|fg3_pct|ft|fta|ft_pct|orb|trb|ast|stl|blk|tov|pf|x|opp_fg|opp_fga|opp_fg_pct|opp_fg3|opp_fg3a|opp_fg3_pct|opp_ft|opp_fta|opp_ft_pct|opp_orb|opp_trb|opp_ast|opp_stl|opp_blk|opp_tov|opp_pf|
1|1|2013-11-08|N|Wisconsin|L|75|86|28|58|.483|2|13|.154|17|23|.739|14|32|10|3|5|12|28||25|54|.463|11|23|.478|25|30|.833|11|30|13|3|2|9|23
2|2|2013-11-15||Wagner|W|73|57|22|55|.400|0|10|.000|29|36|.806|10|41|10|7|8|9|11||22|62|.355|7|23|.304|6|9|.667|9|32|10|3|8|15|25
3|3|2013-11-19||Bucknell|W|67|63|28|62|.452|4|15|.267|7|10|.700|10|30|15|9|13|6|9||26|56|.464|5|15|.333|6|8|.750|7|30|6|4|0|12|13
4|4|2013-11-22||Monmouth|W|64|54|24|52|.462|8|21|.381|8|16|.500|5|31|13|5|15|12|19||20|59|.339|2|18|.111|12|22|.545|12|38|5|3|2|12|15
5|5|2013-11-26||Longwood|W|65|47|22|59|.373|3|19|.158|18|30|.600|13|40|12|7|15|13|15||19|56|.339|2|8|.250|7|9|.778|8|25|7|5|5|16|26
6|6|2013-11-29|N|Penn State|L (1 OT)|82|89|32|75|.427|11|20|.550|7|13|.538|12|44|20|2|11|9|28||25|62|.403|10|25|.400|29|38|.763|8|38|10|7|3|4|19
7|7|2013-11-30|N|Georgia Tech|W|69|58|19|43|.442|4|12|.333|27|35|.771|2|25|11|10|7|13|15||20|54|.370|6|16|.375|12|14|.857|10|33|11|5|3|20|30
8|8|2013-12-07||Fordham|W|104|58|39|59|.661|9|15|.600|17|23|.739|9|44|29|7|10|9|13||19|80|.238|7|31|.226|13|16|.813|23|34|10|6|2|9|18
9|9|2013-12-15||Syracuse|L|63|68|21|56|.375|1|15|.067|20|26|.769|11|33|10|5|5|9|22||24|44|.545|1|8|.125|19|28|.679|4|31|12|6|4|11|21
10|10|2013-12-18||San Francisco|W|81|57|29|59|.492|4|11|.364|19|28|.679|12|31|13|5|9|11|20||20|41|.488|5|11|.455|12|23|.522|4|19|14|4|2|21|24
11|11|2013-12-21||Youngstown State|W|96|87|30|59|.508|8|12|.667|28|37|.757|9|32|14|9|8|13|20||30|66|.455|9|24|.375|18|26|.692|13|36|12|9|0|16|25
12|12|2013-12-28|N|Columbia|W|65|59|24|51|.471|3|8|.375|14|26|.538|9|33|9|7|8|8|14||19|50|.380|9|18|.500|12|15|.800|5|27|12|2|1|11|18
13|13|2013-12-31|@|Xavier|L|60|70|21|68|.309|7|14|.500|11|15|.733|15|34|12|5|7|6|18||25|56|.446|4|16|.250|16|21|.762|10|40|17|4|9|9|19
14|14|2014-01-04|@|Georgetown|L|60|77|23|58|.397|4|15|.267|10|20|.500|8|28|8|12|5|11|26||23|41|.561|9|13|.692|22|36|.611|5|32|17|9|4|18|22
15|15|2014-01-11||Villanova|L|67|74|23|67|.343|2|11|.182|19|24|.792|11|31|6|6|6|8|30||19|54|.352|5|16|.313|31|40|.775|12|42|9|5|5|13|21
16|16|2014-01-14|@|DePaul|L|75|77|28|59|.475|7|14|.500|12|15|.800|8|30|11|6|10|13|21||25|62|.403|6|18|.333|21|25|.840|14|31|14|6|8|11|17
17|17|2014-01-16||Providence|L (2 OT)|83|84|31|73|.425|1|10|.100|20|24|.833|16|42|10|5|6|14|24||24|65|.369|6|25|.240|30|36|.833|16|42|16|8|5|12|19
18|18|2014-01-18||Dartmouth|W|69|55|22|56|.393|8|16|.500|17|22|.773|8|33|10|8|11|12|14||20|58|.345|9|15|.600|6|8|.750|11|36|10|4|3|15|16
19|19|2014-01-23||Seton Hall|W|77|76|29|57|.509|3|12|.250|16|21|.762|4|21|17|8|3|11|21||25|48|.521|8|21|.381|18|22|.818|3|26|8|8|1|19|20
20|20|2014-01-25|@|Butler|W|69|52|30|57|.526|5|13|.385|4|5|.800|8|32|15|6|6|10|16||19|43|.442|1|8|.125|13|20|.650|3|21|7|4|2|9|11
21|21|2014-01-28|@|Creighton|L|60|63|24|56|.429|1|10|.100|11|16|.688|7|27|9|11|4|10|16||23|47|.489|7|16|.438|10|15|.667|5|31|13|5|0|17|18
22|22|2014-02-01||Marquette|W|74|59|26|56|.464|8|20|.400|14|20|.700|7|33|14|8|12|13|17||23|66|.348|3|14|.214|10|17|.588|18|36|8|4|1|15|22
23|23|2014-02-04|@|Providence|W|86|76|31|62|.500|6|11|.545|18|22|.818|10|31|16|11|7|5|16||24|63|.381|12|28|.429|16|19|.842|16|38|17|3|7|14|18
24|24|2014-02-09||Creighton|W|70|65|25|59|.424|3|12|.250|17|24|.708|9|36|15|6|2|7|20||23|56|.411|5|22|.227|14|25|.560|6|31|12|3|1|9|19
25|25|2014-02-13|@|Seton Hall|W|68|67|25|47|.532|3|10|.300|15|18|.833|5|28|11|3|5|19|15||26|58|.448|4|20|.200|11|18|.611|10|28|11|9|1|11|17
26|26|2014-02-16||Georgetown|W|82|60|27|47|.574|6|14|.429|22|30|.733|8|26|17|5|5|8|19||21|47|.447|3|13|.231|15|17|.882|6|19|11|5|1|14|27
27|27|2014-02-18||Butler|W|77|52|28|58|.483|5|12|.417|16|21|.762|9|43|13|8|4|14|19||19|60|.317|4|22|.182|10|21|.476|9|27|8|6|4|9|18
28|28|2014-02-22|@|Villanova|L|54|57|19|59|.322|3|11|.273|13|19|.684|8|27|8|5|4|9|17||20|51|.392|9|22|.409|8|16|.500|10|40|10|4|5|15|17
29|29|2014-02-25||Xavier|L|53|65|22|60|.367|2|16|.125|7|13|.538|10|29|13|5|8|14|19||24|52|.462|2|9|.222|15|19|.789|8|37|17|6|1|15|16
30|30|2014-03-02||DePaul|W|72|64|24|48|.500|5|11|.455|19|29|.655|10|41|14|4|14|16|11||26|63|.413|10|23|.435|2|7|.286|6|23|14|12|3|11|21
31|31|2014-03-08|@|Marquette|W (2 OT)|91|90|34|67|.507|7|13|.538|16|30|.533|9|38|22|12|4|14|25||30|68|.441|8|20|.400|22|32|.688|8|34|22|6|2|14|24
32|32|2014-03-13|N|Providence|L|74|79|28|68|.412|5|17|.294|13|26|.500|12|41|11|8|7|8|25||26|63|.413|5|15|.333|22|30|.733|16|46|10|5|5|10|21
33|33|2014-03-18||Robert Morris|L|78|89|29|78|.372|16|37|.432|4|5|.800|9|37|16|6|5|6|20||27|56|.482|16|32|.500|19|27|.704|4|37|18|3|2|11|10
