ranker|game_season|date_game|game_location|opp_id|game_result|pts|opp_pts|fg|fga|fg_pct|fg3|fg3a|fg3_pct|ft|fta|ft_pct|orb|trb|ast|stl|blk|tov|pf|x|opp_fg|opp_fga|opp_fg_pct|opp_fg3|opp_fg3a|opp_fg3_pct|opp_ft|opp_fta|opp_ft_pct|opp_orb|opp_trb|opp_ast|opp_stl|opp_blk|opp_tov|opp_pf|
1|1|2013-11-08|@|Houston|L|70|76|26|58|.448|6|15|.400|12|19|.632|10|32|10|6|0|11|19||26|50|.520|6|14|.429|18|27|.667|5|31|17|6|4|13|21
2|2|2013-11-12||Stephen F. Austin|L|57|64|20|49|.408|2|11|.182|15|23|.652|12|32|6|7|4|17|21||23|51|.451|6|16|.375|12|25|.480|9|25|9|6|3|12|22
3|3|2013-11-16|@|Oral Roberts|L|65|82|26|51|.510|5|17|.294|8|13|.615|7|23|15|2|0|14|18||29|48|.604|10|15|.667|14|19|.737|5|26|17|4|1|9|15
4|4|2013-11-20|@|Southern Methodist|L|49|70|16|50|.320|8|24|.333|9|15|.600|6|23|9|6|2|16|19||25|50|.500|8|18|.444|12|17|.706|8|33|20|10|6|16|19
5|5|2013-11-25||South Dakota|L|56|57|21|61|.344|4|15|.267|10|16|.625|12|43|11|4|5|11|15||22|59|.373|5|17|.294|8|13|.615|9|34|9|4|8|7|12
6|6|2013-11-29|N|Tulane|W|70|52|28|52|.538|5|12|.417|9|13|.692|6|23|15|8|2|12|17||19|40|.475|2|10|.200|12|18|.667|8|24|3|2|3|19|16
7|7|2013-11-30|N|Northern Kentucky|W|70|61|23|43|.535|11|16|.688|13|20|.650|6|26|10|8|5|14|13||22|50|.440|9|22|.409|8|11|.727|7|21|11|9|4|13|15
8|8|2013-12-01|N|Southeast Missouri State|L|74|82|31|63|.492|7|18|.389|5|12|.417|11|27|22|5|1|6|18||29|47|.617|8|13|.615|16|24|.667|6|31|14|4|5|10|12
9|9|2013-12-04||Cedarville|W|79|58|28|56|.500|7|17|.412|16|26|.615|19|44|19|7|4|11|16||19|50|.380|10|24|.417|10|13|.769|6|20|12|7|2|14|21
10|10|2013-12-14|@|Texas|L|53|85|19|64|.297|5|26|.192|10|18|.556|13|35|9|10|3|16|19||27|56|.482|6|15|.400|25|35|.714|10|42|11|11|7|13|15
11|11|2013-12-19|@|Utah|L|50|69|18|47|.383|2|11|.182|12|19|.632|7|26|5|7|3|15|20||21|49|.429|7|19|.368|20|24|.833|8|33|11|7|5|12|17
12|12|2013-12-21||Texas-Tyler|W|73|54|29|55|.527|1|11|.091|14|22|.636|14|45|11|5|2|17|10||20|55|.364|7|23|.304|7|8|.875|3|19|8|11|2|12|19
13|13|2013-12-30||Long Island University|L|64|73|24|63|.381|4|14|.286|12|18|.667|17|39|11|2|5|13|18||23|51|.451|7|23|.304|20|25|.800|5|26|14|7|2|11|18
14|14|2014-01-02||Arkansas-Little Rock|L|59|63|19|43|.442|5|11|.455|16|23|.696|3|20|10|7|2|11|19||19|46|.413|5|14|.357|20|25|.800|6|29|6|5|2|12|18
15|15|2014-01-04||Arkansas State|L|69|74|25|59|.424|4|13|.308|15|19|.789|10|29|9|8|0|12|15||24|45|.533|14|22|.636|12|15|.800|2|23|21|8|2|15|19
16|16|2014-01-11|@|Louisiana-Monroe|W|61|36|24|42|.571|6|11|.545|7|7|1.000|3|32|11|3|3|11|12||14|53|.264|4|20|.200|4|14|.286|12|25|7|6|0|10|11
17|17|2014-01-13|@|Louisiana-Lafayette|L|58|81|23|46|.500|3|11|.273|9|11|.818|4|24|10|5|6|18|23||27|48|.563|8|14|.571|19|29|.655|4|22|16|12|2|9|11
18|18|2014-01-18||Texas-Arlington|L|48|56|18|56|.321|5|20|.250|7|11|.636|8|27|10|11|2|14|18||16|41|.390|6|19|.316|18|22|.818|5|28|6|5|6|19|14
19|19|2014-01-23|@|Arkansas-Little Rock|L|64|69|23|47|.489|3|15|.200|15|20|.750|7|24|12|4|1|13|18||22|47|.468|6|15|.400|19|22|.864|7|23|8|4|5|11|17
20|20|2014-01-25||Troy|W|73|65|28|54|.519|5|16|.313|12|17|.706|8|28|17|7|0|14|21||19|50|.380|9|21|.429|18|26|.692|7|24|11|6|1|12|17
21|21|2014-02-01|@|Western Kentucky|L|64|68|22|47|.468|5|12|.417|15|18|.833|2|23|10|5|4|11|22||22|49|.449|7|14|.500|17|29|.586|8|28|10|4|1|10|17
22|22|2014-02-06||Louisiana-Monroe|W|65|57|25|49|.510|6|18|.333|9|12|.750|7|27|14|7|2|13|17||23|45|.511|4|13|.308|7|16|.438|3|19|12|7|3|13|17
23|23|2014-02-08||Louisiana-Lafayette|L|66|67|24|47|.511|3|10|.300|15|23|.652|9|29|12|5|6|14|19||22|59|.373|4|16|.250|19|21|.905|16|32|8|5|0|12|17
24|24|2014-02-15|@|Texas-Arlington|L|62|69|23|50|.460|7|24|.292|9|15|.600|5|21|11|8|0|15|22||19|42|.452|8|15|.533|23|31|.742|9|30|12|8|1|16|18
25|25|2014-02-17|@|Georgia State|L|41|68|15|51|.294|4|16|.250|7|12|.583|8|29|6|3|1|13|18||24|46|.522|6|15|.400|14|18|.778|3|30|14|7|6|8|12
26|26|2014-02-20||South Alabama|W (1 OT)|67|66|24|57|.421|8|18|.444|11|18|.611|7|32|14|8|5|14|20||21|56|.375|7|20|.350|17|23|.739|12|38|13|8|4|16|18
27|27|2014-02-22|@|Arkansas State|L|68|73|24|50|.480|4|14|.286|16|24|.667|6|23|8|6|2|13|24||22|42|.524|6|10|.600|23|32|.719|4|23|8|7|2|14|16
28|28|2014-02-27||Western Kentucky|L|50|51|14|40|.350|1|11|.091|21|29|.724|5|29|11|7|1|13|18||20|48|.417|4|13|.308|7|14|.500|5|31|7|5|0|10|20
29|29|2014-03-01||Georgia State|L|55|66|18|53|.340|3|18|.167|16|26|.615|13|34|6|5|2|12|20||21|47|.447|6|16|.375|18|25|.720|6|28|11|5|5|9|19
30|30|2014-03-06|@|South Alabama|L|53|63|22|53|.415|1|11|.091|8|14|.571|10|38|10|2|10|19|14||24|68|.353|5|16|.313|10|13|.769|15|34|9|10|3|9|14
31|31|2014-03-08|@|Troy|L|50|72|17|48|.354|5|18|.278|11|16|.688|9|25|10|4|4|13|18||28|58|.483|6|18|.333|10|13|.769|13|38|11|4|4|8|15
