ranker|game_season|date_game|game_location|opp_id|game_result|pts|opp_pts|fg|fga|fg_pct|fg3|fg3a|fg3_pct|ft|fta|ft_pct|orb|trb|ast|stl|blk|tov|pf|x|opp_fg|opp_fga|opp_fg_pct|opp_fg3|opp_fg3a|opp_fg3_pct|opp_ft|opp_fta|opp_ft_pct|opp_orb|opp_trb|opp_ast|opp_stl|opp_blk|opp_tov|opp_pf|
1|1|2013-11-08||Buffalo|W|82|58|32|67|.478|8|20|.400|10|19|.526|10|44|17|8|5|10|17||20|64|.313|7|23|.304|11|19|.579|9|36|13|3|3|14|17
2|2|2013-11-11||Mississippi Valley State|W|91|67|35|58|.603|5|17|.294|16|24|.667|7|39|15|6|12|12|24||19|62|.306|5|17|.294|24|31|.774|7|23|9|7|0|10|21
3|3|2013-11-15||Rice|W|68|65|20|49|.408|3|18|.167|25|37|.676|11|34|13|5|2|8|14||24|53|.453|9|29|.310|8|10|.800|3|24|17|8|4|13|24
4|4|2013-11-19||Prairie View|W|75|65|23|45|.511|2|13|.154|27|38|.711|9|29|12|11|7|16|16||24|57|.421|9|23|.391|8|14|.571|13|30|16|8|1|18|25
5|5|2013-11-24||Sam Houston State|W|79|62|28|49|.571|4|10|.400|19|30|.633|5|34|14|4|7|17|25||20|53|.377|2|12|.167|20|33|.606|6|27|7|11|0|10|26
6|6|2013-11-26||Arkansas-Pine Bluff|W|88|55|28|47|.596|9|15|.600|23|35|.657|9|32|19|9|10|15|13||21|62|.339|6|20|.300|7|13|.538|14|29|10|10|2|18|22
7|7|2013-11-29|N|Missouri State|L|67|73|27|56|.482|2|16|.125|11|16|.688|9|34|8|5|3|14|19||22|57|.386|8|26|.308|21|23|.913|7|29|12|8|1|9|17
8|8|2013-11-30|N|Southern Methodist|L|52|55|17|49|.347|3|10|.300|15|20|.750|10|35|4|4|3|11|18||20|50|.400|4|11|.364|11|19|.579|9|27|11|7|8|11|19
9|9|2013-12-04||Houston|W|74|57|29|58|.500|10|23|.435|6|6|1.000|4|31|22|4|10|10|13||21|62|.339|3|15|.200|12|15|.800|14|32|14|2|5|11|10
10|10|2013-12-14||McNeese State|W|73|60|25|54|.463|10|22|.455|13|14|.929|8|29|19|6|1|9|13||20|51|.392|8|22|.364|12|18|.667|9|29|10|5|2|11|15
11|11|2013-12-21|N|Oklahoma|L|52|64|18|67|.269|2|23|.087|14|24|.583|17|37|7|11|2|12|20||21|53|.396|6|18|.333|16|20|.800|13|46|11|4|5|22|20
12|12|2013-12-31||North Texas|L|41|61|15|50|.300|4|18|.222|7|15|.467|7|24|7|5|3|17|10||25|49|.510|5|14|.357|6|14|.429|4|29|16|13|2|14|18
13|13|2014-01-04||Texas-Pan American|W|63|46|21|51|.412|7|26|.269|14|18|.778|11|36|13|6|7|12|11||17|51|.333|7|27|.259|5|8|.625|6|22|11|6|3|12|17
14|14|2014-01-08||Arkansas|W|69|53|24|59|.407|7|17|.412|14|21|.667|9|39|18|10|7|10|15||21|58|.362|4|19|.211|7|14|.500|10|37|14|4|6|14|18
15|15|2014-01-11|@|Tennessee|W|57|56|20|50|.400|8|15|.533|9|18|.500|5|23|12|8|4|8|19||18|44|.409|5|17|.294|15|21|.714|10|34|11|2|5|15|21
16|16|2014-01-15||South Carolina|W|75|67|22|40|.550|7|16|.438|24|41|.585|5|22|14|6|3|11|20||23|49|.469|5|18|.278|16|22|.727|10|30|15|9|2|17|31
17|17|2014-01-18|@|Mississippi State|L (1 OT)|72|81|25|56|.446|8|20|.400|14|21|.667|5|30|13|5|0|15|27||29|55|.527|3|10|.300|20|32|.625|8|35|16|11|4|14|16
18|18|2014-01-21|@|Kentucky|L|51|68|19|51|.373|2|8|.250|11|21|.524|3|21|6|6|2|11|23||22|50|.440|6|21|.286|18|27|.667|12|42|12|6|7|15|20
19|19|2014-01-25||Vanderbilt|L|55|66|19|57|.333|4|18|.222|13|17|.765|11|31|9|3|2|6|17||20|48|.417|7|22|.318|19|23|.826|9|34|15|3|7|9|17
20|20|2014-01-29|@|South Carolina|L|52|80|16|45|.356|4|16|.250|16|29|.552|9|23|11|10|2|18|23||24|46|.522|6|15|.400|26|32|.813|8|30|11|11|7|15|19
21|21|2014-02-01|@|Florida|L|36|69|14|54|.259|4|20|.200|4|9|.444|5|25|6|3|1|10|22||23|56|.411|5|25|.200|18|29|.621|14|53|11|5|4|12|13
22|22|2014-02-05||Mississippi State|W|72|52|29|57|.509|6|18|.333|8|17|.471|7|31|22|7|2|6|14||18|48|.375|8|19|.421|8|11|.727|6|31|12|4|4|17|16
23|23|2014-02-08|@|Georgia|L|50|62|19|56|.339|1|19|.053|11|14|.786|11|33|3|4|2|6|17||22|53|.415|4|11|.364|14|20|.700|11|36|9|5|7|7|13
24|24|2014-02-12||Louisiana State|W|83|73|28|58|.483|10|23|.435|17|26|.654|12|37|16|5|2|11|16||26|58|.448|6|24|.250|15|22|.682|9|31|12|6|4|11|18
25|25|2014-02-15|@|Vanderbilt|L (1 OT)|54|57|18|49|.367|9|19|.474|9|20|.450|10|35|16|8|5|15|23||17|55|.309|3|26|.115|20|31|.645|17|38|8|7|4|13|14
26|26|2014-02-20||Alabama|W|63|48|24|58|.414|6|14|.429|9|13|.692|10|36|19|3|3|8|12||17|46|.370|7|21|.333|7|16|.438|6|28|9|3|7|13|13
27|27|2014-02-22||Tennessee|W (1 OT)|68|65|26|55|.473|7|17|.412|9|13|.692|2|28|12|7|3|8|21||23|54|.426|3|15|.200|16|24|.667|9|37|14|5|4|13|15
28|28|2014-02-26|@|Louisiana State|L|49|68|16|52|.308|4|17|.235|13|21|.619|8|29|7|11|3|8|13||26|53|.491|9|20|.450|7|14|.500|7|36|18|4|7|12|15
29|29|2014-03-01||Mississippi|W|71|60|27|53|.509|8|25|.320|9|17|.529|4|30|18|5|3|6|13||22|61|.361|7|31|.226|9|15|.600|12|33|8|2|3|6|12
30|30|2014-03-05|@|Missouri|L|56|57|22|50|.440|5|18|.278|7|10|.700|6|17|12|11|3|10|21||16|47|.340|1|11|.091|24|30|.800|14|34|5|4|5|17|13
31|31|2014-03-08||Auburn|L|64|69|22|50|.440|8|23|.348|12|15|.800|7|22|12|3|5|9|18||23|51|.451|7|18|.389|16|20|.800|10|30|16|1|4|9|17
32|32|2014-03-13|N|Missouri|L (2 OT)|83|91|27|64|.422|9|25|.360|20|28|.714|9|25|13|9|3|14|33||22|52|.423|7|22|.318|40|53|.755|15|43|11|12|2|18|24
33|33|2014-03-19||Wyoming|W|59|43|21|54|.389|7|21|.333|10|12|.833|10|38|18|5|1|15|12||14|47|.298|5|24|.208|10|12|.833|5|24|11|7|4|15|12
34|34|2014-03-24|@|Illinois State|L|55|62|18|53|.340|4|21|.190|15|28|.536|12|35|12|5|2|10|17||24|55|.436|4|18|.222|10|15|.667|9|38|15|4|7|11|19
