ranker|game_season|date_game|game_location|opp_id|game_result|pts|opp_pts|fg|fga|fg_pct|fg3|fg3a|fg3_pct|ft|fta|ft_pct|orb|trb|ast|stl|blk|tov|pf|x|opp_fg|opp_fga|opp_fg_pct|opp_fg3|opp_fg3a|opp_fg3_pct|opp_ft|opp_fta|opp_ft_pct|opp_orb|opp_trb|opp_ast|opp_stl|opp_blk|opp_tov|opp_pf|
1|1|2013-11-09||Northwestern Ohio|W|102|55|37|59|.627|4|13|.308|24|40|.600|9|40|17|13|5|11|12||22|66|.333|7|31|.226|4|7|.571|8|24|10|8|2|20|30
2|2|2013-11-14|@|Boston College|W|95|92|32|56|.571|2|6|.333|29|37|.784|7|21|13|8|0|6|28||26|51|.510|7|23|.304|33|40|.825|9|26|14|5|1|10|24
3|3|2013-11-18||Florida A&M|W|79|69|25|55|.455|6|17|.353|23|34|.676|11|33|20|10|3|16|14||26|52|.500|8|17|.471|9|14|.643|7|25|10|10|4|19|27
4|4|2013-11-22|N|Stony Brook|W|103|99|31|59|.525|7|13|.538|34|42|.810|11|33|17|6|1|11|19||35|59|.593|11|17|.647|18|25|.720|6|26|18|6|4|10|29
5|5|2013-11-23|@|Detroit Mercy|W|80|78|30|67|.448|4|17|.235|16|25|.640|12|32|12|4|1|9|20||24|53|.453|9|20|.450|21|26|.808|8|33|15|6|6|13|26
6|6|2013-11-24|N|Florida Atlantic|W|94|74|29|56|.518|2|6|.333|34|36|.944|7|29|12|6|3|9|21||30|63|.476|6|21|.286|8|18|.444|11|27|16|4|3|14|27
7|7|2013-12-04||Detroit Mercy|W|91|75|29|55|.527|12|21|.571|21|35|.600|8|32|20|4|5|10|14||29|68|.426|8|20|.400|9|12|.750|14|36|16|5|4|12|26
8|8|2013-12-07|@|Robert Morris|W|80|77|27|54|.500|7|23|.304|19|22|.864|8|25|18|6|2|11|13||31|49|.633|10|14|.714|5|12|.417|4|22|19|6|2|12|20
9|9|2013-12-14||Sam Houston State|W|77|61|30|60|.500|5|15|.333|12|19|.632|7|30|21|5|5|5|16||21|59|.356|3|17|.176|16|19|.842|14|36|13|4|3|12|17
10|10|2013-12-17|@|Arkansas State|W|78|65|29|62|.468|1|8|.125|19|23|.826|12|40|14|8|1|10|8||26|57|.456|9|24|.375|4|6|.667|3|21|12|5|1|12|15
11|11|2013-12-21||Cleveland State|W|71|67|23|63|.365|3|18|.167|22|27|.815|19|40|14|6|5|10|13||23|55|.418|10|23|.435|11|14|.786|9|33|14|5|5|15|23
12|12|2013-12-28||Coppin State|W|85|66|29|59|.492|8|22|.364|19|31|.613|17|46|19|1|4|11|16||23|58|.397|4|16|.250|16|18|.889|6|22|7|5|3|9|23
13|13|2013-12-30|@|Kansas|L|83|93|32|69|.464|9|16|.563|10|14|.714|11|26|15|10|2|8|17||36|64|.563|7|14|.500|14|22|.636|15|40|23|4|6|18|17
14|14|2014-01-08|@|Western Michigan|L|76|87|25|68|.368|5|22|.227|21|30|.700|16|39|8|6|2|9|30||29|48|.604|6|15|.400|23|41|.561|5|30|9|3|4|12|23
15|15|2014-01-11||Central Michigan|W|86|71|28|49|.571|8|17|.471|22|27|.815|5|30|23|5|2|11|25||25|56|.446|5|21|.238|16|22|.727|8|26|12|5|0|12|23
16|16|2014-01-15||Buffalo|W|67|65|23|54|.426|3|10|.300|18|24|.750|11|31|15|9|3|12|15||28|67|.418|6|17|.353|3|6|.500|18|36|11|6|7|14|21
17|17|2014-01-18|@|Akron|W|75|61|28|63|.444|5|13|.385|14|19|.737|13|38|12|4|1|11|19||20|48|.417|5|19|.263|16|27|.593|9|26|11|9|4|13|19
18|18|2014-01-22||Northern Illinois|W|77|68|25|50|.500|7|15|.467|20|28|.714|10|31|17|5|1|13|22||21|48|.438|5|14|.357|21|31|.677|9|27|9|5|2|16|25
19|19|2014-01-26||Kent State|W|81|78|26|57|.456|2|10|.200|27|39|.692|9|33|15|7|3|7|15||31|64|.484|7|20|.350|9|14|.643|7|30|17|2|7|12|29
20|20|2014-01-29|@|Miami (OH)|W|83|70|33|60|.550|6|18|.333|11|17|.647|13|40|17|6|6|21|15||27|65|.415|1|17|.059|15|17|.882|10|25|7|13|2|15|18
21|21|2014-02-01|@|Ohio|L (1 OT)|90|95|35|76|.461|8|18|.444|12|18|.667|13|35|12|5|1|9|13||36|67|.537|11|25|.440|12|15|.800|10|37|22|6|7|13|14
22|22|2014-02-05||Bowling Green State|W|83|76|23|62|.371|8|20|.400|29|35|.829|15|37|17|6|7|10|11||32|69|.464|5|15|.333|7|8|.875|12|36|25|6|6|10|24
23|23|2014-02-08|@|Ball State|W|80|73|26|53|.491|2|12|.167|26|37|.703|5|33|9|11|3|10|26||20|51|.392|7|25|.280|26|40|.650|10|36|9|5|1|21|24
24|24|2014-02-12||Ohio|W|82|76|29|60|.483|6|17|.353|18|26|.692|13|35|17|8|2|10|13||27|59|.458|11|28|.393|11|13|.846|10|29|15|5|4|11|20
25|25|2014-02-15|@|Eastern Michigan|L|44|65|14|54|.259|7|25|.280|9|14|.643|10|24|9|5|2|15|18||23|50|.460|4|11|.364|15|20|.750|8|37|9|8|9|12|15
26|26|2014-02-20|@|Bowling Green State|W|60|58|21|51|.412|4|10|.400|14|18|.778|6|34|5|6|1|17|18||22|62|.355|4|17|.235|10|17|.588|14|38|10|10|4|12|14
27|27|2014-02-23||Ball State|W|85|74|32|57|.561|7|16|.438|14|18|.778|7|28|19|10|3|10|18||28|61|.459|8|22|.364|10|17|.588|16|33|13|4|1|16|20
28|28|2014-02-26|@|Northern Illinois|L|66|74|23|55|.418|3|21|.143|17|27|.630|10|26|9|12|3|9|23||22|48|.458|5|11|.455|25|30|.833|9|35|6|2|3|18|25
29|29|2014-03-01||Western Michigan|W (1 OT)|96|85|29|64|.453|6|19|.316|32|39|.821|16|34|20|7|3|12|16||30|56|.536|8|23|.348|17|22|.773|7|26|17|6|3|17|28
30|30|2014-03-04|@|Central Michigan|W|73|69|27|50|.540|8|17|.471|11|16|.688|7|22|14|7|2|8|16||27|52|.519|5|22|.227|10|13|.769|8|26|11|4|2|10|16
31|31|2014-03-08||Eastern Michigan|W|77|66|27|63|.429|12|25|.480|11|14|.786|11|32|22|7|7|7|17||23|55|.418|9|22|.409|11|18|.611|7|30|15|5|4|13|13
32|32|2014-03-14|N|Eastern Michigan|W|59|44|21|51|.412|4|14|.286|13|21|.619|13|39|12|4|4|6|14||17|53|.321|5|21|.238|5|8|.625|9|26|7|1|8|8|18
33|33|2014-03-15|N|Western Michigan|L|77|98|28|70|.400|8|24|.333|13|21|.619|11|25|12|6|6|4|18||34|61|.557|9|19|.474|21|28|.750|9|41|15|2|3|10|20
34|34|2014-03-19|@|Southern Mississippi|L|59|66|23|55|.418|4|22|.182|9|14|.643|4|26|12|8|2|6|19||23|50|.460|7|18|.389|13|26|.500|6|35|16|5|3|12|13
