ranker|game_season|date_game|game_location|opp_id|game_result|pts|opp_pts|fg|fga|fg_pct|fg3|fg3a|fg3_pct|ft|fta|ft_pct|orb|trb|ast|stl|blk|tov|pf|x|opp_fg|opp_fga|opp_fg_pct|opp_fg3|opp_fg3a|opp_fg3_pct|opp_ft|opp_fta|opp_ft_pct|opp_orb|opp_trb|opp_ast|opp_stl|opp_blk|opp_tov|opp_pf|
1|1|2013-11-08||Navy|W|72|45|25|53|.472|8|19|.421|14|23|.609|12|41|12|4|8|14|18||19|61|.311|3|19|.158|4|10|.400|9|28|13|6|3|8|23
2|2|2013-11-12||Morgan State|W|95|75|28|49|.571|9|16|.563|30|39|.769|9|37|17|5|6|15|22||30|70|.429|4|15|.267|11|21|.524|12|24|8|8|2|9|27
3|3|2013-11-14||Temple|W|75|69|25|69|.362|4|15|.267|21|29|.724|22|46|9|9|6|5|19||25|55|.455|3|10|.300|16|23|.696|6|27|12|1|8|16|24
4|4|2013-11-17|@|Villanova|L|44|78|17|55|.309|2|17|.118|8|19|.421|14|37|8|5|1|24|24||23|57|.404|8|23|.348|24|33|.727|12|39|13|11|9|10|20
5|5|2013-11-22|@|Kansas|L|58|88|22|60|.367|5|22|.227|9|18|.500|10|27|8|6|2|11|17||33|55|.600|7|16|.438|15|22|.682|7|39|19|3|7|12|17
6|6|2013-11-26||Maryland-Baltimore County|W|75|60|20|40|.500|7|19|.368|28|42|.667|11|40|11|1|11|13|19||19|66|.288|6|18|.333|16|23|.696|10|24|12|9|1|3|28
7|7|2013-11-29||Citadel|W|84|59|31|72|.431|10|22|.455|12|20|.600|18|47|17|10|6|13|16||22|56|.393|7|19|.368|8|12|.667|7|28|15|3|2|15|17
8|8|2013-11-30||Abilene Christian|W|74|47|26|45|.578|6|17|.353|16|18|.889|4|29|12|1|9|14|17||18|55|.327|3|19|.158|8|11|.727|6|18|8|7|3|7|19
9|9|2013-12-06|@|Stephen F. Austin|L|69|79|22|40|.550|4|10|.400|21|30|.700|6|29|11|2|7|20|28||23|55|.418|7|15|.467|26|33|.788|7|20|14|8|0|7|25
10|10|2013-12-07|N|Sam Houston State|L|55|67|20|50|.400|5|16|.313|10|23|.435|16|40|9|3|6|15|18||25|58|.431|6|12|.500|11|18|.611|13|30|12|6|2|5|22
11|11|2013-12-10||Central Pennsylvania College|W|102|72|43|77|.558|8|22|.364|8|21|.381|20|56|22|8|10|16|19||24|67|.358|8|18|.444|16|25|.640|10|29|10|8|4|15|20
12|12|2013-12-18|@|Oregon State|L|67|76|23|58|.397|7|23|.304|14|23|.609|8|30|11|4|6|13|25||25|55|.455|4|9|.444|22|33|.667|5|30|18|5|6|10|18
13|13|2013-12-21|@|North Dakota State|L|82|90|29|59|.492|5|12|.417|19|26|.731|11|33|8|1|3|11|26||29|52|.558|4|12|.333|28|37|.757|7|27|11|7|4|5|18
14|14|2013-12-30||New Hampshire|W|72|64|22|45|.489|6|21|.286|22|28|.786|3|33|17|2|6|8|20||18|54|.333|8|26|.308|20|29|.690|10|32|8|3|0|9|24
15|15|2014-01-04|@|Coppin State|W|81|79|26|56|.464|10|24|.417|19|23|.826|9|42|15|3|3|16|22||27|74|.365|10|28|.357|15|19|.789|14|34|13|4|0|5|18
16|16|2014-01-11||North Carolina-Wilmington|W|60|53|18|53|.340|7|23|.304|17|24|.708|13|36|10|4|2|6|15||19|51|.373|2|14|.143|13|19|.684|12|34|6|5|7|7|18
17|17|2014-01-14|@|Drexel|W|80|68|26|47|.553|8|16|.500|20|30|.667|6|33|11|3|3|12|23||23|72|.319|6|24|.250|16|23|.696|19|34|13|1|4|7|21
18|18|2014-01-19|@|College of Charleston|W|72|57|24|56|.429|6|12|.500|18|27|.667|12|33|8|5|6|5|14||20|60|.333|6|20|.300|11|17|.647|16|35|6|3|4|10|21
19|19|2014-01-22||Northeastern|L|54|57|15|47|.319|6|25|.240|18|29|.621|13|33|7|5|7|9|19||18|46|.391|7|16|.438|14|22|.636|11|33|11|7|4|10|22
20|20|2014-01-25|@|Delaware|L|76|83|23|57|.404|2|17|.118|28|39|.718|17|48|4|3|5|17|31||26|60|.433|5|21|.238|26|41|.634|9|27|8|6|2|7|28
21|21|2014-01-27||Hofstra|W|76|58|25|53|.472|5|9|.556|21|31|.677|14|45|10|7|5|9|14||24|61|.393|5|22|.227|5|9|.556|9|20|8|2|6|10|20
22|22|2014-02-01||Drexel|W|75|73|23|40|.575|3|6|.500|26|31|.839|5|26|7|1|6|11|23||24|60|.400|4|12|.333|21|28|.750|14|28|13|4|1|6|23
23|23|2014-02-04||James Madison|W|80|69|26|53|.491|9|19|.474|19|30|.633|9|35|12|5|3|10|15||28|65|.431|4|15|.267|9|19|.474|10|29|10|7|4|6|22
24|24|2014-02-08||College of Charleston|W (1 OT)|68|61|17|38|.447|4|9|.444|30|44|.682|5|29|4|1|5|7|15||22|69|.319|6|27|.222|11|18|.611|18|40|11|1|3|5|29
25|25|2014-02-10|@|North Carolina-Wilmington|L|53|66|19|55|.345|3|20|.150|12|20|.600|16|46|3|0|6|11|22||22|54|.407|7|18|.389|15|32|.469|8|31|13|5|4|1|19
26|26|2014-02-15|@|William & Mary|W|85|70|30|56|.536|7|16|.438|18|22|.818|10|35|13|5|2|6|20||23|55|.418|9|25|.360|15|18|.833|8|27|14|4|2|5|22
27|27|2014-02-17||Delaware|W|78|63|28|63|.444|6|15|.400|16|26|.615|19|48|10|4|4|11|22||19|60|.317|4|20|.200|21|30|.700|15|33|4|6|4|10|20
28|28|2014-02-20|@|Northeastern|W|79|70|26|48|.542|7|19|.368|20|22|.909|6|24|12|5|2|10|19||26|54|.481|3|11|.273|15|20|.750|10|25|15|6|3|11|16
29|29|2014-02-22|@|Hofstra|W|83|77|23|49|.469|4|8|.500|33|41|.805|7|25|5|5|3|5|19||27|54|.500|6|17|.353|17|21|.810|8|26|11|0|7|11|28
30|30|2014-02-26|@|James Madison|W|69|66|19|56|.339|1|12|.083|30|31|.968|11|38|2|3|3|6|25||21|53|.396|7|23|.304|17|26|.654|6|21|12|4|5|7|23
31|31|2014-03-01||William & Mary|W|70|68|24|53|.453|5|17|.294|17|25|.680|8|36|11|3|3|8|16||23|58|.397|6|23|.261|16|22|.727|8|31|12|2|2|7|16
32|32|2014-03-08|N|James Madison|W|80|71|16|33|.485|9|16|.563|39|61|.639|3|26|8|5|3|7|25||20|54|.370|3|20|.150|28|36|.778|12|35|7|2|4|10|37
33|33|2014-03-09|N|William & Mary|L|71|75|25|50|.500|7|14|.500|14|20|.700|11|29|7|6|1|12|16||27|49|.551|11|22|.500|10|14|.714|6|22|13|5|5|11|19
34|34|2014-03-19|@|South Carolina Upstate|W|63|60|24|61|.393|6|22|.273|9|15|.600|11|31|7|8|4|12|19||24|51|.471|3|13|.231|9|13|.692|4|31|15|4|1|14|18
35|35|2014-03-21|@|East Tennessee State|W|83|77|27|53|.509|8|15|.533|21|33|.636|12|42|12|1|10|13|16||29|73|.397|9|26|.346|10|16|.625|14|32|12|8|2|5|24
36|36|2014-03-27|@|Murray State|L|73|85|30|61|.492|4|11|.364|9|15|.600|9|31|5|4|4|14|13||32|65|.492|10|23|.435|11|12|.917|9|30|18|11|8|8|14
