ranker|game_season|date_game|game_location|opp_id|game_result|pts|opp_pts|fg|fga|fg_pct|fg3|fg3a|fg3_pct|ft|fta|ft_pct|orb|trb|ast|stl|blk|tov|pf|x|opp_fg|opp_fga|opp_fg_pct|opp_fg3|opp_fg3a|opp_fg3_pct|opp_ft|opp_fta|opp_ft_pct|opp_orb|opp_trb|opp_ast|opp_stl|opp_blk|opp_tov|opp_pf|
1|1|2013-11-08||Evergreen State|W|128|44|42|66|.636|8|18|.444|36|48|.750|9|53|26|17|4|5|11||19|69|.275|1|24|.042|5|9|.556|5|23|8|0|3|20|32
2|2|2013-11-15||California-Davis|W|94|60|35|58|.603|6|17|.353|18|26|.692|8|48|20|2|6|14|17||22|65|.338|4|25|.160|12|19|.632|5|26|5|8|0|10|23
3|3|2013-11-21||Grand Canyon|W|79|54|29|56|.518|6|16|.375|15|28|.536|13|47|14|8|7|15|17||19|58|.328|3|21|.143|13|23|.565|10|31|7|5|3|12|23
4|4|2013-11-22||Lamar|W|84|57|34|63|.540|8|24|.333|8|11|.727|8|37|24|7|6|10|8||25|61|.410|1|10|.100|6|10|.600|4|25|9|5|2|13|12
5|5|2013-11-23||Savannah State|W|71|57|22|54|.407|2|11|.182|25|27|.926|12|30|11|8|7|5|11||22|51|.431|4|14|.286|9|12|.750|7|26|11|2|4|12|25
6|6|2013-11-27||Ball State|W|88|69|32|57|.561|6|15|.400|18|27|.667|9|32|23|10|5|8|14||22|57|.386|9|27|.333|16|18|.889|7|26|11|3|1|15|25
7|7|2013-12-03|@|Boise State|L|67|69|26|53|.491|7|29|.241|8|15|.533|6|27|12|6|1|12|15||25|54|.463|4|14|.286|15|20|.750|9|31|6|9|0|13|17
8|8|2013-12-07||Fresno State|W|90|77|34|57|.596|7|17|.412|15|19|.789|5|26|21|5|2|6|13||27|53|.509|8|18|.444|15|20|.750|5|24|12|5|3|11|20
9|9|2013-12-10||Idaho State|W|74|66|25|43|.581|11|22|.500|13|18|.722|5|28|17|2|8|13|14||24|56|.429|8|16|.500|10|16|.625|10|27|12|9|2|8|16
10|10|2013-12-14||Brigham Young|W|81|64|27|65|.415|9|29|.310|18|23|.783|6|38|18|7|7|9|22||21|64|.328|5|19|.263|17|31|.548|12|39|10|8|6|10|19
11|11|2013-12-19||Texas State|W|69|50|21|49|.429|7|19|.368|20|24|.833|8|33|11|7|5|12|17||18|47|.383|2|11|.182|12|19|.632|7|26|5|7|3|15|20
12|12|2013-12-28||St. Katherine|W|124|51|49|73|.671|9|21|.429|17|22|.773|18|68|31|5|7|14|15||17|70|.243|9|39|.231|8|10|.800|2|7|9|6|3|7|18
13|13|2014-01-02||Oregon|L (1 OT)|68|70|24|63|.381|3|19|.158|17|19|.895|8|36|12|10|9|14|14||24|62|.387|5|16|.313|17|23|.739|11|39|7|11|3|16|17
14|14|2014-01-04||Oregon State|W|80|69|29|50|.580|12|22|.545|10|12|.833|5|23|23|8|4|6|17||25|50|.500|10|19|.526|9|14|.643|11|27|15|2|3|15|16
15|15|2014-01-08|@|Washington|L|57|59|22|53|.415|1|15|.067|12|16|.750|8|26|3|8|1|11|15||23|48|.479|5|14|.357|8|14|.571|4|22|7|6|3|14|13
16|16|2014-01-12|@|Washington State|L|46|49|13|44|.295|2|14|.143|18|27|.667|9|30|7|4|2|9|22||15|40|.375|2|7|.286|17|28|.607|8|30|6|6|4|12|21
17|17|2014-01-16||Southern California|W|84|66|30|61|.492|6|21|.286|18|21|.857|9|31|16|8|9|7|19||25|50|.500|4|9|.444|12|21|.571|7|29|14|3|3|17|19
18|18|2014-01-18||UCLA|W|74|69|25|53|.472|9|22|.409|15|17|.882|2|28|17|9|3|15|13||27|63|.429|9|21|.429|6|8|.750|6|31|15|10|2|15|19
19|19|2014-01-23|@|Arizona State|L|75|79|26|55|.473|8|21|.381|15|22|.682|8|29|8|2|1|12|25||26|49|.531|6|14|.429|21|31|.677|6|31|15|4|5|11|23
20|20|2014-01-26|@|Arizona|L|56|65|19|47|.404|4|13|.308|14|16|.875|6|25|9|5|4|12|20||24|60|.400|3|14|.214|14|23|.609|18|38|10|3|3|10|15
21|21|2014-02-01|@|Colorado|L (1 OT)|75|79|27|63|.429|11|24|.458|10|11|.909|10|23|21|9|4|12|23||25|56|.446|6|18|.333|23|30|.767|17|41|13|6|5|14|13
22|22|2014-02-06||Washington|W|78|69|27|45|.600|2|9|.222|22|31|.710|3|32|14|9|6|16|12||28|64|.438|7|24|.292|6|9|.667|7|27|14|9|2|13|23
23|23|2014-02-08||Washington State|W|81|63|29|55|.527|7|15|.467|16|21|.762|7|32|17|7|4|7|18||21|54|.389|8|24|.333|13|19|.684|9|27|9|5|4|8|17
24|24|2014-02-13|@|Southern California|W|79|71|24|53|.453|10|19|.526|21|32|.656|10|29|17|6|3|13|19||25|55|.455|5|16|.313|16|26|.615|11|32|11|9|4|13|22
25|25|2014-02-15|@|UCLA|L|66|80|23|55|.418|7|22|.318|13|19|.684|7|27|15|6|4|12|17||31|58|.534|7|13|.538|11|17|.647|11|36|16|7|3|9|17
26|26|2014-02-19||Arizona|L (1 OT)|63|67|23|53|.434|4|13|.308|13|22|.591|9|30|13|7|4|16|16||24|56|.429|5|12|.417|14|19|.737|9|28|12|7|6|13|19
27|27|2014-02-23||Arizona State|W|86|63|28|52|.538|5|14|.357|25|35|.714|4|39|14|5|12|15|21||20|65|.308|6|27|.222|17|26|.654|11|34|8|9|5|13|28
28|28|2014-03-01||Colorado|W|75|64|28|47|.596|3|9|.333|16|22|.727|3|23|15|9|6|15|19||21|53|.396|7|18|.389|15|18|.833|8|24|13|8|1|14|20
29|29|2014-03-05|@|California|W|63|59|20|57|.351|5|18|.278|18|26|.692|12|33|10|5|1|5|21||18|46|.391|5|16|.313|18|24|.750|6|33|13|0|7|12|17
30|30|2014-03-08|@|Stanford|L|60|61|24|44|.545|7|17|.412|5|6|.833|7|22|15|4|1|17|19||24|50|.480|4|13|.308|9|18|.500|16|26|10|8|2|15|15
31|31|2014-03-12|N|Washington|W|67|61|22|49|.449|4|14|.286|19|24|.792|9|35|12|5|3|13|20||20|54|.370|4|14|.286|17|23|.739|9|26|5|6|3|10|21
32|32|2014-03-13|N|Arizona|L|39|71|12|47|.255|2|10|.200|13|16|.813|4|20|7|5|2|11|15||27|51|.529|7|18|.389|10|14|.714|6|36|13|5|3|8|16
33|33|2014-03-18|@|Saint Mary's (CA)|L|58|70|18|41|.439|6|12|.500|16|20|.800|3|27|11|7|1|20|24||23|52|.442|6|17|.353|18|23|.783|6|26|9|10|4|13|22
