ranker|game_season|date_game|game_location|opp_id|game_result|pts|opp_pts|fg|fga|fg_pct|fg3|fg3a|fg3_pct|ft|fta|ft_pct|orb|trb|ast|stl|blk|tov|pf|x|opp_fg|opp_fga|opp_fg_pct|opp_fg3|opp_fg3a|opp_fg3_pct|opp_ft|opp_fta|opp_ft_pct|opp_orb|opp_trb|opp_ast|opp_stl|opp_blk|opp_tov|opp_pf|
1|1|2013-11-08||Murray State|W|77|74|24|55|.436|3|13|.231|26|38|.684|11|39|9|6|3|16|24||21|59|.356|5|18|.278|27|39|.692|9|28|10|10|6|10|29
2|2|2013-11-10||North Park|W|113|50|40|57|.702|12|18|.667|21|27|.778|6|37|23|12|10|10|14||17|61|.279|5|21|.238|11|16|.688|7|19|9|7|2|15|22
3|3|2013-11-13|@|Illinois|L|52|64|17|52|.327|7|18|.389|11|20|.550|8|31|7|4|5|12|20||21|66|.318|5|18|.278|17|23|.739|14|42|9|3|8|8|17
4|4|2013-11-17|@|Ohio|L|72|76|20|54|.370|6|21|.286|26|32|.813|13|39|8|5|4|18|24||25|57|.439|6|22|.273|20|33|.606|10|29|12|12|10|9|22
5|5|2013-11-20|@|Evansville|L|92|100|35|57|.614|12|25|.480|10|15|.667|4|20|17|4|7|15|28||33|54|.611|9|12|.750|25|34|.735|6|21|24|6|4|8|14
6|6|2013-11-23||James Madison|W|81|49|29|50|.580|9|20|.450|14|16|.875|11|29|16|12|0|15|17||16|42|.381|2|14|.143|15|16|.938|6|13|4|10|0|17|13
7|7|2013-11-26||Central Florida|W|85|70|26|48|.542|6|20|.300|27|33|.818|7|29|17|5|6|9|21||24|59|.407|9|22|.409|13|22|.591|12|26|13|5|2|12|22
8|8|2013-11-29||Mercer|L (3 OT)|108|117|35|74|.473|9|29|.310|29|32|.906|10|40|19|6|0|20|29||36|78|.462|10|21|.476|35|41|.854|12|37|28|9|4|14|28
9|9|2013-11-30||Cincinnati Christian|W|94|58|31|48|.646|8|16|.500|24|33|.727|8|43|25|4|4|15|13||22|67|.328|8|30|.267|6|9|.667|7|20|13|8|0|8|24
10|10|2013-12-04|@|Ball State|W|69|50|27|56|.482|5|16|.313|10|17|.588|12|42|13|6|5|16|21||14|52|.269|4|16|.250|18|30|.600|11|33|8|5|2|14|18
11|11|2013-12-07||Saint Louis|L|65|67|22|58|.379|4|14|.286|17|25|.680|17|47|9|4|8|17|19||24|59|.407|4|12|.333|15|24|.625|9|28|15|8|7|6|20
12|12|2013-12-14||Loyola Marymount|W|80|73|21|55|.382|6|17|.353|32|41|.780|17|32|13|7|5|13|20||26|59|.441|2|10|.200|19|28|.679|15|32|14|5|6|13|26
13|13|2013-12-21|N|Southeastern|W|89|46|33|60|.550|15|24|.625|8|10|.800|6|39|23|12|8|16|21||16|60|.267|3|15|.200|11|23|.478|9|30|5|6|6|15|10
14|14|2013-12-22|@|Central Florida|L|62|90|20|51|.392|9|28|.321|13|17|.765|5|24|10|2|2|17|24||31|60|.517|11|19|.579|17|25|.680|8|32|16|12|3|8|14
15|15|2013-12-29|@|East Tennessee State|L|62|73|23|56|.411|4|19|.211|12|16|.750|15|44|10|5|6|22|23||22|57|.386|10|21|.476|19|25|.760|6|25|11|14|7|9|19
16|16|2014-01-02||Illinois-Chicago|W|87|72|27|47|.574|10|18|.556|23|41|.561|7|31|14|6|5|11|18||28|55|.509|6|15|.400|10|19|.526|8|27|15|7|0|11|26
17|17|2014-01-04|@|Oakland|L|70|75|24|48|.500|10|23|.435|12|18|.667|6|29|12|5|6|12|23||24|54|.444|10|21|.476|17|27|.630|9|29|16|4|1|6|17
18|18|2014-01-10||Wright State|L|45|62|15|47|.319|3|11|.273|12|18|.667|7|32|10|4|7|14|21||19|53|.358|6|14|.429|18|21|.857|8|32|11|8|4|4|21
19|19|2014-01-15|@|Detroit Mercy|W|78|70|19|39|.487|4|14|.286|36|44|.818|8|34|10|4|2|19|19||24|63|.381|7|28|.250|15|20|.750|11|25|12|11|4|11|28
20|20|2014-01-18||Milwaukee|W|75|62|23|53|.434|8|22|.364|21|25|.840|10|46|12|4|5|14|23||20|62|.323|6|31|.194|16|23|.696|6|24|14|7|0|7|18
21|21|2014-01-23|@|Youngstown State|W|74|71|24|52|.462|4|13|.308|22|25|.880|12|35|7|6|2|14|25||20|46|.435|6|18|.333|25|32|.781|4|18|13|6|1|9|20
22|22|2014-01-25|@|Cleveland State|L|50|69|16|45|.356|8|21|.381|10|15|.667|8|23|10|5|6|16|13||25|55|.455|7|17|.412|12|14|.857|8|27|14|5|6|7|13
23|23|2014-01-29||Green Bay|W|75|60|27|46|.587|4|10|.400|17|26|.654|6|34|14|4|7|19|18||23|60|.383|3|11|.273|11|21|.524|10|24|13|10|6|13|20
24|24|2014-02-01|@|Illinois-Chicago|W|70|46|22|48|.458|10|23|.435|16|22|.727|5|36|13|4|10|10|23||15|56|.268|3|13|.231|13|22|.591|13|30|11|5|1|10|21
25|25|2014-02-07||Detroit Mercy|L|57|59|19|47|.404|5|18|.278|14|23|.609|4|26|11|7|6|15|21||19|50|.380|10|20|.500|11|19|.579|9|32|12|6|6|19|24
26|26|2014-02-09||Oakland|W|63|60|21|46|.457|7|25|.280|14|19|.737|9|32|14|5|9|17|21||22|55|.400|8|22|.364|8|17|.471|11|29|15|3|0|9|21
27|27|2014-02-15|@|Milwaukee|W|77|62|25|49|.510|5|16|.313|22|27|.815|7|37|10|6|6|14|26||19|60|.317|3|29|.103|21|31|.677|14|31|7|6|3|11|23
28|28|2014-02-20|@|Green Bay|L|53|67|21|58|.362|6|17|.353|5|7|.714|9|30|8|5|7|14|18||21|51|.412|3|11|.273|22|25|.880|8|33|14|7|12|10|12
29|29|2014-02-22||Youngstown State|W|68|66|24|52|.462|10|28|.357|10|12|.833|5|25|18|8|2|9|13||23|47|.489|9|19|.474|11|13|.846|4|27|18|1|1|12|15
30|30|2014-02-25|@|Wright State|L|58|67|22|47|.468|4|9|.444|10|12|.833|8|27|12|3|5|19|24||24|53|.453|4|14|.286|15|18|.833|10|24|10|7|4|13|15
31|31|2014-03-01||Cleveland State|L|52|63|19|43|.442|4|13|.308|10|16|.625|5|23|11|6|2|18|18||22|48|.458|6|18|.333|13|19|.684|5|28|15|10|4|12|17
32|32|2014-03-04||Illinois-Chicago|W|73|63|22|47|.468|5|12|.417|24|38|.632|8|31|12|6|6|14|24||19|52|.365|3|14|.214|22|30|.733|12|33|7|8|2|15|29
33|33|2014-03-07|N|Milwaukee|L|57|74|19|39|.487|6|18|.333|13|17|.765|0|17|10|3|3|14|28||20|54|.370|6|18|.333|28|33|.848|14|34|11|7|2|9|16
34|34|2014-03-18||Columbia|L|56|58|21|54|.389|5|15|.333|9|13|.692|13|28|10|5|4|6|11||20|46|.435|7|20|.350|11|12|.917|6|25|14|2|3|8|13
