ranker|game_season|date_game|game_location|opp_id|game_result|pts|opp_pts|fg|fga|fg_pct|fg3|fg3a|fg3_pct|ft|fta|ft_pct|orb|trb|ast|stl|blk|tov|pf|x|opp_fg|opp_fga|opp_fg_pct|opp_fg3|opp_fg3a|opp_fg3_pct|opp_ft|opp_fta|opp_ft_pct|opp_orb|opp_trb|opp_ast|opp_stl|opp_blk|opp_tov|opp_pf|
1|1|2013-11-09||Saint Joseph's|L|64|74|20|51|.392|4|17|.235|20|29|.690|6|26|11|6|7|9|26||24|52|.462|6|16|.375|20|30|.667|10|36|10|3|4|13|22
2|2|2013-11-12||Siena|W|77|66|19|44|.432|6|14|.429|33|42|.786|11|33|12|5|4|21|25||20|60|.333|2|10|.200|24|29|.828|15|31|9|12|4|16|36
3|3|2013-11-16|@|Bryant|L|64|87|24|54|.444|4|15|.267|12|20|.600|4|27|16|5|2|12|22||29|52|.558|7|17|.412|22|29|.759|5|33|18|7|4|10|21
4|4|2013-11-18|@|Providence|L|49|70|18|54|.333|6|20|.300|7|15|.467|13|28|6|5|3|16|16||28|56|.500|7|20|.350|7|11|.636|13|36|17|8|5|15|17
5|5|2013-11-21|@|Wagner|L|61|68|19|49|.388|0|12|.000|23|32|.719|11|30|8|6|2|13|25||22|48|.458|5|10|.500|19|25|.760|8|27|11|7|5|10|26
6|6|2013-11-24|@|Duke|L|90|91|35|54|.648|4|13|.308|16|23|.696|6|24|21|4|1|6|20||28|57|.491|10|27|.370|25|30|.833|14|29|16|4|1|7|21
7|7|2013-11-27|N|Illinois State|W|87|76|29|54|.537|11|20|.550|18|26|.692|6|26|16|4|4|10|16||28|56|.500|7|22|.318|13|15|.867|6|26|11|8|4|11|23
8|8|2013-11-29|@|San Francisco|L|61|72|21|48|.438|6|19|.316|13|24|.542|9|24|11|6|2|15|23||25|49|.510|6|10|.600|16|25|.640|10|32|17|12|4|13|22
9|9|2013-11-30|N|Sonoma State|W|73|61|21|45|.467|11|17|.647|20|27|.741|7|32|13|6|9|16|22||18|56|.321|6|22|.273|19|27|.704|15|33|9|8|4|11|23
10|10|2013-12-15||Quinnipiac|L|67|80|25|59|.424|5|17|.294|12|18|.667|7|22|7|5|4|6|23||27|54|.500|1|6|.167|25|27|.926|9|37|6|3|5|9|15
11|11|2013-12-18|@|Massachusetts-Lowell|W|62|48|19|42|.452|0|3|.000|24|29|.828|10|33|12|7|3|10|16||17|45|.378|7|23|.304|7|12|.583|6|23|12|5|3|12|24
12|12|2013-12-21|@|Harvard|L|68|74|22|56|.393|8|17|.471|16|24|.667|10|31|7|4|4|11|25||22|46|.478|8|14|.571|22|35|.629|6|25|14|6|7|10|23
13|13|2013-12-30||Lyndon State|W|88|48|28|49|.571|6|15|.400|26|31|.839|4|40|19|13|11|20|18||15|57|.263|10|24|.417|8|15|.533|4|24|6|10|3|19|24
14|14|2014-01-04|@|Dartmouth|W|62|53|14|37|.378|0|4|.000|34|41|.829|7|36|3|5|5|15|16||20|57|.351|3|18|.167|10|12|.833|7|26|10|8|5|10|29
15|15|2014-01-08|@|Yale|W|67|59|21|48|.438|5|8|.625|20|25|.800|7|30|14|7|5|8|19||17|53|.321|5|19|.263|20|28|.714|9|25|11|3|7|8|20
16|16|2014-01-11||Albany (NY)|W|68|38|25|50|.500|8|14|.571|10|12|.833|7|29|11|12|6|15|15||14|47|.298|2|7|.286|8|12|.667|8|24|5|6|5|18|16
17|17|2014-01-16|@|Maine|W|83|46|33|57|.579|7|17|.412|10|14|.714|12|38|20|9|5|19|15||16|45|.356|3|15|.200|11|15|.733|5|15|8|7|1|20|19
18|18|2014-01-18|@|Maryland-Baltimore County|W|73|47|23|52|.442|9|17|.529|18|24|.750|7|36|18|9|3|11|21||15|47|.319|3|14|.214|14|23|.609|3|21|5|7|5|13|21
19|19|2014-01-20||New Hampshire|W|57|40|18|54|.333|7|19|.368|14|17|.824|14|36|10|3|7|4|10||15|43|.349|4|17|.235|6|8|.750|3|22|8|2|4|7|15
20|20|2014-01-24|@|Stony Brook|L|64|67|23|61|.377|8|21|.381|10|15|.667|11|32|16|4|5|5|16||27|58|.466|6|15|.400|7|10|.700|11|37|11|0|5|9|16
21|21|2014-01-26||Binghamton|W|72|39|24|42|.571|7|15|.467|17|21|.810|4|29|18|11|8|13|11||14|43|.326|4|12|.333|7|12|.583|3|14|8|6|0|16|16
22|22|2014-01-29|@|Hartford|W|67|60|21|43|.488|6|12|.500|19|26|.731|5|26|10|10|4|15|22||21|44|.477|7|13|.538|11|21|.524|1|20|12|5|1|13|22
23|23|2014-02-01|@|Albany (NY)|W|55|45|18|46|.391|5|16|.313|14|18|.778|8|36|15|7|3|10|19||18|55|.327|2|15|.133|7|12|.583|7|25|13|2|1|9|18
24|24|2014-02-04||Maine|W|93|65|38|63|.603|8|18|.444|9|11|.818|11|37|17|9|10|8|11||24|57|.421|10|21|.476|7|11|.636|6|22|10|5|2|13|15
25|25|2014-02-12||Massachusetts-Lowell|W|83|58|32|60|.533|7|13|.538|12|18|.667|11|33|16|13|5|7|14||20|49|.408|8|19|.421|10|14|.714|5|23|7|5|3|14|16
26|26|2014-02-15||Maryland-Baltimore County|W|76|52|29|59|.492|3|9|.333|15|26|.577|12|43|16|13|2|16|16||18|55|.327|4|22|.182|12|19|.632|10|31|10|7|1|21|22
27|27|2014-02-19|@|New Hampshire|W|79|44|24|51|.471|4|12|.333|27|31|.871|11|42|9|5|1|10|15||13|57|.228|4|25|.160|14|21|.667|10|28|6|5|3|12|22
28|28|2014-02-23||Hartford|W|72|47|26|46|.565|5|14|.357|15|21|.714|9|33|12|4|2|12|16||16|49|.327|5|20|.250|10|14|.714|10|20|5|3|2|15|19
29|29|2014-02-27||Stony Brook|W|69|53|24|44|.545|6|15|.400|15|24|.625|8|32|14|6|3|12|14||18|53|.340|6|17|.353|11|13|.846|7|23|6|2|4|9|20
30|30|2014-03-02|@|Binghamton|W (1 OT)|92|82|24|49|.490|8|13|.615|36|46|.783|9|32|14|7|2|14|32||18|52|.346|6|17|.353|40|49|.816|12|32|6|6|3|12|33
31|31|2014-03-08|N|New Hampshire|W|77|60|25|51|.490|6|17|.353|21|27|.778|15|37|15|5|1|9|11||20|47|.426|10|22|.455|10|13|.769|4|16|9|3|1|10|22
32|32|2014-03-09|N|Albany (NY)|L|58|67|21|55|.382|9|20|.450|7|13|.538|5|23|8|9|4|8|23||20|49|.408|5|16|.313|22|31|.710|10|38|5|4|4|13|17
33|33|2014-03-19|@|Georgia|L|56|63|22|46|.478|6|14|.429|6|15|.400|7|15|9|14|3|12|21||18|36|.500|3|12|.250|24|26|.923|8|29|5|7|4|22|16
