ranker|game_season|date_game|game_location|opp_id|game_result|pts|opp_pts|fg|fga|fg_pct|fg3|fg3a|fg3_pct|ft|fta|ft_pct|orb|trb|ast|stl|blk|tov|pf|x|opp_fg|opp_fga|opp_fg_pct|opp_fg3|opp_fg3a|opp_fg3_pct|opp_ft|opp_fta|opp_ft_pct|opp_orb|opp_trb|opp_ast|opp_stl|opp_blk|opp_tov|opp_pf|
1|1|2013-11-08||Colgate|W|89|78|31|64|.484|3|14|.214|24|36|.667|7|38|13|7|2|5|19||26|62|.419|14|34|.412|12|16|.750|7|35|17|2|3|14|24
2|2|2013-11-12||Virginia Military Institute|W|98|71|34|64|.531|2|15|.133|28|41|.683|13|52|20|1|5|14|23||20|70|.286|9|30|.300|22|32|.688|10|31|12|7|6|11|29
3|3|2013-11-15||Presbyterian|W|69|48|25|63|.397|8|27|.296|11|16|.688|13|46|15|6|8|7|15||20|56|.357|4|11|.364|4|10|.400|4|24|7|4|2|9|15
4|4|2013-11-18||Jacksonville|W|90|83|29|75|.387|8|18|.444|24|37|.649|22|53|17|5|5|13|19||30|67|.448|6|16|.375|17|26|.654|11|39|11|10|6|15|26
5|5|2013-11-21||Citadel|W|82|54|28|64|.438|9|18|.500|17|32|.531|15|43|21|12|6|7|17||19|53|.358|4|16|.250|12|16|.750|6|28|14|3|4|16|21
6|6|2013-11-28|N|Kansas|L|78|87|26|56|.464|8|19|.421|18|29|.621|12|31|10|5|4|13|24||29|62|.468|3|15|.200|26|38|.684|11|34|14|6|3|9|21
7|7|2013-11-29|N|Southern California|W|77|63|30|57|.526|5|18|.278|12|22|.545|7|35|22|7|3|11|18||24|61|.393|5|25|.200|10|19|.526|13|36|15|4|3|14|18
8|8|2013-11-30|N|Tennessee|L|63|82|21|50|.420|5|11|.455|16|24|.667|9|25|12|3|3|9|27||25|47|.532|4|11|.364|28|36|.778|9|31|12|6|4|7|23
9|9|2013-12-04||Tulane|W|72|57|27|54|.500|7|19|.368|11|17|.647|7|34|16|2|9|13|16||22|53|.415|4|14|.286|9|13|.692|3|23|7|7|3|8|18
10|10|2013-12-07||Richmond|W (1 OT)|76|66|24|58|.414|7|16|.438|21|28|.750|16|48|11|4|5|21|21||23|60|.383|5|21|.238|15|23|.652|5|21|11|12|5|11|24
11|11|2013-12-17||St. Bonaventure|W|77|62|28|57|.491|3|9|.333|18|27|.667|9|37|17|6|6|15|16||25|63|.397|5|15|.333|7|16|.438|9|29|12|11|4|14|21
12|12|2013-12-21||North Carolina-Greensboro|W|59|51|22|49|.449|2|14|.143|13|30|.433|9|40|5|7|6|14|15||19|60|.317|1|15|.067|12|21|.571|13|39|6|9|0|11|22
13|13|2013-12-28|@|Xavier|L|53|68|19|53|.358|5|15|.333|10|21|.476|7|26|12|7|8|13|18||26|66|.394|4|19|.211|12|17|.706|15|46|17|8|4|12|18
14|14|2014-01-05||North Carolina|W|73|67|26|54|.481|2|12|.167|19|33|.576|5|31|15|11|6|13|14||29|75|.387|2|15|.133|7|11|.636|21|50|12|9|3|17|23
15|15|2014-01-08|@|Virginia|L|51|74|17|48|.354|4|17|.235|13|18|.722|3|21|11|5|3|15|17||26|52|.500|7|14|.500|15|23|.652|6|35|17|9|2|12|12
16|16|2014-01-11|@|Pittsburgh|L|65|80|20|51|.392|4|12|.333|21|31|.677|11|27|12|4|6|8|21||26|53|.491|5|12|.417|23|31|.742|13|33|19|6|7|10|22
17|17|2014-01-15||North Carolina State|W|70|69|19|35|.543|4|12|.333|28|39|.718|3|24|12|6|6|14|26||23|55|.418|2|13|.154|21|31|.677|14|34|8|3|2|11|26
18|18|2014-01-18|@|Clemson|L|53|61|21|58|.362|4|17|.235|7|10|.700|12|28|8|3|2|10|18||20|43|.465|3|13|.231|18|21|.857|6|30|8|5|10|9|14
19|19|2014-01-22|@|Virginia Tech|W|83|77|30|56|.536|9|16|.563|14|20|.700|9|33|17|2|4|9|23||22|65|.338|9|23|.391|24|33|.727|20|36|11|5|3|6|20
20|20|2014-01-25||Notre Dame|W|65|58|23|47|.489|5|17|.294|14|19|.737|3|31|13|1|4|9|12||24|61|.393|2|16|.125|8|12|.667|8|31|8|6|1|5|16
21|21|2014-01-29||Syracuse|L|57|67|18|53|.340|3|20|.150|18|30|.600|5|28|12|4|2|8|23||21|58|.362|3|14|.214|22|33|.667|17|51|8|6|8|8|22
22|22|2014-02-01||Georgia Tech|L|70|79|20|49|.408|3|15|.200|27|33|.818|6|23|13|14|5|16|22||26|53|.491|6|13|.462|21|26|.808|10|33|14|8|4|19|24
23|23|2014-02-04|@|Duke|L|63|83|19|39|.487|3|8|.375|22|32|.688|12|31|7|4|0|19|23||27|53|.509|12|26|.462|17|26|.654|11|24|17|10|2|11|28
24|24|2014-02-11|@|North Carolina State|L|67|82|24|47|.511|5|10|.500|14|31|.452|8|27|15|6|1|14|21||31|59|.525|8|18|.444|12|19|.632|11|34|16|5|2|12|24
25|25|2014-02-15||Florida State|L|60|67|20|53|.377|6|21|.286|14|20|.700|7|25|12|6|4|11|22||23|51|.451|5|17|.294|16|25|.640|13|37|5|7|7|15|17
26|26|2014-02-18|@|Maryland|L|60|71|24|51|.471|3|15|.200|9|20|.450|7|35|17|6|6|17|16||26|61|.426|8|26|.308|11|16|.688|8|34|13|9|3|12|19
27|27|2014-02-22|@|North Carolina|L|72|105|27|55|.491|6|12|.500|12|22|.545|5|21|12|4|1|14|22||35|61|.574|11|15|.733|24|29|.828|9|29|24|5|3|10|19
28|28|2014-02-25||Clemson|W|62|57|21|38|.553|3|11|.273|17|25|.680|3|25|13|6|2|12|18||23|54|.426|6|22|.273|5|13|.385|12|26|11|4|2|12|19
29|29|2014-03-01||Boston College|L|72|80|20|43|.465|6|21|.286|26|32|.813|2|20|11|6|1|12|25||21|50|.420|6|17|.353|32|42|.762|12|32|10|7|0|8|23
30|30|2014-03-05||Duke|W|82|72|26|56|.464|5|11|.455|25|34|.735|13|32|13|8|3|10|13||27|63|.429|6|27|.222|12|18|.667|17|33|14|6|4|15|27
31|31|2014-03-08|@|Miami (FL)|L|56|69|22|49|.449|8|17|.471|4|10|.400|4|17|16|7|3|8|17||26|50|.520|5|16|.313|12|17|.706|12|34|15|5|4|12|11
32|32|2014-03-12|N|Notre Dame|W|81|69|25|41|.610|7|10|.700|24|32|.750|5|28|14|3|1|15|17||24|60|.400|6|20|.300|15|19|.789|9|22|15|7|3|6|24
33|33|2014-03-13|N|Pittsburgh|L|55|84|18|53|.340|4|18|.222|15|20|.750|10|26|6|3|2|14|18||31|62|.500|7|16|.438|15|20|.750|10|33|20|10|3|8|20
