ranker|game_season|date_game|game_location|opp_id|game_result|pts|opp_pts|fg|fga|fg_pct|fg3|fg3a|fg3_pct|ft|fta|ft_pct|orb|trb|ast|stl|blk|tov|pf|x|opp_fg|opp_fga|opp_fg_pct|opp_fg3|opp_fg3a|opp_fg3_pct|opp_ft|opp_fta|opp_ft_pct|opp_orb|opp_trb|opp_ast|opp_stl|opp_blk|opp_tov|opp_pf|
1|1|2013-11-09||Emporia State|W|93|50|30|58|.517|8|22|.364|25|33|.758|10|32|19|11|6|9|15||19|52|.365|4|18|.222|8|11|.727|4|18|8|3|3|22|24
2|2|2013-11-12||Western Kentucky|W|66|49|24|52|.462|3|11|.273|15|22|.682|9|35|16|9|12|12|16||18|63|.286|7|30|.233|6|12|.500|14|35|8|3|3|17|22
3|3|2013-11-14||William & Mary|W|79|62|27|56|.482|7|20|.350|18|26|.692|9|33|12|8|3|8|18||23|48|.479|5|16|.313|11|22|.500|4|25|14|5|3|14|24
4|4|2013-11-16||Tennessee State|W|85|71|28|62|.452|9|21|.429|20|30|.667|12|36|18|8|3|11|23||26|58|.448|4|16|.250|15|24|.625|9|30|9|7|3|15|23
5|5|2013-11-20|@|Tulsa|W|77|54|25|56|.446|8|26|.308|19|24|.792|9|40|9|8|3|10|23||17|43|.395|7|20|.350|13|30|.433|5|25|11|4|4|14|20
6|6|2013-11-25|N|DePaul|W|90|72|31|52|.596|3|8|.375|25|37|.676|10|33|10|5|4|6|20||26|59|.441|6|19|.316|14|23|.609|10|27|8|3|1|11|28
7|7|2013-11-26|N|Brigham Young|W|75|62|24|68|.353|6|28|.214|21|25|.840|14|44|13|6|6|11|23||18|58|.310|5|20|.250|21|30|.700|8|35|7|5|1|13|21
8|8|2013-12-01|@|Saint Louis|W|70|65|24|52|.462|5|12|.417|17|19|.895|11|37|12|7|2|17|19||21|53|.396|5|19|.263|18|23|.783|6|22|13|12|3|13|15
9|9|2013-12-07||Oral Roberts|W|71|58|26|64|.406|4|15|.267|15|23|.652|15|43|17|8|2|8|15||21|53|.396|4|13|.308|12|14|.857|4|23|9|2|6|10|18
10|10|2013-12-14||Tennessee|W|70|61|23|53|.434|6|16|.375|18|24|.750|5|31|13|6|6|5|16||20|52|.385|6|20|.300|15|24|.625|8|28|11|3|2|8|21
11|11|2013-12-17|@|Alabama|W|72|67|22|50|.440|3|12|.250|25|27|.926|10|36|6|6|2|11|17||23|53|.434|7|20|.350|14|19|.737|6|22|12|2|5|8|19
12|12|2013-12-22||North Carolina Central|W|77|66|24|50|.480|7|23|.304|22|34|.647|11|32|16|6|2|8|14||23|45|.511|10|24|.417|10|17|.588|4|17|13|5|1|13|25
13|13|2013-12-29||Davidson|W|81|70|23|54|.426|7|19|.368|28|41|.683|8|31|12|8|7|9|16||24|56|.429|11|28|.393|11|16|.688|6|31|14|2|2|15|29
14|14|2014-01-02|@|Southern Illinois|W|82|67|30|50|.600|9|20|.450|13|16|.813|5|20|17|6|4|6|21||20|37|.541|7|13|.538|20|28|.714|4|19|11|2|3|11|17
15|15|2014-01-05||Northern Iowa|W|67|53|24|63|.381|6|25|.240|13|17|.765|10|40|12|6|8|6|18||19|56|.339|5|24|.208|10|16|.625|5|30|10|3|3|10|18
16|16|2014-01-08||Illinois State|W|66|47|23|56|.411|9|22|.409|11|22|.500|11|41|17|8|8|9|12||18|55|.327|7|26|.269|4|10|.400|6|30|10|5|4|15|18
17|17|2014-01-11|@|Missouri State|W (1 OT)|72|69|18|51|.353|5|22|.227|31|40|.775|12|41|8|8|6|11|18||24|59|.407|10|27|.370|11|19|.579|8|31|12|2|5|12|28
18|18|2014-01-14||Bradley|W|72|50|21|53|.396|7|21|.333|23|29|.793|10|38|12|7|7|9|11||19|54|.352|4|11|.364|8|14|.571|10|27|7|6|2|12|20
19|19|2014-01-18||Indiana State|W|68|48|24|56|.429|3|15|.200|17|26|.654|14|42|11|8|2|8|15||16|51|.314|5|20|.250|11|16|.688|8|27|8|4|3|11|18
20|20|2014-01-22|@|Illinois State|W|70|55|23|57|.404|11|27|.407|13|19|.684|13|39|15|4|5|13|17||19|59|.322|1|25|.040|16|23|.696|12|34|5|5|5|9|18
21|21|2014-01-25|@|Drake|W|78|61|29|55|.527|7|20|.350|13|15|.867|9|32|17|7|4|14|20||20|45|.444|10|21|.476|11|17|.647|3|20|13|4|1|13|15
22|22|2014-01-28||Loyola (IL)|W|57|45|19|52|.365|7|21|.333|12|18|.667|12|39|16|4|4|15|12||18|51|.353|3|16|.188|6|12|.500|5|26|8|9|2|12|19
23|23|2014-02-01||Evansville|W|81|67|25|55|.455|7|19|.368|24|33|.727|15|35|10|7|5|11|15||26|54|.481|5|11|.455|10|18|.556|5|22|17|8|3|10|25
24|24|2014-02-05|@|Indiana State|W|65|58|20|47|.426|6|15|.400|19|30|.633|4|34|13|7|7|8|21||18|56|.321|5|20|.250|17|24|.708|9|37|6|2|2|9|22
25|25|2014-02-08|@|Northern Iowa|W|82|73|26|48|.542|8|20|.400|22|28|.786|10|36|15|4|6|15|19||25|59|.424|9|23|.391|14|22|.636|9|22|13|4|3|8|25
26|26|2014-02-11||Southern Illinois|W|78|67|23|49|.469|8|27|.296|24|32|.750|8|24|15|9|7|13|16||24|51|.471|5|11|.455|14|24|.583|8|23|7|9|0|13|22
27|27|2014-02-16|@|Evansville|W|84|68|28|57|.491|8|19|.421|20|21|.952|6|25|13|14|4|8|15||24|47|.511|5|11|.455|15|16|.938|2|25|20|3|2|17|19
28|28|2014-02-19|@|Loyola (IL)|W|88|74|26|53|.491|5|16|.313|31|34|.912|11|35|12|4|6|13|18||29|63|.460|5|18|.278|11|14|.786|6|18|13|7|2|8|25
29|29|2014-02-22||Drake|W|83|54|31|59|.525|9|29|.310|12|19|.632|11|28|16|10|8|10|16||18|43|.419|3|10|.300|15|19|.789|5|20|5|5|2|20|18
30|30|2014-02-25|@|Bradley|W|69|49|23|47|.489|10|21|.476|13|17|.765|7|33|15|3|6|9|15||16|59|.271|4|14|.286|13|17|.765|14|34|5|5|1|6|19
31|31|2014-03-01||Missouri State|W|68|45|22|43|.512|5|18|.278|19|31|.613|10|38|16|3|4|16|18||16|51|.314|4|18|.222|9|16|.563|5|20|7|6|2|8|24
32|32|2014-03-07|N|Evansville|W|80|58|28|55|.509|10|21|.476|14|25|.560|12|33|13|9|11|9|14||21|57|.368|7|16|.438|9|13|.692|10|28|9|4|3|12|20
33|33|2014-03-08|N|Missouri State|W|67|42|25|50|.500|9|20|.450|8|12|.667|7|33|14|6|2|8|12||15|47|.319|5|21|.238|7|10|.700|5|25|7|4|1|12|16
34|34|2014-03-09|N|Indiana State|W|83|69|27|60|.450|9|22|.409|20|28|.714|10|35|10|7|3|7|15||23|56|.411|8|19|.421|15|21|.714|7|29|10|4|3|9|25
35|35|2014-03-21|N|Cal Poly|W|64|37|23|50|.460|6|19|.316|12|21|.571|10|43|17|4|6|11|17||12|58|.207|5|28|.179|8|18|.444|10|31|5|7|1|6|17
36|36|2014-03-23|N|Kentucky|L|76|78|27|49|.551|10|21|.476|12|18|.667|4|23|14|6|3|8|21||27|50|.540|8|18|.444|16|22|.727|7|26|11|6|3|11|15
