ranker|game_season|date_game|game_location|opp_id|game_result|pts|opp_pts|fg|fga|fg_pct|fg3|fg3a|fg3_pct|ft|fta|ft_pct|orb|trb|ast|stl|blk|tov|pf|x|opp_fg|opp_fga|opp_fg_pct|opp_fg3|opp_fg3a|opp_fg3_pct|opp_ft|opp_fta|opp_ft_pct|opp_orb|opp_trb|opp_ast|opp_stl|opp_blk|opp_tov|opp_pf|
1|1|2013-11-09||Roanoke|W|93|74|30|69|.435|10|23|.435|23|32|.719|11|38|12|9|7|12|19||29|72|.403|7|23|.304|9|15|.600|12|43|20|6|4|20|28
2|2|2013-11-13||South Carolina Upstate|W|82|74|26|55|.473|8|18|.444|22|28|.786|8|31|15|5|4|11|17||27|56|.482|8|19|.421|12|15|.800|4|26|15|4|5|13|22
3|3|2013-11-16|@|Virginia Commonwealth|L|71|92|23|48|.479|8|19|.421|17|25|.680|5|23|12|8|3|24|30||26|60|.433|6|17|.353|34|48|.708|19|42|13|19|3|14|24
4|4|2013-11-19|@|East Tennessee State|W|76|66|29|59|.492|8|17|.471|10|17|.588|9|31|14|7|3|14|23||21|46|.457|6|14|.429|18|29|.621|8|30|15|7|3|17|18
5|5|2013-11-23||Virginia Intermont|W|96|62|39|68|.574|10|26|.385|8|14|.571|13|31|22|8|7|7|15||22|56|.393|8|20|.400|10|11|.909|14|29|9|2|1|21|14
6|6|2013-11-27||James Madison|W|69|57|23|59|.390|6|19|.316|17|27|.630|13|37|10|11|2|13|18||18|54|.333|4|20|.200|17|22|.773|13|39|7|7|5|19|17
7|7|2013-12-03|@|Virginia Tech|L|63|81|23|58|.397|7|22|.318|10|15|.667|5|18|9|6|1|10|20||29|48|.604|9|20|.450|14|20|.700|7|35|16|3|8|18|15
8|8|2013-12-15||Appalachian State|W|80|72|23|52|.442|7|18|.389|27|40|.675|10|31|10|6|4|9|22||24|57|.421|7|18|.389|17|23|.739|11|36|10|3|3|14|29
9|9|2013-12-18|@|North Carolina Central|L|66|72|24|53|.453|10|25|.400|8|12|.667|9|25|16|3|4|18|21||23|49|.469|7|16|.438|19|28|.679|9|28|17|9|6|13|15
10|10|2013-12-21||Wofford|L|56|62|17|47|.362|7|19|.368|15|21|.714|5|28|8|7|5|21|20||21|56|.375|2|15|.133|18|27|.667|10|34|6|13|0|12|18
11|11|2013-12-29|@|Hampton|L (2 OT)|95|101|25|68|.368|11|29|.379|34|38|.895|15|38|11|2|2|20|31||31|67|.463|9|18|.500|30|41|.732|11|36|16|7|10|18|29
12|12|2014-01-01|@|Dayton|L|47|81|17|46|.370|5|16|.313|8|15|.533|4|19|8|2|2|15|19||32|54|.593|7|13|.538|10|20|.500|7|37|19|5|2|9|16
13|13|2014-01-08|@|Presbyterian|W|71|67|27|57|.474|7|23|.304|10|13|.769|5|28|13|8|0|8|15||26|52|.500|10|27|.370|5|10|.500|5|28|13|5|4|15|16
14|14|2014-01-11||Charleston Southern|W|85|68|31|60|.517|15|28|.536|8|14|.571|10|35|16|7|2|11|23||21|51|.412|9|27|.333|17|31|.548|10|28|11|5|2|14|16
15|15|2014-01-15||Gardner-Webb|L|51|56|15|54|.278|4|20|.200|17|27|.630|14|32|6|9|5|10|21||20|52|.385|3|14|.214|13|16|.813|12|40|10|3|4|15|21
16|16|2014-01-18|@|Coastal Carolina|W (1 OT)|73|72|24|50|.480|12|27|.444|13|23|.565|3|25|11|4|5|16|22||22|59|.373|7|20|.350|21|27|.778|10|36|9|8|0|12|19
17|17|2014-01-22|@|North Carolina-Asheville|L|66|81|25|63|.397|8|26|.308|8|19|.421|8|27|16|6|4|13|21||24|50|.480|8|18|.444|25|33|.758|10|41|18|8|8|19|17
18|18|2014-01-25||Virginia Military Institute|W|58|57|19|60|.317|7|21|.333|13|17|.765|12|43|6|6|0|12|16||20|58|.345|4|21|.190|13|18|.722|10|35|6|6|9|10|13
19|19|2014-01-29||Radford|L|64|76|23|57|.404|10|22|.455|8|12|.667|7|20|8|6|1|12|19||26|43|.605|5|10|.500|19|21|.905|5|30|11|6|5|15|16
20|20|2014-02-01|@|High Point|L|64|65|23|52|.442|6|13|.462|12|16|.750|7|26|10|3|1|7|17||25|47|.532|4|14|.286|11|16|.688|4|24|15|4|4|7|13
21|21|2014-02-04|@|Liberty|W|73|62|23|46|.500|5|13|.385|22|27|.815|5|27|8|6|3|10|19||24|56|.429|2|12|.167|12|20|.600|12|31|11|3|7|10|21
22|22|2014-02-06||Barber-Scotia|W|92|62|34|60|.567|11|24|.458|13|20|.650|8|30|22|9|3|13|14||25|55|.455|4|13|.308|8|13|.615|6|25|8|10|0|20|13
23|23|2014-02-08||Campbell|W|88|62|29|57|.509|5|13|.385|25|36|.694|14|38|11|9|1|11|18||22|49|.449|7|24|.292|11|20|.550|8|26|10|9|4|15|25
24|24|2014-02-12|@|Longwood|W|76|59|23|48|.479|7|21|.333|23|27|.852|8|28|11|7|2|10|16||21|52|.404|4|12|.333|13|17|.765|9|26|10|3|3|14|19
25|25|2014-02-15|@|Charleston Southern|L|64|84|19|52|.365|10|23|.435|16|20|.800|4|23|7|3|2|9|21||27|47|.574|9|18|.500|21|28|.750|4|32|13|5|6|7|18
26|26|2014-02-19||Coastal Carolina|W|75|65|23|51|.451|7|22|.318|22|27|.815|13|32|7|6|2|14|26||19|39|.487|3|14|.214|24|32|.750|4|22|6|7|0|18|23
27|27|2014-02-22|@|Gardner-Webb|L (1 OT)|79|85|28|62|.452|7|20|.350|16|21|.762|8|29|16|3|2|13|27||30|56|.536|4|13|.308|21|35|.600|8|32|22|7|4|8|18
28|28|2014-02-26||North Carolina-Asheville|W (1 OT)|107|100|33|66|.500|15|27|.556|26|36|.722|7|22|14|11|2|11|23||36|60|.600|13|24|.542|15|24|.625|7|33|12|6|5|21|26
29|29|2014-03-01||Presbyterian|W|82|60|27|55|.491|11|20|.550|17|23|.739|7|34|16|10|2|8|13||22|51|.431|6|19|.316|10|14|.714|5|26|6|3|7|13|14
30|30|2014-03-05|N|Liberty|W|77|65|24|52|.462|8|22|.364|21|21|1.000|7|30|11|8|1|12|11||24|58|.414|5|13|.385|12|13|.923|8|25|12|9|4|10|17
31|31|2014-03-07|N|High Point|W|62|60|24|50|.480|6|13|.462|8|11|.727|10|29|6|6|4|12|14||22|51|.431|4|12|.333|12|14|.857|7|22|10|7|7|10|15
32|32|2014-03-08|N|North Carolina-Asheville|W|80|79|29|50|.580|6|11|.545|16|25|.640|5|25|8|7|2|12|20||25|52|.481|9|18|.500|20|23|.870|9|27|11|6|5|11|19
33|33|2014-03-09|@|Coastal Carolina|L|61|76|19|59|.322|8|26|.308|15|22|.682|9|27|8|3|1|6|18||28|48|.583|5|11|.455|15|26|.577|5|34|13|4|2|7|17
