ranker|game_season|date_game|game_location|opp_id|game_result|pts|opp_pts|fg|fga|fg_pct|fg3|fg3a|fg3_pct|ft|fta|ft_pct|orb|trb|ast|stl|blk|tov|pf|x|opp_fg|opp_fga|opp_fg_pct|opp_fg3|opp_fg3a|opp_fg3_pct|opp_ft|opp_fta|opp_ft_pct|opp_orb|opp_trb|opp_ast|opp_stl|opp_blk|opp_tov|opp_pf|
1|1|2013-11-08|@|Georgia|L|52|72|19|50|.380|2|14|.143|12|18|.667|7|24|5|4|1|10|19||25|57|.439|2|11|.182|20|29|.690|19|45|10|4|3|8|19
2|2|2013-11-11||Emory & Henry|W|83|58|30|59|.508|7|17|.412|16|25|.640|8|40|16|11|3|16|23||19|49|.388|6|18|.333|14|29|.483|6|31|9|9|2|20|23
3|3|2013-11-16|@|Iona|L|55|76|21|50|.420|6|21|.286|7|9|.778|8|22|13|2|1|12|15||26|56|.464|9|23|.391|15|18|.833|15|33|15|5|5|11|16
4|4|2013-11-21|@|Minnesota|L|57|79|18|58|.310|4|21|.190|17|20|.850|15|30|13|4|1|10|13||30|59|.508|8|23|.348|11|13|.846|10|34|20|8|12|8|20
5|5|2013-11-24|@|High Point|L|56|66|19|57|.333|7|27|.259|11|20|.550|11|25|9|5|0|14|19||26|48|.542|3|10|.300|11|16|.688|8|38|12|3|3|17|20
6|6|2013-11-30||Johnson & Wales (NC)|W|90|48|33|60|.550|14|25|.560|10|15|.667|14|44|23|6|4|16|14||18|55|.327|2|19|.105|10|15|.667|6|21|5|9|2|15|15
7|7|2013-12-04|@|Gardner-Webb|W|65|62|24|46|.522|5|10|.500|12|25|.480|5|29|16|6|2|13|16||23|45|.511|4|11|.364|12|20|.600|4|26|18|8|3|15|20
8|8|2013-12-07||William & Mary|L|60|63|21|55|.382|4|13|.308|14|18|.778|14|34|8|8|1|11|21||23|41|.561|4|12|.333|13|22|.591|4|25|6|7|1|14|18
9|9|2013-12-14|@|Saint Louis|L|52|66|19|45|.422|6|11|.545|8|10|.800|3|20|11|10|0|17|24||21|44|.477|5|18|.278|19|28|.679|9|31|12|6|6|18|11
10|10|2013-12-17|@|Virginia Commonwealth|L|57|72|20|52|.385|7|17|.412|10|14|.714|11|38|12|2|2|19|26||21|56|.375|5|20|.250|25|34|.735|11|33|7|12|5|8|14
11|11|2013-12-21|@|Winthrop|W|62|56|21|56|.375|2|15|.133|18|27|.667|10|34|6|13|0|12|18||17|47|.362|7|19|.368|15|21|.714|5|28|8|7|5|21|20
12|12|2013-12-30||High Point|W|81|53|31|58|.534|9|24|.375|10|14|.714|9|41|22|8|1|14|21||16|56|.286|2|15|.133|19|29|.655|9|26|9|8|5|10|16
13|13|2014-01-02|@|Samford|W|71|61|24|52|.462|11|21|.524|12|17|.706|9|30|19|6|3|9|14||25|46|.543|6|13|.462|5|8|.625|1|20|16|5|2|12|16
14|14|2014-01-04||Davidson|L|63|78|23|55|.418|2|8|.250|15|21|.714|7|23|10|8|3|8|14||30|49|.612|4|10|.400|14|17|.824|5|31|11|5|1|13|15
15|15|2014-01-09||Citadel|W (1 OT)|79|75|31|63|.492|3|10|.300|14|19|.737|14|36|11|4|2|7|16||28|51|.549|10|16|.625|9|19|.474|5|23|18|6|5|9|17
16|16|2014-01-11|@|Chattanooga|L|69|70|26|60|.433|4|18|.222|13|19|.684|10|33|12|6|2|10|22||26|57|.456|2|8|.250|16|26|.615|13|33|8|5|7|11|20
17|17|2014-01-18||Chattanooga|L|57|71|20|59|.339|5|15|.333|12|14|.857|10|32|8|5|3|15|23||21|49|.429|4|11|.364|25|32|.781|8|34|4|8|5|9|15
18|18|2014-01-20||Western Carolina|W|71|60|22|49|.449|5|10|.500|22|30|.733|6|32|13|7|3|11|15||20|63|.317|7|22|.318|13|16|.813|14|35|7|8|5|14|23
19|19|2014-01-23|@|Georgia Southern|W|74|64|27|54|.500|6|12|.500|14|20|.700|5|28|10|6|3|7|18||21|51|.412|5|18|.278|17|25|.680|8|29|3|3|0|12|18
20|20|2014-01-25|@|Furman|W|76|52|29|61|.475|7|15|.467|11|16|.688|8|31|10|6|2|9|17||18|44|.409|6|12|.500|10|25|.400|6|26|9|4|2|16|16
21|21|2014-02-01||Samford|W|77|58|32|62|.516|7|18|.389|6|15|.400|10|39|15|6|2|8|17||23|54|.426|3|12|.250|9|17|.529|5|28|8|4|4|7|15
22|22|2014-02-06||Georgia Southern|W|74|61|28|56|.500|6|17|.353|12|17|.706|9|33|9|9|0|12|15||23|54|.426|4|17|.235|11|18|.611|9|29|10|8|2|13|15
23|23|2014-02-08|@|Citadel|W|77|56|30|59|.508|8|21|.381|9|16|.563|13|32|16|8|2|6|15||24|49|.490|2|10|.200|6|9|.667|8|28|13|1|2|14|15
24|24|2014-02-10||Hiwassee|W|95|60|38|64|.594|8|20|.400|11|17|.647|12|30|22|9|2|12|16||18|41|.439|6|18|.333|18|25|.720|3|19|10|6|1|19|15
25|25|2014-02-15|@|Appalachian State|W|64|58|24|53|.453|3|8|.375|13|21|.619|10|25|14|6|0|10|20||19|37|.514|2|4|.500|18|26|.692|4|21|7|6|2|15|20
26|26|2014-02-20||Furman|W|70|50|26|52|.500|7|13|.538|11|17|.647|10|32|18|10|2|9|19||17|43|.395|3|14|.214|13|21|.619|7|26|6|6|3|15|18
27|27|2014-02-22|@|Davidson|L|49|59|17|50|.340|5|14|.357|10|15|.667|5|23|11|6|0|6|16||22|42|.524|6|14|.429|9|12|.750|4|31|16|2|3|14|14
28|28|2014-02-27|@|Elon|W|63|59|17|45|.378|7|19|.368|22|27|.815|6|25|11|7|1|10|19||18|48|.375|3|10|.300|20|23|.870|10|32|5|4|5|12|18
29|29|2014-03-01||North Carolina-Greensboro|L|71|73|27|55|.491|5|15|.333|12|22|.545|9|23|16|4|0|4|9||29|47|.617|4|6|.667|11|15|.733|5|28|14|4|2|9|17
30|30|2014-03-08|N|Citadel|W|68|51|25|48|.521|10|17|.588|8|14|.571|5|24|11|3|1|6|20||17|44|.386|5|13|.385|12|16|.750|5|23|5|1|2|11|16
31|31|2014-03-09|N|Georgia Southern|W|71|57|27|55|.491|6|18|.333|11|21|.524|12|38|11|2|5|6|16||21|57|.368|4|16|.250|11|14|.786|9|29|5|0|0|7|17
32|32|2014-03-10|N|Western Carolina|W|56|53|21|53|.396|7|21|.333|7|15|.467|10|30|12|5|2|4|14||20|57|.351|3|18|.167|10|12|.833|12|35|5|4|5|8|17
33|33|2014-03-20|N|Michigan|L|40|57|18|53|.340|1|19|.053|3|4|.750|5|22|10|3|0|9|14||22|46|.478|7|17|.412|6|9|.667|6|31|15|8|1|11|8
