ranker|game_season|date_game|game_location|opp_id|game_result|pts|opp_pts|fg|fga|fg_pct|fg3|fg3a|fg3_pct|ft|fta|ft_pct|orb|trb|ast|stl|blk|tov|pf|x|opp_fg|opp_fga|opp_fg_pct|opp_fg3|opp_fg3a|opp_fg3_pct|opp_ft|opp_fta|opp_ft_pct|opp_orb|opp_trb|opp_ast|opp_stl|opp_blk|opp_tov|opp_pf|
1|1|2013-11-10||Mount St. Joseph|W|82|49|30|53|.566|6|15|.400|16|20|.800|8|32|17|10|5|14|8||19|50|.380|10|23|.435|1|1|1.000|5|20|15|5|3|21|17
2|2|2013-11-13|@|Georgetown|L|70|88|22|57|.386|7|23|.304|19|22|.864|10|31|12|8|2|15|26||28|56|.500|10|22|.455|22|34|.647|11|37|17|7|6|16|17
3|3|2013-11-16|@|DePaul|L|72|81|24|48|.500|7|18|.389|17|23|.739|5|17|12|10|1|19|28||24|44|.545|5|12|.417|28|36|.778|12|33|11|6|7|19|21
4|4|2013-11-18||Manchester|W|83|33|31|58|.534|4|19|.211|17|22|.773|10|38|18|17|5|12|11||13|53|.245|2|20|.100|5|7|.714|12|27|5|5|0|25|16
5|5|2013-11-22|N|Houston Baptist|W|75|59|23|44|.523|6|11|.545|23|28|.821|6|23|6|7|4|14|24||20|46|.435|5|14|.357|14|20|.700|12|27|11|4|1|22|25
6|6|2013-11-23|@|South Alabama|L|70|74|26|56|.464|6|15|.400|12|18|.667|8|22|9|9|1|11|20||23|45|.511|10|20|.500|18|24|.750|5|32|15|7|3|17|20
7|7|2013-11-27||Alcorn State|W|73|55|26|51|.510|5|16|.313|16|21|.762|8|33|12|8|1|14|15||20|56|.357|7|22|.318|8|13|.615|12|30|6|5|6|17|18
8|8|2013-11-30||Western Carolina|W|85|77|24|49|.490|8|16|.500|29|40|.725|4|35|18|4|5|16|25||24|57|.421|9|23|.391|20|28|.714|7|31|8|10|4|17|31
9|9|2013-12-02|@|Morehead State|L|69|74|27|56|.482|8|21|.381|7|15|.467|7|26|18|5|6|18|27||25|54|.463|1|16|.063|23|32|.719|11|36|13|7|2|16|21
10|10|2013-12-05|@|North Carolina A&T|L|59|62|20|53|.377|5|18|.278|14|22|.636|8|29|11|8|1|10|24||21|48|.438|5|16|.313|15|27|.556|8|34|8|2|6|13|20
11|11|2013-12-07|@|Virginia Military Institute|L|74|94|27|59|.458|3|12|.250|17|26|.654|7|31|13|3|3|10|19||32|63|.508|17|31|.548|13|21|.619|9|36|18|4|5|9|19
12|12|2013-12-15|@|Miami (OH)|L|56|59|21|46|.457|7|21|.333|7|9|.778|3|22|14|13|2|19|24||19|39|.487|1|5|.200|20|31|.645|4|27|5|9|1|21|16
13|13|2013-12-19||Eastern Illinois|W|70|43|24|44|.545|7|13|.538|15|18|.833|3|20|13|5|1|12|18||15|37|.405|3|8|.375|10|15|.667|4|22|8|5|2|20|23
14|14|2013-12-21||Missouri-Kansas City|W|61|49|17|39|.436|4|14|.286|23|28|.821|6|32|12|10|4|19|18||18|52|.346|3|20|.150|10|14|.714|11|29|8|11|1|19|21
15|15|2013-12-29||Bowling Green State|W|46|43|18|49|.367|0|13|.000|10|17|.588|9|24|10|9|1|12|16||17|39|.436|2|10|.200|7|14|.500|8|33|7|4|2|21|14
16|16|2014-01-02||Oakland|W|76|64|21|43|.488|8|23|.348|26|32|.813|5|33|13|5|4|13|21||21|52|.404|8|20|.400|14|20|.700|4|25|12|5|0|9|24
17|17|2014-01-04|@|Detroit Mercy|L|53|58|19|53|.358|4|22|.182|11|19|.579|8|31|15|7|2|13|28||16|44|.364|6|14|.429|20|31|.645|10|37|9|6|5|16|18
18|18|2014-01-10|@|Valparaiso|W|62|45|19|53|.358|6|14|.429|18|21|.857|8|32|11|8|4|4|21||15|47|.319|3|11|.273|12|18|.667|7|32|10|4|7|14|21
19|19|2014-01-12||Illinois-Chicago|W|58|53|16|47|.340|4|18|.222|22|25|.880|8|27|11|6|4|11|19||16|44|.364|7|17|.412|14|22|.636|10|34|8|2|1|17|22
20|20|2014-01-17||Green Bay|L|69|79|27|55|.491|5|14|.357|10|14|.714|3|17|14|9|4|10|19||28|47|.596|2|4|.500|21|26|.808|6|29|14|4|7|15|18
21|21|2014-01-19|@|Cleveland State|W|49|46|18|54|.333|5|18|.278|8|10|.800|8|31|14|8|4|8|11||16|49|.327|5|21|.238|9|10|.900|9|37|7|4|4|12|11
22|22|2014-01-21||Milwaukee|W|73|57|23|51|.451|5|12|.417|22|25|.880|6|29|11|10|5|11|20||20|48|.417|3|14|.214|14|24|.583|5|25|10|5|2|15|21
23|23|2014-01-25|@|Youngstown State|L|67|68|24|46|.522|8|18|.444|11|16|.688|2|24|18|6|0|14|20||23|46|.500|5|16|.313|17|22|.773|3|23|14|7|1|9|17
24|24|2014-01-30|@|Milwaukee|L|64|68|23|56|.411|7|18|.389|11|17|.647|9|29|14|9|2|16|22||23|47|.489|3|15|.200|19|28|.679|6|35|17|9|2|17|16
25|25|2014-02-01|@|Green Bay|L|55|62|21|56|.375|8|20|.400|5|9|.556|7|26|13|4|2|16|18||24|52|.462|3|18|.167|11|15|.733|8|31|13|11|7|13|10
26|26|2014-02-05||Youngstown State|W|77|67|22|43|.512|6|12|.500|27|35|.771|6|25|15|2|4|12|17||23|50|.460|4|19|.211|17|18|.944|6|23|12|7|1|14|27
27|27|2014-02-08||Cleveland State|L|68|72|22|48|.458|8|21|.381|16|21|.762|3|21|15|5|3|8|18||24|45|.533|8|15|.533|16|18|.889|5|29|11|4|1|14|17
28|28|2014-02-16|@|Oakland|W|72|71|23|46|.500|9|21|.429|17|28|.607|8|32|14|5|2|19|19||22|57|.386|6|18|.333|21|24|.875|7|25|15|11|2|12|24
29|29|2014-02-21||Detroit Mercy|W|65|61|19|48|.396|8|18|.444|19|25|.760|6|25|13|6|2|15|21||22|56|.393|3|14|.214|14|18|.778|16|38|8|5|8|21|20
30|30|2014-02-25||Valparaiso|W|67|58|24|53|.453|4|14|.286|15|18|.833|10|24|10|7|4|13|15||22|47|.468|4|9|.444|10|12|.833|8|27|12|3|5|19|24
31|31|2014-03-01|@|Illinois-Chicago|W|68|61|23|46|.500|7|18|.389|15|26|.577|5|30|17|8|4|17|24||17|49|.347|2|12|.167|25|29|.862|6|25|5|7|1|14|26
32|32|2014-03-07|N|Oakland|W|73|57|23|43|.535|9|19|.474|18|25|.720|4|31|15|5|2|13|18||18|44|.409|7|24|.292|14|27|.519|4|21|12|7|1|12|18
33|33|2014-03-08|N|Cleveland State|W|68|63|22|40|.550|7|14|.500|17|23|.739|4|19|16|4|4|9|20||18|45|.400|7|18|.389|20|23|.870|10|26|9|5|5|11|20
34|34|2014-03-11||Milwaukee|L|63|69|22|47|.468|5|17|.294|14|17|.824|4|26|15|2|6|12|17||22|57|.386|9|18|.500|16|18|.889|11|32|12|1|1|10|19
35|35|2014-03-18|@|East Carolina|W|73|59|27|44|.614|9|15|.600|10|14|.714|4|29|20|6|4|15|18||20|50|.400|4|23|.174|15|19|.789|9|23|8|6|1|13|14
36|36|2014-03-22|@|Ohio|L|54|56|19|59|.322|5|18|.278|11|16|.688|10|37|14|6|2|11|18||20|47|.426|5|12|.417|11|15|.733|2|33|11|8|5|14|11
