ranker|game_season|date_game|game_location|opp_id|game_result|pts|opp_pts|fg|fga|fg_pct|fg3|fg3a|fg3_pct|ft|fta|ft_pct|orb|trb|ast|stl|blk|tov|pf|x|opp_fg|opp_fga|opp_fg_pct|opp_fg3|opp_fg3a|opp_fg3_pct|opp_ft|opp_fta|opp_ft_pct|opp_orb|opp_trb|opp_ast|opp_stl|opp_blk|opp_tov|opp_pf|
1|1|2013-11-08||Gardner-Webb|W|83|59|28|53|.528|5|10|.500|22|40|.550|13|43|13|10|3|15|23||21|52|.404|2|11|.182|15|26|.577|6|24|14|10|6|13|29
2|2|2013-11-12||Tennessee|W|67|63|26|54|.481|2|8|.250|13|24|.542|11|35|12|4|5|14|19||24|57|.421|8|19|.421|7|19|.368|14|33|13|6|7|11|25
3|3|2013-11-15||Morehead State|W|79|56|28|53|.528|2|9|.222|21|30|.700|5|32|20|7|6|14|29||14|48|.292|4|18|.222|24|38|.632|11|32|7|6|1|16|27
4|4|2013-11-20||Miami (OH)|W|77|51|30|59|.508|9|21|.429|8|12|.667|13|41|20|4|6|9|15||20|53|.377|5|23|.217|6|10|.600|6|21|15|6|6|9|12
5|5|2013-11-25||Abilene Christian|W|93|65|33|57|.579|6|13|.462|21|36|.583|16|45|18|8|7|8|16||23|53|.434|9|24|.375|10|14|.714|3|19|11|3|3|11|24
6|6|2013-11-28|N|Iowa|L (1 OT)|74|77|25|64|.391|6|24|.250|18|28|.643|16|42|12|4|6|16|27||24|68|.353|6|23|.261|23|34|.676|18|41|17|6|8|12|22
7|7|2013-11-29|N|Tennessee|L|49|64|21|52|.404|4|11|.364|3|10|.300|9|24|8|5|1|13|21||25|56|.446|2|14|.143|12|18|.667|13|35|9|4|5|8|13
8|8|2013-11-30|N|Southern California|L|78|84|30|65|.462|7|20|.350|11|20|.550|8|28|16|11|4|19|23||30|61|.492|8|19|.421|16|22|.727|8|35|22|10|4|17|21
9|9|2013-12-07||Bowling Green State|W (1 OT)|85|73|28|51|.549|6|9|.667|23|33|.697|5|36|20|9|4|13|25||25|66|.379|5|20|.250|18|31|.581|11|30|13|8|8|13|23
10|10|2013-12-10||Evansville|W|63|60|21|58|.362|5|16|.313|16|24|.667|11|34|13|12|5|10|15||23|49|.469|4|14|.286|10|18|.556|5|37|11|2|7|17|19
11|11|2013-12-14|N|Cincinnati|W|64|47|22|39|.564|11|16|.688|9|11|.818|5|32|16|6|2|20|24||14|42|.333|5|14|.357|14|26|.538|5|17|7|10|2|10|16
12|12|2013-12-21|@|Alabama|W|77|74|25|63|.397|5|15|.333|22|28|.786|14|34|11|4|3|6|26||23|47|.489|8|19|.421|20|30|.667|6|30|12|4|6|8|23
13|13|2013-12-28||Wake Forest|W|68|53|26|66|.394|4|19|.211|12|17|.706|15|46|17|8|4|12|18||19|53|.358|5|15|.333|10|21|.476|7|26|12|7|8|13|18
14|14|2013-12-31||St. John's (NY)|W|70|60|25|56|.446|4|16|.250|16|21|.762|10|40|17|4|9|9|19||21|68|.309|7|14|.500|11|15|.733|15|34|12|5|7|6|18
15|15|2014-01-04||Butler|W|79|68|28|55|.509|3|9|.333|20|24|.833|7|32|16|8|3|8|16||23|52|.442|6|17|.353|16|24|.667|9|28|12|3|4|15|21
16|16|2014-01-09||Marquette|W|86|79|24|46|.522|6|13|.462|32|41|.780|10|36|14|3|1|11|16||29|62|.468|11|27|.407|10|13|.769|6|19|21|5|4|6|28
17|17|2014-01-12|@|Creighton|L|89|95|32|65|.492|12|26|.462|13|22|.591|9|33|21|7|1|13|26||30|55|.545|14|28|.500|21|30|.700|5|33|23|4|0|14|24
18|18|2014-01-15||Georgetown|W|80|67|28|57|.491|6|15|.400|18|22|.818|10|31|17|6|3|7|15||26|55|.473|10|18|.556|5|8|.625|4|23|13|2|7|9|22
19|19|2014-01-20|@|DePaul|W|84|74|28|48|.583|4|8|.500|24|30|.800|4|32|12|8|2|21|25||24|57|.421|4|15|.267|22|38|.579|11|27|9|13|6|11|23
20|20|2014-01-25|@|Providence|L|72|81|28|68|.412|3|18|.167|13|16|.813|14|39|12|1|0|6|22||26|59|.441|8|20|.400|21|30|.700|12|38|17|2|10|6|18
21|21|2014-02-01||Seton Hall|L|60|68|21|47|.447|2|14|.143|16|28|.571|10|29|15|2|3|13|18||21|47|.447|8|22|.364|18|22|.818|4|24|16|9|4|10|24
22|22|2014-02-03|@|Villanova|L|58|81|20|53|.377|7|18|.389|11|14|.786|8|30|14|4|0|16|16||32|65|.492|11|28|.393|6|12|.500|12|36|25|6|4|7|14
23|23|2014-02-08||Providence|W|59|53|23|53|.434|1|9|.111|12|17|.706|7|31|16|5|1|5|12||21|56|.375|6|19|.316|5|7|.714|11|38|11|2|5|11|15
24|24|2014-02-11|@|Butler|W|64|50|27|51|.529|6|13|.462|4|7|.571|9|30|18|4|0|12|10||18|53|.340|7|25|.280|7|10|.700|11|24|11|5|2|9|8
25|25|2014-02-15|@|Marquette|L|72|81|26|48|.542|5|12|.417|15|21|.714|14|29|16|3|1|19|22||24|52|.462|9|18|.500|24|27|.889|9|18|17|10|0|5|19
26|26|2014-02-19||DePaul|W|83|64|27|42|.643|8|10|.800|21|38|.553|5|27|23|6|4|12|22||19|53|.358|7|22|.318|19|28|.679|8|22|11|3|5|13|28
27|27|2014-02-22|@|Georgetown|L|52|74|16|38|.421|4|12|.333|16|20|.800|5|19|8|0|3|10|19||25|48|.521|5|12|.417|19|26|.731|6|22|14|5|5|3|20
28|28|2014-02-25|@|St. John's (NY)|W|65|53|24|52|.462|2|9|.222|15|19|.789|8|37|17|6|1|15|16||22|60|.367|2|16|.125|7|13|.538|10|29|13|5|8|14|19
29|29|2014-03-01||Creighton|W|75|69|27|54|.500|9|16|.563|12|17|.706|8|33|15|10|3|12|17||23|59|.390|10|34|.294|13|14|.929|11|31|17|8|0|15|20
30|30|2014-03-03|@|Seton Hall|L|62|71|20|54|.370|3|22|.136|19|26|.731|10|30|7|11|2|13|23||23|49|.469|8|21|.381|17|26|.654|7|30|18|6|3|15|20
31|31|2014-03-06||Villanova|L|70|77|23|60|.383|6|24|.250|18|23|.783|9|27|12|5|2|10|22||23|49|.469|9|22|.409|22|28|.786|8|35|17|5|4|13|21
32|32|2014-03-13|N|Marquette|W|68|65|23|49|.469|5|15|.333|17|23|.739|7|19|11|6|2|10|16||26|45|.578|5|11|.455|8|14|.571|3|24|15|3|3|14|20
33|33|2014-03-14|N|Creighton|L|78|86|33|65|.508|4|16|.250|8|12|.667|9|25|13|2|0|4|24||27|49|.551|11|25|.440|21|24|.875|9|22|18|0|0|10|18
34|34|2014-03-18|N|North Carolina State|L|59|74|23|55|.418|2|14|.143|11|16|.688|9|29|7|3|0|13|17||29|53|.547|4|14|.286|12|16|.750|5|27|16|4|9|9|14
